param NumNodes := 20;
param NumArcs := 120;
param NumCommodities := 100;
param ArcsNodes :=
  1 (1, 2)
  2 (1, 4)
  3 (1, 17)
  4 (1, 13)
  5 (1, 12)
  6 (2, 3)
  7 (2, 19)
  8 (2, 11)
  9 (2, 4)
  10 (2, 13)
  11 (2, 7)
  12 (2, 17)
  13 (2, 20)
  14 (3, 4)
  15 (3, 16)
  16 (3, 18)
  17 (3, 12)
  18 (3, 9)
  19 (4, 5)
  20 (4, 19)
  21 (4, 3)
  22 (4, 12)
  23 (4, 15)
  24 (4, 10)
  25 (5, 6)
  26 (5, 8)
  27 (5, 3)
  28 (5, 12)
  29 (5, 1)
  30 (5, 11)
  31 (5, 9)
  32 (6, 7)
  33 (6, 3)
  34 (6, 15)
  35 (6, 18)
  36 (6, 10)
  37 (6, 11)
  38 (7, 8)
  39 (7, 5)
  40 (7, 15)
  41 (7, 12)
  42 (7, 20)
  43 (7, 9)
  44 (7, 6)
  45 (7, 13)
  46 (8, 9)
  47 (8, 19)
  48 (8, 1)
  49 (8, 5)
  50 (8, 7)
  51 (8, 12)
  52 (8, 14)
  53 (9, 10)
  54 (9, 11)
  55 (9, 16)
  56 (9, 7)
  57 (9, 17)
  58 (9, 20)
  59 (10, 11)
  60 (10, 14)
  61 (10, 15)
  62 (11, 12)
  63 (11, 13)
  64 (11, 17)
  65 (11, 8)
  66 (11, 1)
  67 (12, 13)
  68 (12, 9)
  69 (12, 8)
  70 (12, 4)
  71 (12, 18)
  72 (13, 14)
  73 (13, 18)
  74 (13, 2)
  75 (13, 16)
  76 (13, 19)
  77 (13, 5)
  78 (13, 12)
  79 (14, 15)
  80 (14, 5)
  81 (14, 20)
  82 (14, 3)
  83 (15, 16)
  84 (15, 18)
  85 (15, 13)
  86 (15, 5)
  87 (16, 17)
  88 (16, 11)
  89 (16, 15)
  90 (16, 8)
  91 (16, 12)
  92 (16, 19)
  93 (17, 18)
  94 (17, 15)
  95 (17, 7)
  96 (17, 16)
  97 (17, 4)
  98 (17, 13)
  99 (17, 2)
  100 (17, 14)
  101 (17, 8)
  102 (18, 19)
  103 (18, 5)
  104 (18, 7)
  105 (18, 11)
  106 (18, 12)
  107 (18, 14)
  108 (19, 20)
  109 (19, 6)
  110 (19, 2)
  111 (19, 4)
  112 (19, 16)
  113 (19, 14)
  114 (19, 10)
  115 (20, 1)
  116 (20, 8)
  117 (20, 9)
  118 (20, 3)
  119 (20, 18)
  120 (20, 14)
;
param NodesCommoditiesDemand :=
  20 1 75.61479465822364
  1 1 -75.61479465822364
  11 2 34.69473767704366
  3 2 -34.69473767704366
  10 3 94.33029337309344
  4 3 -94.33029337309344
  20 4 43.96353148365789
  11 4 -43.96353148365789
  2 5 57.2529962658878
  3 5 -57.2529962658878
  9 6 97.50110817880875
  14 6 -97.50110817880875
  15 7 62.148826729565826
  14 7 -62.148826729565826
  10 8 83.05025415426215
  20 8 -83.05025415426215
  5 9 62.9366806064228
  10 9 -62.9366806064228
  11 10 81.42138428602195
  20 10 -81.42138428602195
  20 11 40.53891415743684
  10 11 -40.53891415743684
  4 12 25.62964630550742
  17 12 -25.62964630550742
  15 13 109.59389892727918
  16 13 -109.59389892727918
  18 14 108.25860417983813
  20 14 -108.25860417983813
  13 15 30.700947103910273
  5 15 -30.700947103910273
  9 16 38.439687685206664
  18 16 -38.439687685206664
  5 17 37.66180822078184
  8 17 -37.66180822078184
  16 18 107.06263454268536
  18 18 -107.06263454268536
  6 19 22.027781641455313
  5 19 -22.027781641455313
  2 20 62.5408206963357
  19 20 -62.5408206963357
  9 21 18.815862849632893
  13 21 -18.815862849632893
  15 22 101.22301661372882
  5 22 -101.22301661372882
  20 23 61.58378999917916
  5 23 -61.58378999917916
  1 24 79.62277867935595
  13 24 -79.62277867935595
  9 25 57.56538042316862
  17 25 -57.56538042316862
  5 26 72.70966945661776
  7 26 -72.70966945661776
  20 27 102.45576338380761
  17 27 -102.45576338380761
  12 28 36.530313765649126
  11 28 -36.530313765649126
  16 29 48.96364736411522
  17 29 -48.96364736411522
  12 30 79.88907572186646
  7 30 -79.88907572186646
  10 31 29.251458971576035
  12 31 -29.251458971576035
  16 32 42.2790040450527
  12 32 -42.2790040450527
  11 33 40.651769647236975
  1 33 -40.651769647236975
  6 34 14.434593281891516
  14 34 -14.434593281891516
  7 35 79.93585123094466
  3 35 -79.93585123094466
  17 36 17.62144184012844
  19 36 -17.62144184012844
  10 37 56.46735302313662
  14 37 -56.46735302313662
  10 38 78.32679065670186
  3 38 -78.32679065670186
  2 39 111.95467071443503
  9 39 -111.95467071443503
  14 40 31.553010427452346
  18 40 -31.553010427452346
  5 41 71.06779960761669
  1 41 -71.06779960761669
  12 42 81.70063600026087
  13 42 -81.70063600026087
  3 43 14.070305139026964
  6 43 -14.070305139026964
  8 44 78.84039734127674
  11 44 -78.84039734127674
  7 45 92.1710861749533
  1 45 -92.1710861749533
  1 46 25.317995364496856
  3 46 -25.317995364496856
  16 47 29.592250806085996
  1 47 -29.592250806085996
  2 48 10.959790197756615
  14 48 -10.959790197756615
  16 49 28.682123115747192
  13 49 -28.682123115747192
  7 50 81.4752375278976
  14 50 -81.4752375278976
  10 51 20.93070894375419
  19 51 -20.93070894375419
  3 52 82.45194864849095
  1 52 -82.45194864849095
  11 53 54.28801071409932
  7 53 -54.28801071409932
  2 54 17.4742416863336
  12 54 -17.4742416863336
  5 55 101.72306669694841
  17 55 -101.72306669694841
  11 56 18.955632309586374
  13 56 -18.955632309586374
  18 57 66.39184780204634
  7 57 -66.39184780204634
  5 58 28.463743249193634
  16 58 -28.463743249193634
  9 59 78.96775225600261
  6 59 -78.96775225600261
  2 60 13.856818289207702
  8 60 -13.856818289207702
  19 61 111.05582374304663
  7 61 -111.05582374304663
  14 62 66.63901969236441
  6 62 -66.63901969236441
  15 63 75.1382140692318
  13 63 -75.1382140692318
  7 64 61.180804359533994
  13 64 -61.180804359533994
  7 65 55.024472573040356
  5 65 -55.024472573040356
  15 66 102.89185851206234
  7 66 -102.89185851206234
  1 67 33.34468683893128
  20 67 -33.34468683893128
  18 68 84.21161045676709
  17 68 -84.21161045676709
  1 69 21.456591371084002
  6 69 -21.456591371084002
  19 70 90.4632566367454
  15 70 -90.4632566367454
  2 71 38.31175318088181
  6 71 -38.31175318088181
  13 72 98.08790992912093
  1 72 -98.08790992912093
  14 73 45.011438373658365
  5 73 -45.011438373658365
  18 74 22.06589353627436
  1 74 -22.06589353627436
  9 75 47.80215609797855
  12 75 -47.80215609797855
  20 76 35.508425258582264
  7 76 -35.508425258582264
  12 77 88.53095597201514
  5 77 -88.53095597201514
  8 78 75.84825397835044
  17 78 -75.84825397835044
  17 79 28.08724689600436
  7 79 -28.08724689600436
  12 80 59.76416464478392
  19 80 -59.76416464478392
  17 81 72.32447981529153
  1 81 -72.32447981529153
  3 82 96.76608513559434
  14 82 -96.76608513559434
  6 83 63.57299047117474
  4 83 -63.57299047117474
  8 84 54.27578133091155
  4 84 -54.27578133091155
  18 85 26.871020487047705
  8 85 -26.871020487047705
  16 86 47.122303905394865
  3 86 -47.122303905394865
  17 87 81.01750964126576
  5 87 -81.01750964126576
  10 88 77.9744649643898
  17 88 -77.9744649643898
  5 89 14.542971055629831
  6 89 -14.542971055629831
  5 90 37.35485156463835
  13 90 -37.35485156463835
  20 91 67.64323845264133
  12 91 -67.64323845264133
  6 92 44.740999806835816
  18 92 -44.740999806835816
  15 93 35.41672135829763
  2 93 -35.41672135829763
  10 94 89.40326041746232
  18 94 -89.40326041746232
  19 95 76.47604772026777
  1 95 -76.47604772026777
  4 96 89.63538591060173
  7 96 -89.63538591060173
  6 97 56.75744608041411
  2 97 -56.75744608041411
  17 98 11.662837699007445
  6 98 -11.662837699007445
  15 99 39.43205619174998
  6 99 -39.43205619174998
  11 100 12.778613638483176
  16 100 -12.778613638483176
;
param : ArcsFixedCost ArcsVariableCost ArcsCapacity :=
  1 5115.0 100.0 5135.0
  2 1228.0 23.0 143.0
  3 4757.0 71.0 472.0
  4 4297.0 60.0 194.0
  5 2251.0 26.0 392.0
  6 5115.0 100.0 5135.0
  7 1739.0 90.0 279.0
  8 1330.0 14.0 97.0
  9 4603.0 40.0 489.0
  10 3376.0 25.0 495.0
  11 4552.0 62.0 415.0
  12 1842.0 85.0 256.0
  13 1279.0 49.0 415.0
  14 5115.0 100.0 5135.0
  15 2558.0 27.0 250.0
  16 4603.0 55.0 233.0
  17 4961.0 69.0 489.0
  18 768.0 42.0 330.0
  19 5115.0 100.0 5135.0
  20 2149.0 54.0 552.0
  21 2251.0 88.0 546.0
  22 4961.0 96.0 398.0
  23 1688.0 59.0 535.0
  24 2558.0 98.0 336.0
  25 5115.0 100.0 5135.0
  26 4501.0 77.0 120.0
  27 3018.0 65.0 222.0
  28 921.0 29.0 421.0
  29 2507.0 40.0 57.0
  30 4757.0 68.0 171.0
  31 665.0 25.0 165.0
  32 5115.0 100.0 5135.0
  33 1586.0 14.0 552.0
  34 1535.0 15.0 523.0
  35 3887.0 35.0 205.0
  36 2455.0 62.0 353.0
  37 512.0 81.0 500.0
  38 5115.0 100.0 5135.0
  39 2353.0 62.0 194.0
  40 1075.0 81.0 512.0
  41 2711.0 29.0 421.0
  42 3887.0 75.0 57.0
  43 2609.0 91.0 256.0
  44 1023.0 57.0 120.0
  45 614.0 65.0 438.0
  46 5115.0 100.0 5135.0
  47 4961.0 74.0 262.0
  48 3223.0 47.0 279.0
  49 3990.0 66.0 137.0
  50 2353.0 69.0 165.0
  51 2046.0 25.0 256.0
  52 2200.0 44.0 421.0
  53 5115.0 100.0 5135.0
  54 1791.0 58.0 529.0
  55 3120.0 16.0 319.0
  56 2302.0 47.0 557.0
  57 3069.0 70.0 137.0
  58 3529.0 50.0 154.0
  59 5115.0 100.0 5135.0
  60 4297.0 37.0 535.0
  61 1126.0 48.0 194.0
  62 5115.0 100.0 5135.0
  63 4092.0 91.0 432.0
  64 4143.0 60.0 387.0
  65 1228.0 24.0 358.0
  66 4194.0 28.0 69.0
  67 5115.0 100.0 5135.0
  68 3018.0 37.0 165.0
  69 4859.0 78.0 268.0
  70 4399.0 23.0 415.0
  71 4297.0 51.0 415.0
  72 5115.0 100.0 5135.0
  73 4910.0 22.0 449.0
  74 1126.0 86.0 330.0
  75 2762.0 11.0 364.0
  76 1739.0 81.0 557.0
  77 3939.0 97.0 404.0
  78 3632.0 75.0 69.0
  79 5115.0 100.0 5135.0
  80 1893.0 97.0 500.0
  81 4143.0 77.0 177.0
  82 2046.0 26.0 324.0
  83 5115.0 100.0 5135.0
  84 3632.0 66.0 262.0
  85 4655.0 28.0 131.0
  86 768.0 44.0 444.0
  87 5115.0 100.0 5135.0
  88 972.0 98.0 540.0
  89 4655.0 82.0 302.0
  90 2149.0 78.0 506.0
  91 921.0 10.0 228.0
  92 3171.0 41.0 239.0
  93 5115.0 100.0 5135.0
  94 4297.0 62.0 165.0
  95 1177.0 84.0 432.0
  96 1228.0 51.0 353.0
  97 2404.0 97.0 120.0
  98 1433.0 53.0 233.0
  99 1688.0 70.0 74.0
  100 921.0 73.0 125.0
  101 2097.0 64.0 478.0
  102 5115.0 100.0 5135.0
  103 2507.0 45.0 512.0
  104 1995.0 72.0 160.0
  105 2916.0 11.0 563.0
  106 4757.0 50.0 375.0
  107 717.0 94.0 256.0
  108 5115.0 100.0 5135.0
  109 3376.0 56.0 347.0
  110 3223.0 70.0 523.0
  111 4961.0 73.0 500.0
  112 4552.0 59.0 535.0
  113 1842.0 13.0 148.0
  114 3836.0 82.0 296.0
  115 5115.0 100.0 5135.0
  116 4757.0 49.0 432.0
  117 1842.0 85.0 404.0
  118 4450.0 76.0 353.0
  119 2046.0 49.0 381.0
  120 2302.0 73.0 154.0
;
