param NumNodes := 20;
param NumArcs := 120;
param NumCommodities := 100;
param ArcsNodes :=
  1 (1, 2)
  2 (1, 4)
  3 (1, 17)
  4 (1, 13)
  5 (1, 12)
  6 (2, 3)
  7 (2, 19)
  8 (2, 11)
  9 (2, 4)
  10 (2, 13)
  11 (2, 7)
  12 (2, 17)
  13 (2, 20)
  14 (3, 4)
  15 (3, 16)
  16 (3, 18)
  17 (3, 12)
  18 (3, 9)
  19 (4, 5)
  20 (4, 19)
  21 (4, 3)
  22 (4, 12)
  23 (4, 15)
  24 (4, 10)
  25 (5, 6)
  26 (5, 8)
  27 (5, 3)
  28 (5, 12)
  29 (5, 1)
  30 (5, 11)
  31 (5, 9)
  32 (6, 7)
  33 (6, 3)
  34 (6, 15)
  35 (6, 18)
  36 (6, 10)
  37 (6, 11)
  38 (7, 8)
  39 (7, 5)
  40 (7, 15)
  41 (7, 12)
  42 (7, 20)
  43 (7, 9)
  44 (7, 6)
  45 (7, 13)
  46 (8, 9)
  47 (8, 19)
  48 (8, 1)
  49 (8, 5)
  50 (8, 7)
  51 (8, 12)
  52 (8, 14)
  53 (9, 10)
  54 (9, 11)
  55 (9, 16)
  56 (9, 7)
  57 (9, 17)
  58 (9, 20)
  59 (10, 11)
  60 (10, 14)
  61 (10, 15)
  62 (11, 12)
  63 (11, 13)
  64 (11, 17)
  65 (11, 8)
  66 (11, 1)
  67 (12, 13)
  68 (12, 9)
  69 (12, 8)
  70 (12, 4)
  71 (12, 18)
  72 (13, 14)
  73 (13, 18)
  74 (13, 2)
  75 (13, 16)
  76 (13, 19)
  77 (13, 5)
  78 (13, 12)
  79 (14, 15)
  80 (14, 5)
  81 (14, 20)
  82 (14, 3)
  83 (15, 16)
  84 (15, 18)
  85 (15, 13)
  86 (15, 5)
  87 (16, 17)
  88 (16, 11)
  89 (16, 15)
  90 (16, 8)
  91 (16, 12)
  92 (16, 19)
  93 (17, 18)
  94 (17, 15)
  95 (17, 7)
  96 (17, 16)
  97 (17, 4)
  98 (17, 13)
  99 (17, 2)
  100 (17, 14)
  101 (17, 8)
  102 (18, 19)
  103 (18, 5)
  104 (18, 7)
  105 (18, 11)
  106 (18, 12)
  107 (18, 14)
  108 (19, 20)
  109 (19, 6)
  110 (19, 2)
  111 (19, 4)
  112 (19, 16)
  113 (19, 14)
  114 (19, 10)
  115 (20, 1)
  116 (20, 8)
  117 (20, 9)
  118 (20, 3)
  119 (20, 18)
  120 (20, 14)
;
param NodesCommoditiesDemand :=
  20 1 76.92439984157116
  1 1 -76.92439984157116
  11 2 36.570001638126946
  3 2 -36.570001638126946
  10 3 88.02369013851762
  4 3 -88.02369013851762
  20 4 45.55942665283786
  11 4 -45.55942665283786
  2 5 56.960078086715775
  3 5 -56.960078086715775
  9 6 82.69186312694657
  14 6 -82.69186312694657
  15 7 62.91997728604899
  14 7 -62.91997728604899
  10 8 85.70100241887211
  20 8 -85.70100241887211
  5 9 67.04154995763764
  10 9 -67.04154995763764
  11 10 84.34093864254842
  20 10 -84.34093864254842
  20 11 42.74910714779406
  10 11 -42.74910714779406
  4 12 25.345748212266184
  17 12 -25.345748212266184
  15 13 102.35750370960258
  16 13 -102.35750370960258
  18 14 107.08209942046909
  20 14 -107.08209942046909
  13 15 29.50367986899608
  5 15 -29.50367986899608
  9 16 44.869858759674976
  18 16 -44.869858759674976
  5 17 37.36465004425607
  8 17 -37.36465004425607
  16 18 109.60892379513147
  18 18 -109.60892379513147
  6 19 20.4473042988249
  5 19 -20.4473042988249
  2 20 64.8286554254631
  19 20 -64.8286554254631
  9 21 19.040761501773428
  13 21 -19.040761501773428
  15 22 101.07169046209052
  5 22 -101.07169046209052
  20 23 59.84320913740217
  5 23 -59.84320913740217
  1 24 84.6150939293661
  13 24 -84.6150939293661
  9 25 60.95685323801915
  17 25 -60.95685323801915
  5 26 82.36950309565317
  7 26 -82.36950309565317
  20 27 102.23717179854081
  17 27 -102.23717179854081
  12 28 37.86317118391912
  11 28 -37.86317118391912
  16 29 52.96094633032338
  17 29 -52.96094633032338
  12 30 78.9987066476981
  7 30 -78.9987066476981
  10 31 29.68441823453369
  12 31 -29.68441823453369
  16 32 38.84534490129708
  12 32 -38.84534490129708
  11 33 41.7939259019006
  1 33 -41.7939259019006
  6 34 13.657279344276802
  14 34 -13.657279344276802
  7 35 75.3391063153273
  3 35 -75.3391063153273
  17 36 16.578049291653798
  19 36 -16.578049291653798
  10 37 53.42787525853315
  14 37 -53.42787525853315
  10 38 81.76590217609098
  3 38 -81.76590217609098
  2 39 104.922182859383
  9 39 -104.922182859383
  14 40 32.0426291039662
  18 40 -32.0426291039662
  5 41 71.52034681085627
  1 41 -71.52034681085627
  12 42 83.04259637830822
  13 42 -83.04259637830822
  3 43 15.191492081752605
  6 43 -15.191492081752605
  8 44 78.04255386235245
  11 44 -78.04255386235245
  7 45 96.91106132368581
  1 45 -96.91106132368581
  1 46 26.210360748712908
  3 46 -26.210360748712908
  16 47 28.47952832651696
  1 47 -28.47952832651696
  2 48 11.080613109547738
  14 48 -11.080613109547738
  16 49 30.762492478438425
  13 49 -30.762492478438425
  7 50 80.9749724850294
  14 50 -80.9749724850294
  10 51 19.728394084611345
  19 51 -19.728394084611345
  3 52 82.49178743275813
  1 52 -82.49178743275813
  11 53 51.79571756605391
  7 53 -51.79571756605391
  2 54 17.914030826016095
  12 54 -17.914030826016095
  5 55 95.94217010783058
  17 55 -95.94217010783058
  11 56 17.59656700263111
  13 56 -17.59656700263111
  18 57 67.07692921380138
  7 57 -67.07692921380138
  5 58 27.643453307063737
  16 58 -27.643453307063737
  9 59 80.36686467546187
  6 59 -80.36686467546187
  2 60 13.990531316389548
  8 60 -13.990531316389548
  19 61 101.95501785997226
  7 61 -101.95501785997226
  14 62 64.29033630715594
  6 62 -64.29033630715594
  15 63 69.80938926221813
  13 63 -69.80938926221813
  7 64 59.570832421262295
  13 64 -59.570832421262295
  7 65 52.24668097887525
  5 65 -52.24668097887525
  15 66 95.38364775985269
  7 66 -95.38364775985269
  1 67 36.89845489905812
  20 67 -36.89845489905812
  18 68 79.37717765195791
  17 68 -79.37717765195791
  1 69 22.49441570216267
  6 69 -22.49441570216267
  19 70 90.62259758601608
  15 70 -90.62259758601608
  2 71 36.18125795816045
  6 71 -36.18125795816045
  13 72 101.15942755776219
  1 72 -101.15942755776219
  14 73 41.522832156086665
  5 73 -41.522832156086665
  18 74 23.818036834024337
  1 74 -23.818036834024337
  9 75 48.14472234006514
  12 75 -48.14472234006514
  20 76 34.28190943026863
  7 76 -34.28190943026863
  12 77 90.31160685113633
  5 77 -90.31160685113633
  8 78 81.8602599993857
  17 78 -81.8602599993857
  17 79 26.867440977712985
  7 79 -26.867440977712985
  12 80 53.2862177774047
  19 80 -53.2862177774047
  17 81 68.60802651299048
  1 81 -68.60802651299048
  3 82 99.72273915019944
  14 82 -99.72273915019944
  6 83 62.78039698395787
  4 83 -62.78039698395787
  8 84 55.21936567685701
  4 84 -55.21936567685701
  18 85 25.039269540607286
  8 85 -25.039269540607286
  16 86 48.87441664899775
  3 86 -48.87441664899775
  17 87 84.54440441218898
  5 87 -84.54440441218898
  10 88 76.17934525703461
  17 88 -76.17934525703461
  5 89 13.289283902921532
  6 89 -13.289283902921532
  5 90 36.31730977523266
  13 90 -36.31730977523266
  20 91 64.62142187790536
  12 91 -64.62142187790536
  6 92 46.10444842256966
  18 92 -46.10444842256966
  15 93 35.725070906899035
  2 93 -35.725070906899035
  10 94 81.96048030608168
  18 94 -81.96048030608168
  19 95 74.10935467755405
  1 95 -74.10935467755405
  4 96 96.34991466649961
  7 96 -96.34991466649961
  6 97 54.629640797389506
  2 97 -54.629640797389506
  17 98 11.064210477320914
  6 98 -11.064210477320914
  15 99 38.44713247731115
  6 99 -38.44713247731115
  11 100 13.143423973275707
  16 100 -13.143423973275707
;
param : ArcsFixedCost ArcsVariableCost ArcsCapacity :=
  1 5115.0 100.0 5135.0
  2 1228.0 23.0 143.0
  3 4757.0 71.0 472.0
  4 4297.0 60.0 194.0
  5 2251.0 26.0 392.0
  6 5115.0 100.0 5135.0
  7 1739.0 90.0 279.0
  8 1330.0 14.0 97.0
  9 4603.0 40.0 489.0
  10 3376.0 25.0 495.0
  11 4552.0 62.0 415.0
  12 1842.0 85.0 256.0
  13 1279.0 49.0 415.0
  14 5115.0 100.0 5135.0
  15 2558.0 27.0 250.0
  16 4603.0 55.0 233.0
  17 4961.0 69.0 489.0
  18 768.0 42.0 330.0
  19 5115.0 100.0 5135.0
  20 2149.0 54.0 552.0
  21 2251.0 88.0 546.0
  22 4961.0 96.0 398.0
  23 1688.0 59.0 535.0
  24 2558.0 98.0 336.0
  25 5115.0 100.0 5135.0
  26 4501.0 77.0 120.0
  27 3018.0 65.0 222.0
  28 921.0 29.0 421.0
  29 2507.0 40.0 57.0
  30 4757.0 68.0 171.0
  31 665.0 25.0 165.0
  32 5115.0 100.0 5135.0
  33 1586.0 14.0 552.0
  34 1535.0 15.0 523.0
  35 3887.0 35.0 205.0
  36 2455.0 62.0 353.0
  37 512.0 81.0 500.0
  38 5115.0 100.0 5135.0
  39 2353.0 62.0 194.0
  40 1075.0 81.0 512.0
  41 2711.0 29.0 421.0
  42 3887.0 75.0 57.0
  43 2609.0 91.0 256.0
  44 1023.0 57.0 120.0
  45 614.0 65.0 438.0
  46 5115.0 100.0 5135.0
  47 4961.0 74.0 262.0
  48 3223.0 47.0 279.0
  49 3990.0 66.0 137.0
  50 2353.0 69.0 165.0
  51 2046.0 25.0 256.0
  52 2200.0 44.0 421.0
  53 5115.0 100.0 5135.0
  54 1791.0 58.0 529.0
  55 3120.0 16.0 319.0
  56 2302.0 47.0 557.0
  57 3069.0 70.0 137.0
  58 3529.0 50.0 154.0
  59 5115.0 100.0 5135.0
  60 4297.0 37.0 535.0
  61 1126.0 48.0 194.0
  62 5115.0 100.0 5135.0
  63 4092.0 91.0 432.0
  64 4143.0 60.0 387.0
  65 1228.0 24.0 358.0
  66 4194.0 28.0 69.0
  67 5115.0 100.0 5135.0
  68 3018.0 37.0 165.0
  69 4859.0 78.0 268.0
  70 4399.0 23.0 415.0
  71 4297.0 51.0 415.0
  72 5115.0 100.0 5135.0
  73 4910.0 22.0 449.0
  74 1126.0 86.0 330.0
  75 2762.0 11.0 364.0
  76 1739.0 81.0 557.0
  77 3939.0 97.0 404.0
  78 3632.0 75.0 69.0
  79 5115.0 100.0 5135.0
  80 1893.0 97.0 500.0
  81 4143.0 77.0 177.0
  82 2046.0 26.0 324.0
  83 5115.0 100.0 5135.0
  84 3632.0 66.0 262.0
  85 4655.0 28.0 131.0
  86 768.0 44.0 444.0
  87 5115.0 100.0 5135.0
  88 972.0 98.0 540.0
  89 4655.0 82.0 302.0
  90 2149.0 78.0 506.0
  91 921.0 10.0 228.0
  92 3171.0 41.0 239.0
  93 5115.0 100.0 5135.0
  94 4297.0 62.0 165.0
  95 1177.0 84.0 432.0
  96 1228.0 51.0 353.0
  97 2404.0 97.0 120.0
  98 1433.0 53.0 233.0
  99 1688.0 70.0 74.0
  100 921.0 73.0 125.0
  101 2097.0 64.0 478.0
  102 5115.0 100.0 5135.0
  103 2507.0 45.0 512.0
  104 1995.0 72.0 160.0
  105 2916.0 11.0 563.0
  106 4757.0 50.0 375.0
  107 717.0 94.0 256.0
  108 5115.0 100.0 5135.0
  109 3376.0 56.0 347.0
  110 3223.0 70.0 523.0
  111 4961.0 73.0 500.0
  112 4552.0 59.0 535.0
  113 1842.0 13.0 148.0
  114 3836.0 82.0 296.0
  115 5115.0 100.0 5135.0
  116 4757.0 49.0 432.0
  117 1842.0 85.0 404.0
  118 4450.0 76.0 353.0
  119 2046.0 49.0 381.0
  120 2302.0 73.0 154.0
;
