param NumNodes := 20;
param NumArcs := 120;
param NumCommodities := 100;
param ArcsNodes :=
  1 (1, 2)
  2 (1, 4)
  3 (1, 17)
  4 (1, 13)
  5 (1, 12)
  6 (2, 3)
  7 (2, 19)
  8 (2, 11)
  9 (2, 4)
  10 (2, 13)
  11 (2, 7)
  12 (2, 17)
  13 (2, 20)
  14 (3, 4)
  15 (3, 16)
  16 (3, 18)
  17 (3, 12)
  18 (3, 9)
  19 (4, 5)
  20 (4, 19)
  21 (4, 3)
  22 (4, 12)
  23 (4, 15)
  24 (4, 10)
  25 (5, 6)
  26 (5, 8)
  27 (5, 3)
  28 (5, 12)
  29 (5, 1)
  30 (5, 11)
  31 (5, 9)
  32 (6, 7)
  33 (6, 3)
  34 (6, 15)
  35 (6, 18)
  36 (6, 10)
  37 (6, 11)
  38 (7, 8)
  39 (7, 5)
  40 (7, 15)
  41 (7, 12)
  42 (7, 20)
  43 (7, 9)
  44 (7, 6)
  45 (7, 13)
  46 (8, 9)
  47 (8, 19)
  48 (8, 1)
  49 (8, 5)
  50 (8, 7)
  51 (8, 12)
  52 (8, 14)
  53 (9, 10)
  54 (9, 11)
  55 (9, 16)
  56 (9, 7)
  57 (9, 17)
  58 (9, 20)
  59 (10, 11)
  60 (10, 14)
  61 (10, 15)
  62 (11, 12)
  63 (11, 13)
  64 (11, 17)
  65 (11, 8)
  66 (11, 1)
  67 (12, 13)
  68 (12, 9)
  69 (12, 8)
  70 (12, 4)
  71 (12, 18)
  72 (13, 14)
  73 (13, 18)
  74 (13, 2)
  75 (13, 16)
  76 (13, 19)
  77 (13, 5)
  78 (13, 12)
  79 (14, 15)
  80 (14, 5)
  81 (14, 20)
  82 (14, 3)
  83 (15, 16)
  84 (15, 18)
  85 (15, 13)
  86 (15, 5)
  87 (16, 17)
  88 (16, 11)
  89 (16, 15)
  90 (16, 8)
  91 (16, 12)
  92 (16, 19)
  93 (17, 18)
  94 (17, 15)
  95 (17, 7)
  96 (17, 16)
  97 (17, 4)
  98 (17, 13)
  99 (17, 2)
  100 (17, 14)
  101 (17, 8)
  102 (18, 19)
  103 (18, 5)
  104 (18, 7)
  105 (18, 11)
  106 (18, 12)
  107 (18, 14)
  108 (19, 20)
  109 (19, 6)
  110 (19, 2)
  111 (19, 4)
  112 (19, 16)
  113 (19, 14)
  114 (19, 10)
  115 (20, 1)
  116 (20, 8)
  117 (20, 9)
  118 (20, 3)
  119 (20, 18)
  120 (20, 14)
;
param NodesCommoditiesDemand :=
  20 1 78.76334852934494
  1 1 -78.76334852934494
  11 2 31.89282559165277
  3 2 -31.89282559165277
  10 3 84.49106920210903
  4 3 -84.49106920210903
  20 4 43.28067433397887
  11 4 -43.28067433397887
  2 5 50.9515289353377
  3 5 -50.9515289353377
  9 6 83.9710972474594
  14 6 -83.9710972474594
  15 7 60.93714249004202
  14 7 -60.93714249004202
  10 8 72.90038239768799
  20 8 -72.90038239768799
  5 9 59.655895998899574
  10 9 -59.655895998899574
  11 10 76.15030772110538
  20 10 -76.15030772110538
  20 11 35.96146017952204
  10 11 -35.96146017952204
  4 12 23.55054147376003
  17 12 -23.55054147376003
  15 13 91.88476378732837
  16 13 -91.88476378732837
  18 14 101.58127131445701
  20 14 -101.58127131445701
  13 15 31.021405563112083
  5 15 -31.021405563112083
  9 16 39.59063544853102
  18 16 -39.59063544853102
  5 17 34.40162680347992
  8 17 -34.40162680347992
  16 18 100.30923570114737
  18 18 -100.30923570114737
  6 19 20.14821512899284
  5 19 -20.14821512899284
  2 20 64.12930250215685
  19 20 -64.12930250215685
  9 21 18.050725715796553
  13 21 -18.050725715796553
  15 22 92.11719603438597
  5 22 -92.11719603438597
  20 23 57.98193945369687
  5 23 -57.98193945369687
  1 24 72.6230331838504
  13 24 -72.6230331838504
  9 25 55.63767861252128
  17 25 -55.63767861252128
  5 26 76.57055583129089
  7 26 -76.57055583129089
  20 27 99.56471824342123
  17 27 -99.56471824342123
  12 28 32.28433516067844
  11 28 -32.28433516067844
  16 29 50.69423364178448
  17 29 -50.69423364178448
  12 30 71.14447918204792
  7 30 -71.14447918204792
  10 31 27.40107350885281
  12 31 -27.40107350885281
  16 32 38.87269889756118
  12 32 -38.87269889756118
  11 33 39.738891054379735
  1 33 -39.738891054379735
  6 34 13.259799093655236
  14 34 -13.259799093655236
  7 35 73.92480155592352
  3 35 -73.92480155592352
  17 36 15.308500685685146
  19 36 -15.308500685685146
  10 37 48.60720541630707
  14 37 -48.60720541630707
  10 38 71.95813598054647
  3 38 -71.95813598054647
  2 39 96.10758218348167
  9 39 -96.10758218348167
  14 40 30.559312008962635
  18 40 -30.559312008962635
  5 41 66.42313980113738
  1 41 -66.42313980113738
  12 42 78.34840024857166
  13 42 -78.34840024857166
  3 43 13.128683872271806
  6 43 -13.128683872271806
  8 44 82.66852215756016
  11 44 -82.66852215756016
  7 45 87.81114735574336
  1 45 -87.81114735574336
  1 46 25.03592529850037
  3 46 -25.03592529850037
  16 47 27.08758244384013
  1 47 -27.08758244384013
  2 48 10.814428780782574
  14 48 -10.814428780782574
  16 49 28.6217065085071
  13 49 -28.6217065085071
  7 50 70.73284197191263
  14 50 -70.73284197191263
  10 51 19.06427776591883
  19 51 -19.06427776591883
  3 52 74.60168432898614
  1 52 -74.60168432898614
  11 53 51.54188754872486
  7 53 -51.54188754872486
  2 54 15.17406040420299
  12 54 -15.17406040420299
  5 55 96.26809095872721
  17 55 -96.26809095872721
  11 56 18.0900715622494
  13 56 -18.0900715622494
  18 57 62.575813475745576
  7 57 -62.575813475745576
  5 58 24.258079367495398
  16 58 -24.258079367495398
  9 59 71.64158760867382
  6 59 -71.64158760867382
  2 60 12.46658255859455
  8 60 -12.46658255859455
  19 61 101.4944499516366
  7 61 -101.4944499516366
  14 62 59.47149269818661
  6 62 -59.47149269818661
  15 63 67.98064600797042
  13 63 -67.98064600797042
  7 64 55.54029056210795
  13 64 -55.54029056210795
  7 65 53.02726592600486
  5 65 -53.02726592600486
  15 66 87.09353997106611
  7 66 -87.09353997106611
  1 67 31.12155338563553
  20 67 -31.12155338563553
  18 68 75.85619400458921
  17 68 -75.85619400458921
  1 69 21.095311048300758
  6 69 -21.095311048300758
  19 70 84.18693217205136
  15 70 -84.18693217205136
  2 71 35.06334396694611
  6 71 -35.06334396694611
  13 72 99.31818151752307
  1 72 -99.31818151752307
  14 73 42.67320019760245
  5 73 -42.67320019760245
  18 74 21.29983422736686
  1 74 -21.29983422736686
  9 75 41.314341085990904
  12 75 -41.314341085990904
  20 76 35.56803297321051
  7 76 -35.56803297321051
  12 77 76.07896337350289
  5 77 -76.07896337350289
  8 78 69.62782365035862
  17 78 -69.62782365035862
  17 79 25.226170937580992
  7 79 -25.226170937580992
  12 80 51.89179074868148
  19 80 -51.89179074868148
  17 81 68.18135664416201
  1 81 -68.18135664416201
  3 82 79.58417416399324
  14 82 -79.58417416399324
  6 83 55.65068579721472
  4 83 -55.65068579721472
  8 84 51.115723588704235
  4 84 -51.115723588704235
  18 85 24.699346702371134
  8 85 -24.699346702371134
  16 86 46.15852136386311
  3 86 -46.15852136386311
  17 87 79.3555391841794
  5 87 -79.3555391841794
  10 88 73.06555725550831
  17 88 -73.06555725550831
  5 89 13.26810430042896
  6 89 -13.26810430042896
  5 90 35.59481440100084
  13 90 -35.59481440100084
  20 91 58.12783045241133
  12 91 -58.12783045241133
  6 92 40.8395422765258
  18 92 -40.8395422765258
  15 93 32.44374429215101
  2 93 -32.44374429215101
  10 94 78.2781011510129
  18 94 -78.2781011510129
  19 95 64.76284899254141
  1 95 -64.76284899254141
  4 96 86.73798337114418
  7 96 -86.73798337114418
  6 97 56.84421147099984
  2 97 -56.84421147099984
  17 98 10.045301142777621
  6 98 -10.045301142777621
  15 99 35.54431231107091
  6 99 -35.54431231107091
  11 100 12.75985661611461
  16 100 -12.75985661611461
;
param : ArcsFixedCost ArcsVariableCost ArcsCapacity :=
  1 5115.0 100.0 5135.0
  2 1228.0 23.0 143.0
  3 4757.0 71.0 472.0
  4 4297.0 60.0 194.0
  5 2251.0 26.0 392.0
  6 5115.0 100.0 5135.0
  7 1739.0 90.0 279.0
  8 1330.0 14.0 97.0
  9 4603.0 40.0 489.0
  10 3376.0 25.0 495.0
  11 4552.0 62.0 415.0
  12 1842.0 85.0 256.0
  13 1279.0 49.0 415.0
  14 5115.0 100.0 5135.0
  15 2558.0 27.0 250.0
  16 4603.0 55.0 233.0
  17 4961.0 69.0 489.0
  18 768.0 42.0 330.0
  19 5115.0 100.0 5135.0
  20 2149.0 54.0 552.0
  21 2251.0 88.0 546.0
  22 4961.0 96.0 398.0
  23 1688.0 59.0 535.0
  24 2558.0 98.0 336.0
  25 5115.0 100.0 5135.0
  26 4501.0 77.0 120.0
  27 3018.0 65.0 222.0
  28 921.0 29.0 421.0
  29 2507.0 40.0 57.0
  30 4757.0 68.0 171.0
  31 665.0 25.0 165.0
  32 5115.0 100.0 5135.0
  33 1586.0 14.0 552.0
  34 1535.0 15.0 523.0
  35 3887.0 35.0 205.0
  36 2455.0 62.0 353.0
  37 512.0 81.0 500.0
  38 5115.0 100.0 5135.0
  39 2353.0 62.0 194.0
  40 1075.0 81.0 512.0
  41 2711.0 29.0 421.0
  42 3887.0 75.0 57.0
  43 2609.0 91.0 256.0
  44 1023.0 57.0 120.0
  45 614.0 65.0 438.0
  46 5115.0 100.0 5135.0
  47 4961.0 74.0 262.0
  48 3223.0 47.0 279.0
  49 3990.0 66.0 137.0
  50 2353.0 69.0 165.0
  51 2046.0 25.0 256.0
  52 2200.0 44.0 421.0
  53 5115.0 100.0 5135.0
  54 1791.0 58.0 529.0
  55 3120.0 16.0 319.0
  56 2302.0 47.0 557.0
  57 3069.0 70.0 137.0
  58 3529.0 50.0 154.0
  59 5115.0 100.0 5135.0
  60 4297.0 37.0 535.0
  61 1126.0 48.0 194.0
  62 5115.0 100.0 5135.0
  63 4092.0 91.0 432.0
  64 4143.0 60.0 387.0
  65 1228.0 24.0 358.0
  66 4194.0 28.0 69.0
  67 5115.0 100.0 5135.0
  68 3018.0 37.0 165.0
  69 4859.0 78.0 268.0
  70 4399.0 23.0 415.0
  71 4297.0 51.0 415.0
  72 5115.0 100.0 5135.0
  73 4910.0 22.0 449.0
  74 1126.0 86.0 330.0
  75 2762.0 11.0 364.0
  76 1739.0 81.0 557.0
  77 3939.0 97.0 404.0
  78 3632.0 75.0 69.0
  79 5115.0 100.0 5135.0
  80 1893.0 97.0 500.0
  81 4143.0 77.0 177.0
  82 2046.0 26.0 324.0
  83 5115.0 100.0 5135.0
  84 3632.0 66.0 262.0
  85 4655.0 28.0 131.0
  86 768.0 44.0 444.0
  87 5115.0 100.0 5135.0
  88 972.0 98.0 540.0
  89 4655.0 82.0 302.0
  90 2149.0 78.0 506.0
  91 921.0 10.0 228.0
  92 3171.0 41.0 239.0
  93 5115.0 100.0 5135.0
  94 4297.0 62.0 165.0
  95 1177.0 84.0 432.0
  96 1228.0 51.0 353.0
  97 2404.0 97.0 120.0
  98 1433.0 53.0 233.0
  99 1688.0 70.0 74.0
  100 921.0 73.0 125.0
  101 2097.0 64.0 478.0
  102 5115.0 100.0 5135.0
  103 2507.0 45.0 512.0
  104 1995.0 72.0 160.0
  105 2916.0 11.0 563.0
  106 4757.0 50.0 375.0
  107 717.0 94.0 256.0
  108 5115.0 100.0 5135.0
  109 3376.0 56.0 347.0
  110 3223.0 70.0 523.0
  111 4961.0 73.0 500.0
  112 4552.0 59.0 535.0
  113 1842.0 13.0 148.0
  114 3836.0 82.0 296.0
  115 5115.0 100.0 5135.0
  116 4757.0 49.0 432.0
  117 1842.0 85.0 404.0
  118 4450.0 76.0 353.0
  119 2046.0 49.0 381.0
  120 2302.0 73.0 154.0
;
