param NumNodes := 20;
param NumArcs := 120;
param NumCommodities := 100;
param ArcsNodes :=
  1 (1, 2)
  2 (1, 4)
  3 (1, 17)
  4 (1, 13)
  5 (1, 12)
  6 (2, 3)
  7 (2, 19)
  8 (2, 11)
  9 (2, 4)
  10 (2, 13)
  11 (2, 7)
  12 (2, 17)
  13 (2, 20)
  14 (3, 4)
  15 (3, 16)
  16 (3, 18)
  17 (3, 12)
  18 (3, 9)
  19 (4, 5)
  20 (4, 19)
  21 (4, 3)
  22 (4, 12)
  23 (4, 15)
  24 (4, 10)
  25 (5, 6)
  26 (5, 8)
  27 (5, 3)
  28 (5, 12)
  29 (5, 1)
  30 (5, 11)
  31 (5, 9)
  32 (6, 7)
  33 (6, 3)
  34 (6, 15)
  35 (6, 18)
  36 (6, 10)
  37 (6, 11)
  38 (7, 8)
  39 (7, 5)
  40 (7, 15)
  41 (7, 12)
  42 (7, 20)
  43 (7, 9)
  44 (7, 6)
  45 (7, 13)
  46 (8, 9)
  47 (8, 19)
  48 (8, 1)
  49 (8, 5)
  50 (8, 7)
  51 (8, 12)
  52 (8, 14)
  53 (9, 10)
  54 (9, 11)
  55 (9, 16)
  56 (9, 7)
  57 (9, 17)
  58 (9, 20)
  59 (10, 11)
  60 (10, 14)
  61 (10, 15)
  62 (11, 12)
  63 (11, 13)
  64 (11, 17)
  65 (11, 8)
  66 (11, 1)
  67 (12, 13)
  68 (12, 9)
  69 (12, 8)
  70 (12, 4)
  71 (12, 18)
  72 (13, 14)
  73 (13, 18)
  74 (13, 2)
  75 (13, 16)
  76 (13, 19)
  77 (13, 5)
  78 (13, 12)
  79 (14, 15)
  80 (14, 5)
  81 (14, 20)
  82 (14, 3)
  83 (15, 16)
  84 (15, 18)
  85 (15, 13)
  86 (15, 5)
  87 (16, 17)
  88 (16, 11)
  89 (16, 15)
  90 (16, 8)
  91 (16, 12)
  92 (16, 19)
  93 (17, 18)
  94 (17, 15)
  95 (17, 7)
  96 (17, 16)
  97 (17, 4)
  98 (17, 13)
  99 (17, 2)
  100 (17, 14)
  101 (17, 8)
  102 (18, 19)
  103 (18, 5)
  104 (18, 7)
  105 (18, 11)
  106 (18, 12)
  107 (18, 14)
  108 (19, 20)
  109 (19, 6)
  110 (19, 2)
  111 (19, 4)
  112 (19, 16)
  113 (19, 14)
  114 (19, 10)
  115 (20, 1)
  116 (20, 8)
  117 (20, 9)
  118 (20, 3)
  119 (20, 18)
  120 (20, 14)
;
param NodesCommoditiesDemand :=
  20 1 72.61337598055374
  1 1 -72.61337598055374
  11 2 34.14411541628574
  3 2 -34.14411541628574
  10 3 82.9237785292093
  4 3 -82.9237785292093
  20 4 38.368973401679014
  11 4 -38.368973401679014
  2 5 50.23233476553635
  3 5 -50.23233476553635
  9 6 84.42766230655499
  14 6 -84.42766230655499
  15 7 54.41238396011863
  14 7 -54.41238396011863
  10 8 71.32233183671622
  20 8 -71.32233183671622
  5 9 62.79386324260728
  10 9 -62.79386324260728
  11 10 69.64268842682287
  20 10 -69.64268842682287
  20 11 34.70021103733477
  10 11 -34.70021103733477
  4 12 22.11223894335935
  17 12 -22.11223894335935
  15 13 93.81655401016337
  16 13 -93.81655401016337
  18 14 98.66404057423304
  20 14 -98.66404057423304
  13 15 26.803206994408615
  5 15 -26.803206994408615
  9 16 34.728503887146246
  18 16 -34.728503887146246
  5 17 36.202900483116075
  8 17 -36.202900483116075
  16 18 103.1577007591558
  18 18 -103.1577007591558
  6 19 19.511072791492648
  5 19 -19.511072791492648
  2 20 62.16493736831114
  19 20 -62.16493736831114
  9 21 17.686831314112148
  13 21 -17.686831314112148
  15 22 90.22405790050603
  5 22 -90.22405790050603
  20 23 55.159311485365706
  5 23 -55.159311485365706
  1 24 70.26576171243967
  13 24 -70.26576171243967
  9 25 57.71886225343266
  17 25 -57.71886225343266
  5 26 68.0379509216793
  7 26 -68.0379509216793
  20 27 97.628414324549
  17 27 -97.628414324549
  12 28 33.257765725595846
  11 28 -33.257765725595846
  16 29 47.949741345623984
  17 29 -47.949741345623984
  12 30 69.24915775284413
  7 30 -69.24915775284413
  10 31 26.81665548278457
  12 31 -26.81665548278457
  16 32 39.63770171488952
  12 32 -39.63770171488952
  11 33 36.194305301863615
  1 33 -36.194305301863615
  6 34 13.74555223848351
  14 34 -13.74555223848351
  7 35 67.94666776873002
  3 35 -67.94666776873002
  17 36 15.658418215091405
  19 36 -15.658418215091405
  10 37 48.21283627277536
  14 37 -48.21283627277536
  10 38 72.3032689503244
  3 38 -72.3032689503244
  2 39 105.90542386652456
  9 39 -105.90542386652456
  14 40 32.670251028498434
  18 40 -32.670251028498434
  5 41 58.970117221181965
  1 41 -58.970117221181965
  12 42 78.19266228470718
  13 42 -78.19266228470718
  3 43 13.413858245242473
  6 43 -13.413858245242473
  8 44 71.65338546886724
  11 44 -71.65338546886724
  7 45 90.29233904109111
  1 45 -90.29233904109111
  1 46 24.687384011517345
  3 46 -24.687384011517345
  16 47 26.08891058433239
  1 47 -26.08891058433239
  2 48 10.070041207609341
  14 48 -10.070041207609341
  16 49 27.230442171909736
  13 49 -27.230442171909736
  7 50 73.43061174437909
  14 50 -73.43061174437909
  10 51 18.825103391294103
  19 51 -18.825103391294103
  3 52 69.77260123518825
  1 52 -69.77260123518825
  11 53 49.428574183938764
  7 53 -49.428574183938764
  2 54 15.216399392772477
  12 54 -15.216399392772477
  5 55 95.79645091181663
  17 55 -95.79645091181663
  11 56 18.107287100466934
  13 56 -18.107287100466934
  18 57 56.9522460389637
  7 57 -56.9522460389637
  5 58 24.29051726022641
  16 58 -24.29051726022641
  9 59 71.73840026175206
  6 59 -71.73840026175206
  2 60 12.275245208441467
  8 60 -12.275245208441467
  19 61 109.19210927463422
  7 61 -109.19210927463422
  14 62 56.813331715136755
  6 62 -56.813331715136755
  15 63 65.68399419661786
  13 63 -65.68399419661786
  7 64 58.575685915821424
  13 64 -58.575685915821424
  7 65 52.571094257085036
  5 65 -52.571094257085036
  15 66 85.08068944800213
  7 66 -85.08068944800213
  1 67 28.2531715282339
  20 67 -28.2531715282339
  18 68 82.41226654553033
  17 68 -82.41226654553033
  1 69 20.62508124025149
  6 69 -20.62508124025149
  19 70 77.3099829523876
  15 70 -77.3099829523876
  2 71 33.68783884084725
  6 71 -33.68783884084725
  13 72 92.7980748263603
  1 72 -92.7980748263603
  14 73 40.372608475637605
  5 73 -40.372608475637605
  18 74 22.498258762501433
  1 74 -22.498258762501433
  9 75 43.53904603241712
  12 75 -43.53904603241712
  20 76 31.828243110490885
  7 76 -31.828243110490885
  12 77 72.67794779473911
  5 77 -72.67794779473911
  8 78 69.75849995856578
  17 78 -69.75849995856578
  17 79 24.899510645015617
  7 79 -24.899510645015617
  12 80 48.19605756803756
  19 80 -48.19605756803756
  17 81 65.64475894960675
  1 81 -65.64475894960675
  3 82 85.75327552357537
  14 82 -85.75327552357537
  6 83 56.47395684549661
  4 83 -56.47395684549661
  8 84 52.41236400442018
  4 84 -52.41236400442018
  18 85 25.03838089788411
  8 85 -25.03838089788411
  16 86 45.65588330334529
  3 86 -45.65588330334529
  17 87 75.09149896531184
  5 87 -75.09149896531184
  10 88 73.93649568265093
  17 88 -73.93649568265093
  5 89 13.877525978707125
  6 89 -13.877525978707125
  5 90 31.739203865278146
  13 90 -31.739203865278146
  20 91 57.04435885799913
  12 91 -57.04435885799913
  6 92 39.77273126474113
  18 92 -39.77273126474113
  15 93 30.770780219858707
  2 93 -30.770780219858707
  10 94 83.64704622728453
  18 94 -83.64704622728453
  19 95 62.53128424574616
  1 95 -62.53128424574616
  4 96 93.8129307667124
  7 96 -93.8129307667124
  6 97 55.21541892554767
  2 97 -55.21541892554767
  17 98 10.225238185123404
  6 98 -10.225238185123404
  15 99 35.971597941268655
  6 99 -35.971597941268655
  11 100 12.863414677817003
  16 100 -12.863414677817003
;
param : ArcsFixedCost ArcsVariableCost ArcsCapacity :=
  1 5115.0 100.0 5135.0
  2 1228.0 23.0 143.0
  3 4757.0 71.0 472.0
  4 4297.0 60.0 194.0
  5 2251.0 26.0 392.0
  6 5115.0 100.0 5135.0
  7 1739.0 90.0 279.0
  8 1330.0 14.0 97.0
  9 4603.0 40.0 489.0
  10 3376.0 25.0 495.0
  11 4552.0 62.0 415.0
  12 1842.0 85.0 256.0
  13 1279.0 49.0 415.0
  14 5115.0 100.0 5135.0
  15 2558.0 27.0 250.0
  16 4603.0 55.0 233.0
  17 4961.0 69.0 489.0
  18 768.0 42.0 330.0
  19 5115.0 100.0 5135.0
  20 2149.0 54.0 552.0
  21 2251.0 88.0 546.0
  22 4961.0 96.0 398.0
  23 1688.0 59.0 535.0
  24 2558.0 98.0 336.0
  25 5115.0 100.0 5135.0
  26 4501.0 77.0 120.0
  27 3018.0 65.0 222.0
  28 921.0 29.0 421.0
  29 2507.0 40.0 57.0
  30 4757.0 68.0 171.0
  31 665.0 25.0 165.0
  32 5115.0 100.0 5135.0
  33 1586.0 14.0 552.0
  34 1535.0 15.0 523.0
  35 3887.0 35.0 205.0
  36 2455.0 62.0 353.0
  37 512.0 81.0 500.0
  38 5115.0 100.0 5135.0
  39 2353.0 62.0 194.0
  40 1075.0 81.0 512.0
  41 2711.0 29.0 421.0
  42 3887.0 75.0 57.0
  43 2609.0 91.0 256.0
  44 1023.0 57.0 120.0
  45 614.0 65.0 438.0
  46 5115.0 100.0 5135.0
  47 4961.0 74.0 262.0
  48 3223.0 47.0 279.0
  49 3990.0 66.0 137.0
  50 2353.0 69.0 165.0
  51 2046.0 25.0 256.0
  52 2200.0 44.0 421.0
  53 5115.0 100.0 5135.0
  54 1791.0 58.0 529.0
  55 3120.0 16.0 319.0
  56 2302.0 47.0 557.0
  57 3069.0 70.0 137.0
  58 3529.0 50.0 154.0
  59 5115.0 100.0 5135.0
  60 4297.0 37.0 535.0
  61 1126.0 48.0 194.0
  62 5115.0 100.0 5135.0
  63 4092.0 91.0 432.0
  64 4143.0 60.0 387.0
  65 1228.0 24.0 358.0
  66 4194.0 28.0 69.0
  67 5115.0 100.0 5135.0
  68 3018.0 37.0 165.0
  69 4859.0 78.0 268.0
  70 4399.0 23.0 415.0
  71 4297.0 51.0 415.0
  72 5115.0 100.0 5135.0
  73 4910.0 22.0 449.0
  74 1126.0 86.0 330.0
  75 2762.0 11.0 364.0
  76 1739.0 81.0 557.0
  77 3939.0 97.0 404.0
  78 3632.0 75.0 69.0
  79 5115.0 100.0 5135.0
  80 1893.0 97.0 500.0
  81 4143.0 77.0 177.0
  82 2046.0 26.0 324.0
  83 5115.0 100.0 5135.0
  84 3632.0 66.0 262.0
  85 4655.0 28.0 131.0
  86 768.0 44.0 444.0
  87 5115.0 100.0 5135.0
  88 972.0 98.0 540.0
  89 4655.0 82.0 302.0
  90 2149.0 78.0 506.0
  91 921.0 10.0 228.0
  92 3171.0 41.0 239.0
  93 5115.0 100.0 5135.0
  94 4297.0 62.0 165.0
  95 1177.0 84.0 432.0
  96 1228.0 51.0 353.0
  97 2404.0 97.0 120.0
  98 1433.0 53.0 233.0
  99 1688.0 70.0 74.0
  100 921.0 73.0 125.0
  101 2097.0 64.0 478.0
  102 5115.0 100.0 5135.0
  103 2507.0 45.0 512.0
  104 1995.0 72.0 160.0
  105 2916.0 11.0 563.0
  106 4757.0 50.0 375.0
  107 717.0 94.0 256.0
  108 5115.0 100.0 5135.0
  109 3376.0 56.0 347.0
  110 3223.0 70.0 523.0
  111 4961.0 73.0 500.0
  112 4552.0 59.0 535.0
  113 1842.0 13.0 148.0
  114 3836.0 82.0 296.0
  115 5115.0 100.0 5135.0
  116 4757.0 49.0 432.0
  117 1842.0 85.0 404.0
  118 4450.0 76.0 353.0
  119 2046.0 49.0 381.0
  120 2302.0 73.0 154.0
;
