param NumNodes := 20;
param NumArcs := 120;
param NumCommodities := 100;
param ArcsNodes :=
  1 (1, 2)
  2 (1, 4)
  3 (1, 17)
  4 (1, 13)
  5 (1, 12)
  6 (2, 3)
  7 (2, 19)
  8 (2, 11)
  9 (2, 4)
  10 (2, 13)
  11 (2, 7)
  12 (2, 17)
  13 (2, 20)
  14 (3, 4)
  15 (3, 16)
  16 (3, 18)
  17 (3, 12)
  18 (3, 9)
  19 (4, 5)
  20 (4, 19)
  21 (4, 3)
  22 (4, 12)
  23 (4, 15)
  24 (4, 10)
  25 (5, 6)
  26 (5, 8)
  27 (5, 3)
  28 (5, 12)
  29 (5, 1)
  30 (5, 11)
  31 (5, 9)
  32 (6, 7)
  33 (6, 3)
  34 (6, 15)
  35 (6, 18)
  36 (6, 10)
  37 (6, 11)
  38 (7, 8)
  39 (7, 5)
  40 (7, 15)
  41 (7, 12)
  42 (7, 20)
  43 (7, 9)
  44 (7, 6)
  45 (7, 13)
  46 (8, 9)
  47 (8, 19)
  48 (8, 1)
  49 (8, 5)
  50 (8, 7)
  51 (8, 12)
  52 (8, 14)
  53 (9, 10)
  54 (9, 11)
  55 (9, 16)
  56 (9, 7)
  57 (9, 17)
  58 (9, 20)
  59 (10, 11)
  60 (10, 14)
  61 (10, 15)
  62 (11, 12)
  63 (11, 13)
  64 (11, 17)
  65 (11, 8)
  66 (11, 1)
  67 (12, 13)
  68 (12, 9)
  69 (12, 8)
  70 (12, 4)
  71 (12, 18)
  72 (13, 14)
  73 (13, 18)
  74 (13, 2)
  75 (13, 16)
  76 (13, 19)
  77 (13, 5)
  78 (13, 12)
  79 (14, 15)
  80 (14, 5)
  81 (14, 20)
  82 (14, 3)
  83 (15, 16)
  84 (15, 18)
  85 (15, 13)
  86 (15, 5)
  87 (16, 17)
  88 (16, 11)
  89 (16, 15)
  90 (16, 8)
  91 (16, 12)
  92 (16, 19)
  93 (17, 18)
  94 (17, 15)
  95 (17, 7)
  96 (17, 16)
  97 (17, 4)
  98 (17, 13)
  99 (17, 2)
  100 (17, 14)
  101 (17, 8)
  102 (18, 19)
  103 (18, 5)
  104 (18, 7)
  105 (18, 11)
  106 (18, 12)
  107 (18, 14)
  108 (19, 20)
  109 (19, 6)
  110 (19, 2)
  111 (19, 4)
  112 (19, 16)
  113 (19, 14)
  114 (19, 10)
  115 (20, 1)
  116 (20, 8)
  117 (20, 9)
  118 (20, 3)
  119 (20, 18)
  120 (20, 14)
;
param NodesCommoditiesDemand :=
  20 1 73.8267702911557
  1 1 -73.8267702911557
  11 2 29.528250685977355
  3 2 -29.528250685977355
  10 3 78.40058532642465
  4 3 -78.40058532642465
  20 4 41.26985093773716
  11 4 -41.26985093773716
  2 5 49.22070988474637
  3 5 -49.22070988474637
  9 6 77.50475014197562
  14 6 -77.50475014197562
  15 7 52.84263958520684
  14 7 -52.84263958520684
  10 8 72.92182936763703
  20 8 -72.92182936763703
  5 9 58.60197856552023
  10 9 -58.60197856552023
  11 10 71.19274672983812
  20 10 -71.19274672983812
  20 11 35.2623129969543
  10 11 -35.2623129969543
  4 12 20.81712495448279
  17 12 -20.81712495448279
  15 13 94.177445801347
  16 13 -94.177445801347
  18 14 95.85925240205478
  20 14 -95.85925240205478
  13 15 28.74309524184936
  5 15 -28.74309524184936
  9 16 40.5435425376066
  18 16 -40.5435425376066
  5 17 34.30119477589582
  8 17 -34.30119477589582
  16 18 91.28995265771631
  18 18 -91.28995265771631
  6 19 18.881464797814512
  5 19 -18.881464797814512
  2 20 53.388020304462735
  19 20 -53.388020304462735
  9 21 19.172558411596235
  13 21 -19.172558411596235
  15 22 97.58174679250516
  5 22 -97.58174679250516
  20 23 54.771344363958946
  5 23 -54.771344363958946
  1 24 74.80317809702234
  13 24 -74.80317809702234
  9 25 53.51629292854793
  17 25 -53.51629292854793
  5 26 69.72504740190213
  7 26 -69.72504740190213
  20 27 82.7392431012861
  17 27 -82.7392431012861
  12 28 29.893453644458365
  11 28 -29.893453644458365
  16 29 42.584285094459666
  17 29 -42.584285094459666
  12 30 67.26819890280964
  7 30 -67.26819890280964
  10 31 26.274721487102514
  12 31 -26.274721487102514
  16 32 35.60786727610554
  12 32 -35.60786727610554
  11 33 37.78208145216754
  1 33 -37.78208145216754
  6 34 13.0024016695317
  14 34 -13.0024016695317
  7 35 71.51985977759333
  3 35 -71.51985977759333
  17 36 15.226473560761086
  19 36 -15.226473560761086
  10 37 45.12844119222754
  14 37 -45.12844119222754
  10 38 71.92151977273555
  3 38 -71.92151977273555
  2 39 102.29162138012288
  9 39 -102.29162138012288
  14 40 29.571250976671415
  18 40 -29.571250976671415
  5 41 66.1616403847643
  1 41 -66.1616403847643
  12 42 68.73293691901345
  13 42 -68.73293691901345
  3 43 12.452575017671753
  6 43 -12.452575017671753
  8 44 78.05536914207676
  11 44 -78.05536914207676
  7 45 91.55944321147473
  1 45 -91.55944321147473
  1 46 24.607262949204237
  3 46 -24.607262949204237
  16 47 26.095438836548848
  1 47 -26.095438836548848
  2 48 10.22159676376383
  14 48 -10.22159676376383
  16 49 27.464611173973942
  13 49 -27.464611173973942
  7 50 69.38291667548836
  14 50 -69.38291667548836
  10 51 17.60282261505866
  19 51 -17.60282261505866
  3 52 68.43072156643098
  1 52 -68.43072156643098
  11 53 44.95014099319504
  7 53 -44.95014099319504
  2 54 14.342004532257468
  12 54 -14.342004532257468
  5 55 86.97418575028983
  17 55 -86.97418575028983
  11 56 16.602635263741806
  13 56 -16.602635263741806
  18 57 63.00761781078649
  7 57 -63.00761781078649
  5 58 22.789728993434107
  16 58 -22.789728993434107
  9 59 70.77468725738638
  6 59 -70.77468725738638
  2 60 12.157441930215857
  8 60 -12.157441930215857
  19 61 93.63820353249231
  7 61 -93.63820353249231
  14 62 51.62979393879362
  6 62 -51.62979393879362
  15 63 62.06731243496155
  13 63 -62.06731243496155
  7 64 55.55564693793383
  13 64 -55.55564693793383
  7 65 48.979134018504226
  5 65 -48.979134018504226
  15 66 83.99783170681378
  7 66 -83.99783170681378
  1 67 31.227386122641057
  20 67 -31.227386122641057
  18 68 81.83918891473101
  17 68 -81.83918891473101
  1 69 20.13233665900757
  6 69 -20.13233665900757
  19 70 77.63039559310704
  15 70 -77.63039559310704
  2 71 35.95800035414725
  6 71 -35.95800035414725
  13 72 91.31064232622825
  1 72 -91.31064232622825
  14 73 39.791341305427906
  5 73 -39.791341305427906
  18 74 21.361221526721206
  1 74 -21.361221526721206
  9 75 42.61802869571805
  12 75 -42.61802869571805
  20 76 33.02940428347682
  7 76 -33.02940428347682
  12 77 80.80280525741377
  5 77 -80.80280525741377
  8 78 68.38498760185348
  17 78 -68.38498760185348
  17 79 24.617136772439043
  7 79 -24.617136772439043
  12 80 50.78748661768526
  19 80 -50.78748661768526
  17 81 63.774213014938596
  1 81 -63.774213014938596
  3 82 84.77369278434583
  14 82 -84.77369278434583
  6 83 55.04331538346453
  4 83 -55.04331538346453
  8 84 51.17956978591327
  4 84 -51.17956978591327
  18 85 22.761403833466133
  8 85 -22.761403833466133
  16 86 43.67197863154847
  3 86 -43.67197863154847
  17 87 70.90287566051026
  5 87 -70.90287566051026
  10 88 71.12846195124632
  17 88 -71.12846195124632
  5 89 12.431752269317741
  6 89 -12.431752269317741
  5 90 32.96458952444273
  13 90 -32.96458952444273
  20 91 53.92116782253081
  12 91 -53.92116782253081
  6 92 40.89649671387174
  18 92 -40.89649671387174
  15 93 31.635542879333165
  2 93 -31.635542879333165
  10 94 81.02877337313538
  18 94 -81.02877337313538
  19 95 62.0874280820095
  1 95 -62.0874280820095
  4 96 88.26267674880901
  7 96 -88.26267674880901
  6 97 51.22609125348516
  2 97 -51.22609125348516
  17 98 10.130278007718513
  6 98 -10.130278007718513
  15 99 33.958533303300065
  6 99 -33.958533303300065
  11 100 11.928556307972844
  16 100 -11.928556307972844
;
param : ArcsFixedCost ArcsVariableCost ArcsCapacity :=
  1 5115.0 100.0 5135.0
  2 1228.0 23.0 143.0
  3 4757.0 71.0 472.0
  4 4297.0 60.0 194.0
  5 2251.0 26.0 392.0
  6 5115.0 100.0 5135.0
  7 1739.0 90.0 279.0
  8 1330.0 14.0 97.0
  9 4603.0 40.0 489.0
  10 3376.0 25.0 495.0
  11 4552.0 62.0 415.0
  12 1842.0 85.0 256.0
  13 1279.0 49.0 415.0
  14 5115.0 100.0 5135.0
  15 2558.0 27.0 250.0
  16 4603.0 55.0 233.0
  17 4961.0 69.0 489.0
  18 768.0 42.0 330.0
  19 5115.0 100.0 5135.0
  20 2149.0 54.0 552.0
  21 2251.0 88.0 546.0
  22 4961.0 96.0 398.0
  23 1688.0 59.0 535.0
  24 2558.0 98.0 336.0
  25 5115.0 100.0 5135.0
  26 4501.0 77.0 120.0
  27 3018.0 65.0 222.0
  28 921.0 29.0 421.0
  29 2507.0 40.0 57.0
  30 4757.0 68.0 171.0
  31 665.0 25.0 165.0
  32 5115.0 100.0 5135.0
  33 1586.0 14.0 552.0
  34 1535.0 15.0 523.0
  35 3887.0 35.0 205.0
  36 2455.0 62.0 353.0
  37 512.0 81.0 500.0
  38 5115.0 100.0 5135.0
  39 2353.0 62.0 194.0
  40 1075.0 81.0 512.0
  41 2711.0 29.0 421.0
  42 3887.0 75.0 57.0
  43 2609.0 91.0 256.0
  44 1023.0 57.0 120.0
  45 614.0 65.0 438.0
  46 5115.0 100.0 5135.0
  47 4961.0 74.0 262.0
  48 3223.0 47.0 279.0
  49 3990.0 66.0 137.0
  50 2353.0 69.0 165.0
  51 2046.0 25.0 256.0
  52 2200.0 44.0 421.0
  53 5115.0 100.0 5135.0
  54 1791.0 58.0 529.0
  55 3120.0 16.0 319.0
  56 2302.0 47.0 557.0
  57 3069.0 70.0 137.0
  58 3529.0 50.0 154.0
  59 5115.0 100.0 5135.0
  60 4297.0 37.0 535.0
  61 1126.0 48.0 194.0
  62 5115.0 100.0 5135.0
  63 4092.0 91.0 432.0
  64 4143.0 60.0 387.0
  65 1228.0 24.0 358.0
  66 4194.0 28.0 69.0
  67 5115.0 100.0 5135.0
  68 3018.0 37.0 165.0
  69 4859.0 78.0 268.0
  70 4399.0 23.0 415.0
  71 4297.0 51.0 415.0
  72 5115.0 100.0 5135.0
  73 4910.0 22.0 449.0
  74 1126.0 86.0 330.0
  75 2762.0 11.0 364.0
  76 1739.0 81.0 557.0
  77 3939.0 97.0 404.0
  78 3632.0 75.0 69.0
  79 5115.0 100.0 5135.0
  80 1893.0 97.0 500.0
  81 4143.0 77.0 177.0
  82 2046.0 26.0 324.0
  83 5115.0 100.0 5135.0
  84 3632.0 66.0 262.0
  85 4655.0 28.0 131.0
  86 768.0 44.0 444.0
  87 5115.0 100.0 5135.0
  88 972.0 98.0 540.0
  89 4655.0 82.0 302.0
  90 2149.0 78.0 506.0
  91 921.0 10.0 228.0
  92 3171.0 41.0 239.0
  93 5115.0 100.0 5135.0
  94 4297.0 62.0 165.0
  95 1177.0 84.0 432.0
  96 1228.0 51.0 353.0
  97 2404.0 97.0 120.0
  98 1433.0 53.0 233.0
  99 1688.0 70.0 74.0
  100 921.0 73.0 125.0
  101 2097.0 64.0 478.0
  102 5115.0 100.0 5135.0
  103 2507.0 45.0 512.0
  104 1995.0 72.0 160.0
  105 2916.0 11.0 563.0
  106 4757.0 50.0 375.0
  107 717.0 94.0 256.0
  108 5115.0 100.0 5135.0
  109 3376.0 56.0 347.0
  110 3223.0 70.0 523.0
  111 4961.0 73.0 500.0
  112 4552.0 59.0 535.0
  113 1842.0 13.0 148.0
  114 3836.0 82.0 296.0
  115 5115.0 100.0 5135.0
  116 4757.0 49.0 432.0
  117 1842.0 85.0 404.0
  118 4450.0 76.0 353.0
  119 2046.0 49.0 381.0
  120 2302.0 73.0 154.0
;
