param NumNodes := 20;
param NumArcs := 120;
param NumCommodities := 100;
param ArcsNodes :=
  1 (1, 2)
  2 (1, 4)
  3 (1, 17)
  4 (1, 13)
  5 (1, 12)
  6 (2, 3)
  7 (2, 19)
  8 (2, 11)
  9 (2, 4)
  10 (2, 13)
  11 (2, 7)
  12 (2, 17)
  13 (2, 20)
  14 (3, 4)
  15 (3, 16)
  16 (3, 18)
  17 (3, 12)
  18 (3, 9)
  19 (4, 5)
  20 (4, 19)
  21 (4, 3)
  22 (4, 12)
  23 (4, 15)
  24 (4, 10)
  25 (5, 6)
  26 (5, 8)
  27 (5, 3)
  28 (5, 12)
  29 (5, 1)
  30 (5, 11)
  31 (5, 9)
  32 (6, 7)
  33 (6, 3)
  34 (6, 15)
  35 (6, 18)
  36 (6, 10)
  37 (6, 11)
  38 (7, 8)
  39 (7, 5)
  40 (7, 15)
  41 (7, 12)
  42 (7, 20)
  43 (7, 9)
  44 (7, 6)
  45 (7, 13)
  46 (8, 9)
  47 (8, 19)
  48 (8, 1)
  49 (8, 5)
  50 (8, 7)
  51 (8, 12)
  52 (8, 14)
  53 (9, 10)
  54 (9, 11)
  55 (9, 16)
  56 (9, 7)
  57 (9, 17)
  58 (9, 20)
  59 (10, 11)
  60 (10, 14)
  61 (10, 15)
  62 (11, 12)
  63 (11, 13)
  64 (11, 17)
  65 (11, 8)
  66 (11, 1)
  67 (12, 13)
  68 (12, 9)
  69 (12, 8)
  70 (12, 4)
  71 (12, 18)
  72 (13, 14)
  73 (13, 18)
  74 (13, 2)
  75 (13, 16)
  76 (13, 19)
  77 (13, 5)
  78 (13, 12)
  79 (14, 15)
  80 (14, 5)
  81 (14, 20)
  82 (14, 3)
  83 (15, 16)
  84 (15, 18)
  85 (15, 13)
  86 (15, 5)
  87 (16, 17)
  88 (16, 11)
  89 (16, 15)
  90 (16, 8)
  91 (16, 12)
  92 (16, 19)
  93 (17, 18)
  94 (17, 15)
  95 (17, 7)
  96 (17, 16)
  97 (17, 4)
  98 (17, 13)
  99 (17, 2)
  100 (17, 14)
  101 (17, 8)
  102 (18, 19)
  103 (18, 5)
  104 (18, 7)
  105 (18, 11)
  106 (18, 12)
  107 (18, 14)
  108 (19, 20)
  109 (19, 6)
  110 (19, 2)
  111 (19, 4)
  112 (19, 16)
  113 (19, 14)
  114 (19, 10)
  115 (20, 1)
  116 (20, 8)
  117 (20, 9)
  118 (20, 3)
  119 (20, 18)
  120 (20, 14)
;
param NodesCommoditiesDemand :=
  20 1 74.80570227561793
  1 1 -74.80570227561793
  11 2 30.864942507743148
  3 2 -30.864942507743148
  10 3 78.20906316108722
  4 3 -78.20906316108722
  20 4 39.603829625389075
  11 4 -39.603829625389075
  2 5 54.97934485655331
  3 5 -54.97934485655331
  9 6 78.81758786718396
  14 6 -78.81758786718396
  15 7 57.19296854622664
  14 7 -57.19296854622664
  10 8 75.08479353092955
  20 8 -75.08479353092955
  5 9 61.50806893845971
  10 9 -61.50806893845971
  11 10 79.2501293064486
  20 10 -79.2501293064486
  20 11 38.74564243477339
  10 11 -38.74564243477339
  4 12 23.70755341778052
  17 12 -23.70755341778052
  15 13 95.71668627493568
  16 13 -95.71668627493568
  18 14 96.22286504436622
  20 14 -96.22286504436622
  13 15 28.650975959296446
  5 15 -28.650975959296446
  9 16 38.00650368803807
  18 16 -38.00650368803807
  5 17 33.86904646168657
  8 17 -33.86904646168657
  16 18 98.78232238103078
  18 18 -98.78232238103078
  6 19 19.6952997095458
  5 19 -19.6952997095458
  2 20 59.60947643910005
  19 20 -59.60947643910005
  9 21 16.32914588770802
  13 21 -16.32914588770802
  15 22 94.25192152475688
  5 22 -94.25192152475688
  20 23 54.41307394087808
  5 23 -54.41307394087808
  1 24 74.58389702236242
  13 24 -74.58389702236242
  9 25 56.9378343500704
  17 25 -56.9378343500704
  5 26 75.0333935531089
  7 26 -75.0333935531089
  20 27 87.82712706611699
  17 27 -87.82712706611699
  12 28 34.33482919818219
  11 28 -34.33482919818219
  16 29 43.87805125631801
  17 29 -43.87805125631801
  12 30 73.44903829738828
  7 30 -73.44903829738828
  10 31 28.061543419071047
  12 31 -28.061543419071047
  16 32 38.36885995309184
  12 32 -38.36885995309184
  11 33 38.689168879349154
  1 33 -38.689168879349154
  6 34 13.251632147201466
  14 34 -13.251632147201466
  7 35 70.95544030915777
  3 35 -70.95544030915777
  17 36 16.015471806401543
  19 36 -16.015471806401543
  10 37 48.1097157534241
  14 37 -48.1097157534241
  10 38 69.67607493379927
  3 38 -69.67607493379927
  2 39 93.37526486422801
  9 39 -93.37526486422801
  14 40 31.994922701095433
  18 40 -31.994922701095433
  5 41 62.74295784847152
  1 41 -62.74295784847152
  12 42 78.71510150866033
  13 42 -78.71510150866033
  3 43 12.549141383300826
  6 43 -12.549141383300826
  8 44 79.64885154717427
  11 44 -79.64885154717427
  7 45 82.26452388128814
  1 45 -82.26452388128814
  1 46 26.11158954182422
  3 46 -26.11158954182422
  16 47 26.192043144712166
  1 47 -26.192043144712166
  2 48 10.560621056324994
  14 48 -10.560621056324994
  16 49 26.3526239867395
  13 49 -26.3526239867395
  7 50 72.59812816725405
  14 50 -72.59812816725405
  10 51 18.894603845465745
  19 51 -18.894603845465745
  3 52 71.03931631900294
  1 52 -71.03931631900294
  11 53 52.99775882412581
  7 53 -52.99775882412581
  2 54 16.04374759382773
  12 54 -16.04374759382773
  5 55 89.62413698479024
  17 55 -89.62413698479024
  11 56 18.006315667535457
  13 56 -18.006315667535457
  18 57 59.55236304225541
  7 57 -59.55236304225541
  5 58 24.02194904947259
  16 58 -24.02194904947259
  9 59 71.72094093850033
  6 59 -71.72094093850033
  2 60 12.235730618237547
  8 60 -12.235730618237547
  19 61 105.87833008804807
  7 61 -105.87833008804807
  14 62 59.9313464705914
  6 62 -59.9313464705914
  15 63 58.946794704904484
  13 63 -58.946794704904484
  7 64 52.56556003842955
  13 64 -52.56556003842955
  7 65 49.426343178398874
  5 65 -49.426343178398874
  15 66 86.25636387960273
  7 66 -86.25636387960273
  1 67 30.932051875985874
  20 67 -30.932051875985874
  18 68 83.42556349409077
  17 68 -83.42556349409077
  1 69 20.476340409829554
  6 69 -20.476340409829554
  19 70 78.83832560947124
  15 70 -78.83832560947124
  2 71 37.54216617748031
  6 71 -37.54216617748031
  13 72 92.62745538165319
  1 72 -92.62745538165319
  14 73 41.156194151106725
  5 73 -41.156194151106725
  18 74 20.195256170292197
  1 74 -20.195256170292197
  9 75 42.372317796572766
  12 75 -42.372317796572766
  20 76 33.53193827563479
  7 76 -33.53193827563479
  12 77 83.30627709392132
  5 77 -83.30627709392132
  8 78 73.20163004716184
  17 78 -73.20163004716184
  17 79 25.86572115347146
  7 79 -25.86572115347146
  12 80 48.83746992618089
  19 80 -48.83746992618089
  17 81 64.42866479808441
  1 81 -64.42866479808441
  3 82 86.26741659415667
  14 82 -86.26741659415667
  6 83 55.329818846295126
  4 83 -55.329818846295126
  8 84 52.69680917152736
  4 84 -52.69680917152736
  18 85 24.875767457028097
  8 85 -24.875767457028097
  16 86 45.58982709122008
  3 86 -45.58982709122008
  17 87 74.96104410769411
  5 87 -74.96104410769411
  10 88 74.93673639769884
  17 88 -74.93673639769884
  5 89 12.8784365492934
  6 89 -12.8784365492934
  5 90 32.58972507834064
  13 90 -32.58972507834064
  20 91 65.11820968602964
  12 91 -65.11820968602964
  6 92 40.57031991941411
  18 92 -40.57031991941411
  15 93 29.781612199896532
  2 93 -29.781612199896532
  10 94 81.10796342456442
  18 94 -81.10796342456442
  19 95 61.04870301810302
  1 95 -61.04870301810302
  4 96 88.23654547829332
  7 96 -88.23654547829332
  6 97 52.60784517583242
  2 97 -52.60784517583242
  17 98 9.540712620818931
  6 98 -9.540712620818931
  15 99 35.341155347701196
  6 99 -35.341155347701196
  11 100 11.685243670985717
  16 100 -11.685243670985717
;
param : ArcsFixedCost ArcsVariableCost ArcsCapacity :=
  1 5115.0 100.0 5135.0
  2 1228.0 23.0 143.0
  3 4757.0 71.0 472.0
  4 4297.0 60.0 194.0
  5 2251.0 26.0 392.0
  6 5115.0 100.0 5135.0
  7 1739.0 90.0 279.0
  8 1330.0 14.0 97.0
  9 4603.0 40.0 489.0
  10 3376.0 25.0 495.0
  11 4552.0 62.0 415.0
  12 1842.0 85.0 256.0
  13 1279.0 49.0 415.0
  14 5115.0 100.0 5135.0
  15 2558.0 27.0 250.0
  16 4603.0 55.0 233.0
  17 4961.0 69.0 489.0
  18 768.0 42.0 330.0
  19 5115.0 100.0 5135.0
  20 2149.0 54.0 552.0
  21 2251.0 88.0 546.0
  22 4961.0 96.0 398.0
  23 1688.0 59.0 535.0
  24 2558.0 98.0 336.0
  25 5115.0 100.0 5135.0
  26 4501.0 77.0 120.0
  27 3018.0 65.0 222.0
  28 921.0 29.0 421.0
  29 2507.0 40.0 57.0
  30 4757.0 68.0 171.0
  31 665.0 25.0 165.0
  32 5115.0 100.0 5135.0
  33 1586.0 14.0 552.0
  34 1535.0 15.0 523.0
  35 3887.0 35.0 205.0
  36 2455.0 62.0 353.0
  37 512.0 81.0 500.0
  38 5115.0 100.0 5135.0
  39 2353.0 62.0 194.0
  40 1075.0 81.0 512.0
  41 2711.0 29.0 421.0
  42 3887.0 75.0 57.0
  43 2609.0 91.0 256.0
  44 1023.0 57.0 120.0
  45 614.0 65.0 438.0
  46 5115.0 100.0 5135.0
  47 4961.0 74.0 262.0
  48 3223.0 47.0 279.0
  49 3990.0 66.0 137.0
  50 2353.0 69.0 165.0
  51 2046.0 25.0 256.0
  52 2200.0 44.0 421.0
  53 5115.0 100.0 5135.0
  54 1791.0 58.0 529.0
  55 3120.0 16.0 319.0
  56 2302.0 47.0 557.0
  57 3069.0 70.0 137.0
  58 3529.0 50.0 154.0
  59 5115.0 100.0 5135.0
  60 4297.0 37.0 535.0
  61 1126.0 48.0 194.0
  62 5115.0 100.0 5135.0
  63 4092.0 91.0 432.0
  64 4143.0 60.0 387.0
  65 1228.0 24.0 358.0
  66 4194.0 28.0 69.0
  67 5115.0 100.0 5135.0
  68 3018.0 37.0 165.0
  69 4859.0 78.0 268.0
  70 4399.0 23.0 415.0
  71 4297.0 51.0 415.0
  72 5115.0 100.0 5135.0
  73 4910.0 22.0 449.0
  74 1126.0 86.0 330.0
  75 2762.0 11.0 364.0
  76 1739.0 81.0 557.0
  77 3939.0 97.0 404.0
  78 3632.0 75.0 69.0
  79 5115.0 100.0 5135.0
  80 1893.0 97.0 500.0
  81 4143.0 77.0 177.0
  82 2046.0 26.0 324.0
  83 5115.0 100.0 5135.0
  84 3632.0 66.0 262.0
  85 4655.0 28.0 131.0
  86 768.0 44.0 444.0
  87 5115.0 100.0 5135.0
  88 972.0 98.0 540.0
  89 4655.0 82.0 302.0
  90 2149.0 78.0 506.0
  91 921.0 10.0 228.0
  92 3171.0 41.0 239.0
  93 5115.0 100.0 5135.0
  94 4297.0 62.0 165.0
  95 1177.0 84.0 432.0
  96 1228.0 51.0 353.0
  97 2404.0 97.0 120.0
  98 1433.0 53.0 233.0
  99 1688.0 70.0 74.0
  100 921.0 73.0 125.0
  101 2097.0 64.0 478.0
  102 5115.0 100.0 5135.0
  103 2507.0 45.0 512.0
  104 1995.0 72.0 160.0
  105 2916.0 11.0 563.0
  106 4757.0 50.0 375.0
  107 717.0 94.0 256.0
  108 5115.0 100.0 5135.0
  109 3376.0 56.0 347.0
  110 3223.0 70.0 523.0
  111 4961.0 73.0 500.0
  112 4552.0 59.0 535.0
  113 1842.0 13.0 148.0
  114 3836.0 82.0 296.0
  115 5115.0 100.0 5135.0
  116 4757.0 49.0 432.0
  117 1842.0 85.0 404.0
  118 4450.0 76.0 353.0
  119 2046.0 49.0 381.0
  120 2302.0 73.0 154.0
;
