param NumNodes := 20;
param NumArcs := 220;
param NumCommodities := 40;
param ArcsNodes :=
  1 (1, 2)
  2 (1, 19)
  3 (1, 17)
  4 (1, 7)
  5 (1, 18)
  6 (1, 4)
  7 (1, 15)
  8 (1, 20)
  9 (1, 8)
  10 (1, 3)
  11 (1, 11)
  12 (1, 10)
  13 (1, 9)
  14 (1, 6)
  15 (2, 3)
  16 (2, 10)
  17 (2, 6)
  18 (2, 9)
  19 (2, 7)
  20 (2, 1)
  21 (2, 17)
  22 (2, 15)
  23 (2, 11)
  24 (2, 18)
  25 (2, 19)
  26 (2, 20)
  27 (2, 12)
  28 (3, 4)
  29 (3, 9)
  30 (3, 14)
  31 (3, 18)
  32 (3, 11)
  33 (3, 12)
  34 (3, 13)
  35 (3, 16)
  36 (3, 1)
  37 (3, 19)
  38 (3, 6)
  39 (4, 5)
  40 (4, 10)
  41 (4, 2)
  42 (4, 18)
  43 (4, 15)
  44 (4, 11)
  45 (4, 17)
  46 (4, 7)
  47 (4, 9)
  48 (5, 6)
  49 (5, 9)
  50 (5, 13)
  51 (5, 3)
  52 (5, 16)
  53 (5, 19)
  54 (5, 15)
  55 (5, 17)
  56 (5, 11)
  57 (5, 2)
  58 (6, 7)
  59 (6, 13)
  60 (6, 11)
  61 (6, 8)
  62 (6, 14)
  63 (6, 15)
  64 (6, 3)
  65 (6, 5)
  66 (6, 18)
  67 (6, 19)
  68 (6, 10)
  69 (6, 17)
  70 (6, 9)
  71 (7, 8)
  72 (7, 3)
  73 (7, 13)
  74 (7, 19)
  75 (7, 9)
  76 (7, 18)
  77 (7, 11)
  78 (7, 2)
  79 (7, 1)
  80 (7, 16)
  81 (8, 9)
  82 (8, 5)
  83 (8, 7)
  84 (8, 6)
  85 (8, 10)
  86 (8, 17)
  87 (8, 16)
  88 (8, 11)
  89 (8, 18)
  90 (8, 13)
  91 (8, 4)
  92 (9, 10)
  93 (9, 6)
  94 (9, 4)
  95 (9, 16)
  96 (9, 17)
  97 (9, 8)
  98 (9, 13)
  99 (9, 1)
  100 (9, 2)
  101 (9, 19)
  102 (9, 3)
  103 (9, 12)
  104 (9, 11)
  105 (10, 11)
  106 (10, 16)
  107 (10, 12)
  108 (10, 8)
  109 (10, 18)
  110 (10, 13)
  111 (10, 7)
  112 (10, 15)
  113 (10, 19)
  114 (11, 12)
  115 (11, 20)
  116 (11, 15)
  117 (11, 7)
  118 (11, 1)
  119 (11, 9)
  120 (11, 18)
  121 (11, 13)
  122 (11, 16)
  123 (11, 4)
  124 (11, 14)
  125 (12, 13)
  126 (12, 15)
  127 (12, 20)
  128 (12, 18)
  129 (12, 10)
  130 (12, 17)
  131 (12, 3)
  132 (12, 4)
  133 (12, 7)
  134 (12, 9)
  135 (13, 14)
  136 (13, 19)
  137 (13, 16)
  138 (13, 20)
  139 (13, 6)
  140 (13, 15)
  141 (13, 9)
  142 (13, 8)
  143 (13, 1)
  144 (14, 15)
  145 (14, 10)
  146 (14, 5)
  147 (14, 4)
  148 (14, 20)
  149 (14, 16)
  150 (14, 3)
  151 (14, 6)
  152 (14, 8)
  153 (14, 2)
  154 (14, 19)
  155 (15, 16)
  156 (15, 17)
  157 (15, 14)
  158 (15, 12)
  159 (15, 2)
  160 (15, 4)
  161 (15, 13)
  162 (15, 11)
  163 (15, 3)
  164 (15, 19)
  165 (15, 9)
  166 (15, 6)
  167 (15, 5)
  168 (15, 18)
  169 (15, 20)
  170 (16, 17)
  171 (16, 5)
  172 (16, 9)
  173 (16, 6)
  174 (16, 11)
  175 (16, 19)
  176 (16, 1)
  177 (16, 7)
  178 (16, 14)
  179 (16, 15)
  180 (16, 18)
  181 (16, 12)
  182 (17, 18)
  183 (17, 5)
  184 (17, 14)
  185 (17, 12)
  186 (17, 6)
  187 (17, 4)
  188 (17, 3)
  189 (17, 8)
  190 (17, 15)
  191 (17, 9)
  192 (17, 13)
  193 (18, 19)
  194 (18, 4)
  195 (18, 7)
  196 (18, 1)
  197 (18, 20)
  198 (18, 3)
  199 (18, 9)
  200 (19, 20)
  201 (19, 12)
  202 (19, 1)
  203 (19, 16)
  204 (19, 5)
  205 (19, 17)
  206 (19, 18)
  207 (19, 8)
  208 (19, 4)
  209 (20, 1)
  210 (20, 19)
  211 (20, 18)
  212 (20, 11)
  213 (20, 6)
  214 (20, 2)
  215 (20, 4)
  216 (20, 9)
  217 (20, 17)
  218 (20, 10)
  219 (20, 3)
  220 (20, 7)
;
param NodesCommoditiesDemand :=
  14 1 63.54517352235185
  6 1 -63.54517352235185
  4 2 29.762492014613937
  1 2 -29.762492014613937
  17 3 73.80296601980945
  18 3 -73.80296601980945
  19 4 38.451839667483775
  7 4 -38.451839667483775
  6 5 50.73022107532879
  17 5 -50.73022107532879
  7 6 73.4226270866943
  16 6 -73.4226270866943
  17 7 56.60364482356444
  1 7 -56.60364482356444
  11 8 68.7291583552201
  9 8 -68.7291583552201
  10 9 55.0860719489371
  16 9 -55.0860719489371
  7 10 64.47555041434279
  10 10 -64.47555041434279
  8 11 33.70879036110474
  4 11 -33.70879036110474
  17 12 19.80088829363261
  6 12 -19.80088829363261
  15 13 84.60665719959601
  9 13 -84.60665719959601
  9 14 88.45965805141664
  17 14 -88.45965805141664
  16 15 24.478394356309593
  1 15 -24.478394356309593
  18 16 34.30454872884258
  13 16 -34.30454872884258
  2 17 30.187622015481338
  16 17 -30.187622015481338
  6 18 87.25965532556978
  20 18 -87.25965532556978
  19 19 17.421802737293703
  4 19 -17.421802737293703
  2 20 52.53908432440131
  19 20 -52.53908432440131
  1 21 15.320740508393047
  18 21 -15.320740508393047
  2 22 79.6792463385276
  1 22 -79.6792463385276
  3 23 50.64845349191429
  20 23 -50.64845349191429
  7 24 69.12789056637716
  4 24 -69.12789056637716
  14 25 49.77897324097058
  18 25 -49.77897324097058
  16 26 67.65188408897367
  9 26 -67.65188408897367
  6 27 88.52946998657558
  3 27 -88.52946998657558
  11 28 28.254543643613463
  1 28 -28.254543643613463
  13 29 40.24543118513722
  14 29 -40.24543118513722
  9 30 68.42446828597149
  19 30 -68.42446828597149
  4 31 25.743775715252095
  12 31 -25.743775715252095
  1 32 33.54464123008347
  11 32 -33.54464123008347
  19 33 35.43791103738384
  6 33 -35.43791103738384
  13 34 12.728292746086634
  20 34 -12.728292746086634
  13 35 63.64942748067721
  16 35 -63.64942748067721
  8 36 14.37943417769565
  14 36 -14.37943417769565
  9 37 43.61641313120055
  8 37 -43.61641313120055
  14 38 62.91533627255936
  1 38 -62.91533627255936
  5 39 85.32273068954478
  4 39 -85.32273068954478
  8 40 26.74188856977477
  11 40 -26.74188856977477
;
param : ArcsFixedCost ArcsVariableCost ArcsCapacity :=
  1 2052.0 100.0 2171.0
  2 862.0 79.0 678.0
  3 1560.0 21.0 608.0
  4 1067.0 18.0 417.0
  5 1806.0 65.0 322.0
  6 247.0 56.0 105.0
  7 1847.0 62.0 330.0
  8 1416.0 27.0 530.0
  9 1293.0 18.0 738.0
  10 431.0 52.0 695.0
  11 944.0 69.0 183.0
  12 1929.0 72.0 686.0
  13 1970.0 58.0 860.0
  14 370.0 50.0 365.0
  15 2052.0 100.0 2171.0
  16 2032.0 90.0 530.0
  17 1703.0 38.0 686.0
  18 1806.0 49.0 270.0
  19 1950.0 24.0 721.0
  20 1293.0 14.0 808.0
  21 1991.0 70.0 495.0
  22 370.0 69.0 634.0
  23 2032.0 63.0 443.0
  24 1149.0 65.0 313.0
  25 595.0 97.0 322.0
  26 801.0 45.0 191.0
  27 1765.0 62.0 843.0
  28 2052.0 100.0 2171.0
  29 2032.0 38.0 660.0
  30 924.0 22.0 539.0
  31 1334.0 73.0 218.0
  32 370.0 57.0 270.0
  33 1396.0 14.0 634.0
  34 206.0 29.0 209.0
  35 1785.0 91.0 504.0
  36 390.0 25.0 582.0
  37 862.0 22.0 287.0
  38 862.0 59.0 487.0
  39 2052.0 100.0 2171.0
  40 1991.0 41.0 843.0
  41 1642.0 44.0 469.0
  42 1067.0 26.0 634.0
  43 1355.0 44.0 712.0
  44 657.0 20.0 764.0
  45 1888.0 52.0 530.0
  46 739.0 36.0 747.0
  47 452.0 14.0 773.0
  48 2052.0 100.0 2171.0
  49 329.0 20.0 96.0
  50 1006.0 34.0 764.0
  51 883.0 28.0 643.0
  52 247.0 80.0 782.0
  53 1170.0 84.0 756.0
  54 1211.0 17.0 478.0
  55 1970.0 56.0 591.0
  56 1929.0 19.0 270.0
  57 595.0 78.0 608.0
  58 2052.0 100.0 2171.0
  59 678.0 64.0 408.0
  60 1724.0 90.0 860.0
  61 637.0 23.0 105.0
  62 267.0 88.0 591.0
  63 247.0 19.0 756.0
  64 1396.0 38.0 686.0
  65 657.0 51.0 235.0
  66 1909.0 87.0 443.0
  67 1478.0 15.0 669.0
  68 1478.0 22.0 825.0
  69 760.0 86.0 165.0
  70 1539.0 68.0 695.0
  71 2052.0 100.0 2171.0
  72 1683.0 77.0 261.0
  73 1991.0 36.0 599.0
  74 1088.0 32.0 304.0
  75 985.0 22.0 191.0
  76 595.0 27.0 235.0
  77 1826.0 80.0 591.0
  78 965.0 78.0 382.0
  79 1539.0 78.0 565.0
  80 1642.0 43.0 339.0
  81 2052.0 100.0 2171.0
  82 1498.0 77.0 261.0
  83 1416.0 61.0 695.0
  84 1478.0 33.0 157.0
  85 1744.0 18.0 634.0
  86 1847.0 50.0 625.0
  87 1888.0 19.0 582.0
  88 1478.0 59.0 756.0
  89 1047.0 35.0 461.0
  90 985.0 85.0 296.0
  91 883.0 35.0 721.0
  92 2052.0 100.0 2171.0
  93 1416.0 60.0 764.0
  94 1355.0 99.0 278.0
  95 1190.0 95.0 165.0
  96 349.0 45.0 322.0
  97 1909.0 96.0 825.0
  98 1334.0 70.0 113.0
  99 390.0 13.0 547.0
  100 1744.0 80.0 782.0
  101 1375.0 44.0 218.0
  102 862.0 76.0 730.0
  103 1785.0 15.0 573.0
  104 206.0 32.0 573.0
  105 2052.0 100.0 2171.0
  106 1744.0 44.0 625.0
  107 1088.0 14.0 573.0
  108 1765.0 39.0 435.0
  109 1478.0 15.0 747.0
  110 842.0 36.0 773.0
  111 801.0 93.0 747.0
  112 1375.0 40.0 365.0
  113 390.0 45.0 756.0
  114 2052.0 100.0 2171.0
  115 1293.0 38.0 686.0
  116 1498.0 68.0 157.0
  117 1149.0 54.0 773.0
  118 349.0 96.0 625.0
  119 1826.0 34.0 747.0
  120 944.0 24.0 591.0
  121 452.0 12.0 339.0
  122 1334.0 48.0 148.0
  123 1457.0 69.0 113.0
  124 370.0 32.0 304.0
  125 2052.0 100.0 2171.0
  126 267.0 83.0 660.0
  127 308.0 63.0 704.0
  128 1580.0 50.0 617.0
  129 1642.0 70.0 218.0
  130 1744.0 68.0 391.0
  131 842.0 88.0 426.0
  132 329.0 16.0 183.0
  133 1334.0 20.0 417.0
  134 1744.0 19.0 808.0
  135 2052.0 100.0 2171.0
  136 1724.0 14.0 721.0
  137 1929.0 78.0 782.0
  138 637.0 20.0 704.0
  139 1375.0 47.0 408.0
  140 472.0 91.0 313.0
  141 862.0 93.0 513.0
  142 1047.0 28.0 382.0
  143 1929.0 92.0 139.0
  144 2052.0 100.0 2171.0
  145 780.0 28.0 634.0
  146 390.0 19.0 834.0
  147 1642.0 79.0 825.0
  148 1478.0 45.0 96.0
  149 1170.0 82.0 565.0
  150 370.0 34.0 356.0
  151 1334.0 41.0 261.0
  152 1519.0 82.0 382.0
  153 2011.0 36.0 131.0
  154 1765.0 15.0 704.0
  155 2052.0 100.0 2171.0
  156 595.0 33.0 539.0
  157 1765.0 95.0 148.0
  158 329.0 93.0 860.0
  159 1868.0 52.0 721.0
  160 1355.0 64.0 209.0
  161 678.0 35.0 678.0
  162 1560.0 22.0 495.0
  163 1847.0 33.0 270.0
  164 883.0 98.0 278.0
  165 1231.0 28.0 148.0
  166 267.0 79.0 382.0
  167 1539.0 35.0 669.0
  168 1826.0 85.0 712.0
  169 1683.0 99.0 348.0
  170 2052.0 100.0 2171.0
  171 1170.0 41.0 417.0
  172 1190.0 96.0 704.0
  173 1170.0 82.0 304.0
  174 1149.0 94.0 851.0
  175 1868.0 74.0 209.0
  176 1088.0 64.0 695.0
  177 1868.0 11.0 165.0
  178 1108.0 40.0 174.0
  179 513.0 59.0 738.0
  180 1929.0 94.0 513.0
  181 985.0 57.0 730.0
  182 2052.0 100.0 2171.0
  183 1170.0 10.0 547.0
  184 1970.0 93.0 539.0
  185 329.0 85.0 764.0
  186 1396.0 21.0 747.0
  187 1478.0 34.0 339.0
  188 657.0 68.0 200.0
  189 1170.0 68.0 322.0
  190 1334.0 28.0 547.0
  191 226.0 48.0 356.0
  192 903.0 52.0 599.0
  193 2052.0 100.0 2171.0
  194 1252.0 91.0 634.0
  195 616.0 11.0 235.0
  196 554.0 22.0 860.0
  197 1868.0 80.0 573.0
  198 616.0 21.0 825.0
  199 1929.0 58.0 304.0
  200 2052.0 100.0 2171.0
  201 719.0 51.0 825.0
  202 985.0 51.0 330.0
  203 1047.0 46.0 469.0
  204 862.0 40.0 261.0
  205 1273.0 14.0 521.0
  206 1355.0 53.0 582.0
  207 349.0 62.0 808.0
  208 739.0 68.0 825.0
  209 2052.0 100.0 2171.0
  210 1601.0 65.0 686.0
  211 1457.0 29.0 469.0
  212 1826.0 21.0 565.0
  213 719.0 48.0 261.0
  214 206.0 23.0 330.0
  215 1396.0 24.0 426.0
  216 1375.0 16.0 235.0
  217 1416.0 23.0 252.0
  218 1129.0 84.0 322.0
  219 1478.0 32.0 530.0
  220 1601.0 60.0 478.0
;
