param NumNodes := 20;
param NumArcs := 120;
param NumCommodities := 200;
param ArcsNodes :=
  1 (1, 2)
  2 (1, 16)
  3 (1, 11)
  4 (1, 19)
  5 (1, 17)
  6 (1, 14)
  7 (2, 3)
  8 (2, 9)
  9 (2, 11)
  10 (2, 18)
  11 (3, 4)
  12 (3, 1)
  13 (3, 7)
  14 (3, 15)
  15 (3, 12)
  16 (4, 5)
  17 (4, 15)
  18 (4, 14)
  19 (4, 3)
  20 (4, 19)
  21 (5, 6)
  22 (5, 1)
  23 (5, 2)
  24 (5, 8)
  25 (5, 11)
  26 (6, 7)
  27 (6, 8)
  28 (6, 18)
  29 (6, 15)
  30 (6, 17)
  31 (7, 8)
  32 (7, 13)
  33 (7, 16)
  34 (7, 11)
  35 (7, 12)
  36 (7, 18)
  37 (7, 5)
  38 (7, 19)
  39 (7, 3)
  40 (8, 9)
  41 (8, 15)
  42 (8, 2)
  43 (8, 20)
  44 (9, 10)
  45 (9, 6)
  46 (9, 16)
  47 (9, 20)
  48 (9, 19)
  49 (9, 13)
  50 (9, 8)
  51 (10, 11)
  52 (10, 4)
  53 (10, 1)
  54 (10, 17)
  55 (10, 16)
  56 (11, 12)
  57 (11, 2)
  58 (11, 9)
  59 (11, 1)
  60 (12, 13)
  61 (12, 9)
  62 (12, 15)
  63 (12, 10)
  64 (12, 16)
  65 (12, 17)
  66 (12, 7)
  67 (13, 14)
  68 (13, 17)
  69 (13, 9)
  70 (13, 5)
  71 (13, 20)
  72 (14, 15)
  73 (14, 3)
  74 (14, 20)
  75 (14, 7)
  76 (14, 2)
  77 (14, 9)
  78 (14, 17)
  79 (15, 16)
  80 (15, 3)
  81 (15, 10)
  82 (15, 11)
  83 (15, 9)
  84 (15, 20)
  85 (16, 17)
  86 (16, 15)
  87 (16, 8)
  88 (16, 19)
  89 (16, 1)
  90 (16, 9)
  91 (17, 18)
  92 (17, 9)
  93 (17, 10)
  94 (17, 3)
  95 (17, 12)
  96 (18, 19)
  97 (18, 9)
  98 (18, 14)
  99 (18, 13)
  100 (18, 16)
  101 (18, 17)
  102 (18, 7)
  103 (18, 12)
  104 (18, 3)
  105 (18, 8)
  106 (19, 20)
  107 (19, 9)
  108 (19, 12)
  109 (19, 15)
  110 (19, 4)
  111 (19, 1)
  112 (20, 1)
  113 (20, 19)
  114 (20, 12)
  115 (20, 5)
  116 (20, 4)
  117 (20, 18)
  118 (20, 13)
  119 (20, 14)
  120 (20, 11)
;
param NodesCommoditiesDemand :=
  5 1 67.33404414035259
  2 1 -67.33404414035259
  8 2 32.10870620028038
  16 2 -32.10870620028038
  7 3 76.25559909863601
  16 3 -76.25559909863601
  7 4 40.41451795103795
  9 4 -40.41451795103795
  4 5 50.947378192608504
  3 5 -50.947378192608504
  9 6 76.82875242461397
  1 6 -76.82875242461397
  3 7 55.78594758442543
  5 7 -55.78594758442543
  14 8 72.71427109352146
  8 8 -72.71427109352146
  3 9 50.68828415496053
  7 9 -50.68828415496053
  11 10 68.45112993855787
  5 10 -68.45112993855787
  18 11 33.7030469634585
  4 11 -33.7030469634585
  2 12 20.764985234489718
  5 12 -20.764985234489718
  20 13 92.9747003643364
  13 13 -92.9747003643364
  10 14 97.26783323049801
  12 14 -97.26783323049801
  15 15 25.777928853612746
  14 15 -25.777928853612746
  10 16 36.99401753366886
  11 16 -36.99401753366886
  6 17 34.71132221525181
  15 17 -34.71132221525181
  11 18 90.7772555111847
  19 18 -90.7772555111847
  10 19 19.659003471944217
  5 19 -19.659003471944217
  5 20 56.562769471210466
  6 20 -56.562769471210466
  7 21 16.867882052716066
  18 21 -16.867882052716066
  17 22 92.3654819608303
  2 22 -92.3654819608303
  3 23 49.89811563727631
  4 23 -49.89811563727631
  20 24 66.7941477969921
  19 24 -66.7941477969921
  5 25 53.93600408734704
  16 25 -53.93600408734704
  4 26 67.92637396349066
  19 26 -67.92637396349066
  6 27 85.91076414541817
  1 27 -85.91076414541817
  9 28 31.097659861251667
  15 28 -31.097659861251667
  12 29 47.74302544062544
  15 29 -47.74302544062544
  1 30 65.02554380052261
  9 30 -65.02554380052261
  17 31 25.30848116990508
  18 31 -25.30848116990508
  19 32 36.5570896982706
  12 32 -36.5570896982706
  9 33 34.719597322744896
  2 33 -34.719597322744896
  14 34 12.56250603043565
  19 34 -12.56250603043565
  12 35 68.89121677454365
  17 35 -68.89121677454365
  20 36 14.775700405874545
  16 36 -14.775700405874545
  15 37 47.212058462538266
  1 37 -47.212058462538266
  13 38 66.12895968575468
  9 38 -66.12895968575468
  2 39 90.77557670300938
  18 39 -90.77557670300938
  9 40 31.333712677864217
  18 40 -31.333712677864217
  11 41 64.11502233039214
  20 41 -64.11502233039214
  1 42 72.23934025271627
  7 42 -72.23934025271627
  2 43 12.53571616010612
  8 43 -12.53571616010612
  6 44 72.61860329122439
  4 44 -72.61860329122439
  19 45 83.82648893064436
  11 45 -83.82648893064436
  3 46 22.698788369271035
  16 46 -22.698788369271035
  5 47 24.416529981534506
  19 47 -24.416529981534506
  4 48 10.679439202244986
  2 48 -10.679439202244986
  9 49 28.653631050270025
  20 49 -28.653631050270025
  10 50 69.19464060365684
  1 50 -69.19464060365684
  13 51 17.5227845481945
  12 51 -17.5227845481945
  7 52 67.87352451746648
  3 52 -67.87352451746648
  15 53 43.08204349544971
  11 53 -43.08204349544971
  18 54 14.623559426034875
  9 54 -14.623559426034875
  14 55 85.13546100874962
  1 55 -85.13546100874962
  13 56 17.239782406779653
  20 56 -17.239782406779653
  7 57 54.508770164734
  10 57 -54.508770164734
  14 58 23.568837539549488
  18 58 -23.568837539549488
  11 59 64.87105275438917
  1 59 -64.87105275438917
  13 60 11.7457148016009
  18 60 -11.7457148016009
  6 61 88.48591919875014
  9 61 -88.48591919875014
  15 62 57.542047606153545
  12 62 -57.542047606153545
  2 63 60.65874913556682
  9 63 -60.65874913556682
  13 64 51.84691757672613
  5 64 -51.84691757672613
  16 65 44.92494558998877
  6 65 -44.92494558998877
  9 66 83.90377212043086
  5 66 -83.90377212043086
  19 67 27.39292055713058
  18 67 -27.39292055713058
  19 68 79.35719648294655
  4 68 -79.35719648294655
  19 69 19.124100580946767
  14 69 -19.124100580946767
  13 70 78.5594171920342
  19 70 -78.5594171920342
  16 71 32.21168833007118
  9 71 -32.21168833007118
  9 72 88.41487169427536
  12 72 -88.41487169427536
  13 73 38.55956312586131
  1 73 -38.55956312586131
  5 74 19.97593005236635
  4 74 -19.97593005236635
  10 75 40.281626998364
  14 75 -40.281626998364
  20 76 31.42875136886675
  18 76 -31.42875136886675
  12 77 75.32122044906998
  1 77 -75.32122044906998
  14 78 65.04167033634431
  10 78 -65.04167033634431
  3 79 23.80616885272758
  10 79 -23.80616885272758
  17 80 52.46159146691582
  11 80 -52.46159146691582
  13 81 57.49615738024353
  4 81 -57.49615738024353
  12 82 86.54558476914961
  5 82 -86.54558476914961
  3 83 55.844732349326954
  20 83 -55.844732349326954
  6 84 52.36862219270094
  2 84 -52.36862219270094
  10 85 23.05716966493051
  15 85 -23.05716966493051
  4 86 43.36465724769321
  9 86 -43.36465724769321
  11 87 73.25841616579505
  17 87 -73.25841616579505
  6 88 71.33615112477102
  20 88 -71.33615112477102
  17 89 12.170665314963413
  1 89 -12.170665314963413
  6 90 30.422723926428446
  5 90 -30.422723926428446
  6 91 52.815193151446394
  16 91 -52.815193151446394
  4 92 40.81545715719323
  20 92 -40.81545715719323
  11 93 29.990477328060678
  4 93 -29.990477328060678
  18 94 71.31229654449234
  19 94 -71.31229654449234
  20 95 60.946525528671806
  3 95 -60.946525528671806
  3 96 79.87351920687291
  18 96 -79.87351920687291
  16 97 49.526380094398874
  8 97 -49.526380094398874
  1 98 9.787470725719357
  18 98 -9.787470725719357
  7 99 33.335065046016936
  15 99 -33.335065046016936
  18 100 11.653594063449528
  14 100 -11.653594063449528
  4 101 41.908866047770985
  7 101 -41.908866047770985
  17 102 87.51029438047912
  12 102 -87.51029438047912
  19 103 92.50020391074993
  8 103 -92.50020391074993
  6 104 43.64083184500755
  3 104 -43.64083184500755
  20 105 65.74754616869755
  9 105 -65.74754616869755
  3 106 76.72975424662113
  15 106 -76.72975424662113
  19 107 46.08444982956133
  7 107 -46.08444982956133
  15 108 26.927934659372887
  9 108 -26.927934659372887
  12 109 86.10026777727427
  4 109 -86.10026777727427
  5 110 14.154696425980253
  17 110 -14.154696425980253
  5 111 58.03114397549239
  1 111 -58.03114397549239
  14 112 91.99797195222429
  15 112 -91.99797195222429
  10 113 50.003707243983854
  9 113 -50.003707243983854
  12 114 38.620022938515184
  11 114 -38.620022938515184
  17 115 44.748382771431324
  8 115 -44.748382771431324
  15 116 15.874194919029232
  17 116 -15.874194919029232
  13 117 41.16870158750742
  3 117 -41.16870158750742
  9 118 14.636423335138103
  17 118 -14.636423335138103
  12 119 33.10085308256875
  8 119 -33.10085308256875
  16 120 81.48701115108102
  7 120 -81.48701115108102
  12 121 17.919601474216808
  19 121 -17.919601474216808
  1 122 47.0180952274371
  6 122 -47.0180952274371
  1 123 62.84340725380934
  10 123 -62.84340725380934
  8 124 82.27646132314811
  14 124 -82.27646132314811
  10 125 44.969992306614124
  2 125 -44.969992306614124
  6 126 33.95939286334417
  18 126 -33.95939286334417
  18 127 64.77644859479686
  20 127 -64.77644859479686
  8 128 82.97436247124037
  11 128 -82.97436247124037
  3 129 57.875232597599855
  9 129 -57.875232597599855
  17 130 37.31215282010044
  5 130 -37.31215282010044
  14 131 54.89752766390042
  12 131 -54.89752766390042
  17 132 29.097864683395198
  6 132 -29.097864683395198
  4 133 78.00968942070689
  13 133 -78.00968942070689
  6 134 46.99553313882921
  13 134 -46.99553313882921
  5 135 11.463052825040815
  15 135 -11.463052825040815
  11 136 96.99944517108888
  9 136 -96.99944517108888
  15 137 38.04055955369188
  7 137 -38.04055955369188
  18 138 30.611770298153814
  1 138 -30.611770298153814
  3 139 49.25703350524129
  2 139 -49.25703350524129
  20 140 59.520728301525914
  10 140 -59.520728301525914
  7 141 80.54317681231996
  1 141 -80.54317681231996
  7 142 61.127418748847816
  4 142 -61.127418748847816
  10 143 86.123851767453
  18 143 -86.123851767453
  5 144 31.970544879042116
  9 144 -31.970544879042116
  4 145 86.18607685307627
  16 145 -86.18607685307627
  8 146 44.86541364101732
  3 146 -44.86541364101732
  20 147 73.8129600817536
  15 147 -73.8129600817536
  19 148 71.48473244258575
  6 148 -71.48473244258575
  17 149 75.87334583116443
  13 149 -75.87334583116443
  17 150 45.9099178007337
  3 150 -45.9099178007337
  15 151 66.66184755317822
  13 151 -66.66184755317822
  13 152 93.39380413593815
  16 152 -93.39380413593815
  13 153 59.79599873581514
  10 153 -59.79599873581514
  11 154 62.44256700640597
  16 154 -62.44256700640597
  14 155 36.56275306496871
  7 155 -36.56275306496871
  4 156 67.00500040877336
  12 156 -67.00500040877336
  11 157 78.28496439775144
  12 157 -78.28496439775144
  8 158 33.46932124550886
  15 158 -33.46932124550886
  12 159 56.21011630574935
  16 159 -56.21011630574935
  15 160 76.831774592153
  6 160 -76.831774592153
  14 161 62.66289934213762
  9 161 -62.66289934213762
  3 162 61.759007944545196
  19 162 -61.759007944545196
  17 163 71.72367613542296
  15 163 -71.72367613542296
  1 164 36.71766312090689
  15 164 -36.71766312090689
  6 165 93.89358008088125
  19 165 -93.89358008088125
  19 166 98.0163167156244
  2 166 -98.0163167156244
  7 167 33.804682660652034
  2 167 -33.804682660652034
  2 168 10.540739189287066
  7 168 -10.540739189287066
  16 169 39.5268109792765
  13 169 -39.5268109792765
  5 170 80.45207945361255
  12 170 -80.45207945361255
  18 171 35.430205942242694
  2 171 -35.430205942242694
  12 172 12.048246498918651
  2 172 -12.048246498918651
  5 173 14.440007185789899
  11 173 -14.440007185789899
  2 174 73.68030098561955
  6 174 -73.68030098561955
  9 175 40.11601850535538
  6 175 -40.11601850535538
  18 176 27.96495326352494
  5 176 -27.96495326352494
  16 177 72.214377840399
  5 177 -72.214377840399
  10 178 65.29539252347028
  13 178 -65.29539252347028
  11 179 66.34227102063682
  2 179 -66.34227102063682
  3 180 56.8665265960518
  14 180 -56.8665265960518
  14 181 66.6506185912247
  2 181 -66.6506185912247
  3 182 45.96473270813629
  12 182 -45.96473270813629
  12 183 28.050580347355947
  9 183 -28.050580347355947
  15 184 9.345545531822863
  20 184 -9.345545531822863
  20 185 25.755969178971952
  14 185 -25.755969178971952
  20 186 44.88645350225639
  6 186 -44.88645350225639
  16 187 71.04319711163072
  3 187 -71.04319711163072
  1 188 79.33148423211928
  12 188 -79.33148423211928
  15 189 18.109983669993415
  16 189 -18.109983669993415
  13 190 14.202446439930338
  8 190 -14.202446439930338
  18 191 62.9753569058541
  7 191 -62.9753569058541
  8 192 85.64346576763202
  17 192 -85.64346576763202
  10 193 14.593256351493373
  19 193 -14.593256351493373
  8 194 81.32688880685241
  10 194 -81.32688880685241
  11 195 91.8271869921355
  3 195 -91.8271869921355
  14 196 27.565199887525928
  11 196 -27.565199887525928
  12 197 54.48081786669178
  13 197 -54.48081786669178
  18 198 25.731709740311185
  10 198 -25.731709740311185
  15 199 11.78366243120283
  5 199 -11.78366243120283
  16 200 17.799207441864883
  10 200 -17.799207441864883
;
param : ArcsFixedCost ArcsVariableCost ArcsCapacity :=
  1 10399.0 100.0 10631.0
  2 9775.0 38.0 323.0
  3 7591.0 33.0 533.0
  4 7279.0 60.0 188.0
  5 7383.0 11.0 399.0
  6 8007.0 12.0 381.0
  7 10399.0 100.0 10631.0
  8 8735.0 13.0 574.0
  9 3952.0 59.0 527.0
  10 8839.0 96.0 246.0
  11 10399.0 100.0 10631.0
  12 3432.0 31.0 299.0
  13 4056.0 59.0 393.0
  14 6967.0 18.0 77.0
  15 4888.0 56.0 475.0
  16 10399.0 100.0 10631.0
  17 7487.0 45.0 293.0
  18 4160.0 39.0 527.0
  19 8007.0 13.0 457.0
  20 5096.0 42.0 451.0
  21 10399.0 100.0 10631.0
  22 9151.0 33.0 445.0
  23 7383.0 72.0 223.0
  24 3952.0 10.0 469.0
  25 9775.0 58.0 328.0
  26 10399.0 100.0 10631.0
  27 4576.0 81.0 223.0
  28 6240.0 42.0 188.0
  29 9255.0 18.0 276.0
  30 9879.0 79.0 153.0
  31 10399.0 100.0 10631.0
  32 8111.0 34.0 252.0
  33 3016.0 47.0 580.0
  34 6240.0 80.0 159.0
  35 4056.0 98.0 65.0
  36 6032.0 86.0 492.0
  37 10295.0 29.0 170.0
  38 4264.0 36.0 94.0
  39 9567.0 88.0 112.0
  40 10399.0 100.0 10631.0
  41 7903.0 56.0 282.0
  42 8631.0 69.0 188.0
  43 3432.0 58.0 463.0
  44 10399.0 100.0 10631.0
  45 3328.0 64.0 200.0
  46 9463.0 62.0 475.0
  47 8527.0 79.0 176.0
  48 7383.0 26.0 369.0
  49 5408.0 29.0 159.0
  50 1040.0 88.0 475.0
  51 10399.0 100.0 10631.0
  52 4160.0 32.0 77.0
  53 7071.0 35.0 352.0
  54 7279.0 37.0 159.0
  55 8423.0 25.0 346.0
  56 10399.0 100.0 10631.0
  57 6552.0 91.0 504.0
  58 2080.0 70.0 522.0
  59 2392.0 82.0 59.0
  60 10399.0 100.0 10631.0
  61 2912.0 60.0 264.0
  62 5512.0 19.0 346.0
  63 2288.0 10.0 293.0
  64 9567.0 41.0 328.0
  65 8215.0 41.0 235.0
  66 2392.0 35.0 428.0
  67 10399.0 100.0 10631.0
  68 5096.0 56.0 147.0
  69 5304.0 18.0 112.0
  70 4264.0 45.0 311.0
  71 2496.0 29.0 568.0
  72 10399.0 100.0 10631.0
  73 2496.0 93.0 340.0
  74 7279.0 49.0 422.0
  75 3016.0 90.0 176.0
  76 8527.0 81.0 170.0
  77 4888.0 26.0 364.0
  78 5720.0 83.0 463.0
  79 10399.0 100.0 10631.0
  80 1560.0 64.0 141.0
  81 7383.0 13.0 170.0
  82 6863.0 97.0 182.0
  83 4472.0 72.0 475.0
  84 4056.0 72.0 563.0
  85 10399.0 100.0 10631.0
  86 7071.0 39.0 469.0
  87 4576.0 30.0 416.0
  88 5408.0 42.0 118.0
  89 7383.0 18.0 211.0
  90 2808.0 64.0 235.0
  91 10399.0 100.0 10631.0
  92 4264.0 84.0 557.0
  93 5720.0 78.0 147.0
  94 4888.0 33.0 469.0
  95 9255.0 78.0 229.0
  96 10399.0 100.0 10631.0
  97 3640.0 42.0 311.0
  98 7071.0 86.0 551.0
  99 8007.0 35.0 457.0
  100 7279.0 26.0 252.0
  101 9983.0 45.0 65.0
  102 7383.0 75.0 364.0
  103 5824.0 27.0 270.0
  104 4888.0 41.0 182.0
  105 1664.0 44.0 352.0
  106 10399.0 100.0 10631.0
  107 2600.0 83.0 194.0
  108 3848.0 96.0 82.0
  109 6863.0 89.0 153.0
  110 5408.0 94.0 463.0
  111 2808.0 76.0 235.0
  112 10399.0 100.0 10631.0
  113 4992.0 97.0 246.0
  114 7591.0 48.0 270.0
  115 6136.0 41.0 369.0
  116 4368.0 73.0 246.0
  117 3120.0 70.0 492.0
  118 2184.0 37.0 200.0
  119 3432.0 77.0 463.0
  120 5928.0 98.0 147.0
;
