param NumNodes := 20;
param NumArcs := 318;
param NumCommodities := 100;
param ArcsNodes :=
  1 (1, 2)
  2 (1, 4)
  3 (1, 17)
  4 (1, 13)
  5 (1, 12)
  6 (1, 16)
  7 (1, 20)
  8 (1, 5)
  9 (1, 15)
  10 (1, 10)
  11 (1, 14)
  12 (1, 3)
  13 (1, 18)
  14 (1, 19)
  15 (1, 6)
  16 (1, 11)
  17 (1, 7)
  18 (2, 3)
  19 (2, 19)
  20 (2, 11)
  21 (2, 4)
  22 (2, 13)
  23 (2, 7)
  24 (2, 17)
  25 (2, 20)
  26 (2, 10)
  27 (2, 18)
  28 (2, 5)
  29 (2, 9)
  30 (2, 12)
  31 (2, 16)
  32 (2, 6)
  33 (2, 14)
  34 (2, 15)
  35 (2, 8)
  36 (3, 4)
  37 (3, 16)
  38 (3, 18)
  39 (3, 12)
  40 (3, 9)
  41 (3, 11)
  42 (3, 13)
  43 (3, 8)
  44 (3, 15)
  45 (3, 7)
  46 (3, 1)
  47 (3, 19)
  48 (3, 5)
  49 (3, 6)
  50 (3, 2)
  51 (3, 14)
  52 (4, 5)
  53 (4, 19)
  54 (4, 3)
  55 (4, 12)
  56 (4, 15)
  57 (4, 10)
  58 (4, 18)
  59 (4, 1)
  60 (4, 17)
  61 (4, 11)
  62 (4, 2)
  63 (4, 9)
  64 (4, 20)
  65 (4, 8)
  66 (4, 7)
  67 (4, 13)
  68 (4, 14)
  69 (5, 6)
  70 (5, 8)
  71 (5, 3)
  72 (5, 12)
  73 (5, 1)
  74 (5, 11)
  75 (5, 9)
  76 (5, 13)
  77 (5, 16)
  78 (5, 15)
  79 (5, 19)
  80 (5, 2)
  81 (5, 14)
  82 (5, 20)
  83 (5, 10)
  84 (5, 18)
  85 (5, 7)
  86 (6, 7)
  87 (6, 3)
  88 (6, 15)
  89 (6, 18)
  90 (6, 10)
  91 (6, 11)
  92 (6, 13)
  93 (6, 20)
  94 (6, 8)
  95 (6, 1)
  96 (6, 14)
  97 (6, 12)
  98 (6, 17)
  99 (6, 16)
  100 (6, 2)
  101 (7, 8)
  102 (7, 5)
  103 (7, 15)
  104 (7, 12)
  105 (7, 20)
  106 (7, 9)
  107 (7, 6)
  108 (7, 13)
  109 (7, 3)
  110 (7, 18)
  111 (7, 19)
  112 (7, 16)
  113 (7, 14)
  114 (7, 4)
  115 (7, 2)
  116 (7, 10)
  117 (7, 1)
  118 (8, 9)
  119 (8, 19)
  120 (8, 1)
  121 (8, 5)
  122 (8, 7)
  123 (8, 12)
  124 (8, 14)
  125 (8, 13)
  126 (8, 4)
  127 (8, 10)
  128 (8, 20)
  129 (8, 16)
  130 (8, 17)
  131 (8, 11)
  132 (8, 18)
  133 (8, 6)
  134 (9, 10)
  135 (9, 11)
  136 (9, 16)
  137 (9, 7)
  138 (9, 17)
  139 (9, 20)
  140 (9, 6)
  141 (9, 15)
  142 (9, 12)
  143 (9, 1)
  144 (9, 14)
  145 (9, 5)
  146 (9, 2)
  147 (9, 18)
  148 (9, 8)
  149 (9, 3)
  150 (10, 11)
  151 (10, 14)
  152 (10, 15)
  153 (10, 20)
  154 (10, 2)
  155 (10, 13)
  156 (10, 4)
  157 (10, 8)
  158 (10, 6)
  159 (10, 7)
  160 (10, 3)
  161 (10, 16)
  162 (10, 17)
  163 (10, 18)
  164 (10, 5)
  165 (11, 12)
  166 (11, 13)
  167 (11, 17)
  168 (11, 8)
  169 (11, 1)
  170 (11, 3)
  171 (11, 9)
  172 (11, 2)
  173 (11, 14)
  174 (11, 15)
  175 (11, 20)
  176 (11, 5)
  177 (11, 6)
  178 (12, 13)
  179 (12, 9)
  180 (12, 8)
  181 (12, 4)
  182 (12, 18)
  183 (12, 11)
  184 (12, 2)
  185 (12, 15)
  186 (12, 17)
  187 (12, 3)
  188 (12, 1)
  189 (12, 20)
  190 (12, 19)
  191 (12, 7)
  192 (13, 14)
  193 (13, 18)
  194 (13, 2)
  195 (13, 16)
  196 (13, 19)
  197 (13, 5)
  198 (13, 12)
  199 (13, 1)
  200 (13, 9)
  201 (13, 7)
  202 (13, 6)
  203 (13, 4)
  204 (13, 10)
  205 (13, 3)
  206 (13, 17)
  207 (13, 11)
  208 (14, 15)
  209 (14, 5)
  210 (14, 20)
  211 (14, 3)
  212 (14, 12)
  213 (14, 2)
  214 (14, 11)
  215 (14, 4)
  216 (14, 19)
  217 (14, 6)
  218 (14, 18)
  219 (14, 17)
  220 (14, 9)
  221 (14, 1)
  222 (15, 16)
  223 (15, 18)
  224 (15, 13)
  225 (15, 5)
  226 (15, 8)
  227 (15, 17)
  228 (15, 14)
  229 (15, 4)
  230 (15, 20)
  231 (15, 6)
  232 (15, 10)
  233 (15, 12)
  234 (15, 1)
  235 (15, 3)
  236 (15, 11)
  237 (16, 17)
  238 (16, 11)
  239 (16, 15)
  240 (16, 8)
  241 (16, 12)
  242 (16, 19)
  243 (16, 3)
  244 (16, 6)
  245 (16, 14)
  246 (16, 2)
  247 (16, 4)
  248 (16, 18)
  249 (16, 1)
  250 (16, 20)
  251 (16, 7)
  252 (16, 5)
  253 (16, 10)
  254 (16, 9)
  255 (17, 18)
  256 (17, 15)
  257 (17, 7)
  258 (17, 16)
  259 (17, 4)
  260 (17, 13)
  261 (17, 2)
  262 (17, 14)
  263 (17, 8)
  264 (17, 20)
  265 (17, 11)
  266 (17, 3)
  267 (17, 10)
  268 (17, 9)
  269 (17, 5)
  270 (17, 1)
  271 (17, 19)
  272 (17, 12)
  273 (18, 19)
  274 (18, 5)
  275 (18, 7)
  276 (18, 11)
  277 (18, 12)
  278 (18, 14)
  279 (18, 8)
  280 (18, 6)
  281 (18, 3)
  282 (18, 17)
  283 (18, 13)
  284 (18, 16)
  285 (18, 4)
  286 (19, 20)
  287 (19, 6)
  288 (19, 2)
  289 (19, 4)
  290 (19, 16)
  291 (19, 14)
  292 (19, 10)
  293 (19, 3)
  294 (19, 13)
  295 (19, 8)
  296 (19, 7)
  297 (19, 15)
  298 (19, 11)
  299 (19, 17)
  300 (19, 12)
  301 (19, 9)
  302 (20, 1)
  303 (20, 8)
  304 (20, 9)
  305 (20, 3)
  306 (20, 18)
  307 (20, 14)
  308 (20, 17)
  309 (20, 16)
  310 (20, 10)
  311 (20, 19)
  312 (20, 12)
  313 (20, 13)
  314 (20, 5)
  315 (20, 6)
  316 (20, 7)
  317 (20, 15)
  318 (20, 11)
;
param NodesCommoditiesDemand :=
  14 1 70.27898065518615
  8 1 -70.27898065518615
  4 2 32.929822274373215
  14 2 -32.929822274373215
  11 3 81.64247095999029
  14 3 -81.64247095999029
  1 4 42.427727835649996
  13 4 -42.427727835649996
  4 5 58.85051468764246
  18 5 -58.85051468764246
  3 6 85.03566041553329
  10 6 -85.03566041553329
  1 7 63.468169857764785
  12 7 -63.468169857764785
  7 8 77.44607003373488
  12 8 -77.44607003373488
  11 9 62.0583503640859
  19 9 -62.0583503640859
  8 10 83.43340885185069
  18 10 -83.43340885185069
  7 11 41.2312419144277
  10 11 -41.2312419144277
  5 12 23.256998669566794
  7 12 -23.256998669566794
  13 13 98.09192194384184
  19 13 -98.09192194384184
  15 14 104.18638158959754
  1 14 -104.18638158959754
  11 15 29.055754963513092
  6 15 -29.055754963513092
  17 16 40.649228063502726
  19 16 -40.649228063502726
  10 17 37.373743803233296
  16 17 -37.373743803233296
  17 18 102.07119128805648
  20 18 -102.07119128805648
  17 19 18.58735366347483
  11 19 -18.58735366347483
  14 20 65.82621301739708
  6 20 -65.82621301739708
  9 21 17.066256976507663
  13 21 -17.066256976507663
  7 22 99.969756979512
  20 22 -99.969756979512
  16 23 58.77864448818945
  20 23 -58.77864448818945
  12 24 82.35388950548561
  9 24 -82.35388950548561
  13 25 60.54086510860071
  14 25 -60.54086510860071
  15 26 73.42589845998396
  11 26 -73.42589845998396
  19 27 95.48749384351245
  7 27 -95.48749384351245
  14 28 35.781935179234445
  16 28 -35.781935179234445
  2 29 51.88260873177714
  4 29 -51.88260873177714
  8 30 76.56413296890713
  12 30 -76.56413296890713
  3 31 27.96060500662304
  4 31 -27.96060500662304
  9 32 38.50261283815287
  2 32 -38.50261283815287
  19 33 38.8572907998542
  5 33 -38.8572907998542
  14 34 14.574189636626445
  3 34 -14.574189636626445
  17 35 66.97172888048532
  8 35 -66.97172888048532
  13 36 16.926195134897558
  16 36 -16.926195134897558
  2 37 51.3169473377864
  20 37 -51.3169473377864
  16 38 79.60717926611774
  14 38 -79.60717926611774
  6 39 108.11620677090433
  5 39 -108.11620677090433
  19 40 32.027243327483525
  3 40 -32.027243327483525
  13 41 66.42819981760843
  6 41 -66.42819981760843
  2 42 75.92814026048225
  3 42 -75.92814026048225
  16 43 14.276755444123902
  2 43 -14.276755444123902
  5 44 81.55550788095633
  19 44 -81.55550788095633
  5 45 86.19805380988528
  8 45 -86.19805380988528
  16 46 27.545599056103036
  12 46 -27.545599056103036
  1 47 28.97224399731122
  3 47 -28.97224399731122
  8 48 9.600086298393505
  19 48 -9.600086298393505
  12 49 27.54467038476085
  4 49 -27.54467038476085
  11 50 72.62712043967873
  3 50 -72.62712043967873
  6 51 17.894353349682667
  11 51 -17.894353349682667
  1 52 79.56264766833633
  17 52 -79.56264766833633
  8 53 54.70840232789832
  9 53 -54.70840232789832
  10 54 16.001099108966063
  18 54 -16.001099108966063
  15 55 93.50710830136398
  18 55 -93.50710830136398
  17 56 18.660713928200824
  13 56 -18.660713928200824
  11 57 62.076662281112085
  12 57 -62.076662281112085
  17 58 24.654901533693565
  4 58 -24.654901533693565
  19 59 74.58726850971988
  17 59 -74.58726850971988
  14 60 13.964542825362964
  13 60 -13.964542825362964
  4 61 102.51170061590072
  8 61 -102.51170061590072
  2 62 64.2997948648034
  5 62 -64.2997948648034
  17 63 71.52379325916814
  14 63 -71.52379325916814
  14 64 62.018939998240526
  19 64 -62.018939998240526
  13 65 51.215833964259154
  1 65 -51.215833964259154
  14 66 93.64153468403319
  4 66 -93.64153468403319
  20 67 31.80333075656548
  13 67 -31.80333075656548
  18 68 89.2101180572379
  11 68 -89.2101180572379
  4 69 19.87348340789951
  19 69 -19.87348340789951
  1 70 83.26121662907687
  6 70 -83.26121662907687
  9 71 35.67317814192566
  12 71 -35.67317814192566
  5 72 97.20164983320288
  4 72 -97.20164983320288
  3 73 45.56560174869854
  17 73 -45.56560174869854
  1 74 20.742658681010965
  18 74 -20.742658681010965
  18 75 43.51977786686163
  1 75 -43.51977786686163
  4 76 34.95819682657752
  3 76 -34.95819682657752
  15 77 73.78183354421623
  5 77 -73.78183354421623
  19 78 70.98805677999692
  16 78 -70.98805677999692
  18 79 26.781103284463974
  15 79 -26.781103284463974
  8 80 55.37246040012209
  6 80 -55.37246040012209
  6 81 66.85968204909534
  12 81 -66.85968204909534
  16 82 87.6196491497615
  4 82 -87.6196491497615
  2 83 58.225787964437856
  12 83 -58.225787964437856
  20 84 57.93130426473178
  15 84 -57.93130426473178
  12 85 28.18014051968879
  14 85 -28.18014051968879
  20 86 46.78847841783713
  17 86 -46.78847841783713
  19 87 81.43105167404973
  14 87 -81.43105167404973
  17 88 83.29782225554376
  12 88 -83.29782225554376
  15 89 13.828857251606587
  2 89 -13.828857251606587
  11 90 32.14875918428001
  18 90 -32.14875918428001
  1 91 64.59916016957568
  19 91 -64.59916016957568
  20 92 43.43190724495103
  9 92 -43.43190724495103
  20 93 29.76563185178384
  12 93 -29.76563185178384
  14 94 83.58577827065969
  10 94 -83.58577827065969
  13 95 73.03647447948515
  17 95 -73.03647447948515
  10 96 88.68113399736193
  8 96 -88.68113399736193
  16 97 57.641849157437704
  10 97 -57.641849157437704
  14 98 9.332058380577182
  18 98 -9.332058380577182
  4 99 39.71023810476616
  7 99 -39.71023810476616
  13 100 13.859381037480446
  8 100 -13.859381037480446
;
param : ArcsFixedCost ArcsVariableCost ArcsCapacity :=
  1 5187.0 100.0 5135.0
  2 1245.0 23.0 343.0
  3 4824.0 71.0 1138.0
  4 4357.0 60.0 467.0
  5 2282.0 26.0 946.0
  6 4253.0 14.0 521.0
  7 1038.0 29.0 892.0
  8 986.0 53.0 494.0
  9 4357.0 28.0 302.0
  10 571.0 46.0 590.0
  11 4616.0 97.0 357.0
  12 4201.0 82.0 1317.0
  13 1764.0 64.0 754.0
  14 4668.0 86.0 521.0
  15 2905.0 88.0 850.0
  16 1816.0 54.0 850.0
  17 1868.0 92.0 659.0
  18 5187.0 100.0 5135.0
  19 1764.0 90.0 672.0
  20 1349.0 14.0 234.0
  21 4668.0 40.0 1179.0
  22 3423.0 25.0 1193.0
  23 4616.0 62.0 1001.0
  24 1868.0 85.0 617.0
  25 1297.0 49.0 1001.0
  26 2957.0 60.0 672.0
  27 4564.0 56.0 549.0
  28 2645.0 44.0 521.0
  29 2334.0 10.0 1262.0
  30 3683.0 18.0 357.0
  31 3786.0 89.0 1166.0
  32 2542.0 33.0 645.0
  33 3527.0 47.0 384.0
  34 2231.0 97.0 439.0
  35 4357.0 22.0 878.0
  36 5187.0 100.0 5135.0
  37 2594.0 27.0 604.0
  38 4668.0 55.0 563.0
  39 5031.0 69.0 1179.0
  40 778.0 42.0 796.0
  41 3423.0 20.0 1330.0
  42 1764.0 96.0 974.0
  43 2957.0 80.0 1207.0
  44 2542.0 26.0 741.0
  45 1660.0 80.0 645.0
  46 519.0 65.0 1015.0
  47 882.0 81.0 713.0
  48 4461.0 73.0 1344.0
  49 3475.0 89.0 384.0
  50 778.0 71.0 974.0
  51 2542.0 73.0 480.0
  52 5187.0 100.0 5135.0
  53 2179.0 54.0 1330.0
  54 2282.0 88.0 1317.0
  55 5031.0 96.0 960.0
  56 1712.0 59.0 1289.0
  57 2594.0 98.0 809.0
  58 1297.0 71.0 1001.0
  59 4824.0 16.0 220.0
  60 2645.0 65.0 521.0
  61 3942.0 22.0 974.0
  62 3735.0 91.0 837.0
  63 3164.0 21.0 480.0
  64 1608.0 36.0 1070.0
  65 2127.0 25.0 1344.0
  66 2594.0 14.0 796.0
  67 2282.0 38.0 659.0
  68 1090.0 53.0 261.0
  69 5187.0 100.0 5135.0
  70 4564.0 77.0 288.0
  71 3060.0 65.0 535.0
  72 934.0 29.0 1015.0
  73 2542.0 40.0 138.0
  74 4824.0 68.0 412.0
  75 675.0 25.0 398.0
  76 4979.0 57.0 864.0
  77 1141.0 20.0 672.0
  78 3735.0 64.0 302.0
  79 623.0 53.0 508.0
  80 1349.0 56.0 1125.0
  81 2127.0 43.0 754.0
  82 2905.0 48.0 1234.0
  83 3371.0 41.0 1042.0
  84 3890.0 13.0 1193.0
  85 4720.0 82.0 508.0
  86 5187.0 100.0 5135.0
  87 1608.0 14.0 1330.0
  88 1556.0 15.0 1262.0
  89 3942.0 35.0 494.0
  90 2490.0 62.0 850.0
  91 519.0 81.0 1207.0
  92 1868.0 74.0 563.0
  93 4927.0 37.0 878.0
  94 1090.0 84.0 316.0
  95 934.0 16.0 1125.0
  96 1971.0 20.0 261.0
  97 830.0 43.0 1248.0
  98 1090.0 32.0 919.0
  99 4098.0 18.0 919.0
  100 5031.0 79.0 480.0
  101 5187.0 100.0 5135.0
  102 2386.0 62.0 467.0
  103 1090.0 81.0 1234.0
  104 2749.0 29.0 1015.0
  105 3942.0 75.0 138.0
  106 2645.0 91.0 617.0
  107 1038.0 57.0 288.0
  108 623.0 65.0 1056.0
  109 4098.0 67.0 535.0
  110 519.0 95.0 494.0
  111 1245.0 14.0 850.0
  112 3735.0 60.0 261.0
  113 3942.0 10.0 878.0
  114 623.0 44.0 425.0
  115 4253.0 77.0 535.0
  116 1764.0 71.0 535.0
  117 3994.0 74.0 645.0
  118 5187.0 100.0 5135.0
  119 5031.0 74.0 631.0
  120 3268.0 47.0 672.0
  121 4046.0 66.0 330.0
  122 2386.0 69.0 398.0
  123 2075.0 25.0 617.0
  124 2231.0 44.0 1015.0
  125 2179.0 20.0 960.0
  126 1712.0 30.0 919.0
  127 1504.0 52.0 864.0
  128 2905.0 11.0 823.0
  129 4201.0 72.0 165.0
  130 3164.0 19.0 1056.0
  131 830.0 17.0 850.0
  132 727.0 45.0 357.0
  133 4512.0 88.0 521.0
  134 5187.0 100.0 5135.0
  135 1816.0 58.0 1275.0
  136 3164.0 16.0 768.0
  137 2334.0 47.0 1344.0
  138 3112.0 70.0 330.0
  139 3579.0 50.0 371.0
  140 1868.0 93.0 1248.0
  141 2075.0 42.0 1083.0
  142 1349.0 73.0 850.0
  143 3890.0 14.0 809.0
  144 2023.0 20.0 974.0
  145 4720.0 56.0 960.0
  146 2749.0 35.0 1207.0
  147 2749.0 51.0 398.0
  148 2957.0 91.0 754.0
  149 3371.0 35.0 892.0
  150 5187.0 100.0 5135.0
  151 4357.0 37.0 1289.0
  152 1141.0 48.0 467.0
  153 5135.0 80.0 302.0
  154 3527.0 39.0 1221.0
  155 1868.0 42.0 713.0
  156 986.0 60.0 192.0
  157 1193.0 62.0 1056.0
  158 3423.0 53.0 850.0
  159 2334.0 75.0 850.0
  160 3579.0 55.0 220.0
  161 3527.0 91.0 1111.0
  162 1401.0 65.0 1056.0
  163 4409.0 31.0 754.0
  164 4720.0 14.0 1193.0
  165 5187.0 100.0 5135.0
  166 4149.0 91.0 1042.0
  167 4201.0 60.0 933.0
  168 1245.0 24.0 864.0
  169 4253.0 28.0 165.0
  170 2749.0 52.0 343.0
  171 1401.0 69.0 1207.0
  172 2231.0 91.0 1193.0
  173 1764.0 80.0 1262.0
  174 4979.0 10.0 809.0
  175 2697.0 56.0 138.0
  176 4098.0 99.0 768.0
  177 778.0 13.0 1070.0
  178 5187.0 100.0 5135.0
  179 3060.0 37.0 398.0
  180 4927.0 78.0 645.0
  181 4461.0 23.0 1001.0
  182 4357.0 51.0 1001.0
  183 3423.0 52.0 412.0
  184 4046.0 13.0 659.0
  185 3371.0 85.0 412.0
  186 3112.0 95.0 754.0
  187 1608.0 27.0 1056.0
  188 3008.0 16.0 590.0
  189 4824.0 96.0 1179.0
  190 2179.0 23.0 412.0
  191 4098.0 44.0 946.0
  192 5187.0 100.0 5135.0
  193 4979.0 22.0 1083.0
  194 1141.0 86.0 796.0
  195 2801.0 11.0 878.0
  196 1764.0 81.0 1344.0
  197 3994.0 97.0 974.0
  198 3683.0 75.0 165.0
  199 4824.0 69.0 247.0
  200 571.0 38.0 1248.0
  201 4616.0 34.0 192.0
  202 1764.0 98.0 1221.0
  203 934.0 49.0 138.0
  204 1297.0 45.0 425.0
  205 3423.0 67.0 768.0
  206 4875.0 87.0 659.0
  207 4720.0 56.0 933.0
  208 5187.0 100.0 5135.0
  209 1919.0 97.0 1207.0
  210 4201.0 77.0 425.0
  211 2075.0 26.0 782.0
  212 3735.0 56.0 631.0
  213 2438.0 64.0 768.0
  214 623.0 95.0 343.0
  215 3735.0 69.0 700.0
  216 4668.0 47.0 480.0
  217 1971.0 27.0 521.0
  218 1660.0 67.0 1221.0
  219 2801.0 57.0 645.0
  220 2282.0 61.0 796.0
  221 5031.0 22.0 138.0
  222 5187.0 100.0 5135.0
  223 3683.0 66.0 631.0
  224 4720.0 28.0 316.0
  225 778.0 44.0 1070.0
  226 3994.0 98.0 672.0
  227 3475.0 17.0 946.0
  228 3735.0 29.0 1125.0
  229 4201.0 61.0 357.0
  230 882.0 80.0 1083.0
  231 5031.0 66.0 713.0
  232 4305.0 58.0 604.0
  233 2179.0 63.0 138.0
  234 1038.0 58.0 1262.0
  235 3112.0 24.0 905.0
  236 934.0 46.0 179.0
  237 5187.0 100.0 5135.0
  238 986.0 98.0 1303.0
  239 4720.0 82.0 727.0
  240 2179.0 78.0 1221.0
  241 934.0 10.0 549.0
  242 3216.0 41.0 576.0
  243 882.0 56.0 480.0
  244 1193.0 23.0 165.0
  245 1245.0 81.0 1344.0
  246 4979.0 81.0 727.0
  247 5031.0 20.0 659.0
  248 1712.0 76.0 480.0
  249 2127.0 23.0 1193.0
  250 4357.0 36.0 700.0
  251 2801.0 38.0 467.0
  252 4720.0 56.0 1193.0
  253 2645.0 89.0 672.0
  254 519.0 33.0 275.0
  255 5187.0 100.0 5135.0
  256 4357.0 62.0 398.0
  257 1193.0 84.0 1042.0
  258 1245.0 51.0 850.0
  259 2438.0 97.0 288.0
  260 1453.0 53.0 563.0
  261 1712.0 70.0 179.0
  262 934.0 73.0 302.0
  263 2127.0 64.0 1152.0
  264 4512.0 12.0 727.0
  265 4461.0 65.0 645.0
  266 1090.0 66.0 892.0
  267 5135.0 50.0 220.0
  268 4979.0 50.0 933.0
  269 2905.0 88.0 412.0
  270 1971.0 93.0 384.0
  271 3112.0 55.0 809.0
  272 3268.0 84.0 508.0
  273 5187.0 100.0 5135.0
  274 2542.0 45.0 1234.0
  275 2023.0 72.0 384.0
  276 2957.0 11.0 1358.0
  277 4824.0 50.0 905.0
  278 727.0 94.0 617.0
  279 4979.0 83.0 617.0
  280 519.0 41.0 275.0
  281 2438.0 41.0 425.0
  282 4564.0 72.0 809.0
  283 986.0 43.0 974.0
  284 3268.0 27.0 1042.0
  285 519.0 98.0 151.0
  286 5187.0 100.0 5135.0
  287 3423.0 56.0 837.0
  288 3268.0 70.0 1262.0
  289 5031.0 73.0 1207.0
  290 4616.0 59.0 1289.0
  291 1868.0 13.0 357.0
  292 3890.0 82.0 713.0
  293 1660.0 77.0 796.0
  294 3268.0 92.0 727.0
  295 1193.0 55.0 1330.0
  296 3942.0 49.0 1029.0
  297 1660.0 81.0 1234.0
  298 2282.0 79.0 384.0
  299 3423.0 80.0 1207.0
  300 2490.0 43.0 439.0
  301 3475.0 60.0 563.0
  302 5187.0 100.0 5135.0
  303 4824.0 49.0 1042.0
  304 1868.0 85.0 974.0
  305 4512.0 76.0 850.0
  306 2075.0 49.0 919.0
  307 2334.0 73.0 371.0
  308 1660.0 66.0 480.0
  309 1919.0 54.0 1083.0
  310 3060.0 10.0 371.0
  311 1504.0 26.0 1070.0
  312 1504.0 85.0 220.0
  313 3060.0 35.0 371.0
  314 1556.0 19.0 1207.0
  315 4616.0 87.0 1152.0
  316 2905.0 43.0 1056.0
  317 3994.0 57.0 768.0
  318 1193.0 92.0 960.0
;
