param NumNodes := 20;
param NumArcs := 120;
param NumCommodities := 40;
param ArcsNodes :=
  1 (1, 2)
  2 (1, 19)
  3 (1, 17)
  4 (1, 7)
  5 (1, 18)
  6 (1, 4)
  7 (1, 15)
  8 (1, 20)
  9 (1, 8)
  10 (1, 3)
  11 (1, 11)
  12 (1, 10)
  13 (2, 3)
  14 (2, 10)
  15 (2, 6)
  16 (2, 9)
  17 (2, 7)
  18 (2, 1)
  19 (2, 17)
  20 (3, 4)
  21 (3, 9)
  22 (3, 14)
  23 (3, 18)
  24 (3, 11)
  25 (4, 5)
  26 (4, 10)
  27 (4, 2)
  28 (4, 18)
  29 (4, 15)
  30 (4, 11)
  31 (5, 6)
  32 (5, 9)
  33 (5, 13)
  34 (5, 3)
  35 (5, 16)
  36 (6, 7)
  37 (6, 13)
  38 (6, 11)
  39 (6, 8)
  40 (6, 14)
  41 (6, 15)
  42 (7, 8)
  43 (7, 3)
  44 (7, 13)
  45 (7, 19)
  46 (7, 9)
  47 (7, 18)
  48 (8, 9)
  49 (8, 5)
  50 (8, 7)
  51 (8, 6)
  52 (8, 10)
  53 (8, 17)
  54 (9, 10)
  55 (9, 6)
  56 (9, 4)
  57 (9, 16)
  58 (9, 17)
  59 (9, 8)
  60 (9, 13)
  61 (10, 11)
  62 (10, 16)
  63 (10, 12)
  64 (11, 12)
  65 (11, 20)
  66 (11, 15)
  67 (11, 7)
  68 (12, 13)
  69 (12, 15)
  70 (12, 20)
  71 (12, 18)
  72 (12, 10)
  73 (12, 17)
  74 (12, 3)
  75 (12, 4)
  76 (13, 14)
  77 (13, 19)
  78 (13, 16)
  79 (13, 20)
  80 (14, 15)
  81 (14, 10)
  82 (14, 5)
  83 (14, 4)
  84 (14, 20)
  85 (14, 16)
  86 (14, 3)
  87 (15, 16)
  88 (15, 17)
  89 (15, 14)
  90 (15, 12)
  91 (15, 2)
  92 (15, 4)
  93 (16, 17)
  94 (16, 5)
  95 (16, 9)
  96 (16, 6)
  97 (16, 11)
  98 (16, 19)
  99 (16, 1)
  100 (16, 7)
  101 (16, 14)
  102 (17, 18)
  103 (17, 5)
  104 (17, 14)
  105 (17, 12)
  106 (18, 19)
  107 (18, 4)
  108 (18, 7)
  109 (18, 1)
  110 (18, 20)
  111 (19, 20)
  112 (19, 12)
  113 (19, 1)
  114 (19, 16)
  115 (19, 5)
  116 (20, 1)
  117 (20, 19)
  118 (20, 18)
  119 (20, 11)
  120 (20, 6)
;
param NodesCommoditiesDemand :=
  4 1 82.05155047355669
  17 1 -82.05155047355669
  19 2 37.875402871451236
  12 2 -37.875402871451236
  10 3 86.53050716443117
  4 3 -86.53050716443117
  9 4 44.79349986041224
  14 4 -44.79349986041224
  7 5 59.784234814958644
  5 5 -59.784234814958644
  16 6 94.81053644909136
  7 6 -94.81053644909136
  7 7 67.9456192901143
  12 7 -67.9456192901143
  4 8 79.83830336969905
  5 8 -79.83830336969905
  14 9 68.19983067276314
  7 9 -68.19983067276314
  4 10 83.13747335070505
  13 10 -83.13747335070505
  20 11 42.06522176778084
  1 11 -42.06522176778084
  1 12 25.589110296526957
  17 12 -25.589110296526957
  9 13 106.89386933441482
  1 13 -106.89386933441482
  14 14 114.80824477472493
  3 14 -114.80824477472493
  20 15 31.95423529629969
  18 15 -31.95423529629969
  14 16 42.449937327559205
  20 16 -42.449937327559205
  16 17 38.531968033251125
  8 17 -38.531968033251125
  20 18 104.79495876238808
  10 18 -104.79495876238808
  8 19 21.77223519892261
  13 19 -21.77223519892261
  3 20 71.34025991757909
  5 20 -71.34025991757909
  17 21 21.156195259156245
  4 21 -21.156195259156245
  15 22 108.56158702046555
  7 22 -108.56158702046555
  18 23 59.54264348792438
  14 23 -59.54264348792438
  15 24 83.11882724932306
  10 24 -83.11882724932306
  18 25 62.21066424184998
  4 25 -62.21066424184998
  9 26 82.92011703789348
  16 26 -82.92011703789348
  2 27 113.11721280310394
  9 27 -113.11721280310394
  12 28 37.30518175332662
  20 28 -37.30518175332662
  6 29 52.577155201788656
  14 29 -52.577155201788656
  16 30 76.26507854601127
  1 30 -76.26507854601127
  1 31 30.11136865956161
  4 31 -30.11136865956161
  9 32 38.5987951263299
  17 32 -38.5987951263299
  19 33 39.40988569207076
  1 33 -39.40988569207076
  11 34 14.75779724531936
  15 34 -14.75779724531936
  1 35 86.69115336720958
  16 35 -86.69115336720958
  20 36 17.17556409555466
  7 36 -17.17556409555466
  8 37 51.675784595005595
  17 37 -51.675784595005595
  17 38 85.08531744421205
  8 38 -85.08531744421205
  13 39 110.41981993609484
  3 39 -110.41981993609484
  17 40 32.988230477129676
  18 40 -32.988230477129676
;
param : ArcsFixedCost ArcsVariableCost ArcsCapacity :=
  1 2053.0 100.0 2171.0
  2 862.0 79.0 413.0
  3 1560.0 21.0 371.0
  4 1068.0 18.0 254.0
  5 1806.0 65.0 196.0
  6 247.0 56.0 64.0
  7 1847.0 62.0 201.0
  8 1416.0 27.0 323.0
  9 1293.0 18.0 450.0
  10 431.0 52.0 423.0
  11 944.0 69.0 112.0
  12 1930.0 72.0 418.0
  13 2053.0 100.0 2171.0
  14 2032.0 90.0 323.0
  15 1704.0 38.0 418.0
  16 1806.0 49.0 164.0
  17 1950.0 24.0 439.0
  18 1293.0 14.0 492.0
  19 1991.0 70.0 302.0
  20 2053.0 100.0 2171.0
  21 2032.0 38.0 402.0
  22 924.0 22.0 328.0
  23 1334.0 73.0 133.0
  24 370.0 57.0 164.0
  25 2053.0 100.0 2171.0
  26 1991.0 41.0 513.0
  27 1642.0 44.0 286.0
  28 1068.0 26.0 386.0
  29 1355.0 44.0 434.0
  30 657.0 20.0 466.0
  31 2053.0 100.0 2171.0
  32 329.0 20.0 59.0
  33 1006.0 34.0 466.0
  34 883.0 28.0 392.0
  35 247.0 80.0 476.0
  36 2053.0 100.0 2171.0
  37 678.0 64.0 249.0
  38 1724.0 90.0 524.0
  39 637.0 23.0 64.0
  40 267.0 88.0 360.0
  41 247.0 19.0 460.0
  42 2053.0 100.0 2171.0
  43 1683.0 77.0 159.0
  44 1991.0 36.0 365.0
  45 1088.0 32.0 186.0
  46 986.0 22.0 117.0
  47 596.0 27.0 143.0
  48 2053.0 100.0 2171.0
  49 1499.0 77.0 159.0
  50 1416.0 61.0 423.0
  51 1478.0 33.0 96.0
  52 1745.0 18.0 386.0
  53 1847.0 50.0 381.0
  54 2053.0 100.0 2171.0
  55 1416.0 60.0 466.0
  56 1355.0 99.0 170.0
  57 1191.0 95.0 101.0
  58 349.0 45.0 196.0
  59 1909.0 96.0 503.0
  60 1334.0 70.0 69.0
  61 2053.0 100.0 2171.0
  62 1745.0 44.0 381.0
  63 1088.0 14.0 349.0
  64 2053.0 100.0 2171.0
  65 1293.0 38.0 418.0
  66 1499.0 68.0 96.0
  67 1150.0 54.0 471.0
  68 2053.0 100.0 2171.0
  69 267.0 83.0 402.0
  70 308.0 63.0 429.0
  71 1581.0 50.0 376.0
  72 1642.0 70.0 133.0
  73 1745.0 68.0 238.0
  74 842.0 88.0 260.0
  75 329.0 16.0 112.0
  76 2053.0 100.0 2171.0
  77 1724.0 14.0 439.0
  78 1930.0 78.0 476.0
  79 637.0 20.0 429.0
  80 2053.0 100.0 2171.0
  81 780.0 28.0 386.0
  82 390.0 19.0 508.0
  83 1642.0 79.0 503.0
  84 1478.0 45.0 59.0
  85 1170.0 82.0 344.0
  86 370.0 34.0 217.0
  87 2053.0 100.0 2171.0
  88 596.0 33.0 328.0
  89 1765.0 95.0 90.0
  90 329.0 93.0 524.0
  91 1868.0 52.0 439.0
  92 1355.0 64.0 127.0
  93 2053.0 100.0 2171.0
  94 1170.0 41.0 254.0
  95 1191.0 96.0 429.0
  96 1170.0 82.0 186.0
  97 1150.0 94.0 519.0
  98 1868.0 74.0 127.0
  99 1088.0 64.0 423.0
  100 1868.0 11.0 101.0
  101 1109.0 40.0 106.0
  102 2053.0 100.0 2171.0
  103 1170.0 10.0 334.0
  104 1971.0 93.0 328.0
  105 329.0 85.0 466.0
  106 2053.0 100.0 2171.0
  107 1252.0 91.0 386.0
  108 616.0 11.0 143.0
  109 555.0 22.0 524.0
  110 1868.0 80.0 349.0
  111 2053.0 100.0 2171.0
  112 719.0 51.0 503.0
  113 986.0 51.0 201.0
  114 1047.0 46.0 286.0
  115 862.0 40.0 159.0
  116 2053.0 100.0 2171.0
  117 1601.0 65.0 418.0
  118 1458.0 29.0 286.0
  119 1827.0 21.0 344.0
  120 719.0 48.0 159.0
;
