param NumNodes := 20;
param NumArcs := 120;
param NumCommodities := 40;
param ArcsNodes :=
  1 (1, 2)
  2 (1, 19)
  3 (1, 17)
  4 (1, 7)
  5 (1, 18)
  6 (1, 4)
  7 (1, 15)
  8 (1, 20)
  9 (1, 8)
  10 (1, 3)
  11 (1, 11)
  12 (1, 10)
  13 (2, 3)
  14 (2, 10)
  15 (2, 6)
  16 (2, 9)
  17 (2, 7)
  18 (2, 1)
  19 (2, 17)
  20 (3, 4)
  21 (3, 9)
  22 (3, 14)
  23 (3, 18)
  24 (3, 11)
  25 (4, 5)
  26 (4, 10)
  27 (4, 2)
  28 (4, 18)
  29 (4, 15)
  30 (4, 11)
  31 (5, 6)
  32 (5, 9)
  33 (5, 13)
  34 (5, 3)
  35 (5, 16)
  36 (6, 7)
  37 (6, 13)
  38 (6, 11)
  39 (6, 8)
  40 (6, 14)
  41 (6, 15)
  42 (7, 8)
  43 (7, 3)
  44 (7, 13)
  45 (7, 19)
  46 (7, 9)
  47 (7, 18)
  48 (8, 9)
  49 (8, 5)
  50 (8, 7)
  51 (8, 6)
  52 (8, 10)
  53 (8, 17)
  54 (9, 10)
  55 (9, 6)
  56 (9, 4)
  57 (9, 16)
  58 (9, 17)
  59 (9, 8)
  60 (9, 13)
  61 (10, 11)
  62 (10, 16)
  63 (10, 12)
  64 (11, 12)
  65 (11, 20)
  66 (11, 15)
  67 (11, 7)
  68 (12, 13)
  69 (12, 15)
  70 (12, 20)
  71 (12, 18)
  72 (12, 10)
  73 (12, 17)
  74 (12, 3)
  75 (12, 4)
  76 (13, 14)
  77 (13, 19)
  78 (13, 16)
  79 (13, 20)
  80 (14, 15)
  81 (14, 10)
  82 (14, 5)
  83 (14, 4)
  84 (14, 20)
  85 (14, 16)
  86 (14, 3)
  87 (15, 16)
  88 (15, 17)
  89 (15, 14)
  90 (15, 12)
  91 (15, 2)
  92 (15, 4)
  93 (16, 17)
  94 (16, 5)
  95 (16, 9)
  96 (16, 6)
  97 (16, 11)
  98 (16, 19)
  99 (16, 1)
  100 (16, 7)
  101 (16, 14)
  102 (17, 18)
  103 (17, 5)
  104 (17, 14)
  105 (17, 12)
  106 (18, 19)
  107 (18, 4)
  108 (18, 7)
  109 (18, 1)
  110 (18, 20)
  111 (19, 20)
  112 (19, 12)
  113 (19, 1)
  114 (19, 16)
  115 (19, 5)
  116 (20, 1)
  117 (20, 19)
  118 (20, 18)
  119 (20, 11)
  120 (20, 6)
;
param NodesCommoditiesDemand :=
  4 1 72.19329095475146
  17 1 -72.19329095475146
  19 2 31.588490823071268
  12 2 -31.588490823071268
  10 3 72.38561986690672
  4 3 -72.38561986690672
  9 4 37.371595311827264
  14 4 -37.371595311827264
  7 5 58.79293024988531
  5 5 -58.79293024988531
  16 6 81.2785832391506
  7 6 -81.2785832391506
  7 7 53.94600196364153
  12 7 -53.94600196364153
  4 8 74.24421382370961
  5 8 -74.24421382370961
  14 9 53.75697948979928
  7 9 -53.75697948979928
  4 10 69.12917504853328
  13 10 -69.12917504853328
  20 11 33.31877229584666
  1 11 -33.31877229584666
  1 12 20.09105992524667
  17 12 -20.09105992524667
  9 13 91.97317991085497
  1 13 -91.97317991085497
  14 14 96.92954660476147
  3 14 -96.92954660476147
  20 15 24.428157444364942
  18 15 -24.428157444364942
  14 16 36.630970670056044
  20 16 -36.630970670056044
  16 17 34.05236832293542
  8 17 -34.05236832293542
  20 18 98.67982112351669
  10 18 -98.67982112351669
  8 19 18.26249900434009
  13 19 -18.26249900434009
  3 20 55.5687562394383
  5 20 -55.5687562394383
  17 21 16.45360234544379
  4 21 -16.45360234544379
  15 22 88.26673281250713
  7 22 -88.26673281250713
  18 23 53.19053559395226
  14 23 -53.19053559395226
  15 24 68.94259398106837
  10 24 -68.94259398106837
  18 25 54.91301827989087
  4 25 -54.91301827989087
  9 26 67.79923546937012
  16 26 -67.79923546937012
  2 27 91.57583159904985
  9 27 -91.57583159904985
  12 28 32.36297580622755
  20 28 -32.36297580622755
  6 29 46.559611255999876
  14 29 -46.559611255999876
  16 30 67.77681872471659
  1 30 -67.77681872471659
  1 31 26.149059518707862
  4 31 -26.149059518707862
  9 32 37.945342624597636
  17 32 -37.945342624597636
  19 33 32.701810579262514
  1 33 -32.701810579262514
  11 34 12.570304890583559
  15 34 -12.570304890583559
  1 35 69.3351783188454
  16 35 -69.3351783188454
  20 36 14.645464442095154
  7 36 -14.645464442095154
  8 37 46.62229506563619
  17 37 -46.62229506563619
  17 38 68.26460596155542
  8 38 -68.26460596155542
  13 39 103.5583087603764
  3 39 -103.5583087603764
  17 40 31.17750459607076
  18 40 -31.17750459607076
;
param : ArcsFixedCost ArcsVariableCost ArcsCapacity :=
  1 2053.0 100.0 2171.0
  2 862.0 79.0 413.0
  3 1560.0 21.0 371.0
  4 1068.0 18.0 254.0
  5 1806.0 65.0 196.0
  6 247.0 56.0 64.0
  7 1847.0 62.0 201.0
  8 1416.0 27.0 323.0
  9 1293.0 18.0 450.0
  10 431.0 52.0 423.0
  11 944.0 69.0 112.0
  12 1930.0 72.0 418.0
  13 2053.0 100.0 2171.0
  14 2032.0 90.0 323.0
  15 1704.0 38.0 418.0
  16 1806.0 49.0 164.0
  17 1950.0 24.0 439.0
  18 1293.0 14.0 492.0
  19 1991.0 70.0 302.0
  20 2053.0 100.0 2171.0
  21 2032.0 38.0 402.0
  22 924.0 22.0 328.0
  23 1334.0 73.0 133.0
  24 370.0 57.0 164.0
  25 2053.0 100.0 2171.0
  26 1991.0 41.0 513.0
  27 1642.0 44.0 286.0
  28 1068.0 26.0 386.0
  29 1355.0 44.0 434.0
  30 657.0 20.0 466.0
  31 2053.0 100.0 2171.0
  32 329.0 20.0 59.0
  33 1006.0 34.0 466.0
  34 883.0 28.0 392.0
  35 247.0 80.0 476.0
  36 2053.0 100.0 2171.0
  37 678.0 64.0 249.0
  38 1724.0 90.0 524.0
  39 637.0 23.0 64.0
  40 267.0 88.0 360.0
  41 247.0 19.0 460.0
  42 2053.0 100.0 2171.0
  43 1683.0 77.0 159.0
  44 1991.0 36.0 365.0
  45 1088.0 32.0 186.0
  46 986.0 22.0 117.0
  47 596.0 27.0 143.0
  48 2053.0 100.0 2171.0
  49 1499.0 77.0 159.0
  50 1416.0 61.0 423.0
  51 1478.0 33.0 96.0
  52 1745.0 18.0 386.0
  53 1847.0 50.0 381.0
  54 2053.0 100.0 2171.0
  55 1416.0 60.0 466.0
  56 1355.0 99.0 170.0
  57 1191.0 95.0 101.0
  58 349.0 45.0 196.0
  59 1909.0 96.0 503.0
  60 1334.0 70.0 69.0
  61 2053.0 100.0 2171.0
  62 1745.0 44.0 381.0
  63 1088.0 14.0 349.0
  64 2053.0 100.0 2171.0
  65 1293.0 38.0 418.0
  66 1499.0 68.0 96.0
  67 1150.0 54.0 471.0
  68 2053.0 100.0 2171.0
  69 267.0 83.0 402.0
  70 308.0 63.0 429.0
  71 1581.0 50.0 376.0
  72 1642.0 70.0 133.0
  73 1745.0 68.0 238.0
  74 842.0 88.0 260.0
  75 329.0 16.0 112.0
  76 2053.0 100.0 2171.0
  77 1724.0 14.0 439.0
  78 1930.0 78.0 476.0
  79 637.0 20.0 429.0
  80 2053.0 100.0 2171.0
  81 780.0 28.0 386.0
  82 390.0 19.0 508.0
  83 1642.0 79.0 503.0
  84 1478.0 45.0 59.0
  85 1170.0 82.0 344.0
  86 370.0 34.0 217.0
  87 2053.0 100.0 2171.0
  88 596.0 33.0 328.0
  89 1765.0 95.0 90.0
  90 329.0 93.0 524.0
  91 1868.0 52.0 439.0
  92 1355.0 64.0 127.0
  93 2053.0 100.0 2171.0
  94 1170.0 41.0 254.0
  95 1191.0 96.0 429.0
  96 1170.0 82.0 186.0
  97 1150.0 94.0 519.0
  98 1868.0 74.0 127.0
  99 1088.0 64.0 423.0
  100 1868.0 11.0 101.0
  101 1109.0 40.0 106.0
  102 2053.0 100.0 2171.0
  103 1170.0 10.0 334.0
  104 1971.0 93.0 328.0
  105 329.0 85.0 466.0
  106 2053.0 100.0 2171.0
  107 1252.0 91.0 386.0
  108 616.0 11.0 143.0
  109 555.0 22.0 524.0
  110 1868.0 80.0 349.0
  111 2053.0 100.0 2171.0
  112 719.0 51.0 503.0
  113 986.0 51.0 201.0
  114 1047.0 46.0 286.0
  115 862.0 40.0 159.0
  116 2053.0 100.0 2171.0
  117 1601.0 65.0 418.0
  118 1458.0 29.0 286.0
  119 1827.0 21.0 344.0
  120 719.0 48.0 159.0
;
