/ -------------------------------------------------------------------------
An instance of the stochastic Fixed - charge Network Flow Problem using NETGEN.
/ -------------------------------------------------------------------------
Number of Nodes (no Dummy node is added), n
Graph Density, density
The fixed cost to variable cost ratio, f
Adjacency Matrix, A
Fixed Cost Matrix, c
Number of scenarios, K
Scenario Probabilities, p
----The following three rows will be repeated K times.----
Var Cost Matrix, d
Capacity, u
demand, b
/ -------------------------------------------------------------------------
+
30
0.6
200
0,1,1,1,1,1,0,0,1,0,1,1,0,1,1,1,0,0,0,1,0,0,0,0,1,0,1,1,0,1;0,0,1,1,1,1,0,1,0,1,0,0,1,1,1,0,0,0,0,0,0,1,0,1,1,1,1,1,1,0;1,1,0,1,1,1,1,1,0,1,1,1,0,1,0,1,1,1,1,0,0,0,1,1,1,0,0,0,0,1;1,0,0,0,0,1,0,1,1,1,1,0,1,1,0,1,1,1,1,1,0,0,1,0,0,1,1,0,1,1;1,0,0,1,0,1,1,1,0,1,1,1,1,1,1,0,1,0,0,1,1,0,0,1,0,1,0,0,1,0;0,1,0,1,1,0,0,1,1,1,0,1,1,1,1,1,0,0,1,0,0,0,1,1,1,1,0,1,0,1;1,0,1,1,0,1,0,1,1,0,1,0,1,1,0,0,0,1,0,1,1,1,0,1,1,1,0,1,1,0;1,0,1,1,1,1,0,0,1,0,1,0,1,1,0,0,1,0,1,1,1,0,0,1,1,1,1,1,0,0;1,0,1,0,1,1,1,1,0,0,1,0,1,0,1,1,1,0,0,1,1,1,0,1,1,0,0,0,1,0;1,1,1,0,1,1,0,1,0,0,1,1,0,0,1,1,1,1,0,0,1,1,0,1,0,0,1,1,1,0;1,1,1,1,1,0,0,0,1,0,0,1,1,1,0,1,1,1,1,0,0,0,1,1,1,1,1,0,1,0;1,1,0,1,0,1,0,1,1,1,0,0,1,1,1,0,0,1,0,0,0,0,0,1,1,1,0,1,1,1;0,0,0,1,1,0,0,1,1,1,0,1,0,1,1,0,0,1,1,0,0,1,0,0,0,0,0,1,0,1;0,0,0,0,1,0,0,0,1,0,0,1,0,0,1,0,1,0,0,1,1,0,1,0,0,1,1,0,1,1;0,1,1,1,0,1,1,1,0,1,0,1,0,0,0,1,1,1,1,0,1,1,0,1,0,0,0,0,1,0;1,1,0,1,1,1,1,0,1,1,0,1,0,1,1,0,1,1,1,1,1,1,1,1,1,1,0,1,0,1;1,0,0,1,1,1,0,0,1,1,1,1,1,1,0,0,0,1,1,1,1,1,0,1,1,1,1,0,1,0;1,1,1,0,1,0,1,0,1,0,1,0,0,0,0,0,0,0,0,1,0,1,1,0,0,0,1,0,1,0;0,1,0,1,0,1,0,0,0,0,0,0,0,0,1,1,1,0,0,1,0,1,1,1,0,1,1,0,1,1;1,1,0,0,1,1,0,1,0,1,1,0,1,1,0,0,0,1,0,0,1,1,1,1,0,0,1,0,1,1;1,1,0,1,0,1,1,1,1,0,1,1,1,1,1,1,1,1,1,0,0,0,1,1,1,1,0,0,0,0;0,1,1,0,0,1,0,1,1,1,0,1,0,1,0,1,1,1,1,1,1,0,0,0,0,1,1,0,1,0;0,0,1,1,0,1,0,0,0,0,1,1,0,1,0,0,1,0,1,0,0,0,0,0,1,0,1,1,1,1;1,1,0,1,1,0,1,1,0,1,1,1,1,1,1,1,1,1,0,0,1,1,1,0,0,1,1,1,0,0;1,0,0,0,0,1,0,1,0,1,1,1,1,0,0,1,0,1,1,0,0,0,0,1,0,1,1,1,1,0;0,1,1,0,1,1,1,0,0,1,0,1,0,1,0,1,1,1,0,1,0,0,1,1,0,0,0,1,1,1;1,1,0,1,1,0,0,1,1,0,0,1,1,0,1,1,0,0,1,1,0,0,1,1,0,1,0,1,0,0;0,0,1,1,0,1,1,1,1,0,0,0,1,1,1,1,1,1,0,0,0,0,0,1,1,0,1,0,1,1;1,0,1,1,1,0,1,1,1,1,0,0,0,1,0,0,0,1,1,1,1,0,0,1,0,1,1,1,0,1;1,1,0,0,0,1,0,1,0,1,0,0,1,1,0,1,0,1,1,1,0,0,1,0,0,1,1,1,1,0
0,9740,11120,9360,11900,11240,0,0,7020,0,9960,13440,0,9740,8740,9360,0,0,0,10680,0,0,0,0,6720,0,9800,10580,0,10660;0,0,14019,10980,8960,10760,0,10980,0,7980,0,0,10400,9980,9400,0,0,0,0,0,0,8320,0,9400,12040,9240,11100,12040,10900,0;12360,10880,0,8640,11520,10240,8940,11620,0,9960,8700,9980,0,10300,0,11700,9920,10520,10460,0,0,0,9120,10280,9920,0,0,0,0,10480;9240,0,0,0,0,14700,0,7680,8040,9700,9240,0,10900,10820,0,8820,9260,10520,9600,11020,0,0,12900,0,0,11080,8700,0,12340,8720;11100,0,0,10380,0,10320,8980,10060,0,11200,10160,8320,10480,10060,11860,0,11000,0,0,10360,12520,0,0,10380,0,8500,0,0,8620,0;0,10900,0,9880,8840,0,0,13400,9320,10980,0,8380,11260,15419,10200,9860,0,0,8500,0,0,0,11120,9700,9740,9860,0,9960,0,10560;10160,0,11480,11140,0,9880,0,9300,10900,0,9140,0,10260,10420,0,0,0,9700,0,10060,10540,8520,0,10800,9780,10460,0,7480,9980,0;11060,0,9380,10860,10820,11500,0,0,10100,0,10440,0,10980,8980,0,0,9860,0,9960,10300,9620,0,0,9880,10160,11480,10000,9920,0,0;11120,0,12100,0,7840,10280,11020,10560,0,0,12200,0,9840,0,11080,10440,10720,0,0,14380,9740,10840,0,10480,9400,0,0,0,10060,0;9760,9740,11200,0,10680,10960,0,11100,0,0,9340,11460,0,0,10440,10540,14640,11260,0,0,11780,8640,0,11560,0,0,9740,10360,10160,0;8580,12540,7980,9640,11120,0,0,0,10100,0,0,10920,10400,10020,0,8660,10880,9080,9760,0,0,0,12500,9240,11700,11140,11400,0,10740,0;8340,10080,0,11720,0,11800,0,11000,9880,10460,0,0,13119,11060,11400,0,0,10140,0,0,0,0,0,9860,8760,13640,0,9000,10860,11160;0,0,0,9760,11160,0,0,11580,11260,12360,0,11100,0,9940,9680,0,0,11140,10100,0,0,10660,0,0,0,0,0,10320,0,9880;0,0,0,0,8980,0,0,0,10860,0,0,10320,0,0,10980,0,12120,0,0,10460,11460,0,9400,0,0,9780,11900,0,7240,10120;0,9980,10680,12240,0,11600,11520,8560,0,9440,0,10100,0,0,0,8540,10700,11600,8620,0,12280,11740,0,9240,0,0,0,0,12660,0;10220,10820,0,11960,10180,9900,8680,0,8960,11160,0,9500,0,7920,11060,0,9260,8059,10100,13700,10540,15019,10060,10080,12500,9540,0,13280,0,9220;12480,0,0,11120,10620,12620,0,0,8980,11440,12220,11540,11380,9440,0,0,0,10720,14240,10440,10960,13860,0,10660,9000,13819,9340,0,11620,0;9440,8600,11400,0,8620,0,9840,0,8600,0,10800,0,0,0,0,0,0,0,0,11000,0,9340,9760,0,0,0,11100,0,9740,0;0,10880,0,10660,0,8460,0,0,0,0,0,0,0,0,9440,10120,10180,0,0,10220,0,9120,12560,10620,0,9540,11860,0,9960,8240;8260,9880,0,0,9820,11000,0,10720,0,12040,9720,0,9080,9180,0,0,0,9460,0,0,10860,9980,10280,10840,0,0,8880,0,10140,11560;10640,11280,0,8820,0,10220,8400,11480,11980,0,10880,10040,11220,13180,10900,7759,12060,9620,11720,0,0,0,11620,12340,13540,10140,0,0,0,0;0,9400,11080,0,0,9140,0,8820,9740,10960,0,9360,0,10500,0,11220,9380,10040,11340,8460,9640,0,0,0,0,11160,9780,0,8460,0;0,0,10300,7859,0,11980,0,0,0,0,8500,10940,0,11280,0,0,9680,0,11400,0,0,0,0,0,8440,0,10280,9960,9320,9820;11520,9360,0,10600,9180,0,9100,8059,0,8540,8040,8880,14060,9860,10520,10700,7720,8880,0,0,10140,9360,9320,0,0,8059,10640,11320,0,0;10640,0,0,0,0,7759,0,9120,0,10680,11500,10700,10300,0,0,11060,0,9340,9620,0,0,0,0,10600,0,8300,9180,9300,9560,0;0,12680,10060,0,9880,10000,12280,0,0,8120,0,8360,0,9040,0,9680,7959,11260,0,7840,0,0,12140,9800,0,0,0,9520,11300,9280;11640,9840,0,9580,11540,0,0,10040,10680,0,0,10780,10600,0,10040,11480,0,0,10980,10280,0,0,11980,10480,0,10560,0,12480,0,0;0,0,9840,9200,0,10320,8200,10360,11420,0,0,0,9560,10580,7400,8200,10460,10860,0,0,0,0,0,9440,11380,0,11040,0,8400,13919;11200,0,9840,9380,10320,0,10080,11400,10380,13400,0,0,0,11180,0,0,0,10400,8700,10060,10280,0,0,9780,0,9220,9000,9800,0,10460;13340,7540,0,0,0,9040,0,11280,0,9960,0,0,13440,8800,0,9860,0,10680,11080,9660,0,0,13460,0,0,13700,11240,10620,13740,0
10
0.2,0.05,0.05,0.1,0.05,0.2,0.05,0.05,0.15,0.1
--Scenarios--
0,24,42,37,79,73,0,0,22,0,32,70,0,64,60,52,0,0,0,33,0,0,0,0,20,0,80,28,0,42;0,0,78,62,21,72,0,31,0,38,0,0,78,52,79,0,0,0,0,0,0,28,0,62,38,45,20,59,46,0;80,34,0,25,78,43,62,32,0,69,62,44,0,36,0,69,37,41,74,0,0,0,47,59,75,0,0,0,0,63;39,0,0,0,0,80,0,69,44,29,63,0,48,38,0,24,22,28,46,63,0,0,73,0,0,66,37,0,49,28;66,0,0,35,0,43,43,42,0,33,54,27,50,66,50,0,29,0,0,43,46,0,0,48,0,39,0,0,23,0;0,71,0,70,48,0,0,80,33,74,0,27,71,80,25,54,0,0,48,0,0,0,56,48,36,21,0,77,0,41;71,0,37,58,0,45,0,21,80,0,56,0,36,37,0,0,0,28,0,56,37,30,0,45,80,34,0,35,35,0;39,0,50,43,27,73,0,0,80,0,57,0,25,51,0,0,73,0,29,42,53,0,0,27,63,58,48,20,0,0;62,0,53,0,57,69,54,64,0,0,80,0,72,0,80,61,49,0,0,80,23,61,0,63,50,0,0,0,21,0;46,53,67,0,57,80,0,50,0,0,25,44,0,0,25,30,80,43,0,0,44,46,0,31,0,0,39,22,22,0;53,44,25,73,47,0,0,0,53,0,0,71,74,80,0,78,67,37,41,0,0,0,30,56,74,57,37,0,56,0;32,28,0,39,0,67,0,42,70,71,0,0,79,55,42,0,0,61,0,0,0,0,0,46,28,80,0,55,46,42;0,0,0,51,80,0,0,62,63,65,0,67,0,20,62,0,0,42,20,0,0,62,0,0,0,0,0,76,0,38;0,0,0,0,44,0,0,0,51,0,0,50,0,0,66,0,68,0,0,64,30,0,59,0,0,56,54,0,24,60;0,62,80,79,0,53,70,75,0,36,0,47,0,0,0,35,21,59,42,0,80,34,0,50,0,0,0,0,80,0;64,78,0,66,63,23,74,0,54,48,0,72,0,30,61,0,29,55,31,61,41,78,74,59,36,64,0,80,0,40;26,0,0,80,74,73,0,0,28,62,71,69,75,50,0,0,0,70,80,28,49,80,0,75,25,28,20,0,51,0;20,22,76,0,71,0,46,0,23,0,26,0,0,0,0,0,0,0,0,52,0,42,27,0,0,0,43,0,30,0;0,50,0,77,0,39,0,0,0,0,0,0,0,0,49,63,43,0,0,47,0,54,78,25,0,45,66,0,78,24;34,77,0,0,38,49,0,39,0,53,32,0,30,24,0,0,0,42,0,0,78,22,78,58,0,0,64,0,20,45;73,47,0,40,0,68,37,44,70,0,78,58,56,80,72,58,70,36,37,0,0,0,46,80,80,64,0,0,0,0;0,46,55,0,0,38,0,50,61,69,0,23,0,54,0,21,28,57,68,45,62,0,0,0,0,65,47,0,41,0;0,0,50,37,0,56,0,0,0,0,42,57,0,70,0,0,24,0,50,0,0,0,0,0,61,0,80,46,78,46;59,69,0,46,36,0,47,79,0,64,73,49,80,30,20,53,20,67,0,0,55,67,70,0,0,79,39,52,0,0;73,0,0,0,0,26,0,26,0,75,68,74,32,0,0,28,0,76,77,0,0,0,0,44,0,66,48,25,40,0;0,58,53,0,20,78,60,0,0,28,0,42,0,50,0,55,72,72,0,21,0,0,24,63,0,0,0,41,53,22;69,27,0,78,76,0,0,62,41,0,0,66,68,0,31,41,0,0,71,74,0,0,80,78,0,58,0,76,0,0;0,0,30,57,0,25,34,74,29,0,0,0,73,49,27,20,65,57,0,0,0,0,0,21,71,0,35,0,21,53;23,0,31,25,54,0,63,79,34,75,0,0,0,22,0,0,0,28,44,37,75,0,0,21,0,59,56,25,0,43;80,31,0,0,0,44,0,72,0,70,0,0,80,49,0,37,0,33,52,76,0,0,47,0,0,41,77,51,63,0
0,31,36,40,29,25,0,0,25,0,32,39,0,31,31,34,0,0,0,29,0,0,0,0,38,0,40,30,0,32;0,0,39,40,21,38,0,35,0,23,0,0,28,36,30,0,0,0,0,0,0,26,0,30,33,31,24,28,38,0;38,27,0,20,26,31,31,32,0,27,22,29,0,20,0,40,35,37,32,0,0,0,32,28,24,0,0,0,0,37;35,0,0,0,0,25,0,26,29,30,40,0,38,34,0,20,23,39,34,25,0,0,39,0,0,32,31,0,38,34;37,0,0,35,0,38,34,31,0,26,23,36,36,23,23,0,34,0,0,30,30,0,0,34,0,20,0,0,26,0;0,30,0,33,24,0,0,39,32,31,0,26,27,26,21,34,0,0,34,0,0,0,38,40,32,29,0,37,0,40;24,0,32,39,0,24,0,26,19,0,22,0,35,32,0,0,0,33,0,25,32,33,0,25,18,38,0,29,39,0;29,0,40,32,23,28,0,0,29,0,27,0,29,22,0,0,22,0,37,30,21,0,0,30,22,40,23,38,0,0;34,0,36,0,32,34,39,32,0,0,27,0,24,0,35,35,21,0,0,29,24,20,0,31,38,0,0,0,28,0;20,36,35,0,25,23,0,26,0,0,26,25,0,0,22,40,37,25,0,0,22,30,0,28,0,0,38,26,22,0;34,22,20,26,21,0,0,0,22,0,0,21,40,35,0,37,29,39,30,0,0,0,37,25,22,22,38,0,28,0;30,40,0,36,0,24,0,28,21,40,0,0,33,33,22,0,0,34,0,0,0,0,0,31,23,29,0,38,21,31;0,0,0,32,22,0,0,38,25,25,0,35,0,29,33,0,0,20,20,0,0,20,0,0,0,0,0,33,0,27;0,0,0,0,28,0,0,0,31,0,0,20,0,0,28,0,28,0,0,32,24,0,33,0,0,22,23,0,34,26;0,28,24,30,0,20,31,32,0,23,0,20,0,0,0,23,27,20,34,0,36,33,0,26,0,0,0,0,29,0;24,35,0,25,32,35,37,0,25,23,0,23,0,28,27,0,24,35,20,33,30,29,32,21,30,32,0,27,0,31;13,0,0,33,38,27,0,0,21,24,34,37,29,26,0,0,0,26,11,28,23,37,0,32,27,38,32,0,30,0;33,31,25,0,39,0,36,0,38,0,30,0,0,0,0,0,0,0,0,24,0,30,23,0,0,0,40,0,33,0;0,31,0,27,0,32,0,0,0,0,0,0,0,0,31,35,20,0,0,32,0,22,36,35,0,21,31,0,20,21;31,37,0,0,40,31,0,35,0,36,21,0,39,27,0,0,0,39,0,0,40,22,24,35,0,0,24,0,33,35;37,38,0,34,0,23,32,36,34,0,32,28,21,38,22,36,32,20,29,0,0,0,31,30,20,39,0,0,0,0;0,30,23,0,0,33,0,25,24,25,0,24,0,23,0,30,21,24,25,21,40,0,0,0,0,38,31,0,21,0;0,0,21,24,0,29,0,0,0,0,40,24,0,35,0,0,40,0,25,0,0,0,0,0,39,0,34,25,27,30;31,30,0,37,25,0,30,39,0,40,24,20,29,26,33,20,39,34,0,0,23,27,22,0,0,40,34,34,0,0;36,0,0,0,0,21,0,20,0,28,30,25,36,0,0,32,0,32,34,0,0,0,0,36,0,31,39,39,37,0;0,36,22,0,32,26,38,0,0,40,0,26,0,28,0,32,29,33,0,23,0,0,21,30,0,0,0,21,32,24;18,35,0,30,26,0,0,22,39,0,0,38,28,0,22,39,0,0,33,34,0,0,35,39,0,25,0,33,0,0;0,0,20,29,0,36,23,27,23,0,0,0,34,23,36,35,30,23,0,0,0,0,0,39,31,0,33,0,35,31;31,0,26,28,28,0,35,32,27,26,0,0,0,34,0,0,0,33,21,24,20,0,0,40,0,27,22,35,0,35;35,36,0,0,0,26,0,37,0,28,0,0,40,34,0,30,0,34,20,40,0,0,39,0,0,31,23,40,38,0
-46,24,0,22,0,0,17,0,0,11,0,0,-8,-10,17,26,0,29,0,-4,0,-2,-10,0,-33,-19,0,0,-14,0
------------- End of Scenario k = 0 -------
0,76,59,39,42,49,0,0,26,0,67,76,0,30,47,20,0,0,0,55,0,0,0,0,21,0,38,78,0,43;0,0,39,72,49,63,0,27,0,61,0,0,57,72,50,0,0,0,0,0,0,22,0,24,74,33,59,76,26,0;80,59,0,25,41,53,34,79,0,36,48,47,0,42,0,78,58,70,70,0,0,0,51,29,66,0,0,0,0,49;21,0,0,0,0,80,0,32,48,70,32,0,62,29,0,36,76,20,72,67,0,0,25,0,0,43,21,0,39,32;41,0,0,47,0,52,47,77,0,71,79,49,47,39,30,0,78,0,0,75,68,0,0,76,0,36,0,0,28,0;0,43,0,63,43,0,0,29,39,39,0,52,65,80,73,43,0,0,48,0,0,0,20,52,37,76,0,36,0,61;37,0,54,72,0,28,0,57,71,0,24,0,43,41,0,0,0,53,0,64,33,46,0,42,52,54,0,48,74,0;41,0,36,55,48,54,0,0,35,0,31,0,65,26,0,0,35,0,23,57,44,0,0,61,80,49,64,63,0,0;48,0,67,0,33,38,68,47,0,0,80,0,79,0,39,48,55,0,0,80,65,68,0,50,43,0,0,0,62,0;42,27,32,0,48,35,0,45,0,0,80,37,0,0,60,79,80,49,0,0,35,74,0,53,0,0,78,34,73,0;57,70,35,34,24,0,0,0,54,0,0,80,69,62,0,78,54,44,34,0,0,0,38,56,63,32,77,0,25,0;44,76,0,62,0,63,0,77,33,58,0,0,80,72,70,0,0,33,0,0,0,0,0,78,31,33,0,46,70,46;0,0,0,48,43,0,0,74,28,79,0,75,0,73,38,0,0,78,50,0,0,20,0,0,0,0,0,21,0,40;0,0,0,0,73,0,0,0,50,0,0,48,0,0,47,0,67,0,0,31,34,0,67,0,0,79,76,0,51,73;0,72,63,58,0,41,77,33,0,80,0,77,0,0,0,68,69,39,34,0,49,41,0,67,0,0,0,0,77,0;80,53,0,46,30,65,23,0,31,48,0,68,0,29,72,0,75,34,28,80,50,80,59,25,80,26,0,80,0,36;63,0,0,40,24,68,0,0,30,60,78,34,44,30,0,0,0,47,80,79,68,29,0,63,49,80,33,0,66,0;55,27,45,0,25,0,77,0,52,0,52,0,0,0,0,0,0,0,0,80,0,28,71,0,0,0,57,0,52,0;0,24,0,31,0,21,0,0,0,0,0,0,0,0,77,58,31,0,0,51,0,67,69,50,0,57,24,0,28,56;30,60,0,0,63,42,0,42,0,43,55,0,69,55,0,0,0,80,0,0,77,66,33,58,0,0,36,0,67,77;68,80,0,28,0,36,21,48,33,0,44,71,66,80,79,31,67,43,78,0,0,0,69,80,80,80,0,0,0,0;0,60,77,0,0,21,0,62,54,24,0,36,0,64,0,49,60,22,56,22,36,0,0,0,0,29,38,0,52,0;0,0,55,35,0,34,0,0,0,0,45,34,0,65,0,0,38,0,70,0,0,0,0,0,31,0,80,70,20,39;51,66,0,77,47,0,21,70,0,52,20,37,72,64,75,60,40,59,0,0,36,47,28,0,0,48,28,42,0,0;20,0,0,0,0,22,0,25,0,29,49,65,74,0,0,52,0,52,22,0,0,0,0,42,0,76,22,72,39,0;0,40,52,0,49,53,49,0,0,50,0,52,0,68,0,51,47,67,0,56,0,0,78,44,0,0,0,63,35,29;29,58,0,52,51,0,0,65,64,0,0,37,32,0,62,52,0,0,62,46,0,0,80,40,0,45,0,76,0,0;0,0,21,41,0,79,35,42,51,0,0,0,64,74,38,53,24,65,0,0,0,0,0,79,64,0,45,0,48,80;63,0,58,37,60,0,50,25,67,77,0,0,0,41,0,0,0,76,38,50,76,0,0,62,0,22,22,25,0,62;38,22,0,0,0,50,0,53,0,64,0,0,80,27,0,21,0,67,22,50,0,0,72,0,0,80,64,60,70,0
0,40,24,36,33,22,0,0,38,0,21,21,0,20,38,40,0,0,0,23,0,0,0,0,28,0,38,22,0,20;0,0,36,40,26,40,0,40,0,37,0,0,26,25,35,0,0,0,0,0,0,20,0,39,24,21,28,21,28,0;18,34,0,29,33,32,32,20,0,30,21,39,0,40,0,36,38,25,37,0,0,0,22,38,30,0,0,0,0,32;36,0,0,0,0,39,0,26,36,33,22,0,20,23,0,30,24,34,35,27,0,0,22,0,0,39,37,0,27,28;25,0,0,33,0,32,32,21,0,26,34,38,25,29,27,0,33,0,0,37,28,0,0,36,0,33,0,0,30,0;0,22,0,34,25,0,0,40,34,22,0,31,30,23,31,30,0,0,35,0,0,0,38,32,32,27,0,28,0,38;26,0,22,36,0,20,0,30,30,0,21,0,22,32,0,0,0,31,0,39,40,34,0,38,30,36,0,40,28,0;31,0,20,34,22,35,0,0,28,0,35,0,29,28,0,0,38,0,20,40,34,0,0,29,40,23,28,24,0,0;38,0,26,0,21,36,25,22,0,0,39,0,35,0,25,30,21,0,0,32,37,40,0,32,36,0,0,0,34,0;32,38,34,0,22,27,0,31,0,0,34,24,0,0,26,27,25,20,0,0,30,21,0,38,0,0,31,21,30,0;37,20,20,25,29,0,0,0,37,0,0,20,22,21,0,39,24,23,32,0,0,0,16,31,26,26,39,0,25,0;24,38,0,25,0,30,0,33,32,33,0,0,30,18,26,0,0,28,0,0,0,0,0,21,22,34,0,36,36,22;0,0,0,28,34,0,0,30,28,25,0,30,0,30,25,0,0,32,35,0,0,22,0,0,0,0,0,36,0,35;0,0,0,0,28,0,0,0,35,0,0,36,0,0,21,0,20,0,0,40,39,0,29,0,0,29,22,0,23,39;0,38,28,39,0,20,37,22,0,33,0,29,0,0,0,22,37,23,23,0,26,25,0,25,0,0,0,0,35,0;35,34,0,38,24,24,23,0,35,30,0,21,0,27,39,0,32,39,28,40,22,26,39,24,37,40,0,37,0,35;26,0,0,25,22,39,0,0,30,37,30,34,23,21,0,0,0,27,36,20,29,27,0,28,25,29,38,0,35,0;24,40,35,0,31,0,22,0,20,0,33,0,0,0,0,0,0,0,0,25,0,22,20,0,0,0,30,0,26,0;0,22,0,29,0,24,0,0,0,0,0,0,0,0,23,23,29,0,0,38,0,25,22,37,0,21,33,0,24,37;31,36,0,0,28,31,0,21,0,20,26,0,37,25,0,0,0,35,0,0,34,27,28,28,0,0,27,0,31,40;22,37,0,24,0,26,25,27,36,0,23,25,39,38,37,32,22,25,20,0,0,0,35,39,15,27,0,0,0,0;0,22,37,0,0,34,0,39,36,36,0,21,0,25,0,36,30,20,31,40,22,0,0,0,0,34,27,0,39,0;0,0,20,26,0,30,0,0,0,0,21,21,0,32,0,0,26,0,25,0,0,0,0,0,21,0,20,36,22,27;24,27,0,33,20,0,35,30,0,23,22,33,31,24,40,36,21,21,0,0,27,40,40,0,0,21,16,32,0,0;37,0,0,0,0,24,0,20,0,23,36,39,33,0,0,22,0,30,35,0,0,0,0,28,0,21,38,24,37,0;0,20,20,0,23,28,38,0,0,30,0,20,0,36,0,26,25,21,0,38,0,0,27,22,0,0,0,28,21,40;17,23,0,23,23,0,0,23,29,0,0,35,35,0,33,32,0,0,36,32,0,0,20,35,0,27,0,32,0,0;0,0,26,34,0,36,24,27,40,0,0,0,37,25,36,39,39,26,0,0,0,0,0,32,23,0,27,0,27,38;25,0,32,33,33,0,36,37,28,38,0,0,0,30,0,0,0,36,29,33,33,0,0,30,0,26,34,31,0,21;32,32,0,0,0,22,0,39,0,20,0,0,20,32,0,31,0,23,26,36,0,0,35,0,0,38,37,25,34,0
-41,10,0,20,0,0,13,0,0,22,0,0,-4,-5,14,19,0,21,0,-5,0,-4,-11,0,-24,-16,0,0,-9,0
------------- End of Scenario k = 1 -------
0,79,28,42,40,28,0,0,46,0,68,47,0,76,37,21,0,0,0,32,0,0,0,0,42,0,29,24,0,79;0,0,80,48,72,35,0,80,0,42,0,0,49,25,46,0,0,0,0,0,0,31,0,41,31,53,54,45,44,0;78,56,0,40,80,42,63,58,0,29,32,26,0,76,0,72,44,48,40,0,0,0,77,56,25,0,0,0,0,46;26,0,0,0,0,32,0,25,25,23,33,0,51,64,0,44,57,77,28,69,0,0,80,0,0,66,70,0,39,65;73,0,0,37,0,55,48,66,0,26,31,37,64,61,70,0,35,0,0,76,55,0,0,65,0,39,0,0,67,0;0,58,0,42,27,0,0,63,52,35,0,46,44,80,76,34,0,0,75,0,0,0,78,38,39,54,0,48,0,69;76,0,72,29,0,57,0,61,80,0,31,0,50,61,0,0,0,77,0,51,23,35,0,50,26,25,0,34,47,0;59,0,62,64,50,49,0,0,32,0,39,0,72,64,0,0,28,0,78,26,50,0,0,37,49,59,47,58,0,0;67,0,47,0,20,74,76,22,0,0,75,0,79,0,41,53,78,0,0,80,55,24,0,55,43,0,0,0,53,0;72,35,39,0,20,30,0,56,0,0,37,52,0,0,55,79,67,71,0,0,78,21,0,63,0,0,53,68,52,0;42,40,75,37,57,0,0,0,54,0,0,27,24,49,0,21,40,53,56,0,0,0,80,21,57,71,62,0,80,0;70,64,0,53,0,21,0,40,25,44,0,0,62,80,58,0,0,40,0,0,0,0,0,43,76,49,0,49,35,35;0,0,0,31,77,0,0,69,73,32,0,47,0,23,50,0,0,33,39,0,0,28,0,0,0,0,0,47,0,46;0,0,0,0,73,0,0,0,62,0,0,68,0,0,21,0,61,0,0,29,47,0,25,0,0,22,64,0,40,55;0,24,70,64,0,44,67,43,0,43,0,23,0,0,0,38,63,68,70,0,22,80,0,70,0,0,0,0,79,0;25,63,0,51,76,21,44,0,51,66,0,39,0,51,22,0,79,23,65,80,78,80,40,59,80,62,0,80,0,51;80,0,0,61,68,58,0,0,43,24,47,74,29,54,0,0,0,38,69,35,73,80,0,50,41,80,55,0,41,0;70,51,69,0,44,0,35,0,23,0,30,0,0,0,0,0,0,0,0,72,0,34,75,0,0,0,56,0,54,0;0,39,0,38,0,24,0,0,0,0,0,0,0,0,40,72,37,0,0,60,0,21,54,49,0,61,67,0,23,21;69,27,0,0,44,55,0,73,0,59,66,0,26,25,0,0,0,40,0,0,34,45,61,77,0,0,75,0,20,65;36,23,0,36,0,63,28,31,68,0,23,57,30,30,41,39,74,22,46,0,0,0,76,58,53,38,0,0,0,0;0,34,62,0,0,36,0,67,60,26,0,20,0,31,0,29,20,66,66,61,21,0,0,0,0,49,69,0,51,0;0,0,29,64,0,58,0,0,0,0,46,59,0,41,0,0,67,0,67,0,0,0,0,0,69,0,73,68,73,73;44,61,0,44,22,0,32,26,0,34,71,66,57,31,51,67,34,40,0,0,40,55,69,0,0,45,80,44,0,0;69,0,0,0,0,28,0,47,0,80,57,46,34,0,0,71,0,20,42,0,0,0,0,63,0,25,66,30,30,0;0,77,33,0,25,26,32,0,0,42,0,20,0,46,0,59,20,56,0,55,0,0,61,74,0,0,0,71,55,33;80,32,0,53,39,0,0,44,34,0,0,51,49,0,33,52,0,0,37,30,0,0,75,44,0,37,0,69,0,0;0,0,59,39,0,36,54,39,63,0,0,0,34,69,47,44,63,24,0,0,0,0,0,39,61,0,78,0,21,69;71,0,64,79,63,0,45,52,21,65,0,0,0,53,0,0,0,69,41,77,23,0,0,20,0,60,34,20,0,58;48,40,0,0,0,27,0,44,0,68,0,0,35,49,0,59,0,53,63,40,0,0,80,0,0,80,38,32,26,0
0,35,26,29,22,34,0,0,28,0,35,20,0,32,37,25,0,0,0,39,0,0,0,0,37,0,24,35,0,21;0,0,39,24,21,31,0,33,0,20,0,0,28,23,23,0,0,0,0,0,0,36,0,32,26,34,34,36,32,0;27,26,0,37,36,28,40,30,0,29,39,26,0,34,0,34,27,24,37,0,0,0,24,28,33,0,0,0,0,33;29,0,0,0,0,35,0,20,35,37,37,0,37,33,0,27,22,24,34,37,0,0,33,0,0,27,39,0,32,39;24,0,0,20,0,24,27,20,0,29,29,27,40,30,31,0,37,0,0,40,35,0,0,26,0,26,0,0,30,0;0,28,0,21,31,0,0,36,40,38,0,34,33,29,32,37,0,0,30,0,0,0,27,22,33,30,0,20,0,40;33,0,24,20,0,20,0,36,28,0,32,0,39,39,0,0,0,36,0,20,23,30,0,30,36,40,0,21,37,0;29,0,26,37,23,29,0,0,35,0,31,0,33,39,0,0,40,0,36,24,40,0,0,34,22,23,27,20,0,0;25,0,29,0,39,33,26,23,0,0,26,0,32,0,27,25,20,0,0,29,36,35,0,39,33,0,0,0,22,0;24,32,39,0,31,28,0,28,0,0,23,31,0,0,23,36,39,40,0,0,40,39,0,26,0,0,29,27,25,0;22,31,28,32,38,0,0,0,33,0,0,20,27,33,0,26,23,34,28,0,0,0,19,36,33,26,33,0,20,0;24,33,0,23,0,33,0,32,22,28,0,0,29,39,34,0,0,38,0,0,0,0,0,23,34,37,0,20,32,33;0,0,0,28,25,0,0,27,27,26,0,20,0,21,32,0,0,31,28,0,0,37,0,0,0,0,0,25,0,24;0,0,0,0,40,0,0,0,33,0,0,30,0,0,29,0,22,0,0,40,38,0,40,0,0,35,39,0,33,32;0,24,32,20,0,30,37,29,0,21,0,32,0,0,0,39,27,30,24,0,40,29,0,26,0,0,0,0,34,0;21,38,0,26,33,21,23,0,24,40,0,40,0,23,20,0,35,27,34,39,20,37,23,24,39,23,0,39,0,38;21,0,0,33,22,23,0,0,28,35,39,27,23,30,0,0,0,37,34,27,36,25,0,35,24,19,35,0,40,0;23,29,36,0,24,0,39,0,39,0,32,0,0,0,0,0,0,0,0,29,0,28,23,0,0,0,38,0,30,0;0,28,0,30,0,20,0,0,0,0,0,0,0,0,30,34,36,0,0,29,0,21,34,29,0,20,24,0,37,33;36,37,0,0,34,35,0,31,0,34,37,0,25,25,0,0,0,34,0,0,24,30,20,26,0,0,26,0,30,38;24,20,0,36,0,28,20,37,40,0,39,39,22,26,40,25,25,40,22,0,0,0,34,24,40,32,0,0,0,0;0,33,33,0,0,25,0,23,40,38,0,20,0,21,0,24,23,28,39,23,39,0,0,0,0,28,38,0,23,0;0,0,37,26,0,23,0,0,0,0,34,25,0,36,0,0,24,0,32,0,0,0,0,0,21,0,23,21,21,30;27,40,0,36,33,0,34,36,0,40,38,20,32,39,37,27,39,26,0,0,24,29,33,0,0,32,30,39,0,0;27,0,0,0,0,36,0,31,0,28,22,36,35,0,0,26,0,24,25,0,0,0,0,38,0,39,33,33,26,0;0,28,30,0,24,31,24,0,0,37,0,37,0,21,0,30,40,27,0,34,0,0,38,31,0,0,0,30,31,39;25,40,0,35,35,0,0,32,24,0,0,30,40,0,38,21,0,0,38,29,0,0,34,32,0,37,0,38,0,0;0,0,37,39,0,39,32,30,32,0,0,0,30,27,23,27,21,36,0,0,0,0,0,37,25,0,25,0,23,32;37,0,40,29,31,0,30,26,36,30,0,0,0,39,0,0,0,24,37,33,27,0,0,34,0,39,33,23,0,28;35,22,0,0,0,20,0,29,0,27,0,0,31,38,0,22,0,25,29,35,0,0,35,0,0,36,22,23,36,0
-39,11,0,21,0,0,18,0,0,16,0,0,-7,-4,22,29,0,30,0,-2,0,-16,-24,0,-25,-19,0,0,-11,0
------------- End of Scenario k = 2 -------
0,20,75,55,53,61,0,0,42,0,42,78,0,22,32,44,0,0,0,74,0,0,0,0,40,0,58,77,0,43;0,0,55,25,28,77,0,45,0,55,0,0,41,77,34,0,0,0,0,0,0,51,0,53,58,49,77,50,50,0;80,62,0,68,80,69,36,29,0,31,57,62,0,70,0,60,66,57,40,0,0,0,32,70,38,0,0,0,0,30;70,0,0,0,0,80,0,39,67,73,47,0,74,52,0,66,52,51,41,47,0,0,38,0,0,71,44,0,80,54;76,0,0,71,0,32,27,46,0,45,57,68,54,35,68,0,71,0,0,48,71,0,0,35,0,62,0,0,28,0;0,39,0,39,71,0,0,80,33,78,0,35,60,80,54,77,0,0,24,0,0,0,73,47,23,50,0,43,0,33;64,0,21,76,0,45,0,49,34,0,43,0,70,75,0,0,0,54,0,31,75,59,0,27,39,31,0,21,53,0;63,0,41,57,60,53,0,0,74,0,34,0,39,73,0,0,43,0,39,40,76,0,0,61,61,59,37,37,0,0;28,0,53,0,25,33,64,47,0,0,80,0,24,0,63,76,72,0,0,80,43,63,0,55,47,0,0,0,25,0;45,47,80,0,50,54,0,75,0,0,39,60,0,0,36,32,80,69,0,0,44,39,0,76,0,0,54,61,52,0;20,78,30,49,58,0,0,0,51,0,0,32,22,77,0,29,61,44,40,0,0,0,80,64,57,58,45,0,20,0;21,26,0,20,0,55,0,64,36,68,0,0,80,80,77,0,0,72,0,0,0,0,0,42,47,80,0,56,44,23;0,0,0,44,43,0,0,61,62,71,0,49,0,49,50,0,0,72,24,0,0,57,0,0,0,0,0,45,0,79;0,0,0,0,42,0,0,0,39,0,0,36,0,0,33,0,61,0,0,52,66,0,22,0,0,75,74,0,27,44;0,25,34,59,0,55,61,23,0,57,0,44,0,0,0,21,75,71,78,0,80,61,0,33,0,0,0,0,68,0;22,48,0,64,62,63,34,0,30,51,0,45,0,61,75,0,59,41,74,44,31,80,40,47,43,62,0,80,0,64;48,0,0,69,39,69,0,0,40,62,78,70,70,25,0,0,0,52,70,48,39,80,0,68,78,35,59,0,52,0;23,22,76,0,72,0,74,0,29,0,74,0,0,0,0,0,0,0,0,63,0,55,73,0,0,0,35,0,39,0;0,75,0,50,0,38,0,0,0,0,0,0,0,0,65,77,37,0,0,23,0,56,64,51,0,72,63,0,73,22;27,64,0,0,44,76,0,51,0,79,25,0,48,60,0,0,0,37,0,0,24,78,31,39,0,0,30,0,46,73;48,73,0,50,0,65,39,41,57,0,68,70,67,44,59,53,28,54,35,0,0,0,36,25,80,33,0,0,0,0;0,66,50,0,0,30,0,31,24,77,0,49,0,75,0,51,71,36,49,23,46,0,0,0,0,75,64,0,44,0;0,0,41,46,0,80,0,0,0,0,49,75,0,72,0,0,77,0,74,0,0,0,0,0,32,0,34,76,78,77;51,38,0,61,23,0,34,42,0,35,25,20,80,39,77,52,40,61,0,0,73,30,36,0,0,24,80,45,0,0;52,0,0,0,0,47,0,27,0,27,53,33,53,0,0,45,0,63,22,0,0,0,0,38,0,54,58,64,62,0;0,69,35,0,50,39,75,0,0,40,0,74,0,29,0,29,33,29,0,24,0,0,66,41,0,0,0,30,35,36;67,60,0,39,51,0,0,67,58,0,0,25,33,0,78,38,0,0,28,64,0,0,80,47,0,76,0,46,0,0;0,0,60,42,0,31,75,58,20,0,0,0,69,61,23,29,33,64,0,0,0,0,0,22,58,0,55,0,49,80;28,0,35,34,58,0,34,49,31,79,0,0,0,77,0,0,0,62,21,50,38,0,0,60,0,77,55,68,0,27;80,48,0,0,0,49,0,73,0,45,0,0,80,41,0,20,0,74,26,65,0,0,80,0,0,80,69,61,80,0
0,38,33,29,26,23,0,0,28,0,24,26,0,32,38,34,0,0,0,24,0,0,0,0,40,0,20,40,0,27;0,0,30,23,20,27,0,27,0,40,0,0,33,24,20,0,0,0,0,0,0,32,0,28,23,30,23,37,23,0;37,23,0,37,21,29,22,32,0,24,36,36,0,34,0,28,28,25,27,0,0,0,40,36,39,0,0,0,0,40;23,0,0,0,0,22,0,27,21,28,33,0,38,38,0,39,23,36,26,20,0,0,16,0,0,26,39,0,23,31;35,0,0,23,0,39,22,27,0,29,28,23,35,40,22,0,30,0,0,21,33,0,0,36,0,37,0,0,29,0;0,33,0,35,29,0,0,35,29,27,0,30,24,17,27,25,0,0,36,0,0,0,25,29,38,30,0,25,0,39;37,0,25,24,0,34,0,28,32,0,26,0,36,26,0,0,0,39,0,27,31,36,0,27,38,27,0,40,35,0;38,0,24,21,27,39,0,0,26,0,22,0,33,22,0,0,20,0,20,32,32,0,0,23,37,24,35,20,0,0;36,0,38,0,29,27,37,22,0,0,36,0,35,0,40,24,33,0,0,38,32,25,0,23,37,0,0,0,21,0;29,30,23,0,26,30,0,25,0,0,26,34,0,0,29,34,21,33,0,0,40,31,0,28,0,0,29,34,33,0;35,22,40,29,34,0,0,0,39,0,0,36,32,31,0,21,36,31,36,0,0,0,31,35,34,38,30,0,30,0;21,34,0,38,0,28,0,28,36,38,0,0,29,40,29,0,0,35,0,0,0,0,0,35,25,29,0,23,23,23;0,0,0,32,24,0,0,27,35,21,0,26,0,20,26,0,0,38,23,0,0,29,0,0,0,0,0,40,0,25;0,0,0,0,36,0,0,0,28,0,0,25,0,0,26,0,28,0,0,22,29,0,35,0,0,33,20,0,33,39;0,34,26,23,0,38,40,39,0,22,0,22,0,0,0,28,40,30,27,0,33,38,0,29,0,0,0,0,25,0;37,21,0,33,30,36,23,0,40,27,0,20,0,28,30,0,22,24,38,31,39,34,34,32,40,32,0,27,0,33;23,0,0,23,32,31,0,0,33,32,26,34,22,39,0,0,0,20,37,24,33,40,0,32,20,23,20,0,34,0;38,36,26,0,40,0,22,0,34,0,20,0,0,0,0,0,0,0,0,23,0,26,34,0,0,0,37,0,30,0;0,33,0,35,0,25,0,0,0,0,0,0,0,0,38,25,23,0,0,25,0,22,24,22,0,28,40,0,29,40;28,29,0,0,24,35,0,29,0,30,24,0,23,33,0,0,0,39,0,0,39,23,38,37,0,0,26,0,39,20;36,38,0,30,0,34,26,25,39,0,27,33,21,25,21,31,25,31,30,0,0,0,23,35,33,27,0,0,0,0;0,34,31,0,0,24,0,35,33,27,0,34,0,39,0,39,38,23,23,40,32,0,0,0,0,33,29,0,28,0;0,0,40,38,0,28,0,0,0,0,40,20,0,36,0,0,24,0,22,0,0,0,0,0,30,0,37,30,33,30;32,36,0,21,36,0,31,38,0,25,22,39,20,23,22,23,32,28,0,0,34,22,38,0,0,28,40,22,0,0;30,0,0,0,0,36,0,20,0,21,33,39,26,0,0,35,0,21,29,0,0,0,0,29,0,21,38,38,40,0;0,37,39,0,39,29,26,0,0,34,0,32,0,31,0,27,36,37,0,37,0,0,20,34,0,0,0,38,22,23;24,38,0,33,36,0,0,33,28,0,0,31,20,0,26,37,0,0,22,38,0,0,37,32,0,26,0,25,0,0;0,0,40,26,0,37,26,26,27,0,0,0,37,31,32,23,26,39,0,0,0,0,0,26,20,0,21,0,34,39;39,0,22,25,23,0,20,26,35,36,0,0,0,24,0,0,0,36,29,29,37,0,0,33,0,23,26,26,0,40;21,33,0,0,0,31,0,26,0,24,0,0,39,33,0,22,0,34,38,21,0,0,35,0,0,38,33,40,30,0
-42,19,0,15,0,0,29,0,0,21,0,0,-5,-11,20,21,0,11,0,-2,0,-5,-17,0,-15,-24,0,0,-15,0
------------- End of Scenario k = 3 -------
0,52,39,20,64,60,0,0,31,0,30,28,0,74,47,65,0,0,0,78,0,0,0,0,36,0,23,44,0,39;0,0,80,60,39,23,0,58,0,20,0,0,22,43,38,0,0,0,0,0,0,32,0,48,80,50,43,69,62,0;54,72,0,30,80,43,40,78,0,78,45,74,0,72,0,31,20,48,54,0,0,0,33,47,26,0,0,0,0,36;48,0,0,0,0,80,0,25,33,30,21,0,66,73,0,35,21,35,71,39,0,0,80,0,0,49,34,0,80,72;72,0,0,80,0,41,74,45,0,74,64,56,43,22,75,0,67,0,0,68,80,0,0,52,0,40,0,0,28,0;0,73,0,40,23,0,0,71,41,79,0,22,73,80,24,47,0,0,46,0,0,0,51,64,60,39,0,33,0,40;28,0,63,57,0,75,0,37,26,0,63,0,34,80,0,0,0,42,0,43,78,60,0,70,21,75,0,58,24,0;54,0,44,23,62,66,0,0,39,0,59,0,55,35,0,0,62,0,25,73,69,0,0,77,24,61,57,22,0,0;46,0,72,0,62,36,64,50,0,0,62,0,34,0,47,73,48,0,0,80,53,68,0,33,32,0,0,0,60,0;31,37,53,0,77,79,0,63,0,0,25,76,0,0,45,54,80,71,0,0,72,26,0,52,0,0,55,38,48,0;23,51,22,37,44,0,0,0,25,0,0,20,66,65,0,29,80,39,64,0,0,0,80,73,71,23,69,0,54,0;28,66,0,79,0,62,0,29,75,57,0,0,80,30,52,0,0,38,0,0,0,0,0,37,66,80,0,63,44,55;0,0,0,47,67,0,0,52,22,49,0,48,0,64,42,0,0,76,62,0,0,60,0,0,0,0,0,65,0,64;0,0,0,0,35,0,0,0,72,0,0,53,0,0,68,0,76,0,0,74,77,0,31,0,0,57,46,0,24,62;0,50,69,64,0,80,62,55,0,21,0,70,0,0,0,57,31,46,45,0,80,80,0,26,0,0,0,0,59,0;75,38,0,55,50,71,32,0,80,38,0,25,0,22,32,0,48,67,36,40,44,80,31,65,54,35,0,43,0,20;75,0,0,24,65,36,0,0,49,40,70,54,54,30,0,0,0,80,78,60,43,72,0,33,43,80,44,0,61,0;56,60,36,0,27,0,34,0,24,0,77,0,0,0,0,0,0,0,0,49,0,79,31,0,0,0,54,0,76,0;0,43,0,69,0,79,0,0,0,0,0,0,0,0,28,51,66,0,0,74,0,20,60,75,0,39,64,0,79,60;27,49,0,0,54,41,0,58,0,37,57,0,53,34,0,0,0,28,0,0,70,66,59,46,0,0,63,0,70,52;63,61,0,49,0,71,56,77,22,0,69,29,75,80,43,22,64,59,79,0,0,0,62,25,79,26,0,0,0,0;0,43,67,0,0,79,0,40,59,50,0,41,0,40,0,62,40,60,55,65,46,0,0,0,0,79,23,0,29,0;0,0,69,63,0,56,0,0,0,0,31,79,0,35,0,0,52,0,48,0,0,0,0,0,72,0,30,65,38,64;66,40,0,53,68,0,29,28,0,34,25,36,50,49,59,62,56,20,0,0,37,58,23,0,0,25,80,36,0,0;78,0,0,0,0,31,0,21,0,37,69,69,79,0,0,60,0,26,73,0,0,0,0,73,0,23,39,22,51,0;0,64,54,0,47,75,73,0,0,23,0,24,0,34,0,53,50,60,0,23,0,0,68,68,0,0,0,79,67,54;80,70,0,80,61,0,0,72,72,0,0,52,65,0,34,68,0,0,65,51,0,0,80,47,0,66,0,25,0,0;0,0,42,46,0,57,32,74,64,0,0,0,69,42,41,31,69,62,0,0,0,0,0,55,47,0,79,0,39,80;54,0,26,40,29,0,71,70,56,66,0,0,0,68,0,0,0,67,53,64,46,0,0,49,0,53,36,79,0,68;80,59,0,0,0,79,0,38,0,30,0,0,39,31,0,49,0,27,67,50,0,0,80,0,0,80,75,33,80,0
0,39,29,20,24,35,0,0,28,0,26,27,0,38,29,28,0,0,0,38,0,0,0,0,23,0,28,40,0,39;0,0,20,20,32,35,0,26,0,30,0,0,31,23,28,0,0,0,0,0,0,39,0,38,32,31,27,38,22,0;35,30,0,21,35,39,27,38,0,31,29,36,0,28,0,32,23,30,32,0,0,0,39,30,37,0,0,0,0,26;33,0,0,0,0,26,0,20,25,20,32,0,20,28,0,39,20,23,31,20,0,0,37,0,0,27,27,0,31,24;27,0,0,35,0,32,30,27,0,34,21,20,37,40,20,0,24,0,0,32,32,0,0,32,0,26,0,0,40,0;0,31,0,24,39,0,0,25,31,40,0,22,25,25,22,29,0,0,27,0,0,0,36,32,40,26,0,34,0,34;40,0,23,27,0,22,0,37,37,0,39,0,30,36,0,0,0,31,0,37,25,37,0,29,17,33,0,35,22,0;27,0,23,25,22,20,0,0,27,0,25,0,27,23,0,0,26,0,23,27,24,0,0,26,28,38,35,28,0,0;29,0,32,0,35,39,24,27,0,0,26,0,32,0,37,39,26,0,0,38,25,35,0,36,26,0,0,0,29,0;28,22,28,0,33,39,0,31,0,0,31,27,0,0,32,23,32,37,0,0,20,33,0,34,0,0,30,37,31,0;23,39,29,34,34,0,0,0,28,0,0,16,40,25,0,36,25,30,25,0,0,0,11,31,38,32,22,0,40,0;31,25,0,26,0,39,0,36,20,27,0,0,13,19,29,0,0,29,0,0,0,0,0,26,36,11,0,31,35,29;0,0,0,30,23,0,0,23,35,40,0,38,0,21,25,0,0,25,27,0,0,22,0,0,0,0,0,35,0,33;0,0,0,0,20,0,0,0,38,0,0,27,0,0,36,0,29,0,0,22,22,0,28,0,0,34,24,0,29,39;0,29,28,26,0,33,29,21,0,38,0,33,0,0,0,35,32,26,23,0,19,32,0,29,0,0,0,0,16,0;40,24,0,38,29,23,36,0,23,40,0,33,0,39,28,0,30,33,22,19,30,34,34,30,24,40,0,26,0,24;30,0,0,22,30,31,0,0,31,21,20,31,22,25,0,0,0,33,34,39,20,37,0,22,23,38,23,0,27,0;22,21,32,0,38,0,30,0,28,0,37,0,0,0,0,0,0,0,0,39,0,30,25,0,0,0,31,0,38,0;0,37,0,37,0,28,0,0,0,0,0,0,0,0,22,32,32,0,0,40,0,33,32,39,0,38,32,0,20,24;38,36,0,0,32,23,0,31,0,30,36,0,37,20,0,0,0,35,0,0,39,35,24,28,0,0,27,0,33,39;38,25,0,40,0,23,34,28,21,0,31,23,23,14,34,35,35,27,25,0,0,0,21,14,38,24,0,0,0,0;0,37,25,0,0,32,0,35,23,27,0,40,0,22,0,23,34,37,30,30,33,0,0,0,0,34,28,0,25,0;0,0,34,28,0,24,0,0,0,0,33,28,0,25,0,0,24,0,40,0,0,0,0,0,33,0,33,21,24,38;33,40,0,20,36,0,27,35,0,30,40,20,32,39,33,38,26,23,0,0,35,24,39,0,0,38,31,34,0,0;30,0,0,0,0,40,0,32,0,23,27,35,27,0,0,29,0,40,37,0,0,0,0,21,0,29,23,23,29,0;0,22,26,0,36,35,31,0,0,38,0,30,0,22,0,20,30,26,0,21,0,0,22,31,0,0,0,26,32,23;33,32,0,33,25,0,0,31,27,0,0,30,39,0,36,23,0,0,31,39,0,0,29,27,0,27,0,22,0,0;0,0,38,28,0,39,24,21,28,0,0,0,38,30,29,33,32,27,0,0,0,0,0,28,36,0,29,0,20,31;37,0,29,25,28,0,31,38,23,28,0,0,0,37,0,0,0,31,37,40,23,0,0,22,0,31,26,37,0,36;35,38,0,0,0,30,0,39,0,22,0,0,24,39,0,40,0,25,21,24,0,0,33,0,0,21,27,24,25,0
-24,12,0,17,0,0,10,0,0,30,0,0,-1,-11,12,15,0,26,0,-6,0,-6,-8,0,-30,-27,0,0,-9,0
------------- End of Scenario k = 4 -------
0,79,60,58,62,58,0,0,59,0,23,67,0,45,59,35,0,0,0,20,0,0,0,0,34,0,26,40,0,56;0,0,80,76,42,30,0,70,0,33,0,0,66,35,25,0,0,0,0,0,0,76,0,41,37,39,42,77,60,0;29,71,0,47,56,60,38,46,0,47,22,39,0,38,0,43,46,70,70,0,0,0,34,34,75,0,0,0,0,42;42,0,0,0,0,68,0,43,31,59,28,0,44,63,0,24,42,59,57,27,0,0,64,0,0,80,67,0,80,37;48,0,0,31,0,65,39,46,0,65,31,45,48,53,47,0,32,0,0,33,71,0,0,24,0,30,0,0,66,0;0,60,0,55,32,0,0,80,70,69,0,30,44,70,54,58,0,0,64,0,0,0,80,60,80,32,0,64,0,63;47,0,66,46,0,45,0,52,28,0,44,0,39,54,0,0,0,43,0,75,70,23,0,68,24,60,0,29,46,0;40,0,66,30,77,75,0,0,35,0,71,0,24,37,0,0,65,0,76,44,28,0,0,51,22,63,32,31,0,0;29,0,64,0,31,50,51,59,0,0,45,0,69,0,75,29,22,0,0,80,62,21,0,66,27,0,0,0,69,0;80,36,28,0,67,70,0,71,0,0,62,78,0,0,55,57,80,36,0,0,75,37,0,54,0,0,56,70,45,0;47,72,65,42,65,0,0,0,66,0,0,80,25,28,0,21,37,74,41,0,0,0,80,41,45,72,35,0,80,0;59,63,0,63,0,79,0,28,70,43,0,0,80,32,63,0,0,41,0,0,0,0,0,52,42,49,0,28,71,64;0,0,0,40,51,0,0,40,67,52,0,31,0,62,67,0,0,32,79,0,0,80,0,0,0,0,0,42,0,74;0,0,0,0,31,0,0,0,47,0,0,20,0,0,34,0,52,0,0,57,75,0,31,0,0,47,53,0,29,46;0,70,30,72,0,55,51,60,0,40,0,68,0,0,0,56,75,73,54,0,80,40,0,65,0,0,0,0,37,0;71,51,0,74,20,40,60,0,31,72,0,24,0,20,80,0,74,24,67,80,34,80,35,79,66,29,0,75,0,22;80,0,0,67,50,70,0,0,66,72,56,39,53,63,0,0,0,66,78,60,35,80,0,27,54,68,61,0,65,0;40,34,46,0,46,0,39,0,62,0,54,0,0,0,0,0,0,0,0,50,0,76,49,0,0,0,72,0,56,0;0,72,0,68,0,79,0,0,0,0,0,0,0,0,30,42,78,0,0,62,0,63,68,31,0,39,39,0,29,33;60,22,0,0,44,70,0,70,0,79,60,0,75,50,0,0,0,50,0,0,40,32,32,32,0,0,32,0,70,59;44,60,0,72,0,36,44,66,72,0,46,29,42,80,34,55,54,74,78,0,0,0,45,80,80,80,0,0,0,0;0,48,52,0,0,58,0,58,75,58,0,53,0,40,0,74,67,65,39,61,78,0,0,0,0,39,31,0,44,0;0,0,56,40,0,67,0,0,0,0,22,65,0,32,0,0,50,0,32,0,0,0,0,0,31,0,54,25,20,62;79,22,0,32,76,0,64,25,0,56,77,35,71,67,34,24,20,29,0,0,45,23,40,0,0,57,22,60,0,0;46,0,0,0,0,78,0,42,0,80,64,53,43,0,0,46,0,74,31,0,0,0,0,30,0,37,61,62,38,0;0,79,63,0,75,21,71,0,0,25,0,47,0,64,0,55,38,80,0,73,0,0,73,20,0,0,0,28,60,67;67,56,0,28,78,0,0,24,61,0,0,58,21,0,75,58,0,0,73,27,0,0,43,63,0,71,0,70,0,0;0,0,43,72,0,41,29,67,80,0,0,0,26,20,29,80,68,35,0,0,0,0,0,34,51,0,37,0,23,80;75,0,59,32,60,0,30,64,51,79,0,0,0,76,0,0,0,56,75,62,59,0,0,52,0,41,53,46,0,79;80,51,0,0,0,24,0,48,0,71,0,0,80,43,0,48,0,72,69,30,0,0,80,0,0,80,62,59,80,0
0,31,22,24,24,29,0,0,22,0,26,24,0,21,21,23,0,0,0,27,0,0,0,0,26,0,35,32,0,27;0,0,35,32,31,25,0,25,0,30,0,0,32,30,40,0,0,0,0,0,0,31,0,29,40,36,25,20,33,0;32,28,0,28,35,24,31,30,0,26,34,22,0,34,0,37,21,35,30,0,0,0,39,35,32,0,0,0,0,20;34,0,0,0,0,30,0,31,34,38,29,0,37,37,0,30,25,36,39,39,0,0,33,0,0,29,37,0,31,32;30,0,0,20,0,25,31,20,0,36,23,30,33,21,24,0,34,0,0,22,32,0,0,22,0,25,0,0,29,0;0,27,0,27,24,0,0,30,33,24,0,26,31,31,23,34,0,0,39,0,0,0,24,20,37,22,0,28,0,23;27,0,37,24,0,39,0,22,30,0,32,0,34,30,0,0,0,34,0,23,28,22,0,27,34,22,0,36,23,0;23,0,34,20,34,40,0,0,34,0,26,0,30,25,0,0,27,0,20,22,23,0,0,26,32,35,32,24,0,0;40,0,20,0,20,24,40,30,0,0,38,0,22,0,35,27,20,0,0,34,34,36,0,34,35,0,0,0,25,0;27,22,24,0,38,30,0,28,0,0,32,34,0,0,22,24,23,20,0,0,27,35,0,35,0,0,38,37,31,0;23,33,39,31,29,0,0,0,30,0,0,28,33,26,0,32,40,22,34,0,0,0,32,33,26,36,36,0,34,0;38,40,0,35,0,23,0,24,32,31,0,0,34,28,31,0,0,37,0,0,0,0,0,21,21,30,0,26,33,21;0,0,0,35,38,0,0,36,29,37,0,23,0,29,27,0,0,22,33,0,0,20,0,0,0,0,0,29,0,20;0,0,0,0,20,0,0,0,20,0,0,33,0,0,22,0,27,0,0,27,37,0,38,0,0,23,21,0,38,25;0,39,34,35,0,31,25,32,0,34,0,39,0,0,0,37,32,38,40,0,36,24,0,31,0,0,0,0,27,0;22,32,0,23,38,25,27,0,39,28,0,22,0,38,35,0,32,31,40,32,26,34,27,38,35,21,0,39,0,25;39,0,0,21,32,20,0,0,28,36,23,36,40,21,0,0,0,29,10,29,40,14,0,33,40,19,30,0,40,0;25,33,37,0,22,0,23,0,20,0,21,0,0,0,0,0,0,0,0,20,0,39,27,0,0,0,25,0,35,0;0,23,0,22,0,38,0,0,0,0,0,0,0,0,39,30,34,0,0,37,0,30,35,21,0,26,27,0,26,21;39,20,0,0,21,21,0,38,0,40,39,0,36,34,0,0,0,24,0,0,34,25,31,37,0,0,32,0,36,22;23,38,0,39,0,31,39,25,25,0,26,29,24,39,22,24,36,27,21,0,0,0,33,29,37,40,0,0,0,0;0,27,28,0,0,37,0,22,33,29,0,25,0,24,0,38,40,35,30,35,26,0,0,0,0,38,32,0,26,0;0,0,22,29,0,32,0,0,0,0,33,33,0,20,0,0,23,0,25,0,0,0,0,0,29,0,33,31,31,20;21,26,0,23,28,0,33,29,0,22,26,26,23,33,25,39,26,31,0,0,23,20,35,0,0,33,28,39,0,0;29,0,0,0,0,30,0,27,0,23,35,36,26,0,0,24,0,24,27,0,0,0,0,25,0,23,38,22,33,0;0,26,36,0,35,29,24,0,0,31,0,24,0,28,0,26,21,39,0,28,0,0,22,36,0,0,0,24,38,21;30,34,0,35,26,0,0,37,20,0,0,34,29,0,31,31,0,0,33,24,0,0,30,33,0,32,0,20,0,0;0,0,22,34,0,31,29,33,35,0,0,0,23,20,40,33,39,33,0,0,0,0,0,29,24,0,27,0,34,35;29,0,31,33,20,0,35,39,32,38,0,0,0,24,0,0,0,37,24,29,34,0,0,27,0,40,28,24,0,38;29,23,0,0,0,20,0,37,0,25,0,0,39,32,0,36,0,24,33,23,0,0,31,0,0,30,37,27,37,0
-36,21,0,29,0,0,27,0,0,10,0,0,-9,-20,18,28,0,21,0,-6,0,-13,-15,0,-33,-13,0,0,-9,0
------------- End of Scenario k = 5 -------
0,37,72,56,63,43,0,0,25,0,79,73,0,74,41,45,0,0,0,67,0,0,0,0,22,0,56,30,0,54;0,0,80,54,76,79,0,49,0,54,0,0,80,44,80,0,0,0,0,0,0,79,0,30,75,22,65,25,40,0;80,75,0,67,35,54,79,40,0,54,75,79,0,41,0,57,32,67,71,0,0,0,72,20,30,0,0,0,0,61;67,0,0,0,0,80,0,25,27,39,65,0,51,72,0,51,55,64,32,51,0,0,80,0,0,80,30,0,63,40;59,0,0,62,0,62,66,28,0,67,31,36,75,74,76,0,77,0,0,21,68,0,0,44,0,43,0,0,29,0;0,47,0,74,61,0,0,72,36,30,0,41,56,80,25,49,0,0,30,0,0,0,39,24,38,31,0,36,0,58;47,0,64,59,0,21,0,62,80,0,36,0,52,24,0,0,0,41,0,53,59,28,0,75,35,46,0,20,48,0;66,0,26,75,76,33,0,0,57,0,68,0,78,30,0,0,46,0,57,52,44,0,0,20,60,29,26,74,0,0;75,0,64,0,40,22,65,74,0,0,80,0,21,0,71,31,77,0,0,48,59,30,0,71,71,0,0,0,73,0;46,79,67,0,52,45,0,69,0,0,35,38,0,0,79,54,80,61,0,0,63,26,0,48,0,0,25,71,61,0;26,58,39,61,77,0,0,0,46,0,0,49,50,26,0,80,37,36,20,0,0,0,80,52,63,59,61,0,34,0;42,43,0,80,0,48,0,76,52,32,0,0,34,35,29,0,0,64,0,0,0,0,0,22,59,80,0,25,74,70;0,0,0,42,55,0,0,42,73,44,0,75,0,77,56,0,0,71,52,0,0,67,0,0,0,0,0,55,0,44;0,0,0,0,37,0,0,0,79,0,0,52,0,0,74,0,57,0,0,44,59,0,47,0,0,22,80,0,40,62;0,30,26,73,0,34,58,23,0,37,0,49,0,0,0,69,63,20,21,0,20,80,0,24,0,0,0,0,39,0;56,75,0,40,67,73,48,0,50,80,0,35,0,41,48,0,27,21,61,80,71,80,74,77,26,41,0,42,0,69;29,0,0,40,75,76,0,0,75,51,80,38,74,41,0,0,0,57,80,54,75,80,0,77,42,80,70,0,71,0;42,45,25,0,29,0,64,0,47,0,73,0,0,0,0,0,0,0,0,45,0,47,29,0,0,0,56,0,22,0;0,45,0,68,0,44,0,0,0,0,0,0,0,0,35,37,72,0,0,51,0,35,46,73,0,36,45,0,36,40;48,73,0,0,43,71,0,56,0,66,68,0,38,66,0,0,0,58,0,0,29,58,69,67,0,0,23,0,55,27;75,48,0,21,0,76,38,77,78,0,40,25,71,80,64,27,80,43,69,0,0,0,41,44,71,80,0,0,0,0;0,22,37,0,0,64,0,31,28,55,0,64,0,66,0,78,43,20,52,62,34,0,0,0,0,54,66,0,52,0;0,0,58,20,0,55,0,0,0,0,35,38,0,30,0,0,25,0,78,0,0,0,0,0,44,0,65,35,35,32;20,26,0,54,65,0,64,26,0,32,23,65,80,33,36,61,48,26,0,0,74,41,50,0,0,26,72,79,0,0;25,0,0,0,0,22,0,74,0,43,38,57,21,0,0,73,0,27,52,0,0,0,0,54,0,28,57,65,60,0;0,68,35,0,80,53,62,0,0,59,0,37,0,28,0,31,49,44,0,31,0,0,32,42,0,0,0,30,70,68;78,25,0,32,51,0,0,41,58,0,0,54,78,0,35,45,0,0,38,68,0,0,27,60,0,66,0,72,0,0;0,0,78,35,0,80,26,51,77,0,0,0,20,62,27,31,64,66,0,0,0,0,0,80,20,0,44,0,58,80;77,0,67,23,39,0,57,63,48,68,0,0,0,67,0,0,0,20,74,37,51,0,0,64,0,59,65,76,0,42;80,41,0,0,0,58,0,77,0,20,0,0,80,24,0,74,0,68,70,25,0,0,80,0,0,37,52,66,80,0
0,39,23,30,35,36,0,0,40,0,29,32,0,24,24,22,0,0,0,39,0,0,0,0,32,0,24,32,0,31;0,0,40,20,38,34,0,30,0,25,0,0,24,32,34,0,0,0,0,0,0,21,0,25,28,39,36,30,31,0;37,31,0,35,40,20,36,21,0,25,29,25,0,23,0,29,39,34,23,0,0,0,25,36,35,0,0,0,0,21;40,0,0,0,0,31,0,28,27,33,24,0,20,22,0,28,28,37,22,37,0,0,22,0,0,40,22,0,17,39;22,0,0,25,0,27,39,30,0,29,40,27,21,22,40,0,26,0,0,27,22,0,0,35,0,24,0,0,34,0;0,27,0,31,26,0,0,38,37,24,0,22,40,32,26,40,0,0,29,0,0,0,30,20,33,32,0,22,0,33;39,0,32,31,0,37,0,28,35,0,36,0,37,22,0,0,0,34,0,32,28,26,0,22,30,21,0,25,24,0;32,0,40,36,29,25,0,0,40,0,37,0,22,37,0,0,30,0,23,40,38,0,0,32,35,32,35,22,0,0;28,0,20,0,32,28,39,30,0,0,27,0,32,0,23,23,23,0,0,40,32,21,0,31,26,0,0,0,20,0;27,26,30,0,36,37,0,35,0,0,38,25,0,0,32,21,40,25,0,0,22,35,0,38,0,0,36,33,21,0;33,29,24,22,35,0,0,0,33,0,0,35,32,31,0,33,32,38,31,0,0,0,18,38,35,25,33,0,20,0;36,27,0,22,0,38,0,40,39,28,0,0,27,33,24,0,0,33,0,0,0,0,0,33,24,22,0,28,26,35;0,0,0,34,22,0,0,32,40,25,0,40,0,30,29,0,0,35,32,0,0,25,0,0,0,0,0,26,0,22;0,0,0,0,25,0,0,0,20,0,0,35,0,0,35,0,30,0,0,35,37,0,39,0,0,31,31,0,27,36;0,29,29,40,0,40,29,25,0,34,0,38,0,0,0,35,40,26,24,0,39,36,0,21,0,0,0,0,29,0;25,35,0,34,38,34,30,0,36,38,0,24,0,24,21,0,35,26,24,26,34,28,26,32,38,32,0,32,0,26;31,0,0,23,24,33,0,0,37,24,34,27,28,31,0,0,0,37,33,39,32,37,0,22,21,29,21,0,21,0;26,26,28,0,20,0,25,0,32,0,26,0,0,0,0,0,0,0,0,39,0,21,27,0,0,0,28,0,23,0;0,21,0,36,0,21,0,0,0,0,0,0,0,0,37,30,37,0,0,28,0,39,24,34,0,37,37,0,21,24;23,35,0,0,39,37,0,33,0,31,29,0,29,31,0,0,0,28,0,0,40,30,40,33,0,0,22,0,28,20;31,20,0,21,0,22,28,37,34,0,34,28,24,30,24,22,40,31,20,0,0,0,25,30,25,36,0,0,0,0;0,25,35,0,0,37,0,32,22,38,0,39,0,39,0,28,21,25,33,36,29,0,0,0,0,31,23,0,37,0;0,0,27,36,0,22,0,0,0,0,35,36,0,26,0,0,36,0,23,0,0,0,0,0,39,0,21,27,24,26;21,22,0,27,29,0,39,22,0,33,37,34,22,28,27,35,39,29,0,0,36,29,39,0,0,35,32,23,0,0;22,0,0,0,0,35,0,37,0,40,32,23,21,0,0,29,0,23,20,0,0,0,0,29,0,34,33,40,32,0;0,32,29,0,22,34,25,0,0,26,0,28,0,22,0,25,25,25,0,35,0,0,29,29,0,0,0,26,34,21;29,21,0,26,25,0,0,25,38,0,0,27,34,0,22,25,0,0,24,30,0,0,25,28,0,32,0,31,0,0;0,0,39,38,0,27,39,37,20,0,0,0,31,20,28,28,30,32,0,0,0,0,0,25,36,0,24,0,40,22;31,0,26,32,34,0,36,20,28,24,0,0,0,38,0,0,0,26,23,38,37,0,0,32,0,32,40,35,0,26;33,35,0,0,0,21,0,25,0,33,0,0,22,20,0,24,0,27,39,33,0,0,23,0,0,38,28,27,33,0
-47,27,0,17,0,0,10,0,0,26,0,0,-3,-5,22,22,0,13,0,-3,0,-16,-4,0,-25,-27,0,0,-7,0
------------- End of Scenario k = 6 -------
0,40,69,29,60,70,0,0,20,0,36,78,0,20,26,76,0,0,0,80,0,0,0,0,56,0,45,69,0,75;0,0,80,42,55,39,0,80,0,20,0,0,55,61,53,0,0,0,0,0,0,23,0,80,57,58,59,51,66,0;80,51,0,25,35,55,21,75,0,45,24,52,0,57,0,71,58,25,25,0,0,0,44,64,35,0,0,0,0,75;74,0,0,0,0,80,0,20,80,62,64,0,51,20,0,30,59,77,48,79,0,0,45,0,0,39,71,0,67,32;24,0,0,71,0,20,29,42,0,73,33,49,64,20,35,0,79,0,0,57,72,0,0,56,0,47,0,0,62,0;0,26,0,30,44,0,0,80,54,36,0,42,78,80,49,45,0,0,39,0,0,0,39,79,71,71,0,68,0,72;26,0,79,39,0,40,0,28,46,0,32,0,49,25,0,0,0,39,0,23,38,53,0,61,68,80,0,33,55,0;72,0,22,68,55,37,0,0,57,0,52,0,80,54,0,0,79,0,58,52,43,0,0,58,80,63,79,49,0,0;76,0,77,0,50,78,27,32,0,0,47,0,24,0,55,39,20,0,0,80,26,58,0,23,38,0,0,0,38,0;46,71,78,0,72,35,0,42,0,0,46,74,0,0,58,44,80,57,0,0,65,55,0,79,0,0,30,20,55,0;58,73,40,63,57,0,0,0,63,0,0,80,75,31,0,22,75,27,45,0,0,0,75,46,51,61,45,0,80,0;68,27,0,59,0,75,0,76,80,53,0,0,80,28,55,0,0,51,0,0,0,0,0,26,30,80,0,44,75,80;0,0,0,70,56,0,0,48,59,73,0,37,0,30,60,0,0,51,59,0,0,54,0,0,0,0,0,35,0,40;0,0,0,0,22,0,0,0,47,0,0,69,0,0,69,0,72,0,0,55,75,0,64,0,0,32,60,0,43,20;0,35,55,75,0,73,24,24,0,67,0,27,0,0,0,35,50,77,36,0,43,28,0,39,0,0,0,0,80,0;24,42,0,77,43,65,54,0,25,70,0,46,0,33,44,0,22,43,24,80,66,80,38,32,80,68,0,80,0,61;63,0,0,40,38,68,0,0,44,67,53,60,69,78,0,0,0,28,30,32,52,32,0,34,31,80,21,0,61,0;60,59,59,0,25,0,33,0,43,0,21,0,0,0,0,0,0,0,0,49,0,22,76,0,0,0,63,0,62,0;0,68,0,47,0,23,0,0,0,0,0,0,0,0,56,37,53,0,0,53,0,49,38,78,0,29,75,0,61,42;45,31,0,0,74,54,0,34,0,37,67,0,21,54,0,0,0,41,0,0,68,30,36,79,0,0,49,0,76,48;31,52,0,60,0,27,22,75,75,0,70,29,66,37,37,40,35,32,45,0,0,0,70,80,26,39,0,0,0,0;0,39,61,0,0,33,0,39,43,78,0,56,0,31,0,61,61,61,61,22,41,0,0,0,0,64,29,0,41,0;0,0,41,24,0,58,0,0,0,0,68,59,0,62,0,0,55,0,33,0,0,0,0,0,40,0,20,40,38,35;69,75,0,56,42,0,78,31,0,43,20,20,53,49,65,23,47,27,0,0,44,42,50,0,0,37,31,74,0,0;31,0,0,0,0,45,0,63,0,43,53,58,59,0,0,71,0,66,52,0,0,0,0,44,0,24,57,58,41,0;0,73,79,0,32,53,80,0,0,68,0,28,0,60,0,77,32,71,0,30,0,0,66,57,0,0,0,38,59,34;42,60,0,34,47,0,0,68,61,0,0,65,45,0,43,73,0,0,57,56,0,0,39,41,0,25,0,53,0,0;0,0,69,62,0,71,25,23,68,0,0,0,20,79,42,44,67,71,0,0,0,0,0,63,43,0,70,0,40,65;80,0,35,64,78,0,65,47,61,58,0,0,0,22,0,0,0,39,30,23,20,0,0,48,0,28,48,32,0,50;80,25,0,0,0,20,0,52,0,38,0,0,50,57,0,75,0,58,72,60,0,0,52,0,0,77,71,50,69,0
0,39,24,34,38,20,0,0,34,0,26,22,0,28,33,36,0,0,0,36,0,0,0,0,40,0,21,30,0,24;0,0,32,26,36,23,0,23,0,39,0,0,32,30,22,0,0,0,0,0,0,30,0,32,31,37,23,22,35,0;25,29,0,37,40,26,26,31,0,38,37,31,0,37,0,31,23,24,40,0,0,0,32,32,20,0,0,0,0,23;23,0,0,0,0,33,0,20,39,31,32,0,24,38,0,39,30,29,34,20,0,0,40,0,0,30,24,0,34,36;31,0,0,28,0,37,20,23,0,37,25,33,20,24,37,0,30,0,0,31,25,0,0,32,0,35,0,0,39,0;0,27,0,32,27,0,0,37,40,31,0,30,27,38,40,38,0,0,27,0,0,0,25,28,35,36,0,22,0,40;25,0,24,39,0,28,0,36,36,0,35,0,35,25,0,0,0,25,0,29,40,39,0,28,24,31,0,38,39,0;25,0,21,39,33,26,0,0,22,0,31,0,34,34,0,0,40,0,29,36,29,0,0,37,34,39,23,25,0,0;28,0,38,0,27,38,38,22,0,0,30,0,30,0,25,26,34,0,0,36,23,31,0,30,20,0,0,0,34,0;37,26,22,0,37,30,0,32,0,0,37,22,0,0,31,31,37,40,0,0,25,21,0,40,0,0,28,33,37,0;26,37,32,40,40,0,0,0,33,0,0,38,32,32,0,27,26,27,21,0,0,0,38,21,34,38,25,0,24,0;26,27,0,21,0,35,0,32,38,37,0,0,36,27,33,0,0,31,0,0,0,0,0,31,31,26,0,31,28,28;0,0,0,26,26,0,0,32,38,37,0,39,0,32,40,0,0,29,35,0,0,34,0,0,0,0,0,31,0,31;0,0,0,0,25,0,0,0,22,0,0,36,0,0,31,0,30,0,0,33,28,0,23,0,0,21,39,0,33,20;0,22,33,37,0,26,35,38,0,22,0,24,0,0,0,32,26,25,34,0,34,31,0,27,0,0,0,0,21,0;26,37,0,24,40,33,24,0,36,40,0,29,0,21,35,0,23,21,34,28,27,32,29,33,32,37,0,28,0,35;31,0,0,36,38,25,0,0,40,30,28,23,28,35,0,0,0,26,34,36,35,40,0,32,26,40,29,0,21,0;29,24,20,0,40,0,34,0,21,0,36,0,0,0,0,0,0,0,0,31,0,26,30,0,0,0,26,0,32,0;0,27,0,23,0,31,0,0,0,0,0,0,0,0,39,30,31,0,0,23,0,34,20,20,0,28,40,0,23,37;20,28,0,0,21,29,0,30,0,36,35,0,38,21,0,0,0,24,0,0,30,36,20,38,0,0,23,0,35,29;37,35,0,28,0,22,37,24,40,0,34,23,32,21,22,24,32,40,40,0,0,0,32,17,38,29,0,0,0,0;0,22,32,0,0,25,0,35,40,35,0,30,0,32,0,34,26,37,27,32,26,0,0,0,0,27,36,0,21,0;0,0,38,27,0,36,0,0,0,0,23,39,0,34,0,0,36,0,31,0,0,0,0,0,36,0,36,28,23,20;28,22,0,38,31,0,23,39,0,26,38,38,29,20,23,26,40,37,0,0,36,24,20,0,0,25,21,22,0,0;25,0,0,0,0,25,0,28,0,38,28,40,30,0,0,28,0,25,30,0,0,0,0,30,0,27,29,23,38,0;0,28,22,0,32,22,25,0,0,36,0,24,0,28,0,31,25,25,0,27,0,0,24,26,0,0,0,33,21,34;39,38,0,28,36,0,0,39,36,0,0,39,32,0,27,29,0,0,33,23,0,0,17,27,0,34,0,38,0,0;0,0,36,28,0,27,40,24,36,0,0,0,30,28,28,30,30,32,0,0,0,0,0,22,35,0,25,0,30,31;40,0,23,34,27,0,26,40,29,20,0,0,0,37,0,0,0,33,29,24,29,0,0,24,0,26,31,28,0,31;30,27,0,0,0,35,0,33,0,23,0,0,27,20,0,26,0,32,38,24,0,0,25,0,0,31,30,25,29,0
-57,24,0,30,0,0,23,0,0,29,0,0,-5,-18,12,23,0,24,0,-2,0,-18,-16,0,-25,-14,0,0,-10,0
------------- End of Scenario k = 7 -------
0,55,44,62,72,80,0,0,54,0,60,79,0,44,67,74,0,0,0,68,0,0,0,0,30,0,64,80,0,74;0,0,80,78,23,57,0,58,0,25,0,0,29,41,21,0,0,0,0,0,0,25,0,23,80,80,57,71,76,0;32,33,0,26,67,52,22,69,0,48,32,46,0,34,0,37,61,33,46,0,0,0,33,57,63,0,0,0,0,66;33,0,0,0,0,75,0,60,20,52,30,0,31,66,0,70,52,42,44,40,0,0,80,0,0,22,32,0,40,49;67,0,0,27,0,77,56,40,0,38,56,24,37,55,73,0,57,0,0,20,26,0,0,47,0,23,0,0,25,0;0,65,0,44,61,0,0,80,52,72,0,76,21,74,64,44,0,0,27,0,0,0,60,41,53,65,0,42,0,63;47,0,71,76,0,63,0,48,60,0,49,0,68,70,0,0,0,75,0,65,54,35,0,71,64,40,0,55,67,0;73,0,76,54,47,59,0,0,49,0,43,0,60,25,0,0,32,0,35,60,28,0,0,42,36,60,64,79,0,0;67,0,58,0,52,47,55,68,0,0,35,0,54,0,27,34,79,0,0,31,42,69,0,74,73,0,0,0,65,0;45,61,54,0,60,48,0,41,0,0,49,57,0,0,71,67,80,54,0,0,79,37,0,66,0,0,65,59,35,0;33,74,39,46,50,0,0,0,46,0,0,67,60,28,0,51,61,48,75,0,0,0,25,28,47,75,59,0,35,0;33,79,0,58,0,45,0,66,21,20,0,0,47,80,57,0,0,36,0,0,0,0,0,69,25,80,0,26,24,75;0,0,0,72,55,0,0,60,50,79,0,54,0,58,27,0,0,55,54,0,0,58,0,0,0,0,0,78,0,47;0,0,0,0,36,0,0,0,43,0,0,43,0,0,60,0,70,0,0,80,66,0,70,0,0,35,20,0,62,30;0,68,48,33,0,68,32,51,0,36,0,48,0,0,0,21,53,71,26,0,80,80,0,50,0,0,0,0,34,0;58,32,0,75,73,31,20,0,76,34,0,65,0,53,47,0,28,55,80,80,34,43,43,41,80,46,0,24,0,24;80,0,0,78,46,72,0,0,21,60,34,74,78,55,0,0,0,22,80,73,68,80,0,78,30,80,69,0,47,0;72,71,73,0,37,0,66,0,50,0,69,0,0,0,0,0,0,0,0,21,0,59,37,0,0,0,70,0,30,0;0,57,0,22,0,38,0,0,0,0,0,0,0,0,70,22,51,0,0,65,0,25,80,35,0,26,80,0,62,56;38,33,0,0,35,25,0,68,0,75,22,0,38,21,0,0,0,69,0,0,64,75,69,43,0,0,39,0,23,67;58,69,0,51,0,36,61,73,68,0,47,67,37,80,63,22,60,41,70,0,0,0,80,80,80,26,0,0,0,0;0,62,28,0,0,61,0,40,26,33,0,58,0,65,0,69,39,41,65,25,49,0,0,0,0,50,47,0,31,0;0,0,36,36,0,66,0,0,0,0,62,21,0,78,0,0,21,0,80,0,0,0,0,0,21,0,41,34,20,29;80,35,0,43,21,0,47,27,0,20,39,47,80,53,43,65,35,70,0,0,23,78,67,0,0,31,20,56,0,0;64,0,0,0,0,67,0,61,0,64,68,50,51,0,0,73,0,26,63,0,0,0,0,74,0,30,23,34,48,0;0,56,53,0,54,26,48,0,0,43,0,42,0,26,0,52,26,58,0,45,0,0,59,55,0,0,0,22,59,60;28,40,0,54,51,0,0,24,59,0,0,70,75,0,66,72,0,0,50,46,0,0,49,49,0,28,0,80,0,0;0,0,39,33,0,54,64,29,52,0,0,0,38,30,21,47,36,40,0,0,0,0,0,38,79,0,37,0,71,80;67,0,80,62,30,0,27,50,80,56,0,0,0,77,0,0,0,26,35,69,49,0,0,48,0,23,25,49,0,43;80,26,0,0,0,24,0,37,0,33,0,0,80,58,0,52,0,47,76,52,0,0,22,0,0,50,34,62,62,0
0,39,31,30,37,21,0,0,26,0,34,38,0,39,23,21,0,0,0,24,0,0,0,0,35,0,27,22,0,28;0,0,22,38,29,34,0,38,0,20,0,0,39,20,40,0,0,0,0,0,0,20,0,31,29,23,23,36,40,0;21,26,0,39,29,20,33,35,0,33,36,40,0,36,0,37,36,29,20,0,0,0,38,29,40,0,0,0,0,34;35,0,0,0,0,31,0,22,31,36,39,0,33,38,0,37,23,21,28,26,0,0,33,0,0,30,33,0,28,31;21,0,0,21,0,39,28,26,0,31,38,37,38,25,28,0,37,0,0,30,32,0,0,29,0,22,0,0,20,0;0,33,0,40,38,0,0,34,22,23,0,34,24,36,38,40,0,0,26,0,0,0,26,22,28,27,0,23,0,38;34,0,36,27,0,23,0,23,40,0,20,0,37,20,0,0,0,25,0,22,25,21,0,37,27,35,0,27,36,0;28,0,20,23,22,40,0,0,27,0,20,0,39,21,0,0,35,0,39,33,26,0,0,24,40,38,40,22,0,0;36,0,23,0,38,38,24,32,0,0,32,0,34,0,39,32,28,0,0,33,31,39,0,35,27,0,0,0,32,0;28,36,37,0,32,36,0,31,0,0,36,31,0,0,27,26,37,33,0,0,28,21,0,37,0,0,20,23,28,0;23,37,23,38,21,0,0,0,25,0,0,37,21,34,0,37,39,28,30,0,0,0,30,33,35,24,39,0,34,0;28,40,0,30,0,35,0,27,34,25,0,0,31,34,37,0,0,38,0,0,0,0,0,29,38,40,0,35,36,29;0,0,0,29,36,0,0,38,26,21,0,34,0,37,30,0,0,27,26,0,0,29,0,0,0,0,0,35,0,39;0,0,0,0,25,0,0,0,24,0,0,39,0,0,20,0,40,0,0,29,30,0,24,0,0,36,20,0,20,40;0,32,36,39,0,28,38,29,0,24,0,30,0,0,0,39,38,30,26,0,16,16,0,33,0,0,0,0,15,0;29,21,0,30,34,34,22,0,33,34,0,20,0,34,31,0,22,33,23,32,38,31,28,30,35,25,0,34,0,22;36,0,0,24,22,25,0,0,21,37,32,22,20,33,0,0,0,26,26,29,21,32,0,33,39,28,31,0,28,0;31,32,40,0,33,0,37,0,21,0,40,0,0,0,0,0,0,0,0,29,0,20,29,0,0,0,38,0,35,0;0,26,0,35,0,33,0,0,0,0,0,0,0,0,26,34,31,0,0,32,0,26,22,20,0,35,38,0,23,22;33,30,0,0,33,33,0,36,0,28,39,0,22,20,0,0,0,30,0,0,22,34,24,33,0,0,28,0,33,21;27,32,0,27,0,30,30,31,32,0,23,29,21,32,34,39,20,24,38,0,0,0,29,12,29,32,0,0,0,0;0,37,28,0,0,31,0,24,34,20,0,26,0,35,0,35,25,27,24,38,37,0,0,0,0,28,21,0,25,0;0,0,37,31,0,29,0,0,0,0,21,38,0,20,0,0,22,0,21,0,0,0,0,0,22,0,40,24,27,35;38,33,0,27,36,0,22,40,0,22,20,23,29,31,30,21,31,35,0,0,40,24,38,0,0,35,11,23,0,0;39,0,0,0,0,23,0,28,0,20,40,34,29,0,0,39,0,32,37,0,0,0,0,30,0,31,23,35,21,0;0,29,28,0,20,22,27,0,0,28,0,37,0,29,0,20,31,40,0,20,0,0,34,28,0,0,0,39,26,30;21,29,0,25,21,0,0,26,39,0,0,27,26,0,33,25,0,0,27,32,0,0,22,40,0,21,0,33,0,0;0,0,38,36,0,36,35,24,34,0,0,0,29,23,38,23,30,37,0,0,0,0,0,38,32,0,37,0,37,35;27,0,27,34,25,0,22,34,32,36,0,0,0,26,0,0,0,37,32,32,24,0,0,30,0,35,37,27,0,27;36,32,0,0,0,36,0,28,0,25,0,0,38,30,0,23,0,35,26,39,0,0,40,0,0,38,24,33,40,0
-51,18,0,26,0,0,27,0,0,19,0,0,-1,-24,11,28,0,28,0,-9,0,-8,-8,0,-31,-15,0,0,-10,0
------------- End of Scenario k = 8 -------
0,25,68,70,60,40,0,0,26,0,61,76,0,38,21,36,0,0,0,27,0,0,0,0,35,0,71,59,0,28;0,0,49,32,43,63,0,51,0,51,0,0,43,49,44,0,0,0,0,0,0,49,0,68,72,33,79,79,75,0;25,31,0,79,24,41,52,75,0,61,38,30,0,49,0,67,74,67,33,0,0,0,33,78,63,0,0,0,0,56;42,0,0,0,0,80,0,46,27,48,79,0,67,64,0,61,27,73,41,69,0,0,80,0,0,38,29,0,80,27;29,0,0,58,0,69,20,71,0,68,72,25,42,78,69,0,25,0,0,77,69,0,0,72,0,66,0,0,75,0;0,63,0,37,32,0,0,35,56,37,0,48,51,67,66,42,0,0,24,0,0,0,60,32,50,54,0,51,0,28;65,0,47,45,0,75,0,50,40,0,79,0,72,54,0,0,0,33,0,42,60,57,0,31,80,78,0,41,50,0;46,0,46,74,39,76,0,0,47,0,68,0,51,54,0,0,30,0,78,69,46,0,0,60,33,73,46,63,0,0;58,0,50,0,22,67,27,65,0,0,26,0,36,0,56,78,36,0,0,80,59,80,0,34,46,0,0,0,37,0;35,41,62,0,31,72,0,43,0,0,69,57,0,0,38,31,25,52,0,0,34,71,0,56,0,0,32,75,65,0;70,67,29,40,77,0,0,0,47,0,0,40,55,55,0,24,32,52,72,0,0,0,57,25,57,49,80,0,73,0;20,32,0,73,0,75,0,52,32,77,0,0,34,61,67,0,0,71,0,0,0,0,0,78,34,71,0,58,60,68;0,0,0,43,31,0,0,71,66,74,0,72,0,41,32,0,0,47,66,0,0,47,0,0,0,0,0,52,0,22;0,0,0,0,56,0,0,0,53,0,0,77,0,0,77,0,22,0,0,37,44,0,54,0,0,64,68,0,22,54;0,63,59,35,0,77,74,41,0,55,0,52,0,0,0,27,35,56,25,0,80,63,0,38,0,0,0,0,80,0;36,61,0,50,25,43,45,0,20,51,0,56,0,56,72,0,22,40,39,60,78,70,69,20,80,44,0,80,0,74;80,0,0,57,52,41,0,0,53,74,44,65,23,46,0,0,0,76,67,53,46,80,0,28,57,80,35,0,66,0;34,39,65,0,55,0,24,0,77,0,64,0,0,0,0,0,0,0,0,69,0,25,20,0,0,0,49,0,66,0;0,71,0,63,0,38,0,0,0,0,0,0,0,0,22,47,41,0,0,25,0,66,71,64,0,73,70,0,29,58;35,58,0,0,52,67,0,45,0,74,34,0,56,70,0,0,0,28,0,0,59,27,46,43,0,0,33,0,60,65;36,51,0,34,0,33,74,42,56,0,59,67,51,68,53,41,71,77,49,0,0,0,56,65,48,41,0,0,0,0;0,50,65,0,0,37,0,23,57,78,0,68,0,59,0,67,40,74,56,37,69,0,0,0,0,54,75,0,38,0;0,0,80,28,0,69,0,0,0,0,25,60,0,79,0,0,75,0,38,0,0,0,0,0,21,0,37,39,66,34;57,36,0,64,59,0,39,49,0,57,29,69,80,78,66,68,46,45,0,0,80,27,33,0,0,31,80,78,0,0;74,0,0,0,0,22,0,70,0,56,56,30,69,0,0,34,0,37,47,0,0,0,0,68,0,52,28,33,69,0;0,50,46,0,62,76,64,0,0,28,0,52,0,47,0,22,31,26,0,34,0,0,80,26,0,0,0,74,72,61;42,64,0,29,72,0,0,35,26,0,0,61,64,0,45,75,0,0,68,52,0,0,46,55,0,56,0,57,0,0;0,0,51,33,0,42,36,61,67,0,0,0,65,43,75,31,34,59,0,0,0,0,0,41,75,0,72,0,50,29;22,0,37,73,45,0,62,71,70,47,0,0,0,56,0,0,0,77,24,34,77,0,0,65,0,39,56,70,0,51;21,34,0,0,0,77,0,70,0,59,0,0,68,61,0,58,0,35,37,35,0,0,80,0,0,80,20,57,77,0
0,33,33,36,26,40,0,0,36,0,39,27,0,27,24,38,0,0,0,31,0,0,0,0,22,0,38,28,0,33;0,0,24,36,31,36,0,37,0,20,0,0,31,33,34,0,0,0,0,0,0,34,0,21,29,21,39,40,20,0;37,26,0,27,23,36,33,37,0,28,21,39,0,24,0,23,35,39,36,0,0,0,30,24,21,0,0,0,0,28;39,0,0,0,0,38,0,23,32,30,24,0,25,40,0,31,20,37,32,28,0,0,30,0,0,24,30,0,20,22;27,0,0,29,0,38,34,29,0,29,37,25,37,21,24,0,37,0,0,39,34,0,0,29,0,22,0,0,26,0;0,33,0,27,24,0,0,39,35,40,0,25,21,18,34,35,0,0,33,0,0,0,34,34,29,26,0,29,0,39;40,0,21,21,0,25,0,38,18,0,38,0,37,32,0,0,0,32,0,32,33,32,0,20,23,33,0,37,25,0;29,0,39,29,23,29,0,0,26,0,21,0,21,21,0,0,32,0,38,20,21,0,0,30,30,29,37,40,0,0;27,0,40,0,40,32,24,21,0,0,29,0,34,0,32,25,37,0,0,19,32,35,0,30,34,0,0,0,38,0;26,39,35,0,27,40,0,34,0,0,24,29,0,0,27,28,37,24,0,0,38,29,0,25,0,0,28,35,38,0;38,35,37,37,37,0,0,0,36,0,0,14,39,36,0,28,36,26,34,0,0,0,14,27,40,40,31,0,40,0;34,26,0,36,0,21,0,39,32,23,0,0,27,17,33,0,0,30,0,0,0,0,0,25,26,31,0,31,24,25;0,0,0,21,36,0,0,23,37,35,0,29,0,23,40,0,0,37,29,0,0,25,0,0,0,0,0,34,0,26;0,0,0,0,21,0,0,0,35,0,0,37,0,0,37,0,29,0,0,21,20,0,28,0,0,35,40,0,36,22;0,28,37,23,0,37,21,34,0,31,0,28,0,0,0,33,27,24,33,0,27,27,0,25,0,0,0,0,31,0;30,40,0,24,24,28,33,0,22,32,0,36,0,25,30,0,27,20,38,40,22,28,25,28,29,26,0,40,0,25;30,0,0,37,40,21,0,0,21,37,24,21,22,20,0,0,0,30,32,36,24,16,0,34,24,19,35,0,24,0;38,27,31,0,37,0,39,0,27,0,38,0,0,0,0,0,0,0,0,27,0,26,24,0,0,0,36,0,29,0;0,24,0,37,0,20,0,0,0,0,0,0,0,0,25,31,40,0,0,25,0,23,32,25,0,25,21,0,31,39;36,29,0,0,32,37,0,37,0,31,33,0,27,37,0,0,0,35,0,0,37,24,30,37,0,0,23,0,21,40;37,24,0,40,0,27,28,21,34,0,27,27,29,16,25,22,37,21,24,0,0,0,35,20,36,31,0,0,0,0;0,21,26,0,0,27,0,38,40,27,0,37,0,30,0,38,24,30,31,40,22,0,0,0,0,32,22,0,33,0;0,0,29,24,0,40,0,0,0,0,23,32,0,31,0,0,30,0,29,0,0,0,0,0,40,0,27,21,37,39;29,31,0,32,24,0,26,38,0,30,21,40,24,31,29,27,34,38,0,0,32,21,39,0,0,31,37,36,0,0;21,0,0,0,0,32,0,40,0,27,37,33,38,0,0,39,0,34,36,0,0,0,0,27,0,36,35,23,32,0;0,27,35,0,33,37,20,0,0,36,0,40,0,27,0,39,23,35,0,22,0,0,26,26,0,0,0,22,24,37;38,33,0,40,20,0,0,25,32,0,0,35,28,0,40,31,0,0,38,31,0,0,18,30,0,36,0,24,0,0;0,0,25,37,0,24,29,39,39,0,0,0,27,30,22,28,39,40,0,0,0,0,0,22,26,0,27,0,37,21;27,0,35,32,36,0,24,34,23,33,0,0,0,32,0,0,0,20,33,36,20,0,0,29,0,37,39,30,0,35;27,23,0,0,0,22,0,37,0,36,0,0,33,32,0,21,0,28,34,37,0,0,27,0,0,38,29,25,19,0
-37,21,0,13,0,0,11,0,0,12,0,0,-1,-7,12,19,0,10,0,-5,0,-7,-8,0,-13,-16,0,0,-4,0
------------- End of Scenario k = 9 -------
