/ -------------------------------------------------------------------------
An instance of the stochastic Fixed - charge Network Flow Problem using NETGEN.
/ -------------------------------------------------------------------------
Number of Nodes (no Dummy node is added), n
Graph Density, density
The fixed cost to variable cost ratio, f
Adjacency Matrix, A
Fixed Cost Matrix, c
Number of scenarios, K
Scenario Probabilities, p
----The following three rows will be repeated K times.----
Var Cost Matrix, d
Capacity, u
demand, b
/ -------------------------------------------------------------------------
+
10
0.6
200
0,0,0,1,1,0,0,1,1,1;1,0,1,0,0,0,0,1,0,1;1,0,0,1,1,1,0,0,1,1;1,1,0,0,0,1,1,0,1,1;1,0,1,1,0,0,1,0,0,0;1,0,0,1,0,0,1,1,0,0;1,1,1,1,0,0,0,0,0,0;0,1,0,0,1,0,0,0,1,1;1,0,0,1,1,1,0,1,0,1;1,1,1,1,1,0,1,1,0,0
0,0,0,9753,10393,0,0,10580,8706,10953;9613,0,12213,0,0,0,0,9480,0,8966;13673,0,0,9773,9560,10166,0,0,10753,10833;13706,9920,0,0,0,10013,9920,0,10573,9680;13173,0,11146,9913,0,0,9306,0,0,0;9646,0,0,9526,0,0,10826,10520,0,0;10546,8766,9920,14386,0,0,0,0,0,0;0,9773,0,0,12160,0,0,0,11073,9240;11846,0,0,10246,11253,12833,0,11513,0,9993;10400,10493,11233,9766,10466,0,10926,8980,0,0
30
0.01,0.03,0.03,0.06,0.01,0.01,0.01,0.03,0.03,0.01,0.01,0.01,0.06,0.03,0.01,0.06,0.06,0.03,0.01,0.05,0.03,0.01,0.01,0.05,0.05,0.03,0.05,0.01,0.03,0.17
--Scenarios--
0,0,0,80,39,0,0,41,32,39;69,0,41,0,0,0,0,46,0,43;80,0,0,28,38,43,0,0,61,73;32,27,0,0,0,57,56,0,45,25;80,0,58,22,0,0,31,0,0,0;60,0,0,74,0,0,68,42,0,0;54,78,74,26,0,0,0,0,0,0;0,54,0,0,53,0,0,0,55,61;63,0,0,50,36,47,0,76,0,77;24,69,73,69,79,0,72,59,0,0
0,0,0,40,34,0,0,29,21,36;30,0,40,0,0,0,0,32,0,31;23,0,0,38,32,31,0,0,38,29;21,26,0,0,0,21,32,0,34,23;40,0,31,29,0,0,30,0,0,0;24,0,0,25,0,0,28,28,0,0;20,35,38,19,0,0,0,0,0,0;0,40,0,0,35,0,0,0,22,27;39,0,0,39,40,35,0,40,0,32;30,29,38,39,31,0,37,36,0,0
-118,23,0,0,0,0,15,28,30,22
------------- End of Scenario k = 0 -------
0,0,0,69,28,0,0,69,65,75;46,0,30,0,0,0,0,38,0,22;77,0,0,71,29,60,0,0,51,36;80,53,0,0,0,21,44,0,31,45;69,0,45,50,0,0,69,0,0,0;62,0,0,64,0,0,55,29,0,0;42,63,33,80,0,0,0,0,0,0;0,21,0,0,51,0,0,0,62,65;56,0,0,32,65,80,0,73,0,73;48,63,28,35,52,0,35,73,0,0
0,0,0,26,34,0,0,25,25,20;33,0,34,0,0,0,0,37,0,39;40,0,0,25,34,31,0,0,21,36;23,21,0,0,0,29,36,0,29,38;30,0,38,24,0,0,34,0,0,0;27,0,0,37,0,0,27,23,0,0;27,33,34,29,0,0,0,0,0,0;0,23,0,0,29,0,0,0,33,23;26,0,0,27,22,36,0,31,0,35;25,26,38,24,20,0,36,26,0,0
-116,29,0,0,0,0,12,29,16,30
------------- End of Scenario k = 1 -------
0,0,0,32,36,0,0,44,55,44;29,0,80,0,0,0,0,27,0,23;80,0,0,32,64,31,0,0,36,73;80,70,0,0,0,46,39,0,68,49;47,0,58,42,0,0,52,0,0,0;31,0,0,37,0,0,28,67,0,0;56,51,67,80,0,0,0,0,0,0;0,57,0,0,80,0,0,0,41,76;35,0,0,62,58,80,0,57,0,26;65,72,75,26,67,0,74,52,0,0
0,0,0,26,31,0,0,31,38,23;32,0,30,0,0,0,0,29,0,22;31,0,0,34,40,34,0,0,32,38;20,31,0,0,0,20,26,0,23,20;28,0,34,36,0,0,34,0,0,0;32,0,0,30,0,0,37,26,0,0;20,37,38,30,0,0,0,0,0,0;0,24,0,0,28,0,0,0,32,30;33,0,0,36,23,34,0,22,0,21;23,34,25,39,35,0,38,24,0,0
-111,25,0,0,0,0,15,23,24,24
------------- End of Scenario k = 2 -------
0,0,0,75,61,0,0,24,66,60;68,0,80,0,0,0,0,29,0,70;80,0,0,44,76,65,0,0,51,72;80,44,0,0,0,25,20,0,79,31;69,0,77,40,0,0,60,0,0,0;49,0,0,32,0,0,58,63,0,0;72,52,29,80,0,0,0,0,0,0;0,69,0,0,80,0,0,0,29,49;49,0,0,46,63,80,0,40,0,56;27,53,74,20,52,0,78,41,0,0
0,0,0,29,28,0,0,26,32,23;30,0,33,0,0,0,0,25,0,24;35,0,0,25,40,39,0,0,32,31;40,24,0,0,0,25,26,0,30,20;36,0,25,31,0,0,32,0,0,0;20,0,0,36,0,0,35,30,0,0;24,26,40,39,0,0,0,0,0,0;0,24,0,0,22,0,0,0,38,36;29,0,0,33,30,39,0,26,0,29;30,31,30,40,36,0,24,28,0,0
-98,14,0,0,0,0,30,21,14,19
------------- End of Scenario k = 3 -------
0,0,0,23,65,0,0,59,54,61;30,0,34,0,0,0,0,67,0,51;80,0,0,37,26,40,0,0,51,69;72,46,0,0,0,47,63,0,32,63;80,0,75,56,0,0,46,0,0,0;80,0,0,49,0,0,78,80,0,0;47,22,53,80,0,0,0,0,0,0;0,50,0,0,80,0,0,0,53,71;80,0,0,58,61,55,0,54,0,47;45,34,56,72,46,0,69,68,0,0
0,0,0,33,20,0,0,24,38,30;29,0,23,0,0,0,0,23,0,34;25,0,0,22,23,21,0,0,33,36;30,35,0,0,0,33,32,0,33,36;21,0,24,22,0,0,21,0,0,0;34,0,0,34,0,0,39,34,0,0;37,27,26,28,0,0,0,0,0,0;0,32,0,0,37,0,0,0,36,26;35,0,0,26,38,24,0,34,0,22;24,39,39,23,36,0,29,31,0,0
-92,10,0,0,0,0,28,14,22,18
------------- End of Scenario k = 4 -------
0,0,0,20,57,0,0,62,25,34;28,0,55,0,0,0,0,51,0,58;42,0,0,49,58,75,0,0,77,38;80,61,0,0,0,53,65,0,61,72;80,0,23,72,0,0,49,0,0,0;45,0,0,70,0,0,32,27,0,0;60,23,28,72,0,0,0,0,0,0;0,49,0,0,54,0,0,0,66,59;24,0,0,72,52,80,0,54,0,37;53,52,71,74,71,0,67,58,0,0
0,0,0,27,32,0,0,30,34,33;38,0,31,0,0,0,0,29,0,40;33,0,0,39,38,22,0,0,32,33;16,24,0,0,0,24,22,0,21,32;31,0,32,23,0,0,37,0,0,0;20,0,0,25,0,0,31,29,0,0;22,31,20,31,0,0,0,0,0,0;0,28,0,0,34,0,0,0,25,21;34,0,0,29,29,22,0,33,0,36;29,40,38,23,23,0,23,35,0,0
-82,24,0,0,0,0,12,11,18,17
------------- End of Scenario k = 5 -------
0,0,0,33,39,0,0,65,23,62;55,0,78,0,0,0,0,48,0,28;75,0,0,38,50,51,0,0,53,52;80,59,0,0,0,59,29,0,62,27;65,0,51,24,0,0,45,0,0,0;29,0,0,73,0,0,62,71,0,0;51,22,78,80,0,0,0,0,0,0;0,40,0,0,32,0,0,0,77,34;68,0,0,22,61,61,0,41,0,46;54,32,74,58,43,0,64,31,0,0
0,0,0,39,25,0,0,40,36,28;21,0,36,0,0,0,0,32,0,32;40,0,0,36,31,25,0,0,25,32;27,26,0,0,0,33,31,0,31,39;26,0,23,34,0,0,38,0,0,0;40,0,0,22,0,0,36,38,0,0;33,34,35,25,0,0,0,0,0,0;0,39,0,0,32,0,0,0,37,35;38,0,0,25,30,36,0,31,0,24;20,36,25,32,31,0,20,27,0,0
-116,20,0,0,0,0,25,22,23,26
------------- End of Scenario k = 6 -------
0,0,0,62,29,0,0,27,75,70;40,0,80,0,0,0,0,67,0,47;20,0,0,46,75,71,0,0,21,69;80,54,0,0,0,76,66,0,63,27;57,0,41,64,0,0,33,0,0,0;55,0,0,60,0,0,43,50,0,0;59,69,37,80,0,0,0,0,0,0;0,52,0,0,80,0,0,0,73,64;80,0,0,32,52,34,0,49,0,21;57,45,80,76,72,0,56,24,0,0
0,0,0,37,34,0,0,36,36,32;33,0,22,0,0,0,0,25,0,32;20,0,0,40,25,32,0,0,26,31;38,39,0,0,0,30,27,0,32,31;29,0,23,31,0,0,38,0,0,0;35,0,0,34,0,0,27,32,0,0;31,39,40,23,0,0,0,0,0,0;0,30,0,0,31,0,0,0,21,37;13,0,0,38,35,34,0,25,0,39;40,20,26,26,32,0,26,26,0,0
-86,20,0,0,0,0,21,20,12,13
------------- End of Scenario k = 7 -------
0,0,0,61,49,0,0,66,69,68;76,0,53,0,0,0,0,33,0,79;29,0,0,37,33,61,0,0,46,55;80,37,0,0,0,67,68,0,72,64;80,0,77,32,0,0,35,0,0,0;74,0,0,72,0,0,76,80,0,0;68,33,67,50,0,0,0,0,0,0;0,71,0,0,80,0,0,0,67,71;80,0,0,39,55,80,0,28,0,27;23,36,79,71,76,0,36,35,0,0
0,0,0,28,20,0,0,21,36,21;27,0,35,0,0,0,0,34,0,33;30,0,0,34,23,37,0,0,32,33;34,20,0,0,0,36,30,0,23,37;39,0,34,22,0,0,40,0,0,0;23,0,0,25,0,0,24,30,0,0;32,20,26,24,0,0,0,0,0,0;0,21,0,0,36,0,0,0,37,28;18,0,0,22,28,36,0,27,0,32;31,34,24,34,36,0,28,40,0,0
-99,15,0,0,0,0,24,26,17,17
------------- End of Scenario k = 8 -------
0,0,0,72,41,0,0,26,24,70;69,0,24,0,0,0,0,47,0,42;80,0,0,22,71,22,0,0,74,49;80,22,0,0,0,22,58,0,63,75;80,0,78,78,0,0,48,0,0,0;22,0,0,53,0,0,21,74,0,0;73,29,59,80,0,0,0,0,0,0;0,41,0,0,80,0,0,0,45,51;22,0,0,71,51,60,0,20,0,25;28,28,67,72,58,0,29,22,0,0
0,0,0,39,32,0,0,39,35,32;27,0,39,0,0,0,0,33,0,35;30,0,0,32,24,24,0,0,28,34;23,34,0,0,0,35,31,0,40,29;38,0,25,36,0,0,40,0,0,0;36,0,0,39,0,0,23,22,0,0;38,40,35,22,0,0,0,0,0,0;0,27,0,0,27,0,0,0,26,30;29,0,0,36,29,31,0,32,0,40;32,23,39,38,35,0,40,26,0,0
-107,27,0,0,0,0,20,26,15,19
------------- End of Scenario k = 9 -------
0,0,0,60,52,0,0,23,33,68;46,0,80,0,0,0,0,49,0,67;51,0,0,59,57,36,0,0,23,24;79,24,0,0,0,38,50,0,42,44;43,0,51,42,0,0,55,0,0,0;59,0,0,49,0,0,51,74,0,0;66,74,59,78,0,0,0,0,0,0;0,66,0,0,27,0,0,0,61,25;80,0,0,69,74,80,0,26,0,35;50,68,26,54,58,0,26,58,0,0
0,0,0,38,25,0,0,20,30,30;22,0,40,0,0,0,0,21,0,37;32,0,0,23,33,36,0,0,22,35;35,38,0,0,0,22,36,0,35,26;15,0,25,22,0,0,27,0,0,0;21,0,0,37,0,0,26,27,0,0;28,37,31,31,0,0,0,0,0,0;0,22,0,0,29,0,0,0,23,22;16,0,0,36,38,21,0,22,0,24;30,21,31,29,28,0,29,24,0,0
-95,10,0,0,0,0,25,14,16,30
------------- End of Scenario k = 10 -------
0,0,0,64,35,0,0,42,43,30;35,0,53,0,0,0,0,54,0,48;55,0,0,68,70,59,0,0,75,80;80,77,0,0,0,42,72,0,30,33;80,0,72,25,0,0,44,0,0,0;56,0,0,21,0,0,37,57,0,0;49,51,73,80,0,0,0,0,0,0;0,59,0,0,22,0,0,0,80,47;80,0,0,25,77,80,0,49,0,64;78,36,61,53,28,0,75,56,0,0
0,0,0,40,34,0,0,31,33,38;37,0,39,0,0,0,0,33,0,24;38,0,0,33,40,29,0,0,31,36;14,24,0,0,0,25,37,0,21,23;33,0,22,22,0,0,32,0,0,0;32,0,0,35,0,0,39,32,0,0;27,32,37,13,0,0,0,0,0,0;0,20,0,0,24,0,0,0,22,29;30,0,0,22,27,36,0,23,0,27;37,24,36,27,39,0,33,21,0,0
-97,26,0,0,0,0,12,18,13,28
------------- End of Scenario k = 11 -------
0,0,0,79,62,0,0,20,38,53;54,0,80,0,0,0,0,66,0,61;80,0,0,34,65,50,0,0,49,57;80,41,0,0,0,37,33,0,78,66;22,0,60,71,0,0,63,0,0,0;67,0,0,29,0,0,77,49,0,0;31,20,22,63,0,0,0,0,0,0;0,57,0,0,32,0,0,0,72,26;21,0,0,77,21,68,0,54,0,73;41,70,48,29,31,0,65,43,0,0
0,0,0,20,20,0,0,24,22,34;25,0,33,0,0,0,0,32,0,38;29,0,0,39,34,34,0,0,28,39;21,35,0,0,0,40,24,0,22,35;34,0,40,21,0,0,21,0,0,0;20,0,0,38,0,0,21,33,0,0;28,30,28,30,0,0,0,0,0,0;0,25,0,0,38,0,0,0,24,25;34,0,0,39,37,35,0,35,0,33;20,40,39,22,30,0,34,32,0,0
-104,13,0,0,0,0,19,28,30,14
------------- End of Scenario k = 12 -------
0,0,0,40,66,0,0,49,72,79;80,0,80,0,0,0,0,51,0,68;80,0,0,58,50,44,0,0,36,53;80,66,0,0,0,80,44,0,59,56;36,0,51,47,0,0,30,0,0,0;40,0,0,61,0,0,49,27,0,0;54,37,23,80,0,0,0,0,0,0;0,39,0,0,64,0,0,0,74,22;29,0,0,55,68,80,0,78,0,33;39,57,26,52,52,0,66,40,0,0
0,0,0,28,21,0,0,21,33,40;20,0,30,0,0,0,0,37,0,27;32,0,0,21,26,31,0,0,37,23;26,34,0,0,0,33,20,0,31,30;37,0,26,38,0,0,40,0,0,0;21,0,0,31,0,0,27,28,0,0;21,33,21,32,0,0,0,0,0,0;0,39,0,0,22,0,0,0,39,33;28,0,0,29,37,29,0,34,0,32;34,34,28,40,25,0,23,32,0,0
-119,27,0,0,0,0,20,20,26,26
------------- End of Scenario k = 13 -------
0,0,0,51,75,0,0,66,26,71;22,0,24,0,0,0,0,52,0,52;65,0,0,41,55,32,0,0,69,70;71,61,0,0,0,42,35,0,41,41;80,0,40,59,0,0,26,0,0,0;44,0,0,55,0,0,70,26,0,0;50,68,77,67,0,0,0,0,0,0;0,32,0,0,21,0,0,0,63,69;80,0,0,56,75,20,0,58,0,58;74,48,33,71,61,0,49,28,0,0
0,0,0,22,37,0,0,39,27,33;33,0,25,0,0,0,0,25,0,23;35,0,0,34,36,32,0,0,20,39;26,27,0,0,0,29,20,0,26,24;32,0,39,28,0,0,37,0,0,0;28,0,0,39,0,0,29,37,0,0;40,39,30,25,0,0,0,0,0,0;0,37,0,0,34,0,0,0,35,40;20,0,0,25,26,14,0,34,0,26;33,34,20,36,21,0,40,30,0,0
-94,23,0,0,0,0,15,25,11,20
------------- End of Scenario k = 14 -------
0,0,0,27,80,0,0,63,62,79;51,0,80,0,0,0,0,23,0,48;80,0,0,56,26,27,0,0,57,36;52,56,0,0,0,26,26,0,58,68;80,0,79,45,0,0,35,0,0,0;53,0,0,68,0,0,42,58,0,0;51,44,33,80,0,0,0,0,0,0;0,39,0,0,38,0,0,0,75,24;33,0,0,51,66,80,0,80,0,27;48,72,44,48,55,0,20,26,0,0
0,0,0,33,37,0,0,23,40,21;27,0,31,0,0,0,0,23,0,27;30,0,0,25,26,27,0,0,28,36;30,21,0,0,0,28,39,0,25,24;24,0,25,21,0,0,36,0,0,0;40,0,0,20,0,0,37,29,0,0;29,31,29,23,0,0,0,0,0,0;0,26,0,0,36,0,0,0,26,21;34,0,0,31,23,35,0,26,0,25;36,40,27,24,33,0,29,33,0,0
-94,29,0,0,0,0,17,14,18,16
------------- End of Scenario k = 15 -------
0,0,0,77,43,0,0,66,29,23;52,0,80,0,0,0,0,73,0,47;80,0,0,67,35,51,0,0,67,53;80,23,0,0,0,39,66,0,64,47;80,0,61,60,0,0,53,0,0,0;69,0,0,62,0,0,46,52,0,0;66,28,65,80,0,0,0,0,0,0;0,20,0,0,49,0,0,0,52,67;30,0,0,31,66,80,0,26,0,49;80,51,24,29,64,0,58,61,0,0
0,0,0,38,33,0,0,38,36,24;29,0,40,0,0,0,0,23,0,22;35,0,0,21,20,25,0,0,20,23;24,33,0,0,0,40,35,0,25,38;21,0,24,21,0,0,24,0,0,0;33,0,0,28,0,0,29,23,0,0;22,22,38,34,0,0,0,0,0,0;0,33,0,0,34,0,0,0,30,20;30,0,0,37,29,39,0,21,0,38;33,34,35,32,22,0,27,20,0,0
-97,17,0,0,0,0,20,21,22,17
------------- End of Scenario k = 16 -------
0,0,0,47,44,0,0,55,35,80;32,0,80,0,0,0,0,44,0,63;21,0,0,71,70,39,0,0,45,54;62,45,0,0,0,76,51,0,37,53;80,0,43,58,0,0,54,0,0,0;34,0,0,38,0,0,55,21,0,0;28,58,58,80,0,0,0,0,0,0;0,49,0,0,49,0,0,0,28,28;80,0,0,24,49,62,0,77,0,57;40,24,65,24,31,0,35,25,0,0
0,0,0,33,25,0,0,29,38,23;21,0,39,0,0,0,0,31,0,38;29,0,0,27,37,38,0,0,25,33;37,31,0,0,0,26,31,0,36,34;15,0,29,38,0,0,33,0,0,0;28,0,0,37,0,0,27,21,0,0;39,28,29,15,0,0,0,0,0,0;0,34,0,0,32,0,0,0,37,32;27,0,0,21,21,33,0,38,0,39;40,39,33,34,27,0,36,22,0,0
-79,10,0,0,0,0,13,15,27,14
------------- End of Scenario k = 17 -------
0,0,0,20,70,0,0,73,45,35;44,0,71,0,0,0,0,72,0,24;66,0,0,21,33,58,0,0,31,25;70,66,0,0,0,51,79,0,65,58;70,0,63,37,0,0,48,0,0,0;31,0,0,22,0,0,62,73,0,0;28,39,54,80,0,0,0,0,0,0;0,75,0,0,80,0,0,0,61,37;54,0,0,42,77,25,0,69,0,61;64,72,51,40,49,0,48,73,0,0
0,0,0,27,22,0,0,20,40,32;27,0,36,0,0,0,0,20,0,20;36,0,0,25,21,37,0,0,40,31;20,21,0,0,0,31,28,0,36,34;38,0,29,40,0,0,23,0,0,0;29,0,0,23,0,0,40,38,0,0;34,25,40,19,0,0,0,0,0,0;0,26,0,0,22,0,0,0,38,25;38,0,0,26,29,21,0,23,0,30;36,30,25,27,28,0,27,30,0,0
-107,22,0,0,0,0,19,22,19,25
------------- End of Scenario k = 18 -------
0,0,0,80,70,0,0,78,34,32;46,0,56,0,0,0,0,40,0,22;80,0,0,70,44,63,0,0,60,29;32,43,0,0,0,47,23,0,77,30;80,0,57,20,0,0,66,0,0,0;40,0,0,21,0,0,28,52,0,0;21,28,45,80,0,0,0,0,0,0;0,34,0,0,73,0,0,0,25,26;80,0,0,24,23,36,0,50,0,39;79,66,54,25,62,0,21,53,0,0
0,0,0,24,36,0,0,31,36,25;39,0,27,0,0,0,0,22,0,37;40,0,0,40,32,27,0,0,24,29;38,40,0,0,0,31,26,0,29,31;21,0,32,28,0,0,21,0,0,0;31,0,0,25,0,0,28,28,0,0;39,39,20,29,0,0,0,0,0,0;0,36,0,0,24,0,0,0,26,28;25,0,0,32,38,25,0,32,0,24;34,20,35,27,40,0,37,32,0,0
-119,18,0,0,0,0,26,20,25,30
------------- End of Scenario k = 19 -------
0,0,0,35,63,0,0,55,20,71;64,0,80,0,0,0,0,64,0,34;80,0,0,79,55,39,0,0,63,74;54,77,0,0,0,41,53,0,56,46;73,0,56,37,0,0,31,0,0,0;28,0,0,20,0,0,79,38,0,0;69,51,20,80,0,0,0,0,0,0;0,28,0,0,80,0,0,0,79,41;80,0,0,71,42,46,0,71,0,34;56,80,34,72,64,0,35,24,0,0
0,0,0,23,40,0,0,29,29,33;23,0,30,0,0,0,0,34,0,37;32,0,0,38,22,33,0,0,37,38;30,36,0,0,0,36,23,0,39,37;38,0,29,23,0,0,31,0,0,0;40,0,0,32,0,0,25,26,0,0;30,25,40,29,0,0,0,0,0,0;0,35,0,0,25,0,0,0,34,40;39,0,0,38,27,31,0,33,0,38;28,20,24,26,35,0,24,40,0,0
-104,22,0,0,0,0,29,16,18,19
------------- End of Scenario k = 20 -------
0,0,0,39,47,0,0,54,52,57;64,0,80,0,0,0,0,26,0,66;72,0,0,23,40,60,0,0,65,52;25,34,0,0,0,63,68,0,76,44;23,0,74,70,0,0,23,0,0,0;59,0,0,35,0,0,55,23,0,0;72,79,46,29,0,0,0,0,0,0;0,30,0,0,80,0,0,0,52,44;41,0,0,63,72,80,0,72,0,78;31,79,58,29,58,0,22,48,0,0
0,0,0,27,32,0,0,20,35,20;30,0,28,0,0,0,0,33,0,39;26,0,0,28,22,36,0,0,22,27;37,23,0,0,0,25,39,0,30,24;23,0,33,38,0,0,26,0,0,0;35,0,0,24,0,0,20,21,0,0;30,29,38,29,0,0,0,0,0,0;0,26,0,0,28,0,0,0,31,27;13,0,0,27,31,40,0,25,0,24;27,22,39,35,25,0,23,32,0,0
-96,26,0,0,0,0,28,15,10,17
------------- End of Scenario k = 21 -------
0,0,0,40,69,0,0,59,53,51;30,0,52,0,0,0,0,59,0,36;80,0,0,47,38,24,0,0,57,64;62,76,0,0,0,77,59,0,31,43;70,0,58,54,0,0,38,0,0,0;43,0,0,40,0,0,42,52,0,0;45,38,60,80,0,0,0,0,0,0;0,39,0,0,55,0,0,0,42,33;68,0,0,80,22,80,0,77,0,74;52,24,73,37,63,0,76,21,0,0
0,0,0,37,30,0,0,20,29,39;38,0,24,0,0,0,0,24,0,25;38,0,0,34,22,34,0,0,22,34;38,31,0,0,0,29,28,0,34,26;31,0,30,25,0,0,29,0,0,0;27,0,0,37,0,0,31,35,0,0;31,32,25,40,0,0,0,0,0,0;0,32,0,0,38,0,0,0,24,23;31,0,0,33,20,31,0,40,0,36;24,37,31,20,31,0,20,27,0,0
-125,23,0,0,0,0,29,27,28,18
------------- End of Scenario k = 22 -------
0,0,0,50,75,0,0,46,30,79;66,0,23,0,0,0,0,24,0,21;80,0,0,44,30,48,0,0,73,40;80,32,0,0,0,50,31,0,57,46;80,0,40,67,0,0,59,0,0,0;32,0,0,39,0,0,37,74,0,0;23,46,26,75,0,0,0,0,0,0;0,46,0,0,80,0,0,0,65,26;80,0,0,50,44,80,0,58,0,79;70,48,67,28,29,0,55,70,0,0
0,0,0,29,27,0,0,24,34,38;26,0,34,0,0,0,0,31,0,30;31,0,0,37,27,32,0,0,32,27;19,23,0,0,0,30,32,0,24,29;29,0,34,31,0,0,26,0,0,0;32,0,0,23,0,0,36,20,0,0;36,39,29,12,0,0,0,0,0,0;0,38,0,0,26,0,0,0,24,31;38,0,0,24,34,31,0,35,0,30;37,31,24,21,29,0,39,25,0,0
-95,26,0,0,0,0,12,10,21,26
------------- End of Scenario k = 23 -------
0,0,0,25,70,0,0,28,42,53;24,0,80,0,0,0,0,22,0,31;77,0,0,61,29,50,0,0,20,36;67,66,0,0,0,28,40,0,33,49;28,0,52,57,0,0,57,0,0,0;53,0,0,41,0,0,70,45,0,0;32,40,40,80,0,0,0,0,0,0;0,62,0,0,78,0,0,0,39,21;80,0,0,54,33,65,0,64,0,55;58,31,67,24,78,0,57,51,0,0
0,0,0,31,38,0,0,36,40,20;36,0,35,0,0,0,0,35,0,27;34,0,0,22,36,30,0,0,23,38;28,32,0,0,0,20,38,0,40,26;32,0,28,39,0,0,39,0,0,0;26,0,0,26,0,0,35,36,0,0;23,24,30,15,0,0,0,0,0,0;0,25,0,0,19,0,0,0,21,39;21,0,0,31,40,24,0,27,0,30;40,38,33,30,20,0,22,38,0,0
-85,28,0,0,0,0,14,18,15,10
------------- End of Scenario k = 24 -------
0,0,0,49,26,0,0,58,42,42;62,0,29,0,0,0,0,71,0,23;80,0,0,39,48,78,0,0,80,66;80,63,0,0,0,20,36,0,53,54;80,0,78,51,0,0,80,0,0,0;55,0,0,77,0,0,52,52,0,0;73,39,79,80,0,0,0,0,0,0;0,20,0,0,60,0,0,0,31,70;43,0,0,47,68,80,0,54,0,66;68,80,75,74,22,0,76,53,0,0
0,0,0,31,40,0,0,35,32,22;37,0,31,0,0,0,0,30,0,37;34,0,0,34,32,37,0,0,28,40;23,34,0,0,0,30,40,0,23,34;39,0,24,21,0,0,32,0,0,0;35,0,0,24,0,0,39,35,0,0;34,27,26,32,0,0,0,0,0,0;0,21,0,0,30,0,0,0,28,40;32,0,0,30,38,33,0,40,0,27;36,20,23,36,24,0,37,22,0,0
-96,25,0,0,0,0,11,29,17,14
------------- End of Scenario k = 25 -------
0,0,0,27,39,0,0,66,54,59;56,0,48,0,0,0,0,65,0,22;49,0,0,45,73,53,0,0,40,63;58,31,0,0,0,61,67,0,36,71;49,0,32,63,0,0,20,0,0,0;73,0,0,64,0,0,34,74,0,0;76,31,58,21,0,0,0,0,0,0;0,67,0,0,80,0,0,0,20,28;32,0,0,43,56,20,0,80,0,25;70,34,64,41,46,0,65,54,0,0
0,0,0,27,37,0,0,20,40,34;27,0,31,0,0,0,0,35,0,34;38,0,0,26,40,40,0,0,34,28;37,34,0,0,0,24,21,0,33,22;23,0,35,40,0,0,25,0,0,0;34,0,0,29,0,0,32,36,0,0;25,24,31,30,0,0,0,0,0,0;0,36,0,0,38,0,0,0,23,34;22,0,0,36,24,31,0,34,0,21;30,24,23,21,31,0,20,21,0,0
-92,13,0,0,0,0,30,19,13,17
------------- End of Scenario k = 26 -------
0,0,0,50,48,0,0,63,57,26;51,0,80,0,0,0,0,65,0,62;80,0,0,60,20,64,0,0,55,67;55,64,0,0,0,77,31,0,31,26;55,0,39,65,0,0,26,0,0,0;53,0,0,29,0,0,76,79,0,0;74,34,28,77,0,0,0,0,0,0;0,64,0,0,80,0,0,0,38,76;80,0,0,73,76,80,0,56,0,53;23,31,27,43,25,0,70,42,0,0
0,0,0,28,25,0,0,24,20,39;20,0,39,0,0,0,0,36,0,35;35,0,0,31,24,24,0,0,34,25;40,29,0,0,0,26,30,0,32,31;31,0,31,35,0,0,33,0,0,0;26,0,0,32,0,0,26,21,0,0;24,39,25,29,0,0,0,0,0,0;0,22,0,0,34,0,0,0,40,27;21,0,0,35,29,23,0,20,0,23;36,27,37,25,28,0,22,36,0,0
-108,27,0,0,0,0,26,27,18,10
------------- End of Scenario k = 27 -------
0,0,0,30,39,0,0,78,26,50;25,0,41,0,0,0,0,24,0,59;80,0,0,46,50,78,0,0,56,20;80,50,0,0,0,61,58,0,21,71;80,0,24,23,0,0,65,0,0,0;25,0,0,47,0,0,73,29,0,0;26,46,39,80,0,0,0,0,0,0;0,69,0,0,32,0,0,0,74,22;69,0,0,47,53,46,0,64,0,68;78,63,56,56,53,0,71,30,0,0
0,0,0,26,23,0,0,27,25,38;24,0,21,0,0,0,0,20,0,33;36,0,0,29,31,22,0,0,21,30;27,26,0,0,0,29,29,0,33,27;36,0,34,38,0,0,37,0,0,0;22,0,0,38,0,0,38,40,0,0;30,28,23,31,0,0,0,0,0,0;0,34,0,0,37,0,0,0,23,33;21,0,0,25,20,28,0,37,0,33;32,32,22,25,32,0,39,34,0,0
-88,10,0,0,0,0,19,21,18,20
------------- End of Scenario k = 28 -------
0,0,0,46,42,0,0,62,25,22;28,0,80,0,0,0,0,25,0,28;72,0,0,73,26,53,0,0,71,76;65,20,0,0,0,73,58,0,65,28;80,0,59,56,0,0,55,0,0,0;26,0,0,27,0,0,68,40,0,0;66,22,58,80,0,0,0,0,0,0;0,67,0,0,74,0,0,0,62,53;80,0,0,71,72,80,0,72,0,36;37,56,55,63,25,0,69,28,0,0
0,0,0,23,22,0,0,39,35,36;32,0,35,0,0,0,0,31,0,22;23,0,0,20,28,31,0,0,22,35;34,28,0,0,0,31,35,0,20,36;25,0,24,24,0,0,28,0,0,0;39,0,0,40,0,0,34,23,0,0;25,39,32,31,0,0,0,0,0,0;0,36,0,0,39,0,0,0,40,33;35,0,0,20,26,40,0,23,0,30;32,39,30,30,22,0,23,22,0,0
-103,16,0,0,0,0,23,22,25,17
------------- End of Scenario k = 29 -------
