/ -------------------------------------------------------------------------
An instance of the stochastic Fixed - charge Network Flow Problem using NETGEN.
/ -------------------------------------------------------------------------
Number of Nodes (no Dummy node is added), n
Graph Density, density
The fixed cost to variable cost ratio, f
Adjacency Matrix, A
Fixed Cost Matrix, c
Number of scenarios, K
Scenario Probabilities, p
----The following three rows will be repeated K times.----
Var Cost Matrix, d
Capacity, u
demand, b
/ -------------------------------------------------------------------------
+
10
0.3
200
0,1,0,1,0,1,0,1,1,0;1,0,1,1,0,0,0,1,1,0;0,0,0,0,0,0,0,0,0,0;0,0,1,0,0,0,1,1,0,0;0,0,0,0,0,0,1,1,1,1;0,1,0,1,0,0,0,0,0,0;0,0,0,0,0,0,0,0,0,1;1,1,0,0,0,0,0,0,0,1;0,1,0,0,1,0,0,0,0,0;1,0,0,0,0,1,0,0,0,0
0,11560,0,10520,0,11540,0,11160,11000,0;14819,0,12400,8340,0,0,0,10780,8120,0;0,0,0,0,0,0,0,0,0,0;0,0,8820,0,0,0,11140,7859,0,0;0,0,0,0,0,0,13119,11200,10480,12600;0,10480,0,11200,0,0,0,0,0,0;0,0,0,0,0,0,0,0,0,10200;8980,10780,0,0,0,0,0,0,0,9580;0,11740,0,0,11560,0,0,0,0,0;12500,0,0,0,0,10440,0,0,0,0
10
0.05,0.05,0.05,0.05,0.1,0.1,0.05,0.15,0.25,0.15
--Scenarios--
0,47,0,39,0,73,0,55,78,0;80,0,51,20,0,0,0,29,67,0;0,0,0,0,0,0,0,0,0,0;0,0,79,0,0,0,80,64,0,0;0,0,0,0,0,0,80,73,68,80;0,20,0,80,0,0,0,0,0,0;0,0,0,0,0,0,0,0,0,28;43,47,0,0,0,0,0,0,0,40;0,39,0,0,25,0,0,0,0,0;27,0,0,0,0,50,0,0,0,0
0,23,0,29,0,34,0,29,35,0;28,0,38,36,0,0,0,39,23,0;0,0,0,0,0,0,0,0,0,0;0,0,30,0,0,0,22,28,0,0;0,0,0,0,0,0,39,34,24,38;0,40,0,26,0,0,0,0,0,0;0,0,0,0,0,0,0,0,0,24;35,32,0,0,0,0,0,0,0,35;0,34,0,0,38,0,0,0,0,0;35,0,0,0,0,28,0,0,0,0
-34,19,0,0,0,22,-35,0,28,0
------------- End of Scenario k = 0 -------
0,52,0,79,0,41,0,20,48,0;24,0,80,61,0,0,0,68,23,0;0,0,0,0,0,0,0,0,0,0;0,0,24,0,0,0,43,21,0,0;0,0,0,0,0,0,80,75,35,45;0,72,0,31,0,0,0,0,0,0;0,0,0,0,0,0,0,0,0,24;33,69,0,0,0,0,0,0,0,74;0,55,0,0,80,0,0,0,0,0;74,0,0,0,0,64,0,0,0,0
0,37,0,25,0,29,0,34,24,0;33,0,29,24,0,0,0,22,25,0;0,0,0,0,0,0,0,0,0,0;0,0,35,0,0,0,39,35,0,0;0,0,0,0,0,0,35,37,35,40;0,27,0,26,0,0,0,0,0,0;0,0,0,0,0,0,0,0,0,35;38,37,0,0,0,0,0,0,0,37;0,38,0,0,34,0,0,0,0,0;30,0,0,0,0,22,0,0,0,0
-39,23,0,0,0,10,-14,0,20,0
------------- End of Scenario k = 1 -------
0,47,0,32,0,76,0,46,66,0;80,0,45,64,0,0,0,37,21,0;0,0,0,0,0,0,0,0,0,0;0,0,55,0,0,0,80,33,0,0;0,0,0,0,0,0,20,22,32,72;0,77,0,80,0,0,0,0,0,0;0,0,0,0,0,0,0,0,0,53;34,57,0,0,0,0,0,0,0,38;0,62,0,0,44,0,0,0,0,0;80,0,0,0,0,47,0,0,0,0
0,22,0,28,0,40,0,33,32,0;39,0,23,34,0,0,0,40,39,0;0,0,0,0,0,0,0,0,0,0;0,0,33,0,0,0,25,22,0,0;0,0,0,0,0,0,29,40,35,34;0,29,0,24,0,0,0,0,0,0;0,0,0,0,0,0,0,0,0,37;38,20,0,0,0,0,0,0,0,35;0,36,0,0,34,0,0,0,0,0;17,0,0,0,0,32,0,0,0,0
-26,20,0,0,0,20,-24,0,10,0
------------- End of Scenario k = 2 -------
0,77,0,70,0,76,0,64,79,0;80,0,80,63,0,0,0,60,48,0;0,0,0,0,0,0,0,0,0,0;0,0,22,0,0,0,20,65,0,0;0,0,0,0,0,0,80,68,40,80;0,62,0,21,0,0,0,0,0,0;0,0,0,0,0,0,0,0,0,76;43,60,0,0,0,0,0,0,0,36;0,77,0,0,80,0,0,0,0,0;80,0,0,0,0,50,0,0,0,0
0,33,0,39,0,35,0,21,37,0;33,0,37,33,0,0,0,36,37,0;0,0,0,0,0,0,0,0,0,0;0,0,23,0,0,0,25,23,0,0;0,0,0,0,0,0,22,38,28,39;0,20,0,26,0,0,0,0,0,0;0,0,0,0,0,0,0,0,0,24;40,34,0,0,0,0,0,0,0,33;0,26,0,0,32,0,0,0,0,0;35,0,0,0,0,25,0,0,0,0
-22,14,0,0,0,16,-25,0,17,0
------------- End of Scenario k = 3 -------
0,45,0,68,0,64,0,75,63,0;77,0,24,35,0,0,0,62,60,0;0,0,0,0,0,0,0,0,0,0;0,0,43,0,0,0,20,49,0,0;0,0,0,0,0,0,80,74,80,70;0,49,0,80,0,0,0,0,0,0;0,0,0,0,0,0,0,0,0,74;58,42,0,0,0,0,0,0,0,58;0,29,0,0,56,0,0,0,0,0;80,0,0,0,0,25,0,0,0,0
0,29,0,32,0,29,0,30,34,0;26,0,25,24,0,0,0,26,35,0;0,0,0,0,0,0,0,0,0,0;0,0,32,0,0,0,24,40,0,0;0,0,0,0,0,0,39,22,37,33;0,34,0,27,0,0,0,0,0,0;0,0,0,0,0,0,0,0,0,32;35,24,0,0,0,0,0,0,0,38;0,29,0,0,37,0,0,0,0,0;36,0,0,0,0,23,0,0,0,0
-30,20,0,0,0,17,-22,0,15,0
------------- End of Scenario k = 4 -------
0,34,0,39,0,72,0,60,57,0;80,0,80,22,0,0,0,66,27,0;0,0,0,0,0,0,0,0,0,0;0,0,59,0,0,0,67,23,0,0;0,0,0,0,0,0,80,30,74,80;0,80,0,80,0,0,0,0,0,0;0,0,0,0,0,0,0,0,0,29;63,22,0,0,0,0,0,0,0,55;0,72,0,0,25,0,0,0,0,0;25,0,0,0,0,76,0,0,0,0
0,36,0,23,0,34,0,36,37,0;30,0,23,25,0,0,0,22,32,0;0,0,0,0,0,0,0,0,0,0;0,0,40,0,0,0,33,24,0,0;0,0,0,0,0,0,31,26,31,21;0,30,0,16,0,0,0,0,0,0;0,0,0,0,0,0,0,0,0,35;38,33,0,0,0,0,0,0,0,26;0,20,0,0,20,0,0,0,0,0;22,0,0,0,0,23,0,0,0,0
-31,23,0,0,0,13,-22,0,17,0
------------- End of Scenario k = 5 -------
0,79,0,47,0,55,0,78,76,0;80,0,20,31,0,0,0,79,30,0;0,0,0,0,0,0,0,0,0,0;0,0,49,0,0,0,50,25,0,0;0,0,0,0,0,0,80,35,29,80;0,65,0,39,0,0,0,0,0,0;0,0,0,0,0,0,0,0,0,30;47,65,0,0,0,0,0,0,0,26;0,73,0,0,80,0,0,0,0,0;80,0,0,0,0,66,0,0,0,0
0,40,0,32,0,32,0,20,25,0;22,0,30,21,0,0,0,32,25,0;0,0,0,0,0,0,0,0,0,0;0,0,38,0,0,0,40,33,0,0;0,0,0,0,0,0,28,34,23,35;0,31,0,22,0,0,0,0,0,0;0,0,0,0,0,0,0,0,0,33;29,26,0,0,0,0,0,0,0,21;0,25,0,0,33,0,0,0,0,0;38,0,0,0,0,36,0,0,0,0
-20,13,0,0,0,20,-41,0,28,0
------------- End of Scenario k = 6 -------
0,79,0,33,0,40,0,77,25,0;80,0,80,35,0,0,0,69,27,0;0,0,0,0,0,0,0,0,0,0;0,0,44,0,0,0,70,31,0,0;0,0,0,0,0,0,37,71,20,20;0,36,0,34,0,0,0,0,0,0;0,0,0,0,0,0,0,0,0,73;39,44,0,0,0,0,0,0,0,59;0,70,0,0,72,0,0,0,0,0;80,0,0,0,0,47,0,0,0,0
0,25,0,23,0,21,0,23,36,0;17,0,26,20,0,0,0,22,34,0;0,0,0,0,0,0,0,0,0,0;0,0,32,0,0,0,35,31,0,0;0,0,0,0,0,0,40,24,30,27;0,29,0,30,0,0,0,0,0,0;0,0,0,0,0,0,0,0,0,34;22,35,0,0,0,0,0,0,0,23;0,23,0,0,27,0,0,0,0,0;37,0,0,0,0,21,0,0,0,0
-32,17,0,0,0,16,-25,0,24,0
------------- End of Scenario k = 7 -------
0,52,0,42,0,23,0,50,35,0;80,0,80,30,0,0,0,38,59,0;0,0,0,0,0,0,0,0,0,0;0,0,25,0,0,0,80,35,0,0;0,0,0,0,0,0,39,52,66,23;0,43,0,80,0,0,0,0,0,0;0,0,0,0,0,0,0,0,0,60;26,71,0,0,0,0,0,0,0,55;0,51,0,0,80,0,0,0,0,0;77,0,0,0,0,45,0,0,0,0
0,36,0,34,0,35,0,33,33,0;20,0,18,34,0,0,0,30,40,0;0,0,0,0,0,0,0,0,0,0;0,0,31,0,0,0,30,37,0,0;0,0,0,0,0,0,25,35,26,33;0,27,0,22,0,0,0,0,0,0;0,0,0,0,0,0,0,0,0,36;21,33,0,0,0,0,0,0,0,25;0,38,0,0,29,0,0,0,0,0;26,0,0,0,0,39,0,0,0,0
-33,16,0,0,0,18,-25,0,24,0
------------- End of Scenario k = 8 -------
0,66,0,77,0,57,0,33,23,0;80,0,80,56,0,0,0,31,44,0;0,0,0,0,0,0,0,0,0,0;0,0,41,0,0,0,47,47,0,0;0,0,0,0,0,0,80,60,80,80;0,20,0,35,0,0,0,0,0,0;0,0,0,0,0,0,0,0,0,63;63,62,0,0,0,0,0,0,0,38;0,59,0,0,36,0,0,0,0,0;22,0,0,0,0,52,0,0,0,0
0,36,0,34,0,31,0,26,24,0;31,0,24,22,0,0,0,35,25,0;0,0,0,0,0,0,0,0,0,0;0,0,29,0,0,0,26,33,0,0;0,0,0,0,0,0,36,23,28,23;0,39,0,37,0,0,0,0,0,0;0,0,0,0,0,0,0,0,0,26;26,23,0,0,0,0,0,0,0,21;0,26,0,0,35,0,0,0,0,0;36,0,0,0,0,35,0,0,0,0
-34,24,0,0,0,21,-28,0,17,0
------------- End of Scenario k = 9 -------
