/ -------------------------------------------------------------------------
An instance of the stochastic Fixed - charge Network Flow Problem using NETGEN.
/ -------------------------------------------------------------------------
Number of Nodes (no Dummy node is added), n
Graph Density, density
The fixed cost to variable cost ratio, f
Adjacency Matrix, A
Fixed Cost Matrix, c
Number of scenarios, K
Scenario Probabilities, p
----The following three rows will be repeated K times.----
Var Cost Matrix, d
Capacity, u
demand, b
/ -------------------------------------------------------------------------
+
10
0.3
200
0,0,0,0,0,0,1,0,0,0;1,0,1,1,0,0,0,0,1,1;0,0,0,1,1,0,0,0,0,0;0,0,0,0,0,1,1,0,0,0;1,0,1,0,0,1,0,0,1,0;1,0,0,0,0,0,0,0,0,0;0,0,0,0,1,0,0,1,0,0;1,0,1,0,0,1,0,0,1,1;0,0,0,1,0,0,0,0,0,0;0,0,0,0,1,1,1,1,0,0
0,0,0,0,0,0,9800,0,0,0;9860,0,13360,13500,0,0,0,0,9230,10220;0,0,0,8980,12220,0,0,0,0,0;0,0,0,0,0,11210,9460,0,0,0;12180,0,11070,0,0,12350,0,0,9290,0;8960,0,0,0,0,0,0,0,0,0;0,0,0,0,10330,0,0,12010,0,0;13410,0,9800,0,0,11180,0,0,14730,9790;0,0,0,11690,0,0,0,0,0,0;0,0,0,0,9530,10020,13660,8630,0,0
20
0.02,0.02,0.05,0.05,0.02,0.05,0.02,0.02,0.02,0.05,0.02,0.02,0.22,0.02,0.05,0.07,0.02,0.05,0.12,0.09
--Scenarios--
0,0,0,0,0,0,79,0,0,0;30,0,80,80,0,0,0,0,69,29;0,0,0,28,80,0,0,0,0,0;0,0,0,0,0,31,29,0,0,0;80,0,51,0,0,61,0,0,24,0;32,0,0,0,0,0,0,0,0,0;0,0,0,0,30,0,0,50,0,0;80,0,38,0,0,56,0,0,80,47;0,0,0,43,0,0,0,0,0,0;0,0,0,0,26,70,80,75,0,0
0,0,0,0,0,0,20,0,0,0;23,0,28,36,0,0,0,0,37,37;0,0,0,23,25,0,0,0,0,0;0,0,0,0,0,36,23,0,0,0;26,0,32,0,0,28,0,0,21,0;35,0,0,0,0,0,0,0,0,0;0,0,0,0,34,0,0,24,0,0;27,0,24,0,0,34,0,0,40,29;0,0,0,23,0,0,0,0,0,0;0,0,0,0,38,28,31,23,0,0
-42,24,0,-6,0,0,0,0,0,24
------------- End of Scenario k = 0 -------
0,0,0,0,0,0,32,0,0,0;37,0,32,80,0,0,0,0,53,46;0,0,0,64,80,0,0,0,0,0;0,0,0,0,0,67,80,0,0,0;30,0,56,0,0,40,0,0,36,0;58,0,0,0,0,0,0,0,0,0;0,0,0,0,47,0,0,80,0,0;80,0,56,0,0,24,0,0,80,65;0,0,0,52,0,0,0,0,0,0;0,0,0,0,34,75,80,22,0,0
0,0,0,0,0,0,34,0,0,0;34,0,30,35,0,0,0,0,23,28;0,0,0,31,31,0,0,0,0,0;0,0,0,0,0,29,29,0,0,0;26,0,20,0,0,27,0,0,34,0;21,0,0,0,0,0,0,0,0,0;0,0,0,0,24,0,0,17,0,0;36,0,24,0,0,28,0,0,20,31;0,0,0,27,0,0,0,0,0,0;0,0,0,0,40,30,33,34,0,0
-22,25,0,-20,0,0,0,0,0,17
------------- End of Scenario k = 1 -------
0,0,0,0,0,0,42,0,0,0;41,0,29,80,0,0,0,0,54,69;0,0,0,44,77,0,0,0,0,0;0,0,0,0,0,79,39,0,0,0;49,0,43,0,0,60,0,0,73,0;28,0,0,0,0,0,0,0,0,0;0,0,0,0,64,0,0,42,0,0;80,0,37,0,0,63,0,0,80,62;0,0,0,53,0,0,0,0,0,0;0,0,0,0,28,38,80,30,0,0
0,0,0,0,0,0,39,0,0,0;36,0,32,37,0,0,0,0,24,38;0,0,0,25,17,0,0,0,0,0;0,0,0,0,0,40,24,0,0,0;29,0,20,0,0,21,0,0,30,0;38,0,0,0,0,0,0,0,0,0;0,0,0,0,32,0,0,32,0,0;24,0,32,0,0,39,0,0,38,24;0,0,0,38,0,0,0,0,0,0;0,0,0,0,40,38,39,37,0,0
-26,17,0,-15,0,0,0,0,0,24
------------- End of Scenario k = 2 -------
0,0,0,0,0,0,52,0,0,0;23,0,80,80,0,0,0,0,23,43;0,0,0,77,80,0,0,0,0,0;0,0,0,0,0,63,45,0,0,0;52,0,67,0,0,24,0,0,38,0;68,0,0,0,0,0,0,0,0,0;0,0,0,0,78,0,0,80,0,0;80,0,59,0,0,53,0,0,75,62;0,0,0,80,0,0,0,0,0,0;0,0,0,0,80,30,23,54,0,0
0,0,0,0,0,0,31,0,0,0;32,0,35,37,0,0,0,0,33,39;0,0,0,21,16,0,0,0,0,0;0,0,0,0,0,25,32,0,0,0;32,0,36,0,0,24,0,0,30,0;30,0,0,0,0,0,0,0,0,0;0,0,0,0,29,0,0,37,0,0;34,0,35,0,0,38,0,0,40,35;0,0,0,29,0,0,0,0,0,0;0,0,0,0,26,38,40,24,0,0
-34,10,0,-5,0,0,0,0,0,29
------------- End of Scenario k = 3 -------
0,0,0,0,0,0,51,0,0,0;79,0,80,49,0,0,0,0,79,24;0,0,0,62,22,0,0,0,0,0;0,0,0,0,0,60,49,0,0,0;50,0,58,0,0,80,0,0,67,0;68,0,0,0,0,0,0,0,0,0;0,0,0,0,69,0,0,80,0,0;80,0,29,0,0,30,0,0,64,53;0,0,0,32,0,0,0,0,0,0;0,0,0,0,78,70,36,71,0,0
0,0,0,0,0,0,37,0,0,0;40,0,28,20,0,0,0,0,26,32;0,0,0,29,30,0,0,0,0,0;0,0,0,0,0,35,23,0,0,0;16,0,21,0,0,40,0,0,35,0;38,0,0,0,0,0,0,0,0,0;0,0,0,0,36,0,0,33,0,0;23,0,31,0,0,26,0,0,40,28;0,0,0,27,0,0,0,0,0,0;0,0,0,0,31,38,27,40,0,0
-22,14,0,-2,0,0,0,0,0,10
------------- End of Scenario k = 4 -------
0,0,0,0,0,0,33,0,0,0;46,0,80,45,0,0,0,0,48,34;0,0,0,40,55,0,0,0,0,0;0,0,0,0,0,30,32,0,0,0;61,0,35,0,0,63,0,0,70,0;55,0,0,0,0,0,0,0,0,0;0,0,0,0,71,0,0,27,0,0;80,0,64,0,0,68,0,0,80,53;0,0,0,77,0,0,0,0,0,0;0,0,0,0,33,44,52,26,0,0
0,0,0,0,0,0,23,0,0,0;23,0,27,35,0,0,0,0,20,30;0,0,0,38,31,0,0,0,0,0;0,0,0,0,0,20,34,0,0,0;33,0,28,0,0,30,0,0,29,0;35,0,0,0,0,0,0,0,0,0;0,0,0,0,32,0,0,38,0,0;30,0,32,0,0,37,0,0,29,40;0,0,0,35,0,0,0,0,0,0;0,0,0,0,27,24,30,35,0,0
-20,20,0,-18,0,0,0,0,0,18
------------- End of Scenario k = 5 -------
0,0,0,0,0,0,23,0,0,0;54,0,80,80,0,0,0,0,41,72;0,0,0,54,80,0,0,0,0,0;0,0,0,0,0,28,28,0,0,0;70,0,37,0,0,63,0,0,33,0;56,0,0,0,0,0,0,0,0,0;0,0,0,0,47,0,0,36,0,0;80,0,80,0,0,73,0,0,80,27;0,0,0,69,0,0,0,0,0,0;0,0,0,0,68,52,77,31,0,0
0,0,0,0,0,0,24,0,0,0;25,0,20,30,0,0,0,0,27,30;0,0,0,37,23,0,0,0,0,0;0,0,0,0,0,22,28,0,0,0;36,0,29,0,0,37,0,0,38,0;21,0,0,0,0,0,0,0,0,0;0,0,0,0,33,0,0,23,0,0;32,0,38,0,0,27,0,0,18,20;0,0,0,31,0,0,0,0,0,0;0,0,0,0,36,30,24,31,0,0
-27,13,0,-1,0,0,0,0,0,15
------------- End of Scenario k = 6 -------
0,0,0,0,0,0,37,0,0,0;68,0,80,20,0,0,0,0,47,32;0,0,0,42,56,0,0,0,0,0;0,0,0,0,0,72,72,0,0,0;27,0,32,0,0,69,0,0,63,0;20,0,0,0,0,0,0,0,0,0;0,0,0,0,56,0,0,79,0,0;80,0,58,0,0,36,0,0,80,49;0,0,0,78,0,0,0,0,0,0;0,0,0,0,24,56,57,37,0,0
0,0,0,0,0,0,33,0,0,0;36,0,30,37,0,0,0,0,37,35;0,0,0,22,28,0,0,0,0,0;0,0,0,0,0,34,37,0,0,0;29,0,40,0,0,35,0,0,33,0;37,0,0,0,0,0,0,0,0,0;0,0,0,0,26,0,0,32,0,0;40,0,29,0,0,21,0,0,31,40;0,0,0,30,0,0,0,0,0,0;0,0,0,0,40,20,34,40,0,0
-33,28,0,-5,0,0,0,0,0,10
------------- End of Scenario k = 7 -------
0,0,0,0,0,0,50,0,0,0;46,0,62,80,0,0,0,0,29,22;0,0,0,44,47,0,0,0,0,0;0,0,0,0,0,71,52,0,0,0;80,0,80,0,0,80,0,0,48,0;51,0,0,0,0,0,0,0,0,0;0,0,0,0,41,0,0,80,0,0;45,0,22,0,0,33,0,0,80,80;0,0,0,47,0,0,0,0,0,0;0,0,0,0,50,32,80,32,0,0
0,0,0,0,0,0,26,0,0,0;27,0,34,34,0,0,0,0,32,24;0,0,0,22,29,0,0,0,0,0;0,0,0,0,0,37,37,0,0,0;26,0,37,0,0,24,0,0,34,0;33,0,0,0,0,0,0,0,0,0;0,0,0,0,26,0,0,19,0,0;35,0,36,0,0,36,0,0,38,20;0,0,0,36,0,0,0,0,0,0;0,0,0,0,29,26,29,25,0,0
-26,19,0,-3,0,0,0,0,0,10
------------- End of Scenario k = 8 -------
0,0,0,0,0,0,68,0,0,0;75,0,74,80,0,0,0,0,20,49;0,0,0,28,23,0,0,0,0,0;0,0,0,0,0,54,29,0,0,0;80,0,74,0,0,80,0,0,27,0;26,0,0,0,0,0,0,0,0,0;0,0,0,0,37,0,0,80,0,0;20,0,23,0,0,78,0,0,80,53;0,0,0,58,0,0,0,0,0,0;0,0,0,0,65,20,80,32,0,0
0,0,0,0,0,0,21,0,0,0;23,0,24,27,0,0,0,0,38,32;0,0,0,34,26,0,0,0,0,0;0,0,0,0,0,32,34,0,0,0;28,0,32,0,0,38,0,0,28,0;34,0,0,0,0,0,0,0,0,0;0,0,0,0,28,0,0,35,0,0;38,0,38,0,0,23,0,0,35,23;0,0,0,23,0,0,0,0,0,0;0,0,0,0,40,39,20,38,0,0
-21,16,0,-8,0,0,0,0,0,13
------------- End of Scenario k = 9 -------
0,0,0,0,0,0,45,0,0,0;63,0,45,80,0,0,0,0,76,71;0,0,0,55,48,0,0,0,0,0;0,0,0,0,0,59,38,0,0,0;80,0,35,0,0,80,0,0,39,0;20,0,0,0,0,0,0,0,0,0;0,0,0,0,51,0,0,46,0,0;80,0,31,0,0,78,0,0,32,23;0,0,0,74,0,0,0,0,0,0;0,0,0,0,61,28,39,34,0,0
0,0,0,0,0,0,39,0,0,0;20,0,34,40,0,0,0,0,34,30;0,0,0,40,28,0,0,0,0,0;0,0,0,0,0,23,24,0,0,0;29,0,29,0,0,33,0,0,38,0;21,0,0,0,0,0,0,0,0,0;0,0,0,0,22,0,0,27,0,0;21,0,24,0,0,38,0,0,39,38;0,0,0,35,0,0,0,0,0,0;0,0,0,0,34,27,23,37,0,0
-23,22,0,-9,0,0,0,0,0,10
------------- End of Scenario k = 10 -------
0,0,0,0,0,0,51,0,0,0;34,0,20,75,0,0,0,0,22,74;0,0,0,30,80,0,0,0,0,0;0,0,0,0,0,62,80,0,0,0;80,0,63,0,0,33,0,0,76,0;35,0,0,0,0,0,0,0,0,0;0,0,0,0,69,0,0,46,0,0;21,0,67,0,0,67,0,0,80,33;0,0,0,54,0,0,0,0,0,0;0,0,0,0,75,24,65,48,0,0
0,0,0,0,0,0,27,0,0,0;24,0,27,31,0,0,0,0,33,25;0,0,0,29,23,0,0,0,0,0;0,0,0,0,0,27,27,0,0,0;34,0,31,0,0,26,0,0,37,0;21,0,0,0,0,0,0,0,0,0;0,0,0,0,35,0,0,22,0,0;24,0,38,0,0,36,0,0,18,40;0,0,0,34,0,0,0,0,0,0;0,0,0,0,24,22,33,25,0,0
-28,19,0,-9,0,0,0,0,0,18
------------- End of Scenario k = 11 -------
0,0,0,0,0,0,53,0,0,0;56,0,34,57,0,0,0,0,77,42;0,0,0,40,32,0,0,0,0,0;0,0,0,0,0,61,79,0,0,0;24,0,80,0,0,56,0,0,45,0;53,0,0,0,0,0,0,0,0,0;0,0,0,0,26,0,0,80,0,0;80,0,61,0,0,44,0,0,80,58;0,0,0,63,0,0,0,0,0,0;0,0,0,0,45,78,80,80,0,0
0,0,0,0,0,0,29,0,0,0;36,0,21,19,0,0,0,0,35,21;0,0,0,39,36,0,0,0,0,0;0,0,0,0,0,29,37,0,0,0;17,0,22,0,0,26,0,0,33,0;40,0,0,0,0,0,0,0,0,0;0,0,0,0,40,0,0,36,0,0;25,0,24,0,0,34,0,0,34,38;0,0,0,33,0,0,0,0,0,0;0,0,0,0,37,27,26,31,0,0
-37,15,0,-1,0,0,0,0,0,23
------------- End of Scenario k = 12 -------
0,0,0,0,0,0,43,0,0,0;80,0,80,80,0,0,0,0,21,68;0,0,0,44,50,0,0,0,0,0;0,0,0,0,0,48,42,0,0,0;42,0,25,0,0,43,0,0,39,0;47,0,0,0,0,0,0,0,0,0;0,0,0,0,32,0,0,80,0,0;80,0,27,0,0,74,0,0,80,80;0,0,0,38,0,0,0,0,0,0;0,0,0,0,38,47,80,59,0,0
0,0,0,0,0,0,33,0,0,0;37,0,20,23,0,0,0,0,33,22;0,0,0,33,21,0,0,0,0,0;0,0,0,0,0,28,21,0,0,0;36,0,22,0,0,37,0,0,25,0;22,0,0,0,0,0,0,0,0,0;0,0,0,0,39,0,0,22,0,0;30,0,25,0,0,32,0,0,35,36;0,0,0,29,0,0,0,0,0,0;0,0,0,0,34,39,26,37,0,0
-29,18,0,-8,0,0,0,0,0,19
------------- End of Scenario k = 13 -------
0,0,0,0,0,0,58,0,0,0;54,0,80,38,0,0,0,0,22,39;0,0,0,48,80,0,0,0,0,0;0,0,0,0,0,26,79,0,0,0;80,0,71,0,0,80,0,0,57,0;51,0,0,0,0,0,0,0,0,0;0,0,0,0,49,0,0,80,0,0;80,0,37,0,0,42,0,0,80,38;0,0,0,58,0,0,0,0,0,0;0,0,0,0,42,44,80,33,0,0
0,0,0,0,0,0,35,0,0,0;39,0,35,36,0,0,0,0,38,40;0,0,0,34,38,0,0,0,0,0;0,0,0,0,0,36,23,0,0,0;37,0,35,0,0,34,0,0,23,0;31,0,0,0,0,0,0,0,0,0;0,0,0,0,25,0,0,36,0,0;28,0,22,0,0,38,0,0,34,40;0,0,0,39,0,0,0,0,0,0;0,0,0,0,29,28,37,21,0,0
-54,28,0,-1,0,0,0,0,0,27
------------- End of Scenario k = 14 -------
0,0,0,0,0,0,77,0,0,0;56,0,80,80,0,0,0,0,55,77;0,0,0,34,80,0,0,0,0,0;0,0,0,0,0,75,30,0,0,0;34,0,71,0,0,80,0,0,34,0;23,0,0,0,0,0,0,0,0,0;0,0,0,0,21,0,0,27,0,0;80,0,39,0,0,68,0,0,80,26;0,0,0,74,0,0,0,0,0,0;0,0,0,0,36,58,67,51,0,0
0,0,0,0,0,0,34,0,0,0;28,0,31,39,0,0,0,0,37,29;0,0,0,33,30,0,0,0,0,0;0,0,0,0,0,21,32,0,0,0;33,0,40,0,0,33,0,0,29,0;27,0,0,0,0,0,0,0,0,0;0,0,0,0,30,0,0,19,0,0;38,0,21,0,0,31,0,0,31,38;0,0,0,29,0,0,0,0,0,0;0,0,0,0,21,21,34,33,0,0
-32,26,0,-11,0,0,0,0,0,17
------------- End of Scenario k = 15 -------
0,0,0,0,0,0,69,0,0,0;36,0,80,80,0,0,0,0,30,80;0,0,0,52,47,0,0,0,0,0;0,0,0,0,0,76,41,0,0,0;80,0,79,0,0,62,0,0,66,0;23,0,0,0,0,0,0,0,0,0;0,0,0,0,61,0,0,38,0,0;80,0,77,0,0,53,0,0,33,20;0,0,0,80,0,0,0,0,0,0;0,0,0,0,57,71,80,20,0,0
0,0,0,0,0,0,36,0,0,0;22,0,22,30,0,0,0,0,22,29;0,0,0,35,29,0,0,0,0,0;0,0,0,0,0,26,34,0,0,0;24,0,35,0,0,31,0,0,29,0;38,0,0,0,0,0,0,0,0,0;0,0,0,0,36,0,0,38,0,0;37,0,24,0,0,34,0,0,38,31;0,0,0,30,0,0,0,0,0,0;0,0,0,0,30,32,36,37,0,0
-27,15,0,-9,0,0,0,0,0,21
------------- End of Scenario k = 16 -------
0,0,0,0,0,0,56,0,0,0;22,0,80,80,0,0,0,0,67,35;0,0,0,27,80,0,0,0,0,0;0,0,0,0,0,53,37,0,0,0;62,0,37,0,0,46,0,0,33,0;63,0,0,0,0,0,0,0,0,0;0,0,0,0,80,0,0,80,0,0;59,0,20,0,0,58,0,0,69,51;0,0,0,44,0,0,0,0,0,0;0,0,0,0,44,50,80,70,0,0
0,0,0,0,0,0,36,0,0,0;31,0,26,31,0,0,0,0,35,27;0,0,0,21,33,0,0,0,0,0;0,0,0,0,0,30,38,0,0,0;37,0,40,0,0,38,0,0,24,0;30,0,0,0,0,0,0,0,0,0;0,0,0,0,34,0,0,19,0,0;29,0,33,0,0,28,0,0,19,36;0,0,0,20,0,0,0,0,0,0;0,0,0,0,27,37,40,37,0,0
-33,24,0,-9,0,0,0,0,0,18
------------- End of Scenario k = 17 -------
0,0,0,0,0,0,29,0,0,0;41,0,80,26,0,0,0,0,23,57;0,0,0,32,80,0,0,0,0,0;0,0,0,0,0,73,27,0,0,0;80,0,60,0,0,55,0,0,34,0;55,0,0,0,0,0,0,0,0,0;0,0,0,0,49,0,0,56,0,0;54,0,79,0,0,50,0,0,80,68;0,0,0,55,0,0,0,0,0,0;0,0,0,0,35,71,70,29,0,0
0,0,0,0,0,0,21,0,0,0;27,0,37,24,0,0,0,0,36,31;0,0,0,38,28,0,0,0,0,0;0,0,0,0,0,20,37,0,0,0;25,0,21,0,0,32,0,0,34,0;25,0,0,0,0,0,0,0,0,0;0,0,0,0,25,0,0,36,0,0;37,0,26,0,0,21,0,0,30,28;0,0,0,22,0,0,0,0,0,0;0,0,0,0,20,35,36,29,0,0
-29,14,0,-9,0,0,0,0,0,24
------------- End of Scenario k = 18 -------
0,0,0,0,0,0,32,0,0,0;45,0,80,80,0,0,0,0,67,59;0,0,0,53,45,0,0,0,0,0;0,0,0,0,0,33,38,0,0,0;77,0,53,0,0,80,0,0,27,0;64,0,0,0,0,0,0,0,0,0;0,0,0,0,55,0,0,34,0,0;22,0,76,0,0,70,0,0,80,31;0,0,0,40,0,0,0,0,0,0;0,0,0,0,34,44,80,29,0,0
0,0,0,0,0,0,25,0,0,0;27,0,14,40,0,0,0,0,20,38;0,0,0,35,15,0,0,0,0,0;0,0,0,0,0,40,28,0,0,0;33,0,37,0,0,14,0,0,26,0;32,0,0,0,0,0,0,0,0,0;0,0,0,0,20,0,0,31,0,0;28,0,34,0,0,20,0,0,29,31;0,0,0,28,0,0,0,0,0,0;0,0,0,0,25,39,33,27,0,0
-34,14,0,-1,0,0,0,0,0,21
------------- End of Scenario k = 19 -------
