/ -------------------------------------------------------------------------
An instance of the stochastic Fixed - charge Network Flow Problem using NETGEN.
/ -------------------------------------------------------------------------
Number of Nodes (no Dummy node is added), n
Graph Density, density
The fixed cost to variable cost ratio, f
Adjacency Matrix, A
Fixed Cost Matrix, c
Number of scenarios, K
Scenario Probabilities, p
----The following three rows will be repeated K times.----
Var Cost Matrix, d
Capacity, u
demand, b
/ -------------------------------------------------------------------------
+
30
0.3
200
0,0,0,0,1,0,0,0,0,1,0,1,0,0,0,1,0,0,0,0,1,1,0,0,0,0,1,0,0,0;0,0,1,0,0,1,1,0,0,0,1,0,0,1,0,0,1,1,0,0,0,0,0,0,0,0,0,0,0,1;1,0,0,1,0,0,0,1,0,0,1,0,0,0,0,0,0,0,0,0,1,0,0,1,0,0,0,0,0,0;0,0,0,0,0,1,0,0,1,0,0,0,0,0,0,0,0,1,0,0,0,1,1,1,0,0,1,0,0,0;0,0,1,1,0,0,0,0,1,0,1,0,0,1,0,0,1,0,0,0,1,0,0,0,0,0,0,1,0,1;1,0,0,0,0,0,1,0,0,0,0,0,1,0,0,0,1,1,0,0,1,0,0,0,0,0,0,0,0,0;0,0,0,0,0,0,0,1,1,1,1,0,0,1,0,1,1,0,0,0,1,0,0,0,0,0,0,0,0,0;1,0,0,0,1,0,0,0,1,0,1,1,0,0,0,0,0,0,0,0,1,0,0,0,1,0,0,0,0,0;0,0,1,0,0,0,0,0,0,0,1,0,1,0,0,0,1,0,1,1,0,1,0,1,1,0,0,1,0,0;0,1,0,0,0,0,1,1,0,0,0,0,1,0,1,1,1,0,0,0,0,0,0,0,0,1,0,0,0,1;1,0,0,0,0,0,0,0,1,0,0,1,1,1,0,0,0,0,0,0,1,0,0,0,0,0,1,1,1,0;0,0,1,0,1,0,0,0,1,0,1,0,1,0,0,1,0,0,0,1,0,0,0,0,1,0,0,0,0,0;1,0,0,0,0,0,0,0,0,1,1,1,0,1,1,0,0,0,1,1,0,1,0,0,1,0,0,0,1,0;1,0,0,1,0,0,0,1,1,1,1,1,0,0,0,0,0,0,0,1,0,1,0,1,0,0,1,1,0,1;0,0,0,0,1,0,0,0,0,0,0,1,1,0,0,1,0,0,1,0,0,1,0,0,1,0,0,0,1,0;0,0,0,0,0,1,0,1,0,1,0,1,0,0,0,0,1,0,1,0,0,0,0,1,1,1,0,1,0,0;0,0,0,0,0,1,0,0,1,0,0,1,0,1,0,0,0,1,0,0,0,1,0,0,0,0,0,1,0,0;0,0,0,0,1,0,0,0,0,1,1,0,0,1,0,0,0,0,0,0,0,0,0,0,1,1,0,0,1,0;0,0,0,0,0,0,0,0,0,0,1,0,1,0,0,0,0,1,0,1,0,0,0,0,0,0,0,0,0,1;0,1,0,1,0,0,1,0,0,0,1,1,0,1,0,0,0,0,0,0,1,0,1,1,0,0,1,1,0,0;1,0,0,0,1,0,1,0,0,0,1,0,0,0,0,1,0,0,0,1,0,1,0,1,0,0,0,0,0,0;0,1,1,0,0,0,0,0,0,0,0,0,1,1,0,0,0,0,0,1,0,0,0,1,1,0,1,0,0,1;0,1,0,1,0,1,0,0,1,1,1,0,0,0,0,0,0,0,1,0,0,0,0,1,0,0,1,0,0,0;0,0,0,0,1,0,0,1,1,1,1,0,0,0,0,1,1,0,0,1,0,1,1,0,1,0,0,0,0,1;0,0,0,0,1,1,0,0,0,1,0,0,1,1,1,1,0,1,0,0,0,0,0,1,0,1,1,1,0,0;0,0,0,0,0,1,0,1,0,1,0,0,1,0,0,0,1,0,0,0,0,1,1,1,0,0,1,1,0,0;1,0,0,0,0,0,0,0,0,0,1,0,0,1,0,0,1,1,0,0,0,1,1,0,0,0,0,1,0,1;1,1,1,1,0,0,0,0,0,1,0,0,1,0,0,0,1,0,1,0,0,0,0,1,0,0,0,0,1,0;0,1,0,0,0,0,0,0,0,1,1,0,0,0,0,1,0,1,0,0,0,1,0,0,0,1,0,0,0,0;0,1,0,0,0,0,0,0,1,0,0,1,0,1,0,1,1,0,0,0,0,0,0,0,0,1,0,1,1,0
0,0,0,0,11360,0,0,0,0,8660,0,9980,0,0,0,12160,0,0,0,0,10640,10140,0,0,0,0,9000,0,0,0;0,0,11860,0,0,11760,11060,0,0,0,11140,0,0,11420,0,0,8040,10760,0,0,0,0,0,0,0,0,0,0,0,12320;14480,0,0,11280,0,0,0,8620,0,0,10960,0,0,0,0,0,0,0,0,0,11380,0,0,8380,0,0,0,0,0,0;0,0,0,0,0,12340,0,0,10640,0,0,0,0,0,0,0,0,9520,0,0,0,10600,9720,8560,0,0,14540,0,0,0;0,0,8640,10740,0,0,0,0,8640,0,11120,0,0,10620,0,0,10660,0,0,0,9180,0,0,0,0,0,0,11060,0,9080;9960,0,0,0,0,0,14400,0,0,0,0,0,10700,0,0,0,8820,9640,0,0,9780,0,0,0,0,0,0,0,0,0;0,0,0,0,0,0,0,12560,9360,9280,10440,0,0,9060,0,11220,10160,0,0,0,9500,0,0,0,0,0,0,0,0,0;10260,0,0,0,8420,0,0,0,12900,0,11600,10360,0,0,0,0,0,0,0,0,12580,0,0,0,10560,0,0,0,0,0;0,0,9240,0,0,0,0,0,0,0,15400,0,11620,0,0,0,9660,0,9680,10480,0,10180,0,9060,10900,0,0,9520,0,0;0,9260,0,0,0,0,7720,11120,0,0,0,0,10900,0,10880,8560,9000,0,0,0,0,0,0,0,0,10300,0,0,0,11560;13019,0,0,0,0,0,0,0,9740,0,0,10080,11200,11620,0,0,0,0,0,0,11220,0,0,0,0,0,9720,7280,10520,0;0,0,9880,0,11240,0,0,0,10080,0,12520,0,11340,0,0,10420,0,0,0,8120,0,0,0,0,9260,0,0,0,0,0;8940,0,0,0,0,0,0,0,0,10900,11620,12880,0,8940,14240,0,0,0,11700,10560,0,10900,0,0,10580,0,0,0,10740,0;13860,0,0,9860,0,0,0,9680,8380,8500,10400,9060,0,0,0,0,0,0,0,9760,0,8240,0,10120,0,0,11880,9480,0,10560;0,0,0,0,14680,0,0,0,0,0,0,8880,10460,0,0,10960,0,0,7500,0,0,10860,0,0,9000,0,0,0,10780,0;0,0,0,0,0,9700,0,9880,0,8360,0,9540,0,0,0,0,10520,0,10280,0,0,0,0,9860,11220,9380,0,10880,0,0;0,0,0,0,0,9720,0,0,11920,0,0,9580,0,11680,0,0,0,13080,0,0,0,12040,0,0,0,0,0,9680,0,0;0,0,0,0,11100,0,0,0,0,9820,10600,0,0,12200,0,0,0,0,0,0,0,0,0,0,8720,10020,0,0,8460,0;0,0,0,0,0,0,0,0,0,0,11480,0,9840,0,0,0,0,9820,0,14300,0,0,0,0,0,0,0,0,0,9100;0,10660,0,9620,0,0,11240,0,0,0,8960,9160,0,11000,0,0,0,0,0,0,11580,0,9080,8860,0,0,13519,8840,0,0;9340,0,0,0,10120,0,9420,0,0,0,7959,0,0,0,0,9920,0,0,0,10700,0,14040,0,10540,0,0,0,0,0,0;0,10840,10320,0,0,0,0,0,0,0,0,0,8340,9920,0,0,0,0,0,9380,0,0,0,11580,8640,0,11220,0,0,11140;0,10660,0,10180,0,9480,0,0,9380,11140,8620,0,0,0,0,0,0,0,10640,0,0,0,0,9080,0,0,10560,0,0,0;0,0,0,0,9960,0,0,8700,9740,10180,9100,0,0,0,0,11920,10460,0,0,9900,0,9500,9040,0,12819,0,0,0,0,10680;0,0,0,0,7740,8980,0,0,0,8800,0,0,8580,10180,10420,9280,0,9500,0,0,0,0,0,8700,0,12640,9260,8960,0,0;0,0,0,0,0,11460,0,10660,0,9320,0,0,13580,0,0,0,6959,0,0,0,0,9920,11580,10160,0,0,9980,15719,0,0;11220,0,0,0,0,0,0,0,0,0,9780,0,0,9200,0,0,8860,8960,0,0,0,7880,9180,0,0,0,0,10960,0,9900;11500,9540,10900,9380,0,0,0,0,0,11320,0,0,9840,0,0,0,10100,0,9500,0,0,0,0,11120,0,0,0,0,13960,0;0,10720,0,0,0,0,0,0,0,10160,8040,0,0,0,0,11860,0,9140,0,0,0,11080,0,0,0,8880,0,0,0,0;0,11040,0,0,0,0,0,0,11100,0,0,9900,0,8340,0,10820,9680,0,0,0,0,0,0,0,0,10800,0,10520,11680,0
10
0.05,0.15,0.05,0.1,0.15,0.05,0.1,0.05,0.25,0.05
--Scenarios--
0,0,0,0,69,0,0,0,0,29,0,78,0,0,0,71,0,0,0,0,76,78,0,0,0,0,72,0,0,0;0,0,80,0,0,77,45,0,0,0,45,0,0,52,0,0,69,58,0,0,0,0,0,0,0,0,0,0,0,73;80,0,0,80,0,0,0,43,0,0,50,0,0,0,0,0,0,0,0,0,42,0,0,42,0,0,0,0,0,0;0,0,0,0,0,58,0,0,72,0,0,0,0,0,0,0,0,77,0,0,0,42,77,56,0,0,75,0,0,0;0,0,20,67,0,0,0,0,21,0,76,0,0,29,0,0,72,0,0,0,35,0,0,0,0,0,0,26,0,25;44,0,0,0,0,0,80,0,0,0,0,0,80,0,0,0,20,66,0,0,45,0,0,0,0,0,0,0,0,0;0,0,0,0,0,0,0,50,42,37,33,0,0,52,0,42,64,0,0,0,69,0,0,0,0,0,0,0,0,0;67,0,0,0,50,0,0,0,80,0,57,54,0,0,0,0,0,0,0,0,62,0,0,0,29,0,0,0,0,0;0,0,46,0,0,0,0,0,0,0,80,0,72,0,0,0,55,0,55,78,0,52,0,40,71,0,0,20,0,0;0,42,0,0,0,0,27,60,0,0,0,0,58,0,45,76,44,0,0,0,0,0,0,0,0,23,0,0,0,32;75,0,0,0,0,0,0,0,65,0,0,37,44,74,0,0,0,0,0,0,50,0,0,0,0,0,65,23,56,0;0,0,44,0,40,0,0,0,68,0,62,0,61,0,0,58,0,0,0,30,0,0,0,0,33,0,0,0,0,0;21,0,0,0,0,0,0,0,0,48,43,33,0,36,80,0,0,0,80,68,0,44,0,0,73,0,0,0,78,0;63,0,0,74,0,0,0,67,69,41,68,37,0,0,0,0,0,0,0,57,0,39,0,32,0,0,72,51,0,61;0,0,0,0,80,0,0,0,0,0,0,69,78,0,0,80,0,0,22,0,0,69,0,0,24,0,0,0,57,0;0,0,0,0,0,61,0,22,0,51,0,69,0,0,0,0,61,0,33,0,0,0,0,27,22,33,0,22,0,0;0,0,0,0,0,41,0,0,58,0,0,23,0,28,0,0,0,43,0,0,0,47,0,0,0,0,0,34,0,0;0,0,0,0,78,0,0,0,0,80,65,0,0,80,0,0,0,0,0,0,0,0,0,0,46,41,0,0,48,0;0,0,0,0,0,0,0,0,0,0,51,0,37,0,0,0,0,54,0,80,0,0,0,0,0,0,0,0,0,50;0,76,0,53,0,0,79,0,0,0,65,44,0,56,0,0,0,0,0,0,32,0,47,69,0,0,72,20,0,0;56,0,0,0,32,0,43,0,0,0,54,0,0,0,0,65,0,0,0,80,0,80,0,30,0,0,0,0,0,0;0,62,49,0,0,0,0,0,0,0,0,0,27,28,0,0,0,0,0,65,0,0,0,80,37,0,22,0,0,33;0,25,0,77,0,32,0,0,41,54,37,0,0,0,0,0,0,0,80,0,0,0,0,48,0,0,32,0,0,0;0,0,0,0,47,0,0,42,63,36,22,0,0,0,0,55,38,0,0,68,0,36,32,0,80,0,0,0,0,79;0,0,0,0,45,48,0,0,0,72,0,0,21,33,76,53,0,64,0,0,0,0,0,77,0,80,29,29,0,0;0,0,0,0,0,29,0,61,0,55,0,0,69,0,0,0,23,0,0,0,0,45,45,22,0,0,34,80,0,0;71,0,0,0,0,0,0,0,0,0,59,0,0,74,0,0,49,39,0,0,0,51,22,0,0,0,0,75,0,38;57,46,44,48,0,0,0,0,0,44,0,0,56,0,0,0,42,0,74,0,0,0,0,52,0,0,0,0,46,0;0,61,0,0,0,0,0,0,0,52,49,0,0,0,0,65,0,55,0,0,0,62,0,0,0,26,0,0,0,0;0,56,0,0,0,0,0,0,63,0,0,48,0,57,0,73,49,0,0,0,0,0,0,0,0,65,0,72,64,0
0,0,0,0,29,0,0,0,0,29,0,39,0,0,0,23,0,0,0,0,39,32,0,0,0,0,20,0,0,0;0,0,24,0,0,32,31,0,0,0,36,0,0,21,0,0,29,38,0,0,0,0,0,0,0,0,0,0,0,22;39,0,0,38,0,0,0,26,0,0,37,0,0,0,0,0,0,0,0,0,35,0,0,26,0,0,0,0,0,0;0,0,0,0,0,22,0,0,33,0,0,0,0,0,0,0,0,33,0,0,0,36,31,34,0,0,14,0,0,0;0,0,21,38,0,0,0,0,34,0,32,0,0,23,0,0,24,0,0,0,23,0,0,0,0,0,0,38,0,23;37,0,0,0,0,0,13,0,0,0,0,0,24,0,0,0,21,24,0,0,26,0,0,0,0,0,0,0,0,0;0,0,0,0,0,0,0,29,35,36,27,0,0,26,0,23,22,0,0,0,40,0,0,0,0,0,0,0,0,0;25,0,0,0,38,0,0,0,27,0,33,20,0,0,0,0,0,0,0,0,35,0,0,0,21,0,0,0,0,0;0,0,27,0,0,0,0,0,0,0,12,0,27,0,0,0,25,0,24,26,0,24,0,22,24,0,0,33,0,0;0,40,0,0,0,0,24,25,0,0,0,0,35,0,31,22,33,0,0,0,0,0,0,0,0,20,0,0,0,36;33,0,0,0,0,0,0,0,38,0,0,28,34,33,0,0,0,0,0,0,32,0,0,0,0,0,30,38,21,0;0,0,39,0,34,0,0,0,20,0,39,0,37,0,0,37,0,0,0,23,0,0,0,0,32,0,0,0,0,0;21,0,0,0,0,0,0,0,0,32,39,20,0,28,20,0,0,0,26,20,0,31,0,0,32,0,0,0,23,0;23,0,0,40,0,0,0,40,31,20,34,30,0,0,0,0,0,0,0,27,0,25,0,40,0,0,21,29,0,37;0,0,0,0,23,0,0,0,0,0,0,30,34,0,0,29,0,0,26,0,0,28,0,0,23,0,0,0,27,0;0,0,0,0,0,33,0,21,0,20,0,38,0,0,0,0,32,0,28,0,0,0,0,31,30,38,0,21,0,0;0,0,0,0,0,30,0,0,28,0,0,24,0,39,0,0,0,29,0,0,0,38,0,0,0,0,0,27,0,0;0,0,0,0,23,0,0,0,0,29,25,0,0,40,0,0,0,0,0,0,0,0,0,0,33,35,0,0,30,0;0,0,0,0,0,0,0,0,0,0,30,0,23,0,0,0,0,35,0,35,0,0,0,0,0,0,0,0,0,30;0,39,0,22,0,0,30,0,0,0,35,30,0,28,0,0,0,0,0,0,39,0,24,22,0,0,21,36,0,0;26,0,0,0,22,0,25,0,0,0,36,0,0,0,0,26,0,0,0,38,0,34,0,37,0,0,0,0,0,0;0,38,22,0,0,0,0,0,0,0,0,0,28,24,0,0,0,0,0,23,0,0,0,35,33,0,20,0,0,36;0,26,0,38,0,32,0,0,37,31,24,0,0,0,0,0,0,0,32,0,0,0,0,22,0,0,33,0,0,0;0,0,0,0,21,0,0,32,21,23,35,0,0,0,0,30,35,0,0,33,0,30,30,0,40,0,0,0,0,23;0,0,0,0,24,20,0,0,0,30,0,0,30,35,31,34,0,33,0,0,0,0,0,33,0,32,36,32,0,0;0,0,0,0,0,27,0,30,0,30,0,0,35,0,0,0,40,0,0,0,0,34,40,35,0,0,21,36,0,0;33,0,0,0,0,0,0,0,0,0,39,0,0,20,0,0,33,24,0,0,0,35,32,0,0,0,0,23,0,26;34,36,25,31,0,0,0,0,0,27,0,0,32,0,0,0,25,0,28,0,0,0,0,23,0,0,0,0,29,0;0,26,0,0,0,0,0,0,0,32,37,0,0,0,0,29,0,20,0,0,0,23,0,0,0,26,0,0,0,0;0,30,0,0,0,0,0,0,34,0,0,23,0,20,0,32,40,0,0,0,0,0,0,0,0,30,0,20,40,0
-1,12,0,0,-6,0,0,0,0,0,0,-1,0,-1,0,0,0,0,0,0,0,0,29,0,0,0,-3,0,0,-29
------------- End of Scenario k = 0 -------
0,0,0,0,78,0,0,0,0,38,0,48,0,0,0,63,0,0,0,0,34,31,0,0,0,0,23,0,0,0;0,0,63,0,0,79,52,0,0,0,43,0,0,67,0,0,37,55,0,0,0,0,0,0,0,0,0,0,0,79;80,0,0,55,0,0,0,43,0,0,59,0,0,0,0,0,0,0,0,0,32,0,0,43,0,0,0,0,0,0;0,0,0,0,0,80,0,0,55,0,0,0,0,0,0,0,0,56,0,0,0,62,56,23,0,0,80,0,0,0;0,0,23,70,0,0,0,0,23,0,79,0,0,42,0,0,23,0,0,0,25,0,0,0,0,0,0,20,0,25;46,0,0,0,0,0,80,0,0,0,0,0,36,0,0,0,25,46,0,0,52,0,0,0,0,0,0,0,0,0;0,0,0,0,0,0,0,74,45,25,68,0,0,59,0,25,50,0,0,0,29,0,0,0,0,0,0,0,0,0;67,0,0,0,22,0,0,0,80,0,80,73,0,0,0,0,0,0,0,0,71,0,0,0,59,0,0,0,0,0;0,0,39,0,0,0,0,0,0,0,80,0,37,0,0,0,36,0,64,50,0,67,0,65,59,0,0,78,0,0;0,39,0,0,0,0,29,46,0,0,0,0,68,0,76,37,59,0,0,0,0,0,0,0,0,60,0,0,0,66;76,0,0,0,0,0,0,0,66,0,0,46,80,50,0,0,0,0,0,0,55,0,0,0,0,0,26,41,56,0;0,0,57,0,57,0,0,0,34,0,78,0,61,0,0,52,0,0,0,35,0,0,0,0,38,0,0,0,0,0;64,0,0,0,0,0,0,0,0,48,33,80,0,49,80,0,0,0,43,62,0,67,0,0,20,0,0,0,63,0;79,0,0,38,0,0,0,54,37,79,36,27,0,0,0,0,0,0,0,63,0,23,0,51,0,0,75,57,0,79;0,0,0,0,80,0,0,0,0,0,0,21,22,0,0,37,0,0,48,0,0,71,0,0,32,0,0,0,55,0;0,0,0,0,0,57,0,79,0,58,0,38,0,0,0,0,80,0,77,0,0,0,0,56,48,28,0,33,0,0;0,0,0,0,0,37,0,0,46,0,0,61,0,63,0,0,0,80,0,0,0,49,0,0,0,0,0,49,0,0;0,0,0,0,70,0,0,0,0,30,25,0,0,80,0,0,0,0,0,0,0,0,0,0,72,64,0,0,77,0;0,0,0,0,0,0,0,0,0,0,28,0,39,0,0,0,0,30,0,80,0,0,0,0,0,0,0,0,0,31;0,35,0,31,0,0,46,0,0,0,29,66,0,80,0,0,0,0,0,0,46,0,27,34,0,0,64,22,0,0;74,0,0,0,70,0,35,0,0,0,71,0,0,0,0,80,0,0,0,61,0,70,0,72,0,0,0,0,0,0;0,75,75,0,0,0,0,0,0,0,0,0,49,79,0,0,0,0,0,44,0,0,0,34,43,0,28,0,0,80;0,24,0,43,0,43,0,0,55,75,25,0,0,0,0,0,0,0,32,0,0,0,0,26,0,0,62,0,0,0;0,0,0,0,60,0,0,20,57,32,56,0,0,0,0,70,47,0,0,39,0,29,60,0,28,0,0,0,0,28;0,0,0,0,55,40,0,0,0,20,0,0,25,23,57,65,0,46,0,0,0,0,0,54,0,25,32,20,0,0;0,0,0,0,0,70,0,39,0,49,0,0,67,0,0,0,31,0,0,0,0,39,68,66,0,0,32,80,0,0;67,0,0,0,0,0,0,0,0,0,67,0,0,42,0,0,43,23,0,0,0,55,69,0,0,0,0,73,0,45;48,24,60,78,0,0,0,0,0,77,0,0,55,0,0,0,32,0,72,0,0,0,0,57,0,0,0,0,80,0;0,66,0,0,0,0,0,0,0,48,34,0,0,0,0,79,0,33,0,0,0,52,0,0,0,57,0,0,0,0;0,79,0,0,0,0,0,0,56,0,0,30,0,20,0,33,25,0,0,0,0,0,0,0,0,79,0,54,51,0
0,0,0,0,24,0,0,0,0,22,0,28,0,0,0,39,0,0,0,0,31,36,0,0,0,0,30,0,0,0;0,0,36,0,0,39,36,0,0,0,40,0,0,25,0,0,35,20,0,0,0,0,0,0,0,0,0,0,0,28;35,0,0,38,0,0,0,22,0,0,34,0,0,0,0,0,0,0,0,0,31,0,0,33,0,0,0,0,0,0;0,0,0,0,0,39,0,0,29,0,0,0,0,0,0,0,0,40,0,0,0,37,36,38,0,0,38,0,0,0;0,0,39,21,0,0,0,0,28,0,40,0,0,26,0,0,25,0,0,0,38,0,0,0,0,0,0,32,0,34;33,0,0,0,0,0,26,0,0,0,0,0,29,0,0,0,20,31,0,0,29,0,0,0,0,0,0,0,0,0;0,0,0,0,0,0,0,29,26,25,26,0,0,24,0,23,25,0,0,0,27,0,0,0,0,0,0,0,0,0;21,0,0,0,30,0,0,0,24,0,23,27,0,0,0,0,0,0,0,0,34,0,0,0,27,0,0,0,0,0;0,0,29,0,0,0,0,0,0,0,31,0,40,0,0,0,37,0,39,28,0,22,0,29,21,0,0,33,0,0;0,24,0,0,0,0,35,21,0,0,0,0,22,0,22,38,28,0,0,0,0,0,0,0,0,39,0,0,0,34;23,0,0,0,0,0,0,0,31,0,0,23,35,38,0,0,0,0,0,0,25,0,0,0,0,0,35,37,22,0;0,0,37,0,28,0,0,0,37,0,34,0,31,0,0,23,0,0,0,39,0,0,0,0,34,0,0,0,0,0;33,0,0,0,0,0,0,0,0,34,25,30,0,32,32,0,0,0,39,33,0,25,0,0,25,0,0,0,36,0;29,0,0,40,0,0,0,29,33,32,25,27,0,0,0,0,0,0,0,23,0,31,0,31,0,0,26,20,0,30;0,0,0,0,36,0,0,0,0,0,0,32,35,0,0,39,0,0,24,0,0,32,0,0,32,0,0,0,40,0;0,0,0,0,0,23,0,37,0,29,0,27,0,0,0,0,25,0,36,0,0,0,0,21,34,27,0,25,0,0;0,0,0,0,0,30,0,0,28,0,0,29,0,27,0,0,0,19,0,0,0,25,0,0,0,0,0,34,0,0;0,0,0,0,31,0,0,0,0,34,33,0,0,20,0,0,0,0,0,0,0,0,0,0,34,37,0,0,27,0;0,0,0,0,0,0,0,0,0,0,36,0,21,0,0,0,0,20,0,24,0,0,0,0,0,0,0,0,0,30;0,30,0,23,0,0,23,0,0,0,21,37,0,21,0,0,0,0,0,0,21,0,30,20,0,0,26,21,0,0;36,0,0,0,34,0,30,0,0,0,32,0,0,0,0,24,0,0,0,36,0,27,0,25,0,0,0,0,0,0;0,38,37,0,0,0,0,0,0,0,0,0,29,31,0,0,0,0,0,28,0,0,0,31,24,0,20,0,0,25;0,31,0,24,0,21,0,0,36,29,34,0,0,0,0,0,0,0,40,0,0,0,0,35,0,0,34,0,0,0;0,0,0,0,39,0,0,21,32,25,21,0,0,0,0,35,39,0,0,37,0,30,31,0,32,0,0,0,0,26;0,0,0,0,28,34,0,0,0,25,0,0,39,26,33,33,0,34,0,0,0,0,0,21,0,37,20,22,0,0;0,0,0,0,0,39,0,29,0,33,0,0,24,0,0,0,37,0,0,0,0,39,22,20,0,0,21,21,0,0;30,0,0,0,0,0,0,0,0,0,32,0,0,39,0,0,38,27,0,0,0,26,22,0,0,0,0,33,0,22;20,30,35,34,0,0,0,0,0,32,0,0,25,0,0,0,36,0,31,0,0,0,0,31,0,0,0,0,34,0;0,39,0,0,0,0,0,0,0,28,29,0,0,0,0,24,0,27,0,0,0,31,0,0,0,29,0,0,0,0;0,23,0,0,0,0,0,0,38,0,0,22,0,28,0,29,28,0,0,0,0,0,0,0,0,23,0,39,28,0
-4,18,0,0,0,0,0,0,0,0,0,-4,0,-4,0,0,0,0,0,0,0,0,19,0,0,0,-6,0,0,-19
------------- End of Scenario k = 1 -------
0,0,0,0,64,0,0,0,0,80,0,38,0,0,0,35,0,0,0,0,69,72,0,0,0,0,60,0,0,0;0,0,20,0,0,56,58,0,0,0,76,0,0,68,0,0,58,78,0,0,0,0,0,0,0,0,0,0,0,65;80,0,0,45,0,0,0,61,0,0,31,0,0,0,0,0,0,0,0,0,75,0,0,28,0,0,0,0,0,0;0,0,0,0,0,27,0,0,51,0,0,0,0,0,0,0,0,28,0,0,0,50,32,44,0,0,79,0,0,0;0,0,71,35,0,0,0,0,42,0,32,0,0,54,0,0,74,0,0,0,54,0,0,0,0,0,0,60,0,50;22,0,0,0,0,0,80,0,0,0,0,0,74,0,0,0,31,40,0,0,69,0,0,0,0,0,0,0,0,0;0,0,0,0,0,0,0,80,53,75,55,0,0,26,0,54,40,0,0,0,29,0,0,0,0,0,0,0,0,0;41,0,0,0,26,0,0,0,54,0,78,27,0,0,0,0,0,0,0,0,78,0,0,0,70,0,0,0,0,0;0,0,63,0,0,0,0,0,0,0,68,0,57,0,0,0,59,0,76,60,0,32,0,23,23,0,0,75,0,0;0,39,0,0,0,0,20,55,0,0,0,0,30,0,41,24,20,0,0,0,0,0,0,0,0,79,0,0,0,79;37,0,0,0,0,0,0,0,33,0,0,52,54,69,0,0,0,0,0,0,41,0,0,0,0,0,62,41,59,0;0,0,68,0,37,0,0,0,73,0,56,0,78,0,0,28,0,0,0,21,0,0,0,0,56,0,0,0,0,0;75,0,0,0,0,0,0,0,0,75,77,36,0,50,80,0,0,0,48,40,0,43,0,0,48,0,0,0,79,0;77,0,0,61,0,0,0,61,24,20,51,52,0,0,0,0,0,0,0,49,0,70,0,29,0,0,78,79,0,53;0,0,0,0,80,0,0,0,0,0,0,27,56,0,0,70,0,0,68,0,0,70,0,0,62,0,0,0,70,0;0,0,0,0,0,39,0,75,0,52,0,51,0,0,0,0,39,0,78,0,0,0,0,76,75,32,0,68,0,0;0,0,0,0,0,42,0,0,78,0,0,39,0,79,0,0,0,80,0,0,0,76,0,0,0,0,0,58,0,0;0,0,0,0,22,0,0,0,0,40,56,0,0,27,0,0,0,0,0,0,0,0,0,0,38,33,0,0,35,0;0,0,0,0,0,0,0,0,0,0,69,0,48,0,0,0,0,20,0,80,0,0,0,0,0,0,0,0,0,32;0,50,0,61,0,0,23,0,0,0,31,45,0,48,0,0,0,0,0,0,80,0,47,56,0,0,75,31,0,0;39,0,0,0,33,0,39,0,0,0,75,0,0,0,0,64,0,0,0,79,0,80,0,50,0,0,0,0,0,0;0,50,78,0,0,0,0,0,0,0,0,0,32,46,0,0,0,0,0,34,0,0,0,24,40,0,56,0,0,80;0,74,0,74,0,32,0,0,38,37,44,0,0,0,0,0,0,0,24,0,0,0,0,38,0,0,48,0,0,0;0,0,0,0,41,0,0,54,38,38,66,0,0,0,0,59,38,0,0,35,0,34,22,0,30,0,0,0,0,72;0,0,0,0,53,23,0,0,0,69,0,0,20,80,46,68,0,23,0,0,0,0,0,24,0,36,69,63,0,0;0,0,0,0,0,21,0,40,0,49,0,0,60,0,0,0,44,0,0,0,0,44,78,55,0,0,74,80,0,0;36,0,0,0,0,0,0,0,0,0,68,0,0,40,0,0,30,44,0,0,0,25,39,0,0,0,0,40,0,52;77,60,59,57,0,0,0,0,0,40,0,0,54,0,0,0,22,0,42,0,0,0,0,63,0,0,0,0,80,0;0,28,0,0,0,0,0,0,0,64,44,0,0,0,0,40,0,25,0,0,0,65,0,0,0,46,0,0,0,0;0,45,0,0,0,0,0,0,66,0,0,64,0,25,0,52,66,0,0,0,0,0,0,0,0,24,0,30,48,0
0,0,0,0,39,0,0,0,0,37,0,39,0,0,0,26,0,0,0,0,26,25,0,0,0,0,22,0,0,0;0,0,30,0,0,26,33,0,0,0,30,0,0,39,0,0,27,23,0,0,0,0,0,0,0,0,0,0,0,30;32,0,0,21,0,0,0,20,0,0,36,0,0,0,0,0,0,0,0,0,20,0,0,22,0,0,0,0,0,0;0,0,0,0,0,33,0,0,34,0,0,0,0,0,0,0,0,20,0,0,0,39,27,33,0,0,24,0,0,0;0,0,34,33,0,0,0,0,37,0,31,0,0,21,0,0,24,0,0,0,24,0,0,0,0,0,0,37,0,20;31,0,0,0,0,0,24,0,0,0,0,0,25,0,0,0,21,23,0,0,29,0,0,0,0,0,0,0,0,0;0,0,0,0,0,0,0,29,38,39,20,0,0,40,0,28,40,0,0,0,34,0,0,0,0,0,0,0,0,0;21,0,0,0,21,0,0,0,19,0,26,25,0,0,0,0,0,0,0,0,23,0,0,0,39,0,0,0,0,0;0,0,28,0,0,0,0,0,0,0,32,0,35,0,0,0,28,0,23,21,0,23,0,24,20,0,0,38,0,0;0,30,0,0,0,0,39,39,0,0,0,0,36,0,37,39,24,0,0,0,0,0,0,0,0,20,0,0,0,32;34,0,0,0,0,0,0,0,29,0,0,21,33,38,0,0,0,0,0,0,21,0,0,0,0,0,22,34,22,0;0,0,33,0,37,0,0,0,22,0,37,0,29,0,0,32,0,0,0,26,0,0,0,0,24,0,0,0,0,0;23,0,0,0,0,0,0,0,0,23,33,38,0,31,36,0,0,0,27,37,0,38,0,0,24,0,0,0,34,0;37,0,0,29,0,0,0,25,24,26,26,33,0,0,0,0,0,0,0,32,0,40,0,37,0,0,24,29,0,34;0,0,0,0,23,0,0,0,0,0,0,36,39,0,0,18,0,0,40,0,0,25,0,0,27,0,0,0,34,0;0,0,0,0,0,30,0,38,0,27,0,31,0,0,0,0,29,0,40,0,0,0,0,39,38,21,0,24,0,0;0,0,0,0,0,22,0,0,22,0,0,23,0,35,0,0,0,34,0,0,0,30,0,0,0,0,0,32,0,0;0,0,0,0,34,0,0,0,0,22,34,0,0,33,0,0,0,0,0,0,0,0,0,0,28,34,0,0,38,0;0,0,0,0,0,0,0,0,0,0,36,0,27,0,0,0,0,31,0,35,0,0,0,0,0,0,0,0,0,29;0,21,0,34,0,0,20,0,0,0,36,28,0,37,0,0,0,0,0,0,35,0,38,22,0,0,34,32,0,0;28,0,0,0,26,0,23,0,0,0,39,0,0,0,0,20,0,0,0,23,0,32,0,38,0,0,0,0,0,0;0,37,34,0,0,0,0,0,0,0,0,0,37,39,0,0,0,0,0,36,0,0,0,33,39,0,31,0,0,27;0,33,0,40,0,34,0,0,25,38,26,0,0,0,0,0,0,0,30,0,0,0,0,24,0,0,36,0,0,0;0,0,0,0,25,0,0,28,23,33,34,0,0,0,0,33,22,0,0,27,0,33,37,0,21,0,0,0,0,29;0,0,0,0,32,22,0,0,0,30,0,0,24,25,30,26,0,26,0,0,0,0,0,28,0,25,29,33,0,0;0,0,0,0,0,27,0,36,0,29,0,0,23,0,0,0,36,0,0,0,0,23,32,39,0,0,30,26,0,0;33,0,0,0,0,0,0,0,0,0,26,0,0,34,0,0,23,40,0,0,0,26,27,0,0,0,0,28,0,28;23,39,32,26,0,0,0,0,0,37,0,0,25,0,0,0,27,0,27,0,0,0,0,26,0,0,0,0,40,0;0,27,0,0,0,0,0,0,0,20,21,0,0,0,0,21,0,40,0,0,0,26,0,0,0,33,0,0,0,0;0,34,0,0,0,0,0,0,33,0,0,25,0,35,0,32,27,0,0,0,0,0,0,0,0,23,0,29,31,0
-3,18,0,0,0,0,0,0,0,0,0,-4,0,-2,0,0,0,0,0,0,0,0,20,0,0,0,-9,0,0,-20
------------- End of Scenario k = 2 -------
0,0,0,0,61,0,0,0,0,22,0,45,0,0,0,78,0,0,0,0,65,47,0,0,0,0,48,0,0,0;0,0,80,0,0,76,43,0,0,0,32,0,0,51,0,0,42,41,0,0,0,0,0,0,0,0,0,0,0,68;63,0,0,33,0,0,0,66,0,0,38,0,0,0,0,0,0,0,0,0,74,0,0,27,0,0,0,0,0,0;0,0,0,0,0,55,0,0,44,0,0,0,0,0,0,0,0,74,0,0,0,79,48,40,0,0,80,0,0,0;0,0,20,73,0,0,0,0,76,0,68,0,0,69,0,0,70,0,0,0,46,0,0,0,0,0,0,78,0,34;60,0,0,0,0,0,80,0,0,0,0,0,49,0,0,0,61,49,0,0,27,0,0,0,0,0,0,0,0,0;0,0,0,0,0,0,0,41,25,48,69,0,0,55,0,60,69,0,0,0,49,0,0,0,0,0,0,0,0,0;64,0,0,0,46,0,0,0,80,0,51,30,0,0,0,0,0,0,0,0,74,0,0,0,72,0,0,0,0,0;0,0,36,0,0,0,0,0,0,0,80,0,76,0,0,0,39,0,41,29,0,55,0,21,78,0,0,42,0,0;0,73,0,0,0,0,22,63,0,0,0,0,66,0,52,30,49,0,0,0,0,0,0,0,0,70,0,0,0,68;71,0,0,0,0,0,0,0,55,0,0,22,54,60,0,0,0,0,0,0,71,0,0,0,0,0,53,22,29,0;0,0,52,0,40,0,0,0,22,0,80,0,60,0,0,69,0,0,0,32,0,0,0,0,74,0,0,0,0,0;71,0,0,0,0,0,0,0,0,49,52,80,0,52,48,0,0,0,65,23,0,48,0,0,78,0,0,0,38,0;73,0,0,38,0,0,0,36,52,60,56,40,0,0,0,0,0,0,0,32,0,36,0,42,0,0,72,51,0,51;0,0,0,0,80,0,0,0,0,0,0,35,73,0,0,29,0,0,34,0,0,20,0,0,51,0,0,0,24,0;0,0,0,0,0,32,0,24,0,49,0,47,0,0,0,0,36,0,77,0,0,0,0,76,59,31,0,48,0,0;0,0,0,0,0,24,0,0,61,0,0,61,0,54,0,0,0,29,0,0,0,71,0,0,0,0,0,31,0,0;0,0,0,0,50,0,0,0,0,60,67,0,0,22,0,0,0,0,0,0,0,0,0,0,36,38,0,0,20,0;0,0,0,0,0,0,0,0,0,0,80,0,80,0,0,0,0,23,0,52,0,0,0,0,0,0,0,0,0,39;0,56,0,34,0,0,34,0,0,0,56,44,0,68,0,0,0,0,0,0,80,0,76,64,0,0,72,41,0,0;29,0,0,0,26,0,33,0,0,0,46,0,0,0,0,38,0,0,0,57,0,61,0,69,0,0,0,0,0,0;0,24,24,0,0,0,0,0,0,0,0,0,42,30,0,0,0,0,0,38,0,0,0,80,25,0,55,0,0,35;0,64,0,29,0,28,0,0,21,55,42,0,0,0,0,0,0,0,80,0,0,0,0,24,0,0,66,0,0,0;0,0,0,0,35,0,0,37,28,66,33,0,0,0,0,54,73,0,0,41,0,72,35,0,59,0,0,0,0,76;0,0,0,0,28,37,0,0,0,25,0,0,72,28,76,73,0,58,0,0,0,0,0,49,0,80,34,27,0,0;0,0,0,0,0,62,0,74,0,79,0,0,75,0,0,0,30,0,0,0,0,20,75,23,0,0,49,80,0,0;41,0,0,0,0,0,0,0,0,0,70,0,0,48,0,0,31,33,0,0,0,22,46,0,0,0,0,75,0,76;54,54,46,26,0,0,0,0,0,63,0,0,59,0,0,0,77,0,53,0,0,0,0,46,0,0,0,0,80,0;0,74,0,0,0,0,0,0,0,67,22,0,0,0,0,61,0,45,0,0,0,55,0,0,0,23,0,0,0,0;0,53,0,0,0,0,0,0,43,0,0,80,0,49,0,62,24,0,0,0,0,0,0,0,0,57,0,74,67,0
0,0,0,0,22,0,0,0,0,37,0,22,0,0,0,28,0,0,0,0,27,22,0,0,0,0,39,0,0,0;0,0,34,0,0,32,20,0,0,0,31,0,0,21,0,0,30,38,0,0,0,0,0,0,0,0,0,0,0,31;26,0,0,34,0,0,0,35,0,0,24,0,0,0,0,0,0,0,0,0,33,0,0,31,0,0,0,0,0,0;0,0,0,0,0,23,0,0,30,0,0,0,0,0,0,0,0,21,0,0,0,33,23,27,0,0,40,0,0,0;0,0,34,25,0,0,0,0,30,0,24,0,0,36,0,0,34,0,0,0,28,0,0,0,0,0,0,24,0,35;35,0,0,0,0,0,25,0,0,0,0,0,40,0,0,0,22,40,0,0,24,0,0,0,0,0,0,0,0,0;0,0,0,0,0,0,0,31,30,38,33,0,0,27,0,33,22,0,0,0,34,0,0,0,0,0,0,0,0,0;26,0,0,0,32,0,0,0,39,0,23,22,0,0,0,0,0,0,0,0,40,0,0,0,20,0,0,0,0,0;0,0,32,0,0,0,0,0,0,0,38,0,28,0,0,0,21,0,38,24,0,34,0,34,33,0,0,23,0,0;0,28,0,0,0,0,23,38,0,0,0,0,35,0,31,26,26,0,0,0,0,0,0,0,0,32,0,0,0,21;31,0,0,0,0,0,0,0,21,0,0,30,31,25,0,0,0,0,0,0,29,0,0,0,0,0,20,27,32,0;0,0,38,0,34,0,0,0,34,0,22,0,27,0,0,36,0,0,0,39,0,0,0,0,39,0,0,0,0,0;37,0,0,0,0,0,0,0,0,20,29,23,0,39,18,0,0,0,28,21,0,23,0,0,29,0,0,0,25,0;34,0,0,34,0,0,0,39,22,24,37,30,0,0,0,0,0,0,0,40,0,39,0,31,0,0,31,23,0,29;0,0,0,0,25,0,0,0,0,0,0,37,22,0,0,23,0,0,31,0,0,29,0,0,39,0,0,0,38,0;0,0,0,0,0,38,0,33,0,23,0,24,0,0,0,0,21,0,27,0,0,0,0,34,34,40,0,35,0,0;0,0,0,0,0,21,0,0,40,0,0,39,0,39,0,0,0,20,0,0,0,40,0,0,0,0,0,26,0,0;0,0,0,0,24,0,0,0,0,20,21,0,0,39,0,0,0,0,0,0,0,0,0,0,34,22,0,0,35,0;0,0,0,0,0,0,0,0,0,0,22,0,32,0,0,0,0,35,0,34,0,0,0,0,0,0,0,0,0,39;0,29,0,39,0,0,34,0,0,0,33,36,0,25,0,0,0,0,0,0,18,0,37,33,0,0,37,38,0,0;30,0,0,0,30,0,36,0,0,0,24,0,0,0,0,34,0,0,0,36,0,23,0,22,0,0,0,0,0,0;0,31,26,0,0,0,0,0,0,0,0,0,27,34,0,0,0,0,0,21,0,0,0,21,35,0,32,0,0,30;0,22,0,40,0,27,0,0,31,39,22,0,0,0,0,0,0,0,38,0,0,0,0,30,0,0,34,0,0,0;0,0,0,0,38,0,0,23,21,26,35,0,0,0,0,34,21,0,0,24,0,24,39,0,26,0,0,0,0,39;0,0,0,0,31,35,0,0,0,21,0,0,26,36,30,26,0,34,0,0,0,0,0,36,0,30,20,34,0,0;0,0,0,0,0,39,0,39,0,24,0,0,37,0,0,0,26,0,0,0,0,26,24,37,0,0,37,26,0,0;25,0,0,0,0,0,0,0,0,0,21,0,0,21,0,0,26,31,0,0,0,36,28,0,0,0,0,35,0,29;29,38,25,30,0,0,0,0,0,26,0,0,30,0,0,0,20,0,38,0,0,0,0,35,0,0,0,0,25,0;0,33,0,0,0,0,0,0,0,40,25,0,0,0,0,31,0,23,0,0,0,38,0,0,0,36,0,0,0,0;0,33,0,0,0,0,0,0,20,0,0,28,0,39,0,23,28,0,0,0,0,0,0,0,0,36,0,40,40,0
-2,18,0,0,-7,0,0,0,0,0,0,-1,0,-4,0,0,0,0,0,0,0,0,16,0,0,0,-4,0,0,-16
------------- End of Scenario k = 3 -------
0,0,0,0,76,0,0,0,0,20,0,49,0,0,0,56,0,0,0,0,51,58,0,0,0,0,38,0,0,0;0,0,80,0,0,48,67,0,0,0,65,0,0,26,0,0,64,36,0,0,0,0,0,0,0,0,0,0,0,42;80,0,0,26,0,0,0,22,0,0,55,0,0,0,0,0,0,0,0,0,43,0,0,63,0,0,0,0,0,0;0,0,0,0,0,80,0,0,78,0,0,0,0,0,0,0,0,29,0,0,0,65,64,45,0,0,80,0,0,0;0,0,51,55,0,0,0,0,54,0,55,0,0,66,0,0,23,0,0,0,27,0,0,0,0,0,0,66,0,63;60,0,0,0,0,0,80,0,0,0,0,0,43,0,0,0,77,30,0,0,38,0,0,0,0,0,0,0,0,0;0,0,0,0,0,0,0,48,68,65,49,0,0,56,0,70,64,0,0,0,32,0,0,0,0,0,0,0,0,0;44,0,0,0,52,0,0,0,47,0,33,48,0,0,0,0,0,0,0,0,62,0,0,0,55,0,0,0,0,0;0,0,37,0,0,0,0,0,0,0,80,0,45,0,0,0,42,0,46,74,0,67,0,58,33,0,0,32,0,0;0,43,0,0,0,0,20,65,0,0,0,0,67,0,70,55,62,0,0,0,0,0,0,0,0,42,0,0,0,65;74,0,0,0,0,0,0,0,53,0,0,60,80,77,0,0,0,0,0,0,62,0,0,0,0,0,22,33,37,0;0,0,49,0,69,0,0,0,32,0,61,0,30,0,0,70,0,0,0,32,0,0,0,0,33,0,0,0,0,0;28,0,0,0,0,0,0,0,0,24,72,41,0,64,58,0,0,0,70,71,0,69,0,0,47,0,0,0,64,0;64,0,0,67,0,0,0,56,52,70,60,71,0,0,0,0,0,0,0,71,0,26,0,59,0,0,47,29,0,55;0,0,0,0,80,0,0,0,0,0,0,74,47,0,0,36,0,0,27,0,0,51,0,0,65,0,0,0,57,0;0,0,0,0,0,72,0,74,0,32,0,60,0,0,0,0,80,0,23,0,0,0,0,44,70,45,0,74,0,0;0,0,0,0,0,50,0,0,66,0,0,31,0,26,0,0,0,80,0,0,0,76,0,0,0,0,0,35,0,0;0,0,0,0,34,0,0,0,0,39,77,0,0,58,0,0,0,0,0,0,0,0,0,0,33,65,0,0,29,0;0,0,0,0,0,0,0,0,0,0,63,0,66,0,0,0,0,61,0,80,0,0,0,0,0,0,0,0,0,52;0,80,0,46,0,0,68,0,0,0,45,78,0,72,0,0,0,0,0,0,60,0,27,54,0,0,64,25,0,0;39,0,0,0,52,0,51,0,0,0,22,0,0,0,0,25,0,0,0,78,0,52,0,23,0,0,0,0,0,0;0,66,60,0,0,0,0,0,0,0,0,0,46,46,0,0,0,0,0,23,0,0,0,80,24,0,73,0,0,80;0,63,0,67,0,50,0,0,35,55,69,0,0,0,0,0,0,0,59,0,0,0,0,52,0,0,43,0,0,0;0,0,0,0,39,0,0,50,51,57,46,0,0,0,0,60,30,0,0,64,0,63,57,0,80,0,0,0,0,71;0,0,0,0,33,24,0,0,0,45,0,0,50,64,30,45,0,55,0,0,0,0,0,22,0,32,68,76,0,0;0,0,0,0,0,65,0,55,0,63,0,0,54,0,0,0,56,0,0,0,0,46,67,39,0,0,30,80,0,0;55,0,0,0,0,0,0,0,0,0,54,0,0,38,0,0,43,45,0,0,0,45,45,0,0,0,0,55,0,25;72,66,72,27,0,0,0,0,0,73,0,0,43,0,0,0,58,0,31,0,0,0,0,70,0,0,0,0,73,0;0,31,0,0,0,0,0,0,0,46,71,0,0,0,0,50,0,66,0,0,0,47,0,0,0,54,0,0,0,0;0,54,0,0,0,0,0,0,76,0,0,22,0,47,0,64,65,0,0,0,0,0,0,0,0,35,0,44,53,0
0,0,0,0,31,0,0,0,0,24,0,38,0,0,0,36,0,0,0,0,29,38,0,0,0,0,31,0,0,0;0,0,30,0,0,27,28,0,0,0,20,0,0,35,0,0,36,29,0,0,0,0,0,0,0,0,0,0,0,24;38,0,0,13,0,0,0,40,0,0,39,0,0,0,0,0,0,0,0,0,25,0,0,34,0,0,0,0,0,0;0,0,0,0,0,28,0,0,22,0,0,0,0,0,0,0,0,29,0,0,0,39,33,30,0,0,13,0,0,0;0,0,29,32,0,0,0,0,25,0,31,0,0,36,0,0,31,0,0,0,40,0,0,0,0,0,0,32,0,21;26,0,0,0,0,0,24,0,0,0,0,0,20,0,0,0,37,38,0,0,26,0,0,0,0,0,0,0,0,0;0,0,0,0,0,0,0,23,21,34,31,0,0,39,0,30,33,0,0,0,38,0,0,0,0,0,0,0,0,0;29,0,0,0,37,0,0,0,11,0,22,35,0,0,0,0,0,0,0,0,35,0,0,0,39,0,0,0,0,0;0,0,25,0,0,0,0,0,0,0,33,0,25,0,0,0,34,0,24,24,0,20,0,25,37,0,0,32,0,0;0,23,0,0,0,0,29,33,0,0,0,0,36,0,31,34,26,0,0,0,0,0,0,0,0,28,0,0,0,28;31,0,0,0,0,0,0,0,39,0,0,33,34,32,0,0,0,0,0,0,23,0,0,0,0,0,34,27,20,0;0,0,35,0,25,0,0,0,37,0,37,0,40,0,0,28,0,0,0,23,0,0,0,0,29,0,0,0,0,0;34,0,0,0,0,0,0,0,0,21,26,16,0,22,32,0,0,0,23,23,0,40,0,0,36,0,0,0,23,0;23,0,0,29,0,0,0,24,34,32,37,31,0,0,0,0,0,0,0,26,0,28,0,28,0,0,24,31,0,21;0,0,0,0,30,0,0,0,0,0,0,35,25,0,0,36,0,0,39,0,0,33,0,0,32,0,0,0,25,0;0,0,0,0,0,35,0,28,0,31,0,20,0,0,0,0,23,0,35,0,0,0,0,35,22,40,0,35,0,0;0,0,0,0,0,38,0,0,40,0,0,38,0,35,0,0,0,24,0,0,0,37,0,0,0,0,0,38,0,0;0,0,0,0,28,0,0,0,0,27,29,0,0,23,0,0,0,0,0,0,0,0,0,0,32,37,0,0,36,0;0,0,0,0,0,0,0,0,0,0,26,0,39,0,0,0,0,40,0,13,0,0,0,0,0,0,0,0,0,34;0,27,0,23,0,0,23,0,0,0,30,25,0,31,0,0,0,0,0,0,29,0,24,23,0,0,33,39,0,0;30,0,0,0,30,0,20,0,0,0,22,0,0,0,0,32,0,0,0,34,0,23,0,39,0,0,0,0,0,0;0,21,20,0,0,0,0,0,0,0,0,0,27,28,0,0,0,0,0,36,0,0,0,20,38,0,38,0,0,34;0,34,0,33,0,26,0,0,25,24,37,0,0,0,0,0,0,0,36,0,0,0,0,22,0,0,22,0,0,0;0,0,0,0,32,0,0,22,21,33,26,0,0,0,0,29,40,0,0,28,0,33,22,0,30,0,0,0,0,23;0,0,0,0,36,25,0,0,0,20,0,0,28,33,30,40,0,39,0,0,0,0,0,35,0,28,29,34,0,0;0,0,0,0,0,28,0,36,0,24,0,0,29,0,0,0,30,0,0,0,0,38,34,23,0,0,32,15,0,0;35,0,0,0,0,0,0,0,0,0,39,0,0,24,0,0,24,20,0,0,0,34,40,0,0,0,0,37,0,21;26,20,37,33,0,0,0,0,0,37,0,0,30,0,0,0,33,0,33,0,0,0,0,28,0,0,0,0,27,0;0,24,0,0,0,0,0,0,0,29,38,0,0,0,0,33,0,29,0,0,0,20,0,0,0,31,0,0,0,0;0,27,0,0,0,0,0,0,21,0,0,33,0,32,0,25,24,0,0,0,0,0,0,0,0,40,0,34,30,0
-1,11,0,0,-3,0,0,0,0,0,0,-3,0,-1,0,0,0,0,0,0,0,0,11,0,0,0,-3,0,0,-11
------------- End of Scenario k = 4 -------
0,0,0,0,30,0,0,0,0,44,0,23,0,0,0,50,0,0,0,0,39,22,0,0,0,0,27,0,0,0;0,0,45,0,0,58,61,0,0,0,72,0,0,35,0,0,28,75,0,0,0,0,0,0,0,0,0,0,0,40;80,0,0,57,0,0,0,24,0,0,62,0,0,0,0,0,0,0,0,0,42,0,0,79,0,0,0,0,0,0;0,0,0,0,0,80,0,0,29,0,0,0,0,0,0,0,0,73,0,0,0,35,30,28,0,0,80,0,0,0;0,0,50,70,0,0,0,0,43,0,71,0,0,78,0,0,42,0,0,0,55,0,0,0,0,0,0,62,0,79;80,0,0,0,0,0,80,0,0,0,0,0,30,0,0,0,38,32,0,0,56,0,0,0,0,0,0,0,0,0;0,0,0,0,0,0,0,80,54,39,48,0,0,53,0,71,37,0,0,0,26,0,0,0,0,0,0,0,0,0;47,0,0,0,30,0,0,0,80,0,66,32,0,0,0,0,0,0,0,0,80,0,0,0,29,0,0,0,0,0;0,0,21,0,0,0,0,0,0,0,80,0,79,0,0,0,77,0,37,20,0,24,0,22,40,0,0,76,0,0;0,72,0,0,0,0,69,39,0,0,0,0,50,0,62,65,66,0,0,0,0,0,0,0,0,76,0,0,0,39;63,0,0,0,0,0,0,0,79,0,0,55,77,62,0,0,0,0,0,0,61,0,0,0,0,0,25,25,65,0;0,0,31,0,59,0,0,0,77,0,41,0,27,0,0,23,0,0,0,78,0,0,0,0,21,0,0,0,0,0;59,0,0,0,0,0,0,0,0,57,77,80,0,32,80,0,0,0,42,29,0,68,0,0,51,0,0,0,42,0;52,0,0,67,0,0,0,77,52,26,32,54,0,0,0,0,0,0,0,35,0,80,0,53,0,0,75,26,0,26;0,0,0,0,72,0,0,0,0,0,0,68,54,0,0,39,0,0,27,0,0,58,0,0,30,0,0,0,57,0;0,0,0,0,0,59,0,36,0,27,0,34,0,0,0,0,23,0,46,0,0,0,0,58,60,61,0,71,0,0;0,0,0,0,0,51,0,0,78,0,0,44,0,69,0,0,0,80,0,0,0,42,0,0,0,0,0,68,0,0;0,0,0,0,31,0,0,0,0,54,36,0,0,80,0,0,0,0,0,0,0,0,0,0,46,54,0,0,41,0;0,0,0,0,0,0,0,0,0,0,69,0,56,0,0,0,0,76,0,59,0,0,0,0,0,0,0,0,0,60;0,60,0,34,0,0,29,0,0,0,59,22,0,25,0,0,0,0,0,0,25,0,49,20,0,0,79,77,0,0;20,0,0,0,43,0,36,0,0,0,21,0,0,0,0,20,0,0,0,31,0,72,0,56,0,0,0,0,0,0;0,60,32,0,0,0,0,0,0,0,0,0,66,50,0,0,0,0,0,48,0,0,0,21,53,0,75,0,0,22;0,55,0,43,0,46,0,0,65,62,25,0,0,0,0,0,0,0,48,0,0,0,0,71,0,0,27,0,0,0;0,0,0,0,65,0,0,30,66,67,45,0,0,0,0,73,77,0,0,64,0,60,78,0,56,0,0,0,0,24;0,0,0,0,28,30,0,0,0,24,0,0,22,56,40,21,0,29,0,0,0,0,0,21,0,80,62,50,0,0;0,0,0,0,0,77,0,76,0,46,0,0,54,0,0,0,48,0,0,0,0,55,73,73,0,0,72,66,0,0;60,0,0,0,0,0,0,0,0,0,21,0,0,77,0,0,60,35,0,0,0,44,62,0,0,0,0,35,0,76;60,48,45,22,0,0,0,0,0,29,0,0,67,0,0,0,41,0,22,0,0,0,0,43,0,0,0,0,80,0;0,69,0,0,0,0,0,0,0,40,41,0,0,0,0,73,0,52,0,0,0,52,0,0,0,37,0,0,0,0;0,21,0,0,0,0,0,0,51,0,0,24,0,65,0,25,57,0,0,0,0,0,0,0,0,51,0,34,57,0
0,0,0,0,23,0,0,0,0,40,0,40,0,0,0,29,0,0,0,0,38,24,0,0,0,0,28,0,0,0;0,0,28,0,0,34,25,0,0,0,36,0,0,23,0,0,27,38,0,0,0,0,0,0,0,0,0,0,0,32;33,0,0,30,0,0,0,20,0,0,25,0,0,0,0,0,0,0,0,0,32,0,0,22,0,0,0,0,0,0;0,0,0,0,0,34,0,0,39,0,0,0,0,0,0,0,0,24,0,0,0,27,37,33,0,0,25,0,0,0;0,0,29,31,0,0,0,0,27,0,28,0,0,30,0,0,24,0,0,0,35,0,0,0,0,0,0,40,0,40;37,0,0,0,0,0,38,0,0,0,0,0,24,0,0,0,36,28,0,0,33,0,0,0,0,0,0,0,0,0;0,0,0,0,0,0,0,35,25,28,30,0,0,20,0,38,36,0,0,0,32,0,0,0,0,0,0,0,0,0;20,0,0,0,29,0,0,0,22,0,25,24,0,0,0,0,0,0,0,0,38,0,0,0,23,0,0,0,0,0;0,0,38,0,0,0,0,0,0,0,30,0,20,0,0,0,37,0,31,26,0,38,0,23,36,0,0,29,0,0;0,38,0,0,0,0,30,29,0,0,0,0,27,0,37,22,29,0,0,0,0,0,0,0,0,30,0,0,0,36;37,0,0,0,0,0,0,0,35,0,0,36,33,40,0,0,0,0,0,0,37,0,0,0,0,0,35,28,24,0;0,0,31,0,25,0,0,0,22,0,37,0,21,0,0,22,0,0,0,22,0,0,0,0,22,0,0,0,0,0;27,0,0,0,0,0,0,0,0,37,22,24,0,28,39,0,0,0,30,35,0,35,0,0,31,0,0,0,22,0;23,0,0,26,0,0,0,22,35,32,30,37,0,0,0,0,0,0,0,30,0,22,0,22,0,0,40,21,0,21;0,0,0,0,34,0,0,0,0,0,0,36,20,0,0,26,0,0,22,0,0,20,0,0,21,0,0,0,36,0;0,0,0,0,0,35,0,40,0,33,0,23,0,0,0,0,24,0,27,0,0,0,0,20,26,36,0,26,0,0;0,0,0,0,0,28,0,0,31,0,0,20,0,31,0,0,0,22,0,0,0,36,0,0,0,0,0,35,0,0;0,0,0,0,20,0,0,0,0,38,20,0,0,30,0,0,0,0,0,0,0,0,0,0,22,27,0,0,37,0;0,0,0,0,0,0,0,0,0,0,40,0,28,0,0,0,0,30,0,22,0,0,0,0,0,0,0,0,0,30;0,24,0,38,0,0,34,0,0,0,31,21,0,36,0,0,0,0,0,0,26,0,36,36,0,0,29,27,0,0;40,0,0,0,40,0,33,0,0,0,32,0,0,0,0,37,0,0,0,23,0,26,0,21,0,0,0,0,0,0;0,32,39,0,0,0,0,0,0,0,0,0,36,34,0,0,0,0,0,27,0,0,0,31,29,0,26,0,0,24;0,39,0,23,0,21,0,0,23,27,35,0,0,0,0,0,0,0,35,0,0,0,0,28,0,0,31,0,0,0;0,0,0,0,31,0,0,29,29,20,30,0,0,0,0,36,33,0,0,36,0,23,33,0,30,0,0,0,0,29;0,0,0,0,23,38,0,0,0,32,0,0,21,39,28,28,0,29,0,0,0,0,0,40,0,36,35,22,0,0;0,0,0,0,0,32,0,29,0,31,0,0,30,0,0,0,28,0,0,0,0,30,34,23,0,0,24,20,0,0;34,0,0,0,0,0,0,0,0,0,39,0,0,23,0,0,30,39,0,0,0,24,22,0,0,0,0,29,0,34;36,38,23,34,0,0,0,0,0,27,0,0,40,0,0,0,21,0,24,0,0,0,0,27,0,0,0,0,22,0;0,25,0,0,0,0,0,0,0,31,21,0,0,0,0,37,0,21,0,0,0,34,0,0,0,32,0,0,0,0;0,30,0,0,0,0,0,0,33,0,0,34,0,21,0,38,27,0,0,0,0,0,0,0,0,29,0,33,32,0
-3,22,0,0,-11,0,0,0,0,0,0,-5,0,-2,0,0,0,0,0,0,0,0,20,0,0,0,-1,0,0,-20
------------- End of Scenario k = 5 -------
0,0,0,0,22,0,0,0,0,54,0,72,0,0,0,80,0,0,0,0,21,75,0,0,0,0,55,0,0,0;0,0,78,0,0,57,49,0,0,0,63,0,0,58,0,0,35,48,0,0,0,0,0,0,0,0,0,0,0,77;59,0,0,80,0,0,0,20,0,0,55,0,0,0,0,0,0,0,0,0,77,0,0,26,0,0,0,0,0,0;0,0,0,0,0,54,0,0,69,0,0,0,0,0,0,0,0,31,0,0,0,32,59,55,0,0,80,0,0,0;0,0,55,77,0,0,0,0,51,0,38,0,0,22,0,0,57,0,0,0,51,0,0,0,0,0,0,78,0,54;24,0,0,0,0,0,56,0,0,0,0,0,37,0,0,0,79,46,0,0,68,0,0,0,0,0,0,0,0,0;0,0,0,0,0,0,0,37,37,40,57,0,0,44,0,60,25,0,0,0,72,0,0,0,0,0,0,0,0,0;42,0,0,0,34,0,0,0,80,0,60,74,0,0,0,0,0,0,0,0,65,0,0,0,57,0,0,0,0,0;0,0,68,0,0,0,0,0,0,0,66,0,69,0,0,0,56,0,38,49,0,58,0,70,57,0,0,23,0,0;0,45,0,0,0,0,51,20,0,0,0,0,60,0,51,44,22,0,0,0,0,0,0,0,0,30,0,0,0,73;68,0,0,0,0,0,0,0,32,0,0,56,20,55,0,0,0,0,0,0,22,0,0,0,0,0,27,25,52,0;0,0,65,0,55,0,0,0,34,0,67,0,58,0,0,56,0,0,0,53,0,0,0,0,33,0,0,0,0,0;37,0,0,0,0,0,0,0,0,67,73,80,0,64,80,0,0,0,57,71,0,63,0,0,68,0,0,0,70,0;78,0,0,56,0,0,0,43,31,55,52,40,0,0,0,0,0,0,0,21,0,43,0,55,0,0,58,40,0,57;0,0,0,0,80,0,0,0,0,0,0,21,25,0,0,26,0,0,42,0,0,63,0,0,74,0,0,0,62,0;0,0,0,0,0,49,0,37,0,29,0,21,0,0,0,0,80,0,36,0,0,0,0,43,37,57,0,60,0,0;0,0,0,0,0,57,0,0,22,0,0,26,0,68,0,0,0,40,0,0,0,50,0,0,0,0,0,34,0,0;0,0,0,0,77,0,0,0,0,33,69,0,0,80,0,0,0,0,0,0,0,0,0,0,44,30,0,0,60,0;0,0,0,0,0,0,0,0,0,0,37,0,41,0,0,0,0,26,0,60,0,0,0,0,0,0,0,0,0,42;0,26,0,48,0,0,63,0,0,0,59,26,0,79,0,0,0,0,0,0,60,0,49,35,0,0,67,67,0,0;80,0,0,0,38,0,78,0,0,0,30,0,0,0,0,73,0,0,0,22,0,80,0,44,0,0,0,0,0,0;0,35,69,0,0,0,0,0,0,0,0,0,34,69,0,0,0,0,0,25,0,0,0,80,24,0,51,0,0,80;0,53,0,37,0,80,0,0,65,66,42,0,0,0,0,0,0,0,60,0,0,0,0,59,0,0,33,0,0,0;0,0,0,0,69,0,0,73,53,52,70,0,0,0,0,78,46,0,0,50,0,79,28,0,80,0,0,0,0,51;0,0,0,0,28,68,0,0,0,65,0,0,27,28,45,56,0,54,0,0,0,0,0,35,0,80,54,21,0,0;0,0,0,0,0,62,0,29,0,24,0,0,69,0,0,0,23,0,0,0,0,26,40,74,0,0,48,80,0,0;77,0,0,0,0,0,0,0,0,0,26,0,0,32,0,0,34,75,0,0,0,56,20,0,0,0,0,50,0,28;70,78,77,53,0,0,0,0,0,55,0,0,22,0,0,0,37,0,20,0,0,0,0,79,0,0,0,0,80,0;0,69,0,0,0,0,0,0,0,50,20,0,0,0,0,67,0,27,0,0,0,75,0,0,0,36,0,0,0,0;0,62,0,0,0,0,0,0,57,0,0,73,0,63,0,37,69,0,0,0,0,0,0,0,0,50,0,61,40,0
0,0,0,0,40,0,0,0,0,40,0,30,0,0,0,29,0,0,0,0,30,38,0,0,0,0,33,0,0,0;0,0,39,0,0,28,40,0,0,0,29,0,0,32,0,0,34,32,0,0,0,0,0,0,0,0,0,0,0,25;26,0,0,35,0,0,0,20,0,0,23,0,0,0,0,0,0,0,0,0,37,0,0,29,0,0,0,0,0,0;0,0,0,0,0,26,0,0,24,0,0,0,0,0,0,0,0,37,0,0,0,25,32,29,0,0,36,0,0,0;0,0,32,28,0,0,0,0,20,0,37,0,0,22,0,0,20,0,0,0,22,0,0,0,0,0,0,20,0,27;32,0,0,0,0,0,38,0,0,0,0,0,39,0,0,0,31,25,0,0,25,0,0,0,0,0,0,0,0,0;0,0,0,0,0,0,0,39,39,33,21,0,0,38,0,27,38,0,0,0,36,0,0,0,0,0,0,0,0,0;31,0,0,0,22,0,0,0,32,0,21,35,0,0,0,0,0,0,0,0,28,0,0,0,28,0,0,0,0,0;0,0,20,0,0,0,0,0,0,0,36,0,29,0,0,0,36,0,24,33,0,27,0,28,37,0,0,24,0,0;0,21,0,0,0,0,22,20,0,0,0,0,34,0,33,24,25,0,0,0,0,0,0,0,0,34,0,0,0,25;40,0,0,0,0,0,0,0,24,0,0,32,36,22,0,0,0,0,0,0,22,0,0,0,0,0,37,26,24,0;0,0,24,0,37,0,0,0,34,0,24,0,28,0,0,27,0,0,0,30,0,0,0,0,31,0,0,0,0,0;21,0,0,0,0,0,0,0,0,20,32,32,0,22,29,0,0,0,40,25,0,27,0,0,28,0,0,0,35,0;23,0,0,31,0,0,0,32,28,26,33,26,0,0,0,0,0,0,0,37,0,40,0,28,0,0,20,22,0,39;0,0,0,0,36,0,0,0,0,0,0,26,21,0,0,30,0,0,37,0,0,26,0,0,33,0,0,0,26,0;0,0,0,0,0,39,0,27,0,24,0,31,0,0,0,0,36,0,27,0,0,0,0,35,32,26,0,26,0,0;0,0,0,0,0,24,0,0,35,0,0,23,0,23,0,0,0,27,0,0,0,20,0,0,0,0,0,32,0,0;0,0,0,0,40,0,0,0,0,20,34,0,0,35,0,0,0,0,0,0,0,0,0,0,20,21,0,0,40,0;0,0,0,0,0,0,0,0,0,0,37,0,38,0,0,0,0,32,0,32,0,0,0,0,0,0,0,0,0,37;0,26,0,40,0,0,22,0,0,0,26,25,0,25,0,0,0,0,0,0,30,0,39,23,0,0,30,31,0,0;36,0,0,0,27,0,24,0,0,0,33,0,0,0,0,40,0,0,0,37,0,25,0,24,0,0,0,0,0,0;0,22,37,0,0,0,0,0,0,0,0,0,22,35,0,0,0,0,0,28,0,0,0,29,27,0,23,0,0,28;0,24,0,21,0,21,0,0,30,26,20,0,0,0,0,0,0,0,38,0,0,0,0,28,0,0,21,0,0,0;0,0,0,0,26,0,0,24,36,38,24,0,0,0,0,24,37,0,0,39,0,23,33,0,31,0,0,0,0,21;0,0,0,0,37,40,0,0,0,40,0,0,26,26,28,36,0,26,0,0,0,0,0,28,0,34,20,25,0,0;0,0,0,0,0,32,0,39,0,27,0,0,38,0,0,0,32,0,0,0,0,23,30,38,0,0,38,39,0,0;38,0,0,0,0,0,0,0,0,0,29,0,0,38,0,0,34,30,0,0,0,39,34,0,0,0,0,32,0,40;33,28,27,20,0,0,0,0,0,38,0,0,27,0,0,0,39,0,31,0,0,0,0,22,0,0,0,0,33,0;0,23,0,0,0,0,0,0,0,27,32,0,0,0,0,34,0,36,0,0,0,22,0,0,0,23,0,0,0,0;0,38,0,0,0,0,0,0,37,0,0,30,0,38,0,29,23,0,0,0,0,0,0,0,0,30,0,35,39,0
-1,21,0,0,-7,0,0,0,0,0,0,-5,0,-6,0,0,0,0,0,0,0,0,25,0,0,0,-2,0,0,-25
------------- End of Scenario k = 6 -------
0,0,0,0,53,0,0,0,0,54,0,62,0,0,0,45,0,0,0,0,41,40,0,0,0,0,40,0,0,0;0,0,80,0,0,72,54,0,0,0,74,0,0,65,0,0,26,42,0,0,0,0,0,0,0,0,0,0,0,59;42,0,0,80,0,0,0,55,0,0,73,0,0,0,0,0,0,0,0,0,45,0,0,32,0,0,0,0,0,0;0,0,0,0,0,80,0,0,41,0,0,0,0,0,0,0,0,32,0,0,0,71,38,26,0,0,80,0,0,0;0,0,63,38,0,0,0,0,38,0,76,0,0,61,0,0,75,0,0,0,68,0,0,0,0,0,0,53,0,20;36,0,0,0,0,0,24,0,0,0,0,0,57,0,0,0,26,80,0,0,53,0,0,0,0,0,0,0,0,0;0,0,0,0,0,0,0,58,38,33,51,0,0,30,0,48,65,0,0,0,72,0,0,0,0,0,0,0,0,0;59,0,0,0,45,0,0,0,75,0,80,75,0,0,0,0,0,0,0,0,25,0,0,0,50,0,0,0,0,0;0,0,36,0,0,0,0,0,0,0,76,0,59,0,0,0,54,0,32,36,0,22,0,23,78,0,0,33,0,0;0,33,0,0,0,0,76,57,0,0,0,0,72,0,22,44,54,0,0,0,0,0,0,0,0,36,0,0,0,72;64,0,0,0,0,0,0,0,35,0,0,62,46,36,0,0,0,0,0,0,64,0,0,0,0,0,78,60,75,0;0,0,63,0,59,0,0,0,42,0,77,0,62,0,0,64,0,0,0,26,0,0,0,0,74,0,0,0,0,0;31,0,0,0,0,0,0,0,0,35,35,80,0,21,52,0,0,0,41,73,0,39,0,0,28,0,0,0,21,0;63,0,0,33,0,0,0,35,50,20,44,59,0,0,0,0,0,0,0,35,0,32,0,75,0,0,30,37,0,72;0,0,0,0,49,0,0,0,0,0,0,21,39,0,0,80,0,0,30,0,0,70,0,0,27,0,0,0,49,0;0,0,0,0,0,33,0,31,0,47,0,67,0,0,0,0,64,0,25,0,0,0,0,71,52,65,0,71,0,0;0,0,0,0,0,65,0,0,71,0,0,57,0,66,0,0,0,62,0,0,0,78,0,0,0,0,0,74,0,0;0,0,0,0,80,0,0,0,0,53,29,0,0,76,0,0,0,0,0,0,0,0,0,0,24,71,0,0,48,0;0,0,0,0,0,0,0,0,0,0,69,0,56,0,0,0,0,53,0,80,0,0,0,0,0,0,0,0,0,63;0,48,0,63,0,0,79,0,0,0,42,57,0,36,0,0,0,0,0,0,80,0,49,20,0,0,55,32,0,0;38,0,0,0,68,0,35,0,0,0,24,0,0,0,0,64,0,0,0,34,0,80,0,41,0,0,0,0,0,0;0,75,21,0,0,0,0,0,0,0,0,0,45,68,0,0,0,0,0,45,0,0,0,80,76,0,64,0,0,44;0,74,0,20,0,62,0,0,36,52,51,0,0,0,0,0,0,0,44,0,0,0,0,48,0,0,79,0,0,0;0,0,0,0,30,0,0,38,35,71,28,0,0,0,0,38,76,0,0,36,0,34,36,0,80,0,0,0,0,45;0,0,0,0,45,69,0,0,0,40,0,0,73,39,57,38,0,63,0,0,0,0,0,61,0,69,26,61,0,0;0,0,0,0,0,67,0,50,0,25,0,0,79,0,0,0,36,0,0,0,0,77,29,33,0,0,42,80,0,0;77,0,0,0,0,0,0,0,0,0,54,0,0,20,0,0,69,45,0,0,0,38,42,0,0,0,0,26,0,28;39,31,40,64,0,0,0,0,0,77,0,0,54,0,0,0,65,0,64,0,0,0,0,54,0,0,0,0,76,0;0,29,0,0,0,0,0,0,0,51,21,0,0,0,0,67,0,50,0,0,0,33,0,0,0,61,0,0,0,0;0,64,0,0,0,0,0,0,50,0,0,34,0,30,0,73,30,0,0,0,0,0,0,0,0,75,0,54,49,0
0,0,0,0,21,0,0,0,0,32,0,32,0,0,0,29,0,0,0,0,37,37,0,0,0,0,25,0,0,0;0,0,15,0,0,20,35,0,0,0,35,0,0,30,0,0,37,31,0,0,0,0,0,0,0,0,0,0,0,23;29,0,0,29,0,0,0,29,0,0,24,0,0,0,0,0,0,0,0,0,40,0,0,28,0,0,0,0,0,0;0,0,0,0,0,14,0,0,37,0,0,0,0,0,0,0,0,24,0,0,0,37,23,33,0,0,22,0,0,0;0,0,31,22,0,0,0,0,26,0,36,0,0,24,0,0,33,0,0,0,28,0,0,0,0,0,0,36,0,34;30,0,0,0,0,0,34,0,0,0,0,0,23,0,0,0,24,34,0,0,40,0,0,0,0,0,0,0,0,0;0,0,0,0,0,0,0,14,39,40,23,0,0,22,0,37,35,0,0,0,36,0,0,0,0,0,0,0,0,0;31,0,0,0,26,0,0,0,29,0,21,24,0,0,0,0,0,0,0,0,22,0,0,0,34,0,0,0,0,0;0,0,33,0,0,0,0,0,0,0,30,0,22,0,0,0,40,0,39,28,0,21,0,28,27,0,0,22,0,0;0,40,0,0,0,0,33,29,0,0,0,0,26,0,29,33,28,0,0,0,0,0,0,0,0,21,0,0,0,28;21,0,0,0,0,0,0,0,39,0,0,23,39,21,0,0,0,0,0,0,21,0,0,0,0,0,37,25,36,0;0,0,22,0,30,0,0,0,33,0,40,0,22,0,0,40,0,0,0,26,0,0,0,0,25,0,0,0,0,0;36,0,0,0,0,0,0,0,0,40,38,34,0,25,23,0,0,0,34,39,0,32,0,0,26,0,0,0,34,0;31,0,0,21,0,0,0,22,37,27,29,23,0,0,0,0,0,0,0,24,0,23,0,23,0,0,30,26,0,37;0,0,0,0,38,0,0,0,0,0,0,39,34,0,0,20,0,0,21,0,0,32,0,0,34,0,0,0,32,0;0,0,0,0,0,32,0,33,0,33,0,29,0,0,0,0,15,0,33,0,0,0,0,32,34,26,0,26,0,0;0,0,0,0,0,36,0,0,32,0,0,27,0,20,0,0,0,23,0,0,0,31,0,0,0,0,0,24,0,0;0,0,0,0,40,0,0,0,0,24,39,0,0,14,0,0,0,0,0,0,0,0,0,0,35,30,0,0,37,0;0,0,0,0,0,0,0,0,0,0,40,0,37,0,0,0,0,40,0,31,0,0,0,0,0,0,0,0,0,24;0,32,0,28,0,0,34,0,0,0,31,38,0,24,0,0,0,0,0,0,39,0,30,34,0,0,21,40,0,0;22,0,0,0,38,0,35,0,0,0,23,0,0,0,0,38,0,0,0,35,0,18,0,36,0,0,0,0,0,0;0,36,30,0,0,0,0,0,0,0,0,0,30,33,0,0,0,0,0,27,0,0,0,25,30,0,28,0,0,15;0,27,0,25,0,40,0,0,23,29,34,0,0,0,0,0,0,0,25,0,0,0,0,31,0,0,23,0,0,0;0,0,0,0,31,0,0,33,34,25,27,0,0,0,0,38,33,0,0,24,0,27,39,0,22,0,0,0,0,28;0,0,0,0,24,21,0,0,0,23,0,0,39,36,22,23,0,21,0,0,0,0,0,27,0,12,21,25,0,0;0,0,0,0,0,31,0,25,0,26,0,0,34,0,0,0,23,0,0,0,0,23,24,26,0,0,20,14,0,0;32,0,0,0,0,0,0,0,0,0,35,0,0,38,0,0,37,25,0,0,0,34,35,0,0,0,0,36,0,37;39,39,34,24,0,0,0,0,0,33,0,0,29,0,0,0,40,0,26,0,0,0,0,39,0,0,0,0,31,0;0,24,0,0,0,0,0,0,0,20,29,0,0,0,0,24,0,39,0,0,0,29,0,0,0,32,0,0,0,0;0,40,0,0,0,0,0,0,21,0,0,31,0,38,0,39,39,0,0,0,0,0,0,0,0,39,0,24,32,0
-5,14,0,0,-3,0,0,0,0,0,0,-1,0,-2,0,0,0,0,0,0,0,0,11,0,0,0,-3,0,0,-11
------------- End of Scenario k = 7 -------
0,0,0,0,53,0,0,0,0,41,0,48,0,0,0,72,0,0,0,0,79,31,0,0,0,0,40,0,0,0;0,0,26,0,0,37,45,0,0,0,61,0,0,71,0,0,20,27,0,0,0,0,0,0,0,0,0,0,0,58;80,0,0,55,0,0,0,58,0,0,77,0,0,0,0,0,0,0,0,0,78,0,0,56,0,0,0,0,0,0;0,0,0,0,0,80,0,0,22,0,0,0,0,0,0,0,0,46,0,0,0,65,57,57,0,0,59,0,0,0;0,0,55,28,0,0,0,0,55,0,39,0,0,57,0,0,65,0,0,0,62,0,0,0,0,0,0,76,0,75;74,0,0,0,0,0,80,0,0,0,0,0,70,0,0,0,45,68,0,0,41,0,0,0,0,0,0,0,0,0;0,0,0,0,0,0,0,80,51,55,66,0,0,44,0,64,52,0,0,0,76,0,0,0,0,0,0,0,0,0;46,0,0,0,37,0,0,0,46,0,43,68,0,0,0,0,0,0,0,0,44,0,0,0,54,0,0,0,0,0;0,0,68,0,0,0,0,0,0,0,80,0,62,0,0,0,30,0,24,67,0,69,0,63,37,0,0,47,0,0;0,39,0,0,0,0,35,72,0,0,0,0,32,0,64,23,22,0,0,0,0,0,0,0,0,53,0,0,0,53;50,0,0,0,0,0,0,0,37,0,0,43,78,47,0,0,0,0,0,0,62,0,0,0,0,0,62,51,53,0;0,0,38,0,70,0,0,0,54,0,80,0,56,0,0,33,0,0,0,74,0,0,0,0,60,0,0,0,0,0;20,0,0,0,0,0,0,0,0,74,46,54,0,48,80,0,0,0,77,50,0,63,0,0,50,0,0,0,29,0;74,0,0,34,0,0,0,22,26,25,46,39,0,0,0,0,0,0,0,49,0,36,0,46,0,0,37,76,0,25;0,0,0,0,53,0,0,0,0,0,0,63,52,0,0,80,0,0,20,0,0,39,0,0,60,0,0,0,54,0;0,0,0,0,0,37,0,63,0,48,0,20,0,0,0,0,32,0,78,0,0,0,0,21,68,78,0,21,0,0;0,0,0,0,0,40,0,0,72,0,0,62,0,60,0,0,0,80,0,0,0,70,0,0,0,0,0,21,0,0;0,0,0,0,56,0,0,0,0,76,54,0,0,27,0,0,0,0,0,0,0,0,0,0,38,58,0,0,32,0;0,0,0,0,0,0,0,0,0,0,42,0,30,0,0,0,0,70,0,64,0,0,0,0,0,0,0,0,0,26;0,45,0,68,0,0,70,0,0,0,22,29,0,64,0,0,0,0,0,0,80,0,62,50,0,0,63,60,0,0;65,0,0,0,65,0,60,0,0,0,27,0,0,0,0,47,0,0,0,66,0,61,0,63,0,0,0,0,0,0;0,26,39,0,0,0,0,0,0,0,0,0,23,22,0,0,0,0,0,80,0,0,0,80,69,0,63,0,0,66;0,31,0,46,0,33,0,0,49,64,29,0,0,0,0,0,0,0,80,0,0,0,0,68,0,0,80,0,0,0;0,0,0,0,43,0,0,36,33,44,64,0,0,0,0,63,27,0,0,35,0,31,52,0,68,0,0,0,0,68;0,0,0,0,22,47,0,0,0,23,0,0,79,80,66,25,0,45,0,0,0,0,0,28,0,70,36,44,0,0;0,0,0,0,0,61,0,46,0,52,0,0,79,0,0,0,32,0,0,0,0,69,56,52,0,0,75,80,0,0;38,0,0,0,0,0,0,0,0,0,29,0,0,57,0,0,25,70,0,0,0,33,64,0,0,0,0,68,0,47;23,42,35,39,0,0,0,0,0,44,0,0,35,0,0,0,54,0,29,0,0,0,0,72,0,0,0,0,23,0;0,63,0,0,0,0,0,0,0,57,66,0,0,0,0,60,0,63,0,0,0,72,0,0,0,66,0,0,0,0;0,59,0,0,0,0,0,0,43,0,0,48,0,27,0,59,37,0,0,0,0,0,0,0,0,31,0,46,78,0
0,0,0,0,21,0,0,0,0,25,0,31,0,0,0,31,0,0,0,0,30,34,0,0,0,0,22,0,0,0;0,0,40,0,0,27,30,0,0,0,30,0,0,28,0,0,29,26,0,0,0,0,0,0,0,0,0,0,0,26;33,0,0,30,0,0,0,33,0,0,27,0,0,0,0,0,0,0,0,0,40,0,0,24,0,0,0,0,0,0;0,0,0,0,0,38,0,0,38,0,0,0,0,0,0,0,0,28,0,0,0,32,40,26,0,0,33,0,0,0;0,0,35,31,0,0,0,0,37,0,22,0,0,28,0,0,34,0,0,0,32,0,0,0,0,0,0,31,0,33;38,0,0,0,0,0,34,0,0,0,0,0,21,0,0,0,32,39,0,0,30,0,0,0,0,0,0,0,0,0;0,0,0,0,0,0,0,30,30,27,39,0,0,21,0,26,25,0,0,0,20,0,0,0,0,0,0,0,0,0;39,0,0,0,35,0,0,0,37,0,26,32,0,0,0,0,0,0,0,0,25,0,0,0,26,0,0,0,0,0;0,0,23,0,0,0,0,0,0,0,30,0,36,0,0,0,39,0,34,20,0,36,0,34,34,0,0,22,0,0;0,32,0,0,0,0,32,24,0,0,0,0,26,0,37,21,26,0,0,0,0,0,0,0,0,30,0,0,0,32;31,0,0,0,0,0,0,0,23,0,0,38,28,36,0,0,0,0,0,0,26,0,0,0,0,0,39,23,28,0;0,0,33,0,29,0,0,0,35,0,29,0,37,0,0,24,0,0,0,37,0,0,0,0,21,0,0,0,0,0;36,0,0,0,0,0,0,0,0,36,23,36,0,24,39,0,0,0,20,20,0,23,0,0,31,0,0,0,30,0;26,0,0,33,0,0,0,39,32,34,24,31,0,0,0,0,0,0,0,22,0,37,0,26,0,0,39,40,0,26;0,0,0,0,28,0,0,0,0,0,0,37,32,0,0,35,0,0,40,0,0,22,0,0,40,0,0,0,38,0;0,0,0,0,0,29,0,22,0,28,0,22,0,0,0,0,31,0,33,0,0,0,0,22,25,20,0,34,0,0;0,0,0,0,0,36,0,0,20,0,0,27,0,20,0,0,0,32,0,0,0,33,0,0,0,0,0,28,0,0;0,0,0,0,31,0,0,0,0,40,36,0,0,40,0,0,0,0,0,0,0,0,0,0,35,33,0,0,23,0;0,0,0,0,0,0,0,0,0,0,20,0,36,0,0,0,0,30,0,22,0,0,0,0,0,0,0,0,0,31;0,28,0,39,0,0,40,0,0,0,25,25,0,39,0,0,0,0,0,0,37,0,36,29,0,0,34,37,0,0;28,0,0,0,36,0,40,0,0,0,27,0,0,0,0,29,0,0,0,38,0,16,0,26,0,0,0,0,0,0;0,40,29,0,0,0,0,0,0,0,0,0,36,20,0,0,0,0,0,40,0,0,0,35,33,0,38,0,0,20;0,35,0,36,0,21,0,0,37,38,37,0,0,0,0,0,0,0,26,0,0,0,0,40,0,0,39,0,0,0;0,0,0,0,20,0,0,34,31,35,26,0,0,0,0,38,23,0,0,40,0,29,29,0,23,0,0,0,0,26;0,0,0,0,39,26,0,0,0,20,0,0,27,22,40,31,0,35,0,0,0,0,0,26,0,20,25,23,0,0;0,0,0,0,0,36,0,37,0,30,0,0,38,0,0,0,22,0,0,0,0,36,32,26,0,0,21,27,0,0;35,0,0,0,0,0,0,0,0,0,30,0,0,39,0,0,40,38,0,0,0,35,25,0,0,0,0,32,0,27;30,33,40,27,0,0,0,0,0,21,0,0,25,0,0,0,34,0,38,0,0,0,0,39,0,0,0,0,17,0;0,38,0,0,0,0,0,0,0,20,22,0,0,0,0,21,0,21,0,0,0,25,0,0,0,24,0,0,0,0;0,39,0,0,0,0,0,0,30,0,0,22,0,30,0,21,36,0,0,0,0,0,0,0,0,32,0,30,33,0
-1,28,0,0,-7,0,0,0,0,0,0,-2,0,-16,0,0,0,0,0,0,0,0,16,0,0,0,-2,0,0,-16
------------- End of Scenario k = 8 -------
0,0,0,0,62,0,0,0,0,51,0,36,0,0,0,58,0,0,0,0,57,53,0,0,0,0,47,0,0,0;0,0,41,0,0,28,79,0,0,0,26,0,0,78,0,0,23,78,0,0,0,0,0,0,0,0,0,0,0,55;80,0,0,53,0,0,0,39,0,0,48,0,0,0,0,0,0,0,0,0,61,0,0,23,0,0,0,0,0,0;0,0,0,0,0,23,0,0,71,0,0,0,0,0,0,0,0,30,0,0,0,29,25,54,0,0,34,0,0,0;0,0,24,24,0,0,0,0,29,0,22,0,0,53,0,0,32,0,0,0,36,0,0,0,0,0,0,34,0,29;52,0,0,0,0,0,80,0,0,0,0,0,59,0,0,0,39,25,0,0,40,0,0,0,0,0,0,0,0,0;0,0,0,0,0,0,0,80,55,47,26,0,0,34,0,67,42,0,0,0,21,0,0,0,0,0,0,0,0,0;36,0,0,0,79,0,0,0,23,0,32,37,0,0,0,0,0,0,0,0,68,0,0,0,53,0,0,0,0,0;0,0,48,0,0,0,0,0,0,0,80,0,25,0,0,0,35,0,71,61,0,63,0,68,69,0,0,50,0,0;0,38,0,0,0,0,37,79,0,0,0,0,42,0,61,30,52,0,0,0,0,0,0,0,0,46,0,0,0,31;73,0,0,0,0,0,0,0,32,0,0,71,27,51,0,0,0,0,0,0,73,0,0,0,0,0,66,43,44,0;0,0,27,0,76,0,0,0,68,0,24,0,74,0,0,68,0,0,0,25,0,0,0,0,41,0,0,0,0,0;41,0,0,0,0,0,0,0,0,68,73,80,0,31,74,0,0,0,62,41,0,41,0,0,66,0,0,0,53,0;70,0,0,25,0,0,0,33,26,29,75,34,0,0,0,0,0,0,0,76,0,27,0,64,0,0,50,28,0,49;0,0,0,0,80,0,0,0,0,0,0,45,77,0,0,71,0,0,57,0,0,32,0,0,25,0,0,0,54,0;0,0,0,0,0,46,0,53,0,25,0,70,0,0,0,0,31,0,41,0,0,0,0,21,70,39,0,76,0,0;0,0,0,0,0,79,0,0,44,0,0,75,0,71,0,0,0,80,0,0,0,43,0,0,0,0,0,80,0,0;0,0,0,0,57,0,0,0,0,26,52,0,0,80,0,0,0,0,0,0,0,0,0,0,59,47,0,0,33,0;0,0,0,0,0,0,0,0,0,0,66,0,39,0,0,0,0,78,0,80,0,0,0,0,0,0,0,0,0,60;0,57,0,43,0,0,71,0,0,0,40,47,0,22,0,0,0,0,0,0,36,0,21,41,0,0,65,67,0,0;27,0,0,0,79,0,61,0,0,0,28,0,0,0,0,20,0,0,0,27,0,66,0,79,0,0,0,0,0,0;0,69,69,0,0,0,0,0,0,0,0,0,53,58,0,0,0,0,0,67,0,0,0,20,41,0,74,0,0,37;0,70,0,73,0,68,0,0,64,37,67,0,0,0,0,0,0,0,25,0,0,0,0,20,0,0,58,0,0,0;0,0,0,0,69,0,0,55,63,46,25,0,0,0,0,46,71,0,0,63,0,37,52,0,80,0,0,0,0,20;0,0,0,0,50,63,0,0,0,57,0,0,40,78,28,20,0,38,0,0,0,0,0,64,0,80,53,57,0,0;0,0,0,0,0,59,0,63,0,24,0,0,73,0,0,0,25,0,0,0,0,75,48,71,0,0,43,80,0,0;39,0,0,0,0,0,0,0,0,0,41,0,0,32,0,0,59,39,0,0,0,25,50,0,0,0,0,51,0,80;75,28,67,55,0,0,0,0,0,64,0,0,47,0,0,0,77,0,68,0,0,0,0,20,0,0,0,0,80,0;0,46,0,0,0,0,0,0,0,33,34,0,0,0,0,31,0,41,0,0,0,41,0,0,0,38,0,0,0,0;0,59,0,0,0,0,0,0,50,0,0,72,0,34,0,63,62,0,0,0,0,0,0,0,0,73,0,57,77,0
0,0,0,0,21,0,0,0,0,27,0,35,0,0,0,24,0,0,0,0,30,27,0,0,0,0,29,0,0,0;0,0,38,0,0,39,33,0,0,0,28,0,0,22,0,0,38,40,0,0,0,0,0,0,0,0,0,0,0,31;36,0,0,32,0,0,0,22,0,0,39,0,0,0,0,0,0,0,0,0,23,0,0,40,0,0,0,0,0,0;0,0,0,0,0,27,0,0,37,0,0,0,0,0,0,0,0,33,0,0,0,21,32,26,0,0,38,0,0,0;0,0,27,28,0,0,0,0,34,0,27,0,0,34,0,0,33,0,0,0,37,0,0,0,0,0,0,23,0,30;34,0,0,0,0,0,35,0,0,0,0,0,39,0,0,0,32,28,0,0,37,0,0,0,0,0,0,0,0,0;0,0,0,0,0,0,0,34,21,25,28,0,0,23,0,40,36,0,0,0,37,0,0,0,0,0,0,0,0,0;30,0,0,0,22,0,0,0,28,0,31,30,0,0,0,0,0,0,0,0,21,0,0,0,23,0,0,0,0,0;0,0,20,0,0,0,0,0,0,0,36,0,25,0,0,0,39,0,40,29,0,35,0,38,31,0,0,36,0,0;0,35,0,0,0,0,24,27,0,0,0,0,26,0,21,21,38,0,0,0,0,0,0,0,0,24,0,0,0,22;31,0,0,0,0,0,0,0,32,0,0,21,40,39,0,0,0,0,0,0,27,0,0,0,0,0,28,28,32,0;0,0,21,0,23,0,0,0,25,0,22,0,36,0,0,24,0,0,0,33,0,0,0,0,28,0,0,0,0,0;34,0,0,0,0,0,0,0,0,35,21,34,0,28,37,0,0,0,36,31,0,22,0,0,40,0,0,0,21,0;40,0,0,32,0,0,0,25,35,29,36,36,0,0,0,0,0,0,0,29,0,27,0,24,0,0,34,28,0,23;0,0,0,0,37,0,0,0,0,0,0,32,32,0,0,30,0,0,21,0,0,27,0,0,30,0,0,0,28,0;0,0,0,0,0,34,0,27,0,20,0,39,0,0,0,0,28,0,23,0,0,0,0,29,20,40,0,24,0,0;0,0,0,0,0,26,0,0,28,0,0,25,0,33,0,0,0,28,0,0,0,35,0,0,0,0,0,26,0,0;0,0,0,0,38,0,0,0,0,32,25,0,0,28,0,0,0,0,0,0,0,0,0,0,29,37,0,0,31,0;0,0,0,0,0,0,0,0,0,0,26,0,26,0,0,0,0,28,0,39,0,0,0,0,0,0,0,0,0,27;0,27,0,33,0,0,35,0,0,0,20,26,0,20,0,0,0,0,0,0,34,0,35,20,0,0,21,35,0,0;21,0,0,0,31,0,30,0,0,0,22,0,0,0,0,32,0,0,0,21,0,31,0,29,0,0,0,0,0,0;0,33,36,0,0,0,0,0,0,0,0,0,26,39,0,0,0,0,0,28,0,0,0,40,34,0,27,0,0,39;0,29,0,24,0,36,0,0,29,38,27,0,0,0,0,0,0,0,28,0,0,0,0,38,0,0,29,0,0,0;0,0,0,0,29,0,0,23,40,31,24,0,0,0,0,40,25,0,0,40,0,26,21,0,34,0,0,0,0,25;0,0,0,0,26,26,0,0,0,34,0,0,36,30,20,26,0,37,0,0,0,0,0,36,0,31,34,32,0,0;0,0,0,0,0,33,0,36,0,24,0,0,31,0,0,0,21,0,0,0,0,27,29,33,0,0,40,39,0,0;30,0,0,0,0,0,0,0,0,0,35,0,0,39,0,0,38,20,0,0,0,25,25,0,0,0,0,22,0,33;32,29,27,34,0,0,0,0,0,34,0,0,27,0,0,0,39,0,28,0,0,0,0,24,0,0,0,0,37,0;0,40,0,0,0,0,0,0,0,30,28,0,0,0,0,20,0,34,0,0,0,40,0,0,0,37,0,0,0,0;0,32,0,0,0,0,0,0,40,0,0,39,0,24,0,40,24,0,0,0,0,0,0,0,0,33,0,22,21,0
-9,27,0,0,-6,0,0,0,0,0,0,-2,0,-9,0,0,0,0,0,0,0,0,28,0,0,0,-1,0,0,-28
------------- End of Scenario k = 9 -------
