/ -------------------------------------------------------------------------
An instance of the stochastic Fixed - charge Network Flow Problem using NETGEN.
/ -------------------------------------------------------------------------
Number of Nodes (no Dummy node is added), n
Graph Density, density
The fixed cost to variable cost ratio, f
Adjacency Matrix, A
Fixed Cost Matrix, c
Number of scenarios, K
Scenario Probabilities, p
----The following three rows will be repeated K times.----
Var Cost Matrix, d
Capacity, u
demand, b
/ -------------------------------------------------------------------------
+
30
0.6
200
0,1,1,1,0,1,0,0,1,0,0,1,0,0,1,1,1,1,1,0,0,0,0,1,0,0,0,0,1,1;0,0,1,1,1,1,0,1,0,1,1,0,0,0,1,1,0,0,1,1,1,0,1,1,0,1,1,0,1,1;1,1,0,0,1,1,1,1,1,0,0,1,0,0,0,1,1,1,0,1,0,0,1,0,1,1,1,1,0,1;1,0,1,0,1,1,1,1,1,1,1,0,0,1,0,1,0,0,1,0,1,1,1,1,1,1,0,0,1,0;1,1,1,0,0,1,1,1,1,1,1,1,1,0,0,1,0,0,1,1,0,0,1,1,0,0,0,1,1,0;0,1,0,0,1,0,1,0,1,0,1,1,0,0,1,0,0,1,1,1,0,1,1,0,1,1,1,1,0,1;1,0,0,0,1,0,0,1,0,1,0,0,1,0,0,0,1,1,1,0,0,0,1,0,1,1,1,1,1,0;1,1,1,0,0,1,1,0,1,0,0,0,0,1,0,1,1,0,1,1,1,1,0,1,1,0,0,1,0,0;1,1,0,0,0,1,1,1,0,1,1,1,0,0,1,1,0,1,1,0,0,0,1,1,0,1,1,1,0,1;0,1,1,1,1,1,1,1,1,0,0,1,1,1,0,0,1,1,0,1,1,0,1,1,1,1,1,1,0,1;1,1,0,1,0,1,0,1,1,0,0,0,1,0,0,1,1,0,0,0,0,1,0,0,1,0,1,1,0,1;0,0,1,1,1,0,0,0,0,0,1,0,1,0,0,0,1,1,1,1,1,1,0,0,0,0,1,0,1,0;1,0,0,1,1,1,1,0,1,0,1,1,0,0,1,1,1,0,1,0,0,0,0,1,1,1,1,1,1,0;0,0,1,0,1,1,0,1,1,0,1,1,1,0,1,0,1,1,1,1,1,1,1,1,1,0,1,1,0,0;1,1,0,0,1,0,1,1,0,0,0,1,0,1,0,1,1,1,0,0,1,1,1,0,1,1,0,1,1,0;1,0,0,1,0,0,0,0,0,0,0,1,1,0,0,0,1,1,0,0,1,1,1,1,1,0,0,0,1,0;1,1,0,1,1,1,1,1,1,0,1,1,0,0,0,1,0,1,0,0,1,0,1,0,0,1,1,0,0,1;1,0,1,0,1,1,1,1,0,0,0,1,0,1,1,1,1,0,1,1,0,0,1,0,1,1,1,1,1,0;0,1,1,1,0,1,0,1,1,1,1,1,1,1,1,1,1,1,0,0,1,1,1,0,1,1,1,1,1,1;1,1,0,1,0,0,0,1,0,1,0,1,1,1,0,1,0,0,0,0,1,1,1,0,1,0,0,0,1,1;0,1,1,1,1,0,1,1,1,0,1,1,0,1,1,1,1,1,0,1,0,1,0,1,1,1,1,1,1,1;0,0,1,0,1,0,1,1,1,1,0,0,1,1,0,1,1,1,1,0,1,0,1,1,1,0,1,1,0,0;1,1,0,0,0,0,1,0,0,0,0,0,1,1,1,1,1,1,0,1,1,0,0,1,1,1,1,1,0,1;1,0,1,0,1,1,1,0,1,0,1,1,0,0,1,0,1,0,1,0,0,1,0,0,1,0,0,1,1,0;1,0,0,1,0,0,0,1,0,0,1,1,1,1,1,1,1,1,1,1,0,1,0,1,0,1,0,0,1,1;1,1,1,0,0,0,0,0,0,0,1,0,1,0,1,0,1,1,1,1,0,1,0,1,0,0,1,0,1,0;1,1,0,1,0,0,1,1,1,1,1,1,1,1,0,0,0,1,1,0,1,0,0,1,1,0,0,1,1,1;1,0,0,0,1,1,0,0,1,1,1,1,1,1,0,0,1,1,0,1,1,1,0,1,1,0,1,0,0,1;1,0,1,0,1,1,0,1,1,1,0,0,0,0,1,1,0,1,0,1,1,1,1,0,0,0,0,0,0,0;1,1,1,1,0,1,1,1,1,1,1,1,1,0,0,1,1,0,1,1,0,1,1,1,0,1,1,1,1,0
0,10920,9400,10360,0,11380,0,0,9620,0,0,8780,0,0,7559,10140,8320,10420,11280,0,0,0,0,11220,0,0,0,0,12220,11580;0,0,12340,10780,9120,10840,0,9640,0,8860,10640,0,0,0,10220,11180,0,0,10300,10940,12220,0,10680,10520,0,8480,10820,0,10460,9580;10760,9120,0,0,11740,11840,10320,10180,9340,0,0,9900,0,0,0,9660,9400,10140,0,11120,0,0,10220,0,11280,8740,9880,10780,0,9240;8280,0,10980,0,9680,9440,11860,9800,8460,11360,10240,0,0,14240,0,8900,0,0,8600,0,11340,9700,8100,9940,9740,11120,0,0,10760,0;9960,9400,9260,0,0,10600,9120,9460,10280,11580,8840,10460,10240,0,0,9460,0,0,7700,8600,0,0,9580,7920,0,0,0,8680,11420,0;0,9860,0,0,12080,0,11600,0,12000,0,12080,9760,0,0,7520,0,0,8320,9120,14400,0,10300,8860,0,7740,9780,11780,11140,0,10800;10820,0,0,0,10120,0,0,13560,0,10280,0,0,10380,0,0,0,9980,9780,11240,0,0,0,11420,0,9060,10960,9560,9740,11880,0;11900,9920,10180,0,0,10740,11040,0,12960,0,0,0,0,10600,0,10540,9820,0,10440,9100,11100,9840,0,9900,11600,0,0,11000,0,0;9020,10860,0,0,0,10040,9360,10520,0,14000,9240,10220,0,0,8800,10180,0,10580,9000,0,0,0,10060,9920,0,11500,8480,8200,0,8340;0,10180,8200,11340,11520,8640,10340,9540,9960,0,0,12800,9020,9700,0,0,13200,7959,0,9900,10780,0,9940,8780,8860,8840,11680,10380,0,11080;11500,9100,0,8059,0,8840,0,8680,9600,0,0,0,9700,0,0,10040,10400,0,0,0,0,10080,0,0,11240,0,9020,10460,0,12040;0,0,10880,9520,13140,0,0,0,0,0,8740,0,13219,0,0,0,10380,13060,8420,10900,9760,7520,0,0,0,0,8960,0,11340,0;8260,0,0,9140,9180,9140,9040,0,10220,0,10080,9780,0,0,8840,9680,9560,0,9940,0,0,0,0,8800,9840,9340,9800,8300,12240,0;0,0,8059,0,10400,11440,0,9160,9060,0,7859,9900,11300,0,14019,0,10320,9480,8980,9720,8620,11180,9360,10640,11260,0,10000,10900,0,0;8920,9280,0,0,9560,0,11860,8680,0,0,0,11080,0,8740,0,11880,10140,8640,0,0,10620,9760,10180,0,9520,10420,0,9960,11100,0;8340,0,0,11240,0,0,0,0,0,0,0,11160,8320,0,0,0,11280,14780,0,0,11100,10240,9500,9680,11420,0,0,0,9860,0;6959,9500,0,9660,9960,10120,12000,9120,9700,0,8159,9480,0,0,0,11160,0,10320,0,0,10360,0,9940,0,0,8660,11460,0,0,9420;11940,0,8820,0,10200,8780,10820,9920,0,0,0,10700,0,8460,11640,8760,10140,0,14140,8080,0,0,10140,0,10260,6520,11140,12140,11740,0;0,11040,10560,10920,0,11180,0,12300,8380,9840,10560,9160,11060,8660,11080,11080,12100,10720,0,0,10160,10220,10520,0,8580,9740,10940,9260,9060,10700;9020,8860,0,9880,0,0,0,10060,0,11000,0,9260,10340,11100,0,9100,0,0,0,0,9260,10280,9320,0,9340,0,0,0,10900,11560;0,10820,9660,9960,11480,0,11040,8380,7880,0,11240,9680,0,9100,9680,8420,8220,9240,0,11140,0,12240,0,9300,8860,9700,9040,9500,10240,10760;0,0,9860,0,11380,0,11080,9680,10140,10600,0,0,7740,9180,0,9320,9460,6459,11700,0,9300,0,13440,10380,10540,0,9420,10260,0,0;10380,10600,0,0,0,0,9600,0,0,0,0,0,9620,8580,11200,10160,9160,10660,0,9220,11220,0,0,12840,7700,10620,10720,7880,0,11220;11540,0,11020,0,9640,9060,9280,0,6480,0,9940,12040,0,0,9240,0,11060,0,10760,0,0,10580,0,0,13680,0,0,7240,9580,0;9700,0,0,11920,0,0,0,9160,0,0,8640,11580,9140,11280,10020,11620,8960,9480,10600,9580,0,10340,0,9020,0,12780,0,0,11560,9520;10680,11660,11720,0,0,0,0,0,0,0,9060,0,9580,0,8520,0,10000,9540,9100,13740,0,12520,0,9620,0,0,11900,0,8460,0;9200,10320,0,10460,0,0,9480,11740,9700,8620,9260,11120,8440,10420,0,0,0,10080,11180,0,8840,0,0,9280,10800,0,0,12380,8800,9100;9740,0,0,0,9820,12100,0,0,10420,11300,10560,8760,8600,10240,0,0,12280,9880,0,9380,8780,8880,0,11860,12320,0,11260,0,0,13100;8820,0,9340,0,11420,11360,0,7900,10320,10800,0,0,0,0,10160,10760,0,11200,0,8520,7620,9680,10360,0,0,0,0,0,0,0;9320,11260,8480,11920,0,8980,9220,11220,10700,11140,11200,8020,11160,0,0,9860,11240,0,7800,8620,0,9300,8940,9700,0,11040,10580,9480,13560,0
10
0.05,0.05,0.15,0.1,0.15,0.05,0.2,0.05,0.15,0.05
--Scenarios--
0,46,27,26,0,56,0,0,50,0,0,51,0,0,32,69,36,44,60,0,0,0,0,68,0,0,0,0,54,63;0,0,76,80,27,45,0,75,0,38,71,0,0,0,62,63,0,0,33,65,61,0,68,55,0,22,63,0,20,67;53,66,0,0,80,69,48,32,57,0,0,32,0,0,0,43,72,23,0,74,0,0,22,0,20,39,66,44,0,46;45,0,72,0,40,72,55,26,71,75,60,0,0,73,0,24,0,0,36,0,48,28,49,68,22,28,0,0,38,0;63,40,46,0,0,28,39,70,30,34,50,67,44,0,0,59,0,0,44,25,0,0,67,40,0,0,0,34,73,0;0,23,0,0,51,0,22,0,76,0,72,37,0,0,29,0,0,34,58,80,0,78,62,0,22,80,56,50,0,23;69,0,0,0,29,0,0,28,0,77,0,0,60,0,0,0,32,80,27,0,0,0,33,0,53,79,41,28,44,0;57,69,34,0,0,75,79,0,67,0,0,0,0,75,0,78,73,0,31,48,69,60,0,37,21,0,0,44,0,0;27,71,0,0,0,74,43,58,0,80,51,67,0,0,66,39,0,35,34,0,0,0,42,59,0,57,22,26,0,29;0,23,30,59,73,41,61,40,26,0,0,73,37,63,0,0,20,22,0,38,51,0,76,38,45,44,76,32,0,28;57,35,0,74,0,31,0,65,74,0,0,0,65,0,0,25,52,0,0,0,0,25,0,0,26,0,28,73,0,65;0,0,39,39,73,0,0,0,0,0,52,0,65,0,0,0,49,63,39,53,61,37,0,0,0,0,70,0,67,0;26,0,0,36,58,60,24,0,40,0,26,54,0,0,53,21,36,0,61,0,0,0,0,22,74,21,75,20,61,0;0,0,55,0,58,77,0,30,51,0,43,46,78,0,80,0,29,65,57,64,33,23,78,77,35,0,64,80,0,0;71,52,0,0,46,0,79,24,0,0,0,44,0,32,0,80,65,33,0,0,75,73,52,0,20,36,0,39,24,0;30,0,0,71,0,0,0,0,0,0,0,75,43,0,0,0,51,64,0,0,80,21,59,23,71,0,0,0,26,0;35,23,0,46,49,24,20,55,51,0,75,22,0,0,0,21,0,78,0,0,68,0,47,0,0,31,75,0,0,20;32,0,34,0,55,27,34,24,0,0,0,31,0,30,69,52,48,0,80,30,0,0,36,0,38,38,73,72,79,0;0,80,73,48,0,57,0,63,44,32,55,80,62,33,40,52,79,61,0,0,80,28,32,0,34,48,30,30,65,55;49,38,0,27,0,0,0,66,0,44,0,65,55,64,0,72,0,0,0,0,77,70,41,0,27,0,0,0,60,79;0,68,52,32,54,0,69,48,27,0,40,29,0,48,65,32,26,70,0,80,0,73,0,70,33,55,48,61,38,64;0,0,20,0,28,0,38,39,64,24,0,0,24,23,0,51,52,51,76,0,52,0,80,28,34,0,23,80,0,0;60,68,0,0,0,0,35,0,0,0,0,0,62,32,64,70,38,53,0,49,57,0,0,80,47,39,76,64,0,80;69,0,23,0,70,23,38,0,25,0,69,63,0,0,70,0,56,0,77,0,0,38,0,0,80,0,0,34,30,0;42,0,0,67,0,0,0,76,0,0,22,64,27,80,63,76,49,52,39,48,0,53,0,37,0,52,0,0,69,22;71,71,73,0,0,0,0,0,0,0,65,0,66,0,35,0,52,70,32,80,0,56,0,26,0,0,80,0,58,0;32,64,0,21,0,0,54,69,28,61,31,69,23,44,0,0,0,48,71,0,73,0,0,44,42,0,0,80,68,23;61,0,0,0,55,76,0,0,49,41,28,47,44,78,0,0,31,67,0,62,46,55,0,52,78,0,55,0,0,25;42,0,28,0,41,74,0,23,50,24,0,0,0,0,79,72,0,55,0,28,27,25,58,0,0,0,0,0,0,0;45,39,32,49,0,39,75,74,71,74,56,34,31,0,0,68,54,0,22,56,0,49,61,73,0,35,57,73,80,0
0,28,38,36,0,34,0,0,30,0,0,26,0,0,28,36,34,36,36,0,0,0,0,35,0,0,0,0,37,33;0,0,37,27,22,32,0,33,0,34,29,0,0,0,35,39,0,0,30,40,26,0,24,37,0,22,40,0,33,32;24,27,0,0,40,20,34,22,33,0,0,39,0,0,0,35,28,21,0,25,0,0,32,0,28,25,38,26,0,29;33,0,32,0,23,36,40,39,37,26,22,0,0,32,0,23,0,0,21,0,24,33,32,31,24,35,0,0,35,0;31,28,30,0,0,29,25,31,20,38,21,20,35,0,0,28,0,0,22,21,0,0,25,28,0,0,0,37,23,0;0,23,0,0,21,0,27,0,26,0,29,31,0,0,30,0,0,26,28,35,0,21,26,0,32,29,25,36,0,32;27,0,0,0,24,0,0,37,0,20,0,0,26,0,0,0,27,39,22,0,0,0,33,0,26,33,27,28,29,0;35,21,26,0,0,32,21,0,40,0,0,0,0,27,0,26,25,0,32,29,29,26,0,35,27,0,0,29,0,0;35,21,0,0,0,21,24,25,0,33,29,28,0,0,38,26,0,27,28,0,0,0,26,26,0,29,23,32,0,30;0,28,23,40,25,28,21,29,31,0,0,33,26,38,0,0,36,31,0,26,28,0,23,25,33,28,28,33,0,29;20,26,0,37,0,29,0,40,39,0,0,0,29,0,0,24,24,0,0,0,0,26,0,0,38,0,25,31,0,39;0,0,32,27,30,0,0,0,0,0,28,0,38,0,0,0,21,23,38,20,34,33,0,0,0,0,38,0,31,0;35,0,0,24,33,31,23,0,20,0,20,34,0,0,33,40,29,0,27,0,0,0,0,23,32,40,32,36,40,0;0,0,23,0,27,31,0,26,33,0,23,36,31,0,34,0,27,26,34,35,33,27,35,31,38,0,39,22,0,0;21,40,0,0,25,0,33,33,0,0,0,28,0,33,0,38,23,24,0,0,31,24,21,0,21,27,0,23,37,0;37,0,0,36,0,0,0,0,0,0,0,32,35,0,0,0,29,35,0,0,31,33,35,23,35,0,0,0,26,0;29,25,0,29,20,24,33,33,24,0,32,22,0,0,0,35,0,40,0,0,34,0,29,0,0,24,24,0,0,39;34,0,24,0,26,29,34,33,0,0,0,33,0,26,27,38,37,0,33,23,0,0,39,0,35,24,40,35,22,0;0,37,39,32,0,37,0,26,25,24,35,36,29,35,26,24,33,31,0,0,37,27,33,0,35,31,22,25,31,24;40,34,0,23,0,0,0,20,0,28,0,23,33,31,0,38,0,0,0,0,34,32,26,0,25,0,0,0,34,20;0,21,20,20,34,0,31,32,37,0,31,31,0,27,32,33,22,38,0,20,0,34,0,31,33,27,21,20,38,37;0,0,21,0,20,0,35,25,33,27,0,0,30,40,0,40,35,25,32,0,23,0,32,29,37,0,28,20,0,0;29,38,0,0,0,0,32,0,0,0,0,0,28,20,36,28,28,35,0,33,24,0,0,34,29,39,31,33,0,40;34,0,38,0,26,23,34,0,32,0,34,37,0,0,34,0,39,0,36,0,0,36,0,0,32,0,0,23,32,0;27,0,0,39,0,0,0,25,0,0,38,35,26,39,34,30,30,28,21,37,0,37,0,37,0,35,0,0,36,40;39,34,39,0,0,0,0,0,0,0,20,0,32,0,28,0,30,26,40,35,0,29,0,20,0,0,37,0,35,0;40,28,0,36,0,0,30,33,33,20,25,20,38,27,0,0,0,20,26,0,35,0,0,34,21,0,0,36,37,40;40,0,0,0,37,25,0,0,35,32,27,33,26,20,0,0,40,31,0,33,26,22,0,37,22,0,30,0,0,39;36,0,26,0,35,21,0,36,40,27,0,0,0,0,40,28,0,24,0,31,29,23,36,0,0,0,0,0,0,0;40,27,37,22,0,30,23,40,37,24,24,39,22,0,0,22,28,0,30,27,0,31,30,21,0,33,30,37,32,0
-13,27,0,30,0,0,0,0,0,0,-7,0,0,0,0,0,-15,0,0,-15,0,0,0,0,0,0,0,0,-7,0
------------- End of Scenario k = 0 -------
0,35,26,39,0,76,0,0,34,0,0,33,0,0,65,33,30,59,28,0,0,0,0,53,0,0,0,0,72,80;0,0,80,77,69,32,0,68,0,28,70,0,0,0,31,67,0,0,43,75,79,0,47,65,0,38,39,0,55,38;50,79,0,0,25,60,68,79,72,0,0,36,0,0,0,35,51,74,0,61,0,0,33,0,72,34,32,42,0,20;34,0,39,0,48,38,53,34,59,25,35,0,0,75,0,38,0,0,62,0,39,37,37,53,56,78,0,0,53,0;30,53,20,0,0,80,55,34,70,43,55,46,64,0,0,24,0,0,20,40,0,0,69,47,0,0,0,62,56,0;0,35,0,0,56,0,72,0,74,0,51,42,0,0,30,0,0,28,53,44,0,29,37,0,71,22,64,68,0,44;21,0,0,0,44,0,0,80,0,33,0,0,57,0,0,0,33,28,35,0,0,0,80,0,66,52,41,68,80,0;20,30,36,0,0,28,65,0,80,0,0,0,0,72,0,37,62,0,66,24,65,28,0,35,63,0,0,54,0,0;21,56,0,0,0,58,26,66,0,32,22,44,0,0,38,30,0,71,73,0,0,0,24,42,0,54,79,28,0,25;0,67,66,41,75,27,22,26,76,0,0,80,54,69,0,0,80,45,0,64,67,0,32,35,32,25,63,78,0,75;58,51,0,61,0,63,0,63,33,0,0,0,72,0,0,69,69,0,0,0,0,39,0,0,49,0,64,56,0,58;0,0,29,36,57,0,0,0,0,0,22,0,43,0,0,0,44,52,39,47,42,27,0,0,0,0,40,0,21,0;77,0,0,61,68,55,50,0,23,0,59,40,0,0,29,35,70,0,57,0,0,0,0,37,66,65,34,42,69,0;0,0,39,0,57,53,0,73,33,0,35,60,72,0,80,0,79,52,34,34,60,70,43,63,49,0,76,59,0,0;40,62,0,0,35,0,56,25,0,0,0,20,0,72,0,58,37,70,0,0,30,37,29,0,34,55,0,35,67,0;73,0,0,32,0,0,0,0,0,0,0,24,50,0,0,0,64,80,0,0,77,59,60,47,36,0,0,0,41,0;20,38,0,45,42,73,69,34,57,0,28,23,0,0,0,39,0,73,0,0,52,0,70,0,0,35,54,0,0,57;80,0,56,0,21,45,39,52,0,0,0,80,0,23,57,36,36,0,68,40,0,0,59,0,38,49,73,63,53,0;0,60,63,20,0,59,0,57,22,70,58,48,73,43,66,43,70,65,0,0,30,46,60,0,45,61,59,57,29,24;22,79,0,26,0,0,0,74,0,70,0,40,34,30,0,45,0,0,0,0,25,36,78,0,27,0,0,0,58,71;0,29,50,77,74,0,49,40,22,0,80,77,0,43,53,67,24,33,0,64,0,25,0,61,25,80,59,78,51,65;0,0,29,0,57,0,77,75,52,60,0,0,26,28,0,29,53,38,57,0,35,0,52,56,78,0,48,38,0,0;40,64,0,0,0,0,29,0,0,0,0,0,79,56,67,47,36,48,0,55,47,0,0,40,41,68,66,39,0,38;69,0,70,0,48,38,79,0,20,0,61,63,0,0,30,0,71,0,60,0,0,76,0,0,41,0,0,31,76,0;61,0,0,78,0,0,0,61,0,0,75,80,20,78,39,46,61,39,36,30,0,60,0,21,0,80,0,0,40,53;55,80,45,0,0,0,0,0,0,0,24,0,50,0,28,0,52,24,29,80,0,72,0,56,0,0,80,0,38,0;29,76,0,61,0,0,49,23,30,20,34,75,75,47,0,0,0,79,34,0,35,0,0,39,71,0,0,29,60,23;47,0,0,0,36,35,0,0,28,62,80,63,57,38,0,0,54,42,0,63,29,36,0,69,64,0,43,0,0,80;43,0,39,0,66,41,0,20,57,62,0,0,0,0,23,52,0,48,0,52,48,55,37,0,0,0,0,0,0,0;61,41,40,79,0,23,58,53,38,33,44,22,63,0,0,38,36,0,62,20,0,80,50,52,0,59,76,62,80,0
0,35,26,20,0,37,0,0,34,0,0,30,0,0,28,30,39,37,35,0,0,0,0,35,0,0,0,0,39,29;0,0,16,28,28,20,0,32,0,23,35,0,0,0,37,20,0,0,34,22,35,0,40,20,0,36,23,0,21,30;24,40,0,0,35,36,37,40,35,0,0,40,0,0,0,25,24,35,0,38,0,0,38,0,30,29,27,29,0,20;27,0,21,0,35,29,34,39,23,21,33,0,0,28,0,39,0,0,33,0,28,31,23,27,37,21,0,0,20,0;31,24,38,0,0,14,34,22,28,24,20,33,26,0,0,36,0,0,36,35,0,0,29,27,0,0,0,39,22,0;0,36,0,0,23,0,37,0,38,0,34,20,0,0,35,0,0,26,24,34,0,30,39,0,39,38,40,40,0,31;33,0,0,0,33,0,0,11,0,25,0,0,26,0,0,0,27,30,21,0,0,0,23,0,38,32,37,23,32,0;35,37,31,0,0,22,23,0,27,0,0,0,0,25,0,34,21,0,35,30,27,26,0,30,40,0,0,30,0,0;21,34,0,0,0,24,33,37,0,22,39,35,0,0,32,38,0,30,34,0,0,0,29,27,0,23,35,21,0,33;0,36,36,36,31,37,20,37,23,0,0,27,26,26,0,0,40,28,0,39,29,0,34,28,39,22,29,30,0,29;24,34,0,34,0,27,0,35,34,0,0,0,38,0,0,22,37,0,0,0,0,28,0,0,36,0,22,25,0,24;0,0,24,27,26,0,0,0,0,0,32,0,26,0,0,0,25,34,31,37,32,28,0,0,0,0,33,0,20,0;31,0,0,35,28,30,31,0,26,0,21,39,0,0,20,30,28,0,23,0,0,0,0,31,40,36,23,25,20,0;0,0,33,0,23,28,0,27,37,0,31,37,26,0,25,0,40,35,27,38,20,32,37,33,22,0,24,31,0,0;39,40,0,0,24,0,39,35,0,0,0,22,0,21,0,27,25,34,0,0,40,34,37,0,40,23,0,21,39,0;32,0,0,23,0,0,0,0,0,0,0,25,21,0,0,0,28,21,0,0,26,21,20,35,39,0,0,0,39,0;33,20,0,31,37,25,37,22,21,0,25,38,0,0,0,22,0,37,0,0,40,0,22,0,0,37,25,0,0,27;14,0,25,0,35,35,35,33,0,0,0,27,0,23,22,29,21,0,14,26,0,0,22,0,39,27,37,35,32,0;0,28,21,35,0,21,0,33,32,30,36,25,25,30,29,35,34,37,0,0,32,22,27,0,38,32,28,32,23,37;30,31,0,25,0,0,0,28,0,35,0,29,28,40,0,35,0,0,0,0,29,40,27,0,39,0,0,0,30,33;0,29,22,33,30,0,40,27,39,0,25,25,0,32,35,30,40,25,0,25,0,39,0,34,40,29,24,34,25,38;0,0,24,0,30,0,36,36,34,32,0,0,35,22,0,22,30,21,39,0,36,0,29,20,25,0,39,34,0,0;37,40,0,0,0,0,24,0,0,0,0,0,34,27,27,37,28,22,0,31,35,0,0,40,20,40,36,26,0,23;32,0,22,0,30,22,25,0,21,0,35,27,0,0,22,0,27,0,22,0,0,22,0,0,24,0,0,33,35,0;34,0,0,29,0,0,0,23,0,0,27,20,39,25,30,29,22,24,35,27,0,32,0,38,0,22,0,0,39,28;38,36,39,0,0,0,0,0,0,0,26,0,22,0,25,0,40,21,31,34,0,21,0,29,0,0,34,0,37,0;38,22,0,29,0,0,34,20,24,27,36,25,40,20,0,0,0,35,33,0,35,0,0,36,37,0,0,17,32,32;26,0,0,0,39,38,0,0,29,40,31,25,34,22,0,0,28,23,0,26,37,37,0,22,23,0,20,0,0,24;34,0,34,0,30,31,0,35,32,39,0,0,0,0,29,33,0,26,0,34,35,28,30,0,0,0,0,0,0,0;36,26,37,36,0,26,22,39,23,20,34,29,35,0,0,21,29,0,31,24,0,38,33,30,0,40,34,25,40,0
-8,11,0,14,0,0,0,0,0,0,-3,0,0,0,0,0,-7,0,0,-3,0,0,0,0,0,0,0,0,-4,0
------------- End of Scenario k = 1 -------
0,56,53,30,0,77,0,0,50,0,0,46,0,0,43,21,25,70,61,0,0,0,0,48,0,0,0,0,61,35;0,0,80,61,64,29,0,35,0,34,75,0,0,0,41,70,0,0,62,51,56,0,76,42,0,26,33,0,71,44;73,50,0,0,70,66,21,72,31,0,0,41,0,0,0,34,34,45,0,66,0,0,77,0,80,33,55,78,0,26;77,0,62,0,20,76,20,26,31,78,67,0,0,80,0,42,0,0,43,0,42,64,28,38,53,70,0,0,42,0;21,55,48,0,0,69,33,50,60,75,30,60,72,0,0,65,0,0,26,50,0,0,29,32,0,0,0,54,77,0;0,74,0,0,65,0,30,0,54,0,79,41,0,0,34,0,0,72,48,77,0,68,48,0,57,29,57,25,0,28;65,0,0,0,65,0,0,80,0,55,0,0,20,0,0,0,28,46,42,0,0,0,60,0,22,57,80,38,77,0;73,23,72,0,0,70,52,0,72,0,0,0,0,38,0,57,70,0,67,41,57,73,0,70,62,0,0,80,0,0;57,56,0,0,0,48,28,56,0,80,71,45,0,0,23,73,0,48,28,0,0,0,56,34,0,43,32,39,0,23;0,20,51,67,71,32,38,47,44,0,0,80,73,20,0,0,71,66,0,47,23,0,35,22,61,45,35,74,0,80;48,43,0,23,0,71,0,26,68,0,0,0,57,0,0,54,34,0,0,0,0,47,0,0,45,0,28,36,0,72;0,0,64,52,63,0,0,0,0,0,20,0,46,0,0,0,36,75,32,49,59,31,0,0,0,0,34,0,50,0;24,0,0,34,79,44,46,0,65,0,71,23,0,0,23,20,37,0,78,0,0,0,0,32,27,50,31,22,62,0;0,0,23,0,70,69,0,50,46,0,32,75,58,0,73,0,76,40,37,44,28,64,48,79,55,0,20,40,0,0;37,37,0,0,47,0,53,53,0,0,0,78,0,41,0,80,36,37,0,0,53,51,63,0,75,75,0,48,74,0;23,0,0,76,0,0,0,0,0,0,0,54,54,0,0,0,40,80,0,0,42,43,39,48,64,0,0,0,41,0;30,64,0,62,35,49,53,49,27,0,28,69,0,0,0,74,0,68,0,0,63,0,42,0,0,34,78,0,0,43;80,0,41,0,80,44,63,65,0,0,0,32,0,24,72,78,51,0,44,28,0,0,76,0,40,55,40,53,78,0;0,46,26,80,0,54,0,52,43,80,51,46,36,40,73,41,38,65,0,0,80,62,37,0,66,29,40,50,38,73;20,31,0,58,0,0,0,34,0,39,0,22,62,69,0,36,0,0,0,0,67,26,70,0,46,0,0,0,53,68;0,30,28,55,33,0,34,39,32,0,23,26,0,47,51,37,44,44,0,28,0,80,0,22,60,24,34,50,36,30;0,0,50,0,66,0,54,23,33,30,0,0,38,31,0,38,66,39,50,0,48,0,69,73,69,0,58,25,0,0;69,50,0,0,0,0,63,0,0,0,0,0,74,35,40,80,25,67,0,51,67,0,0,27,45,67,43,32,0,33;54,0,34,0,49,27,55,0,27,0,57,75,0,0,49,0,75,0,66,0,0,59,0,0,80,0,0,42,77,0;38,0,0,69,0,0,0,64,0,0,22,68,31,29,34,60,30,23,63,62,0,39,0,70,0,77,0,0,54,34;39,51,77,0,0,0,0,0,0,0,27,0,31,0,29,0,48,69,65,35,0,60,0,38,0,0,26,0,33,0;25,41,0,71,0,0,48,57,65,25,74,79,22,77,0,0,0,41,46,0,79,0,0,53,59,0,0,30,29,59;41,0,0,0,51,49,0,0,69,41,48,68,42,36,0,0,80,38,0,40,29,60,0,78,55,0,67,0,0,55;47,0,27,0,69,44,0,52,67,42,0,0,0,0,41,59,0,60,0,23,64,62,69,0,0,0,0,0,0,0;56,76,32,41,0,43,40,59,67,51,46,62,27,0,0,67,48,0,38,35,0,60,38,28,0,59,27,60,63,0
0,30,35,20,0,26,0,0,38,0,0,24,0,0,32,34,24,36,22,0,0,0,0,39,0,0,0,0,30,33;0,0,25,26,26,21,0,37,0,35,37,0,0,0,29,22,0,0,26,22,20,0,20,20,0,29,27,0,25,21;34,23,0,0,33,22,37,32,36,0,0,36,0,0,0,35,36,37,0,36,0,0,37,0,36,25,24,29,0,38;27,0,25,0,24,31,40,34,23,35,30,0,0,34,0,30,0,0,38,0,25,32,29,29,23,32,0,0,25,0;26,25,30,0,0,19,35,40,32,37,25,26,37,0,0,21,0,0,23,24,0,0,27,39,0,0,0,32,36,0;0,32,0,0,32,0,28,0,25,0,27,32,0,0,31,0,0,30,30,19,0,37,25,0,32,31,32,35,0,36;34,0,0,0,40,0,0,17,0,34,0,0,22,0,0,0,28,36,25,0,0,0,39,0,34,32,21,26,18,0;40,37,20,0,0,29,40,0,36,0,0,0,0,25,0,32,33,0,36,34,39,30,0,23,38,0,0,20,0,0;28,20,0,0,0,34,31,22,0,33,22,25,0,0,20,36,0,24,27,0,0,0,26,31,0,32,38,26,0,31;0,25,34,30,37,39,39,39,30,0,0,40,38,23,0,0,26,27,0,40,33,0,39,26,36,37,31,30,0,21;24,40,0,25,0,29,0,39,39,0,0,0,21,0,0,28,29,0,0,0,0,37,0,0,40,0,27,26,0,35;0,0,33,28,30,0,0,0,0,0,23,0,19,0,0,0,21,40,21,34,25,39,0,0,0,0,37,0,25,0;36,0,0,25,30,36,23,0,25,0,31,27,0,0,21,27,40,0,21,0,0,0,0,23,40,21,36,29,40,0;0,0,40,0,26,29,0,20,24,0,23,23,23,0,38,0,20,27,25,32,37,36,25,25,30,0,30,27,0,0;35,36,0,0,32,0,40,26,0,0,0,24,0,38,0,33,30,28,0,0,40,34,38,0,36,39,0,32,30,0;22,0,0,20,0,0,0,0,0,0,0,21,24,0,0,0,28,40,0,0,27,38,33,32,40,0,0,0,30,0;40,39,0,27,22,35,31,39,31,0,34,30,0,0,0,34,0,21,0,0,33,0,22,0,0,24,33,0,0,35;30,0,37,0,35,34,36,37,0,0,0,25,0,24,36,27,27,0,34,26,0,0,25,0,38,33,36,33,21,0;0,23,28,20,0,40,0,23,31,31,35,38,36,23,22,20,34,24,0,0,35,21,29,0,40,34,31,24,23,36;23,33,0,27,0,0,0,24,0,38,0,33,35,20,0,36,0,0,0,0,32,23,25,0,25,0,0,0,20,36;0,27,30,30,39,0,30,40,23,0,35,24,0,38,23,30,24,36,0,26,0,32,0,22,32,20,35,24,28,31;0,0,20,0,22,0,36,25,28,29,0,0,21,30,0,35,20,22,39,0,27,0,36,37,34,0,29,40,0,0;27,27,0,0,0,0,34,0,0,0,0,0,28,29,30,33,32,39,0,20,26,0,0,31,39,31,39,26,0,39;24,0,26,0,27,26,36,0,39,0,34,27,0,0,23,0,24,0,33,0,0,21,0,0,30,0,0,22,31,0;32,0,0,33,0,0,0,30,0,0,21,40,21,25,21,21,30,29,23,27,0,33,0,27,0,30,0,0,36,23;27,30,30,0,0,0,0,0,0,0,33,0,37,0,26,0,35,33,34,39,0,30,0,37,0,0,33,0,38,0;22,33,0,37,0,0,40,20,27,28,34,32,30,29,0,0,0,31,20,0,28,0,0,24,29,0,0,39,28,25;24,0,0,0,26,25,0,0,38,35,28,31,20,31,0,0,30,34,0,31,32,23,0,34,28,0,26,0,0,33;23,0,25,0,35,20,0,32,23,22,0,0,0,0,37,22,0,22,0,23,20,35,20,0,0,0,0,0,0,0;29,35,28,26,0,24,28,38,26,24,25,21,34,0,0,20,32,0,34,28,0,32,37,25,0,20,34,28,39,0
-2,17,0,30,0,0,0,0,0,0,-1,0,0,0,0,0,-29,0,0,-11,0,0,0,0,0,0,0,0,-4,0
------------- End of Scenario k = 2 -------
0,65,45,60,0,78,0,0,52,0,0,48,0,0,24,22,29,45,56,0,0,0,0,66,0,0,0,0,74,78;0,0,80,26,41,76,0,64,0,68,38,0,0,0,69,63,0,0,54,40,45,0,35,71,0,50,66,0,59,51;60,32,0,0,80,66,49,57,23,0,0,74,0,0,0,30,26,58,0,26,0,0,80,0,55,73,46,75,0,48;33,0,50,0,75,28,80,68,33,74,53,0,0,60,0,73,0,0,59,0,68,49,55,68,59,41,0,0,25,0;68,61,63,0,0,23,21,47,61,53,24,65,44,0,0,49,0,0,61,58,0,0,42,23,0,0,0,69,51,0;0,76,0,0,37,0,61,0,72,0,64,65,0,0,38,0,0,51,43,80,0,69,29,0,27,66,43,54,0,60;56,0,0,0,77,0,0,80,0,73,0,0,56,0,0,0,47,31,74,0,0,0,64,0,41,52,30,35,80,0;76,51,54,0,0,30,27,0,25,0,0,0,0,59,0,20,40,0,58,64,80,75,0,77,73,0,0,63,0,0;32,62,0,0,0,44,44,77,0,80,51,72,0,0,27,30,0,70,65,0,0,0,72,35,0,62,51,37,0,65;0,41,46,32,52,28,64,30,40,0,0,80,61,62,0,0,80,34,0,75,75,0,38,69,27,72,32,34,0,74;76,34,0,32,0,22,0,30,35,0,0,0,35,0,0,45,29,0,0,0,0,33,0,0,70,0,69,48,0,79;0,0,28,26,52,0,0,0,0,0,50,0,80,0,0,0,64,78,42,71,26,22,0,0,0,0,51,0,76,0;33,0,0,44,55,38,50,0,47,0,21,52,0,0,57,75,59,0,63,0,0,0,0,54,35,61,31,58,36,0;0,0,27,0,57,34,0,23,37,0,52,25,72,0,66,0,64,80,20,25,32,45,20,56,39,0,46,46,0,0;51,32,0,0,67,0,80,78,0,0,0,39,0,28,0,76,43,41,0,0,56,54,72,0,59,66,0,71,65,0;34,0,0,68,0,0,0,0,0,0,0,70,22,0,0,0,58,80,0,0,72,80,42,77,72,0,0,0,26,0;23,34,0,22,54,52,68,31,50,0,25,34,0,0,0,72,0,24,0,0,56,0,58,0,0,40,53,0,0,61;80,0,28,0,47,41,59,52,0,0,0,22,0,49,59,55,51,0,80,25,0,0,29,0,74,28,50,47,53,0;0,52,60,74,0,26,0,70,36,68,79,44,55,67,27,59,52,62,0,0,80,45,67,0,55,27,72,61,21,36;31,20,0,56,0,0,0,45,0,80,0,30,55,34,0,23,0,0,0,0,63,48,54,0,67,0,0,0,50,24;0,47,68,21,52,0,57,38,45,0,80,42,0,33,72,66,61,76,0,40,0,80,0,69,25,28,35,75,26,48;0,0,67,0,66,0,56,71,33,28,0,0,29,74,0,58,79,25,64,0,67,0,80,66,41,0,74,78,0,0;63,47,0,0,0,0,27,0,0,0,0,0,56,26,34,21,72,57,0,41,63,0,0,80,25,47,57,40,0,70;31,0,58,0,32,50,74,0,23,0,24,38,0,0,34,0,21,0,34,0,0,36,0,0,25,0,0,32,55,0;46,0,0,54,0,0,0,29,0,0,38,76,51,71,73,76,34,24,68,51,0,50,0,52,0,35,0,0,53,68;71,64,21,0,0,0,0,0,0,0,58,0,43,0,38,0,50,75,62,80,0,24,0,68,0,0,48,0,34,0;25,72,0,38,0,0,67,34,28,40,29,78,39,44,0,0,0,37,61,0,42,0,0,69,34,0,0,80,28,77;29,0,0,0,43,65,0,0,27,67,46,60,30,73,0,0,65,50,0,43,42,37,0,62,52,0,53,0,0,80;29,0,66,0,29,73,0,57,61,59,0,0,0,0,65,35,0,72,0,29,26,34,50,0,0,0,0,0,0,0;53,56,61,76,0,59,35,27,43,20,45,32,32,0,0,52,55,0,36,52,0,31,29,54,0,55,80,53,80,0
0,29,29,33,0,37,0,0,25,0,0,24,0,0,25,33,40,34,29,0,0,0,0,31,0,0,0,0,26,34;0,0,38,40,24,36,0,29,0,23,25,0,0,0,27,40,0,0,39,23,35,0,21,39,0,27,20,0,20,22;39,27,0,0,23,26,31,40,35,0,0,36,0,0,0,40,32,35,0,32,0,0,35,0,39,29,23,38,0,26;35,0,37,0,37,22,38,32,32,26,40,0,0,22,0,23,0,0,34,0,35,37,28,35,32,30,0,0,27,0;24,35,37,0,0,30,36,31,30,26,40,24,31,0,0,21,0,0,28,35,0,0,31,32,0,0,0,24,34,0;0,28,0,0,26,0,18,0,33,0,38,23,0,0,37,0,0,23,36,39,0,30,33,0,34,34,30,32,0,35;28,0,0,0,26,0,0,39,0,22,0,0,32,0,0,0,32,40,25,0,0,0,27,0,23,37,25,40,27,0;20,25,37,0,0,38,21,0,25,0,0,0,0,22,0,29,36,0,25,38,34,30,0,20,26,0,0,34,0,0;33,33,0,0,0,36,29,39,0,35,40,28,0,0,36,35,0,23,22,0,0,0,34,27,0,25,39,39,0,22;0,38,40,29,21,20,24,32,24,0,0,26,33,28,0,0,18,32,0,39,36,0,30,21,39,31,32,30,0,34;32,26,0,20,0,34,0,31,37,0,0,0,34,0,0,30,28,0,0,0,0,28,0,0,24,0,36,39,0,30;0,0,40,28,33,0,0,0,0,0,40,0,26,0,0,0,24,24,31,33,26,38,0,0,0,0,20,0,39,0;24,0,0,30,39,33,24,0,34,0,24,32,0,0,36,23,39,0,22,0,0,0,0,36,22,21,21,20,25,0;0,0,33,0,26,20,0,26,22,0,23,38,35,0,23,0,40,30,29,37,40,39,23,39,25,0,35,37,0,0;39,34,0,0,40,0,38,35,0,0,0,27,0,29,0,36,27,20,0,0,20,23,21,0,25,29,0,26,35,0;25,0,0,38,0,0,0,0,0,0,0,25,25,0,0,0,23,21,0,0,26,37,23,30,29,0,0,0,31,0;27,27,0,25,32,27,28,21,23,0,37,40,0,0,0,27,0,28,0,0,38,0,37,0,0,40,23,0,0,29;37,0,31,0,31,39,35,30,0,0,0,33,0,40,39,20,23,0,19,21,0,0,32,0,34,30,28,39,27,0;0,34,23,35,0,24,0,34,20,35,30,38,28,32,33,26,24,25,0,0,34,28,33,0,27,30,38,22,24,40;36,20,0,20,0,0,0,25,0,36,0,39,39,33,0,26,0,0,0,0,35,32,26,0,21,0,0,0,20,39;0,27,23,31,31,0,38,25,27,0,22,21,0,23,27,38,22,29,0,35,0,35,0,29,25,39,36,26,34,27;0,0,31,0,23,0,38,31,40,24,0,0,29,22,0,39,24,22,39,0,32,0,22,35,27,0,20,23,0,0;32,35,0,0,0,0,32,0,0,0,0,0,27,35,20,37,24,36,0,27,33,0,0,22,23,36,30,40,0,23;36,0,29,0,29,20,23,0,33,0,26,30,0,0,21,0,22,0,26,0,0,30,0,0,32,0,0,22,21,0;26,0,0,28,0,0,0,32,0,0,36,29,27,25,37,40,40,28,33,22,0,23,0,36,0,21,0,0,28,26;40,38,31,0,0,0,0,0,0,0,28,0,21,0,35,0,39,23,23,15,0,31,0,28,0,0,24,0,40,0;21,30,0,40,0,0,40,40,33,35,21,23,24,36,0,0,0,38,38,0,26,0,0,40,30,0,0,19,35,29;27,0,0,0,31,27,0,0,38,34,20,25,29,21,0,0,26,30,0,30,25,30,0,32,32,0,27,0,0,36;31,0,38,0,21,36,0,22,40,28,0,0,0,0,26,32,0,21,0,22,31,23,36,0,0,0,0,0,0,0;31,37,28,29,0,36,20,26,28,23,24,38,20,0,0,37,20,0,21,29,0,39,22,24,0,25,39,21,37,0
-3,17,0,15,0,0,0,0,0,0,-2,0,0,0,0,0,-7,0,0,-11,0,0,0,0,0,0,0,0,-9,0
------------- End of Scenario k = 3 -------
0,64,39,51,0,64,0,0,56,0,0,23,0,0,49,50,70,51,28,0,0,0,0,69,0,0,0,0,66,74;0,0,30,60,32,68,0,32,0,24,20,0,0,0,74,51,0,0,72,50,80,0,65,22,0,48,50,0,79,23;28,21,0,0,49,26,68,58,68,0,0,51,0,0,0,43,34,79,0,67,0,0,45,0,41,23,46,45,0,62;29,0,69,0,46,64,60,62,28,54,72,0,0,80,0,55,0,0,22,0,27,24,54,67,80,75,0,0,62,0;28,47,27,0,0,30,37,38,62,71,50,29,42,0,0,55,0,0,32,51,0,0,48,28,0,0,0,20,28,0;0,53,0,0,59,0,80,0,77,0,66,37,0,0,33,0,0,56,66,80,0,62,36,0,23,56,78,73,0,73;43,0,0,0,54,0,0,32,0,69,0,0,59,0,0,0,66,65,80,0,0,0,72,0,65,70,51,53,54,0;21,30,63,0,0,40,47,0,77,0,0,0,0,78,0,48,78,0,20,42,35,28,0,62,39,0,0,49,0,0;53,50,0,0,0,42,31,69,0,80,78,31,0,0,60,69,0,35,36,0,0,0,77,26,0,23,32,47,0,76;0,38,24,79,30,77,70,32,36,0,0,51,22,56,0,0,57,26,0,60,77,0,44,22,33,31,63,46,0,68;54,50,0,38,0,52,0,32,59,0,0,0,27,0,0,43,78,0,0,0,0,42,0,0,63,0,41,20,0,74;0,0,45,32,80,0,0,0,0,0,78,0,79,0,0,0,56,54,57,70,73,59,0,0,0,0,37,0,71,0;42,0,0,38,20,53,66,0,72,0,68,60,0,0,54,66,63,0,29,0,0,0,0,48,53,37,66,66,63,0;0,0,24,0,70,80,0,36,24,0,22,33,27,0,49,0,26,31,42,73,52,61,38,20,71,0,34,56,0,0;25,60,0,0,35,0,60,32,0,0,0,64,0,20,0,34,60,49,0,0,42,49,52,0,59,57,0,45,48,0;45,0,0,79,0,0,0,0,0,0,0,58,36,0,0,0,74,80,0,0,24,25,41,68,66,0,0,0,64,0;47,74,0,48,57,51,53,33,61,0,55,57,0,0,0,66,0,39,0,0,53,0,33,0,0,33,69,0,0,55;20,0,76,0,54,41,50,67,0,0,0,65,0,52,76,52,49,0,67,61,0,0,70,0,56,20,36,32,63,0;0,56,63,59,0,73,0,70,43,33,68,25,34,35,51,58,46,30,0,0,32,77,20,0,24,30,60,65,78,60;45,25,0,37,0,0,0,46,0,49,0,80,41,79,0,21,0,0,0,0,30,64,63,0,39,0,0,0,49,64;0,56,37,25,78,0,45,35,20,0,80,20,0,41,53,34,70,75,0,75,0,66,0,23,55,38,48,25,36,35;0,0,67,0,61,0,54,32,64,79,0,0,56,51,0,62,30,29,59,0,64,0,80,37,36,0,44,23,0,0;41,56,0,0,0,0,36,0,0,0,0,0,53,38,26,57,58,34,0,46,40,0,0,55,35,36,62,33,0,44;77,0,42,0,39,40,24,0,36,0,59,65,0,0,78,0,46,0,45,0,0,50,0,0,74,0,0,67,20,0;79,0,0,70,0,0,0,49,0,0,57,80,56,54,75,78,41,69,66,28,0,75,0,38,0,80,0,0,64,37;49,45,76,0,0,0,0,0,0,0,29,0,68,0,73,0,72,42,23,80,0,73,0,24,0,0,32,0,76,0;67,45,0,62,0,0,67,46,71,44,46,26,77,60,0,0,0,21,32,0,26,0,0,47,33,0,0,80,55,50;46,0,0,0,66,54,0,0,31,59,48,46,28,57,0,0,20,66,0,24,27,37,0,42,71,0,37,0,0,80;43,0,66,0,69,40,0,26,46,78,0,0,0,0,60,33,0,79,0,44,43,29,36,0,0,0,0,0,0,0;30,58,25,50,0,31,45,56,32,51,70,55,68,0,0,22,74,0,35,35,0,26,43,60,0,73,49,48,61,0
0,37,23,40,0,29,0,0,22,0,0,36,0,0,20,20,26,37,23,0,0,0,0,22,0,0,0,0,29,35;0,0,40,39,34,24,0,30,0,29,22,0,0,0,23,38,0,0,23,40,40,0,31,33,0,21,39,0,39,40;37,24,0,0,24,23,21,27,23,0,0,24,0,0,0,36,40,34,0,31,0,0,29,0,37,35,38,21,0,30;28,0,29,0,29,38,36,30,25,38,29,0,0,23,0,27,0,0,31,0,40,23,37,38,22,28,0,0,23,0;40,30,34,0,0,36,25,26,32,29,32,34,38,0,0,27,0,0,21,36,0,0,24,27,0,0,0,39,24,0;0,37,0,0,23,0,21,0,38,0,23,38,0,0,34,0,0,31,40,25,0,34,35,0,27,26,37,33,0,33;40,0,0,0,33,0,0,25,0,31,0,0,23,0,0,0,23,25,25,0,0,0,34,0,31,25,29,40,37,0;21,35,31,0,0,38,34,0,22,0,0,0,0,22,0,34,21,0,27,40,26,36,0,28,25,0,0,25,0,0;31,28,0,0,0,20,32,30,0,24,26,36,0,0,37,40,0,23,23,0,0,0,24,36,0,35,30,40,0,33;0,38,25,21,34,31,26,24,26,0,0,36,23,36,0,0,33,27,0,36,39,0,29,31,27,25,30,22,0,29;26,33,0,34,0,24,0,23,35,0,0,0,31,0,0,34,31,0,0,0,0,25,0,0,35,0,38,20,0,23;0,0,39,37,34,0,0,0,0,0,36,0,30,0,0,0,39,35,29,39,24,32,0,0,0,0,23,0,38,0;22,0,0,34,34,26,25,0,20,0,20,39,0,0,20,39,25,0,36,0,0,0,0,37,22,31,40,20,35,0;0,0,34,0,26,28,0,30,29,0,38,25,37,0,27,0,22,34,35,35,30,35,37,26,34,0,26,37,0,0;24,23,0,0,35,0,38,22,0,0,0,24,0,34,0,40,27,26,0,0,38,27,30,0,21,34,0,21,34,0;29,0,0,28,0,0,0,0,0,0,0,31,37,0,0,0,32,32,0,0,36,38,36,22,21,0,0,0,29,0;32,28,0,34,21,25,38,24,25,0,35,25,0,0,0,27,0,37,0,0,22,0,31,0,0,32,20,0,0,25;24,0,27,0,30,39,29,34,0,0,0,29,0,27,34,23,38,0,27,24,0,0,35,0,20,34,23,25,32,0;0,24,28,32,0,25,0,40,32,36,33,27,39,33,36,32,23,21,0,0,30,27,21,0,25,35,30,33,24,35;29,35,0,37,0,0,0,36,0,25,0,23,21,31,0,31,0,0,0,0,35,37,26,0,29,0,0,0,33,36;0,29,30,33,34,0,32,28,29,0,26,35,0,33,33,34,26,32,0,31,0,40,0,22,36,36,35,30,24,36;0,0,36,0,38,0,38,22,24,26,0,0,28,25,0,34,35,28,33,0,35,0,27,34,30,0,26,25,0,0;24,28,0,0,0,0,20,0,0,0,0,0,23,32,32,33,31,39,0,31,25,0,0,37,26,29,34,40,0,22;32,0,33,0,21,26,33,0,37,0,22,33,0,0,25,0,25,0,38,0,0,21,0,0,23,0,0,30,36,0;29,0,0,23,0,0,0,27,0,0,35,23,22,29,21,29,39,20,24,33,0,37,0,24,0,21,0,0,27,31;20,20,29,0,0,0,0,0,0,0,24,0,21,0,32,0,39,40,25,35,0,31,0,38,0,0,26,0,33,0;40,36,0,39,0,0,35,24,23,31,40,23,32,31,0,0,0,30,37,0,22,0,0,38,30,0,0,40,35,23;30,0,0,0,31,29,0,0,37,27,28,34,38,40,0,0,29,34,0,34,38,36,0,23,28,0,33,0,0,33;23,0,22,0,23,29,0,36,27,36,0,0,0,0,28,33,0,30,0,20,39,21,28,0,0,0,0,0,0,0;25,20,24,26,0,35,30,20,22,34,35,26,34,0,0,21,25,0,34,23,0,21,37,31,0,20,39,32,23,0
-2,11,0,15,0,0,0,0,0,0,-3,0,0,0,0,0,-4,0,0,-7,0,0,0,0,0,0,0,0,-10,0
------------- End of Scenario k = 4 -------
0,79,73,77,0,52,0,0,67,0,0,32,0,0,24,57,25,35,66,0,0,0,0,47,0,0,0,0,30,37;0,0,80,21,32,80,0,29,0,39,31,0,0,0,80,78,0,0,61,70,64,0,20,78,0,73,79,0,44,39;78,22,0,0,33,61,40,30,21,0,0,58,0,0,0,67,63,21,0,41,0,0,38,0,50,80,78,59,0,77;47,0,78,0,47,48,62,78,31,66,22,0,0,80,0,21,0,0,29,0,62,70,35,38,65,70,0,0,64,0;75,79,46,0,0,80,64,40,24,70,20,35,23,0,0,40,0,0,28,77,0,0,69,53,0,0,0,53,75,0;0,28,0,0,80,0,80,0,47,0,57,62,0,0,41,0,0,34,23,56,0,59,68,0,22,27,41,65,0,72;48,0,0,0,47,0,0,80,0,20,0,0,59,0,0,0,52,74,65,0,0,0,26,0,29,46,70,78,21,0;55,60,37,0,0,72,52,0,80,0,0,0,0,70,0,48,40,0,32,30,25,33,0,22,71,0,0,70,0,0;40,46,0,0,0,60,55,24,0,80,28,40,0,0,75,78,0,61,74,0,0,0,23,48,0,75,58,33,0,51;0,67,22,40,75,22,34,39,54,0,0,32,34,20,0,0,77,43,0,44,80,0,29,63,41,26,61,78,0,21;56,48,0,42,0,27,0,26,29,0,0,0,45,0,0,49,67,0,0,0,0,44,0,0,75,0,44,50,0,21;0,0,68,53,77,0,0,0,0,0,73,0,28,0,0,0,45,70,71,41,31,30,0,0,0,0,42,0,69,0;22,0,0,59,50,28,50,0,56,0,36,31,0,0,63,41,40,0,29,0,0,0,0,71,61,42,66,51,71,0;0,0,37,0,38,63,0,75,76,0,40,80,76,0,76,0,37,38,31,39,31,69,68,28,61,0,66,73,0,0;38,28,0,0,77,0,57,27,0,0,0,67,0,38,0,80,61,21,0,0,77,26,76,0,29,35,0,38,78,0;64,0,0,64,0,0,0,0,0,0,0,76,53,0,0,0,61,80,0,0,47,64,47,66,48,0,0,0,73,0;58,31,0,72,67,74,78,58,46,0,20,73,0,0,0,79,0,38,0,0,23,0,20,0,0,41,41,0,0,35;80,0,58,0,61,42,78,75,0,0,0,72,0,62,30,34,65,0,80,43,0,0,61,0,28,34,46,73,45,0;0,22,62,78,0,66,0,30,45,22,42,28,44,31,78,70,73,70,0,0,42,49,65,0,50,73,42,46,56,59;31,71,0,56,0,0,0,28,0,22,0,24,38,71,0,66,0,0,0,0,22,41,22,0,48,0,0,0,72,61;0,37,70,45,69,0,68,25,56,0,80,79,0,61,28,66,28,41,0,70,0,34,0,40,72,58,68,22,61,63;0,0,61,0,68,0,41,74,67,43,0,0,46,38,0,51,51,25,71,0,68,0,80,29,79,0,38,32,0,0;49,36,0,0,0,0,79,0,0,0,0,0,52,54,51,41,24,30,0,45,28,0,0,80,48,32,31,44,0,64;75,0,77,0,37,78,28,0,26,0,24,72,0,0,23,0,46,0,54,0,0,76,0,0,80,0,0,23,70,0;20,0,0,64,0,0,0,26,0,0,27,28,40,50,38,39,28,41,65,50,0,54,0,22,0,22,0,0,64,22;38,63,76,0,0,0,0,0,0,0,53,0,29,0,70,0,20,39,38,47,0,80,0,60,0,0,80,0,27,0;67,59,0,41,0,0,74,78,76,20,61,30,33,41,0,0,0,66,63,0,31,0,0,59,71,0,0,34,45,29;60,0,0,0,55,59,0,0,69,59,37,30,65,49,0,0,52,78,0,24,80,79,0,72,72,0,72,0,0,80;42,0,67,0,59,72,0,31,54,74,0,0,0,0,34,63,0,40,0,72,35,37,30,0,0,0,0,0,0,0;20,33,24,77,0,53,43,79,35,71,79,49,76,0,0,32,51,0,78,53,0,42,71,54,0,71,20,36,34,0
0,39,31,31,0,24,0,0,36,0,0,21,0,0,28,30,24,32,26,0,0,0,0,36,0,0,0,0,24,25;0,0,24,26,37,40,0,32,0,37,35,0,0,0,32,27,0,0,31,35,25,0,22,29,0,21,29,0,28,36;30,26,0,0,24,25,37,22,40,0,0,34,0,0,0,25,40,28,0,20,0,0,24,0,35,26,35,27,0,37;40,0,38,0,22,37,29,21,33,22,36,0,0,19,0,27,0,0,29,0,26,21,32,34,33,28,0,0,31,0;21,31,37,0,0,16,33,38,29,36,22,20,34,0,0,29,0,0,21,37,0,0,22,35,0,0,0,34,21,0;0,38,0,0,39,0,13,0,24,0,39,38,0,0,25,0,0,32,29,28,0,20,33,0,38,37,20,28,0,24;24,0,0,0,27,0,0,31,0,20,0,0,36,0,0,0,32,40,38,0,0,0,27,0,21,20,23,26,24,0;23,31,29,0,0,26,26,0,38,0,0,0,0,33,0,20,22,0,28,26,32,32,0,28,33,0,0,26,0,0;39,28,0,0,0,21,23,30,0,25,26,25,0,0,25,29,0,20,24,0,0,0,37,25,0,38,26,21,0,30;0,35,23,24,35,22,21,38,24,0,0,14,23,21,0,0,37,31,0,25,24,0,40,25,30,33,33,27,0,20;40,38,0,20,0,28,0,26,40,0,0,0,40,0,0,25,39,0,0,0,0,26,0,0,30,0,35,34,0,28;0,0,28,39,28,0,0,0,0,0,24,0,17,0,0,0,36,38,37,32,34,28,0,0,0,0,32,0,27,0;28,0,0,24,33,40,22,0,26,0,30,24,0,0,31,37,31,0,33,0,0,0,0,25,36,35,30,26,34,0;0,0,35,0,37,40,0,31,34,0,37,34,23,0,34,0,20,30,40,34,29,33,32,23,21,0,36,20,0,0;30,21,0,0,27,0,26,35,0,0,0,34,0,36,0,32,39,35,0,0,21,27,23,0,20,28,0,21,29,0;21,0,0,20,0,0,0,0,0,0,0,32,38,0,0,0,40,33,0,0,23,24,32,40,39,0,0,0,38,0;24,23,0,23,36,37,21,29,40,0,36,22,0,0,0,35,0,27,0,0,32,0,30,0,0,34,26,0,0,30;38,0,20,0,28,20,37,34,0,0,0,35,0,31,28,32,27,0,21,23,0,0,22,0,21,24,31,21,27,0;0,38,30,29,0,25,0,28,37,36,21,30,23,40,21,20,40,20,0,0,18,24,28,0,27,26,26,34,40,23;20,39,0,31,0,0,0,23,0,21,0,35,24,20,0,24,0,0,0,0,39,36,28,0,26,0,0,0,29,38;0,34,30,34,25,0,33,37,37,0,17,32,0,34,20,40,36,39,0,22,0,29,0,22,24,26,30,31,35,30;0,0,22,0,33,0,21,32,32,29,0,0,27,32,0,40,35,29,34,0,26,0,33,27,30,0,37,25,0,0;40,22,0,0,0,0,36,0,0,0,0,0,38,28,34,28,38,39,0,24,31,0,0,32,33,21,31,31,0,20;27,0,21,0,35,28,35,0,38,0,34,22,0,0,31,0,34,0,24,0,0,40,0,0,23,0,0,35,29,0;31,0,0,40,0,0,0,22,0,0,35,30,36,34,24,32,31,29,27,25,0,20,0,32,0,37,0,0,27,39;20,30,32,0,0,0,0,0,0,0,36,0,32,0,20,0,22,20,35,21,0,30,0,39,0,0,35,0,25,0;37,26,0,33,0,0,22,22,40,29,36,26,27,20,0,0,0,34,29,0,37,0,0,34,39,0,0,25,27,22;23,0,0,0,28,33,0,0,31,36,32,21,20,34,0,0,22,20,0,31,23,40,0,34,25,0,25,0,0,24;38,0,20,0,23,38,0,24,40,23,0,0,0,0,26,37,0,26,0,26,34,25,34,0,0,0,0,0,0,0;24,27,31,37,0,30,34,30,30,20,28,40,39,0,0,23,34,0,23,28,0,31,40,30,0,29,34,22,40,0
-2,10,0,17,0,0,0,0,0,0,-5,0,0,0,0,0,-10,0,0,-2,0,0,0,0,0,0,0,0,-8,0
------------- End of Scenario k = 5 -------
0,45,45,78,0,41,0,0,65,0,0,66,0,0,62,75,44,55,58,0,0,0,0,66,0,0,0,0,48,22;0,0,51,39,28,78,0,73,0,28,46,0,0,0,41,26,0,0,40,54,37,0,44,34,0,59,75,0,42,61;67,54,0,0,79,64,70,32,24,0,0,20,0,0,0,54,36,24,0,54,0,0,74,0,49,38,35,54,0,44;34,0,53,0,49,27,71,68,60,50,52,0,0,24,0,45,0,0,70,0,72,46,29,72,55,25,0,0,73,0;38,43,43,0,0,30,73,43,34,59,74,26,28,0,0,75,0,0,20,22,0,0,31,42,0,0,0,43,24,0;0,49,0,0,75,0,70,0,30,0,58,36,0,0,25,0,0,51,25,71,0,24,23,0,32,76,77,49,0,54;72,0,0,0,39,0,0,80,0,46,0,0,56,0,0,0,35,72,77,0,0,0,76,0,76,28,33,21,80,0;71,37,41,0,0,74,72,0,21,0,0,0,0,31,0,48,44,0,76,40,78,77,0,49,53,0,0,66,0,0;66,57,0,0,0,58,55,22,0,80,51,37,0,0,22,35,0,21,36,0,0,0,80,51,0,78,28,56,0,20;0,72,67,76,28,75,52,64,57,0,0,37,24,34,0,0,80,34,0,30,26,0,67,55,30,22,56,39,0,31;51,26,0,28,0,33,0,57,35,0,0,0,41,0,0,47,75,0,0,0,0,60,0,0,46,0,22,65,0,44;0,0,54,48,61,0,0,0,0,0,23,0,80,0,0,0,71,70,41,39,61,51,0,0,0,0,42,0,46,0;62,0,0,27,21,38,21,0,60,0,32,50,0,0,30,57,29,0,48,0,0,0,0,33,55,80,30,48,80,0;0,0,67,0,28,75,0,31,49,0,68,35,26,0,37,0,37,53,72,53,67,74,77,45,39,0,72,28,0,0;28,35,0,0,57,0,76,61,0,0,0,24,0,32,0,33,55,30,0,0,65,36,73,0,40,39,0,73,29,0;34,0,0,26,0,0,0,0,0,0,0,35,59,0,0,0,74,80,0,0,73,48,72,37,67,0,0,0,63,0;29,68,0,32,37,49,77,54,51,0,35,42,0,0,0,64,0,53,0,0,44,0,53,0,0,51,38,0,0,53;80,0,25,0,37,58,56,44,0,0,0,51,0,38,56,23,30,0,80,57,0,0,29,0,61,26,60,59,21,0;0,68,43,24,0,23,0,75,63,60,29,61,64,52,76,39,74,33,0,0,80,22,55,0,26,74,50,46,45,69;51,56,0,54,0,0,0,44,0,68,0,20,67,63,0,27,0,0,0,0,40,53,62,0,75,0,0,0,46,66;0,79,55,59,71,0,76,53,39,0,31,50,0,25,25,35,47,20,0,42,0,53,0,31,58,32,35,43,53,57;0,0,74,0,59,0,58,38,33,65,0,0,71,56,0,64,20,20,64,0,53,0,34,77,58,0,73,35,0,0;46,73,0,0,0,0,71,0,0,0,0,0,24,47,53,79,28,78,0,58,77,0,0,80,22,68,29,36,0,70;68,0,53,0,27,28,44,0,58,0,35,75,0,0,53,0,67,0,68,0,0,23,0,0,80,0,0,35,51,0;60,0,0,23,0,0,0,23,0,0,76,39,52,58,37,52,51,73,71,45,0,64,0,34,0,80,0,0,68,64;21,52,63,0,0,0,0,0,0,0,75,0,42,0,45,0,37,31,27,80,0,73,0,48,0,0,61,0,23,0;31,33,0,76,0,0,24,80,52,49,23,50,53,65,0,0,0,75,79,0,61,0,0,41,79,0,0,77,40,70;68,0,0,0,24,73,0,0,79,59,77,40,26,62,0,0,80,52,0,42,56,32,0,26,76,0,73,0,0,80;51,0,44,0,75,68,0,66,66,37,0,0,0,0,65,70,0,51,0,47,23,64,57,0,0,0,0,0,0,0;52,64,38,28,0,70,55,77,44,59,77,26,59,0,0,52,65,0,24,31,0,32,20,32,0,37,58,33,40,0
0,38,28,24,0,25,0,0,37,0,0,22,0,0,31,36,40,35,37,0,0,0,0,29,0,0,0,0,33,37;0,0,20,27,40,25,0,27,0,38,32,0,0,0,22,30,0,0,35,40,36,0,27,36,0,28,39,0,24,28;27,37,0,0,23,38,39,31,28,0,0,38,0,0,0,24,22,29,0,22,0,0,31,0,37,22,25,34,0,30;29,0,25,0,27,36,39,20,39,33,34,0,0,28,0,39,0,0,23,0,22,22,27,23,23,40,0,0,33,0;24,37,35,0,0,30,34,23,33,39,34,32,25,0,0,33,0,0,31,35,0,0,39,24,0,0,0,40,21,0;0,27,0,0,20,0,31,0,20,0,39,32,0,0,37,0,0,26,38,20,0,32,31,0,38,34,20,35,0,22;28,0,0,0,30,0,0,38,0,26,0,0,37,0,0,0,29,20,21,0,0,0,25,0,28,34,35,39,32,0;31,35,33,0,0,37,33,0,33,0,0,0,0,27,0,37,30,0,36,28,20,27,0,25,24,0,0,29,0,0;24,33,0,0,0,38,35,27,0,34,34,36,0,0,23,21,0,40,27,0,0,0,25,20,0,22,24,35,0,33;0,24,24,20,26,35,21,22,39,0,0,23,28,31,0,0,18,39,0,22,32,0,33,29,25,24,21,26,0,34;34,35,0,34,0,26,0,31,29,0,0,0,23,0,0,38,33,0,0,0,0,35,0,0,40,0,32,21,0,35;0,0,20,37,36,0,0,0,0,0,39,0,18,0,0,0,27,30,24,32,33,28,0,0,0,0,29,0,38,0;36,0,0,32,21,26,27,0,28,0,34,28,0,0,39,39,35,0,20,0,0,0,0,22,32,21,29,25,36,0;0,0,40,0,22,38,0,22,23,0,38,37,21,0,18,0,37,30,23,27,28,21,32,30,40,0,21,24,0,0;35,23,0,0,20,0,31,38,0,0,0,34,0,40,0,34,33,32,0,0,27,20,20,0,35,35,0,21,28,0;26,0,0,27,0,0,0,0,0,0,0,31,32,0,0,0,39,15,0,0,26,24,23,34,34,0,0,0,35,0;30,20,0,23,40,37,24,31,21,0,40,20,0,0,0,39,0,29,0,0,32,0,23,0,0,39,20,0,0,26;27,0,23,0,20,27,28,37,0,0,0,26,0,30,31,20,22,0,36,39,0,0,33,0,38,24,31,29,33,0;0,34,22,35,0,30,0,37,27,33,35,34,30,32,33,25,24,32,0,0,36,23,36,0,39,39,25,32,34,31;27,34,0,27,0,0,0,26,0,39,0,33,40,30,0,36,0,0,0,0,21,37,27,0,20,0,0,0,20,34;0,27,25,23,23,0,33,39,33,0,15,36,0,23,32,25,21,28,0,28,0,40,0,27,36,39,28,32,20,20;0,0,30,0,39,0,26,30,35,27,0,0,33,33,0,34,29,40,37,0,21,0,27,29,38,0,38,28,0,0;31,40,0,0,0,0,35,0,0,0,0,0,20,25,23,24,37,30,0,40,25,0,0,33,34,35,37,38,0,21;29,0,26,0,26,23,33,0,34,0,33,38,0,0,37,0,40,0,25,0,0,37,0,0,27,0,0,40,38,0;32,0,0,24,0,0,0,28,0,0,30,22,40,27,31,23,22,35,35,21,0,39,0,26,0,18,0,0,33,30;38,25,29,0,0,0,0,0,0,0,38,0,21,0,31,0,34,35,26,37,0,29,0,30,0,0,29,0,36,0;36,37,0,34,0,0,22,39,33,35,22,33,24,40,0,0,0,24,27,0,35,0,0,33,22,0,0,34,26,23;25,0,0,0,30,23,0,0,39,34,31,29,34,27,0,0,27,38,0,20,29,37,0,33,34,0,34,0,0,32;32,0,38,0,23,24,0,27,22,22,0,0,0,0,39,32,0,32,0,28,39,24,21,0,0,0,0,0,0,0;24,35,30,40,0,36,31,31,40,34,26,25,21,0,0,28,24,0,35,35,0,20,30,29,0,24,29,29,24,0
-1,16,0,15,0,0,0,0,0,0,-1,0,0,0,0,0,-4,0,0,-15,0,0,0,0,0,0,0,0,-10,0
------------- End of Scenario k = 6 -------
0,78,78,73,0,59,0,0,24,0,0,62,0,0,20,75,31,51,77,0,0,0,0,48,0,0,0,0,80,65;0,0,35,68,43,20,0,26,0,42,49,0,0,0,36,70,0,0,32,41,62,0,62,53,0,26,40,0,57,63;45,55,0,0,31,75,71,71,78,0,0,37,0,0,0,68,62,58,0,35,0,0,43,0,75,43,53,38,0,24;21,0,22,0,77,36,41,37,63,69,25,0,0,80,0,47,0,0,21,0,77,73,54,30,21,53,0,0,77,0;70,30,54,0,0,53,43,31,73,70,77,70,38,0,0,20,0,0,71,35,0,0,32,40,0,0,0,32,61,0;0,78,0,0,60,0,80,0,56,0,28,57,0,0,73,0,0,26,40,72,0,40,49,0,28,42,72,59,0,75;48,0,0,0,25,0,0,77,0,76,0,0,58,0,0,0,62,32,69,0,0,0,37,0,33,38,70,35,68,0;75,70,69,0,0,46,45,0,66,0,0,0,0,26,0,72,20,0,75,79,34,61,0,63,71,0,0,42,0,0;62,27,0,0,0,30,77,35,0,34,32,28,0,0,29,68,0,54,42,0,0,0,55,54,0,78,65,79,0,23;0,78,31,50,66,21,61,57,59,0,0,80,21,40,0,0,69,30,0,33,45,0,75,34,39,63,53,32,0,60;23,47,0,36,0,65,0,40,79,0,0,0,33,0,0,63,26,0,0,0,0,72,0,0,58,0,43,52,0,74;0,0,73,68,72,0,0,0,0,0,71,0,80,0,0,0,72,63,53,80,41,45,0,0,0,0,27,0,68,0;25,0,0,38,22,20,52,0,51,0,69,62,0,0,67,72,40,0,50,0,0,0,0,38,32,27,28,56,50,0;0,0,50,0,22,36,0,48,58,0,25,42,56,0,80,0,74,41,35,69,36,51,21,34,72,0,75,43,0,0;39,28,0,0,39,0,34,48,0,0,0,80,0,64,0,36,56,77,0,0,42,40,28,0,76,30,0,59,24,0;47,0,0,49,0,0,0,0,0,0,0,61,24,0,0,0,64,44,0,0,55,70,29,33,31,0,0,0,30,0;23,51,0,43,59,68,54,72,78,0,64,75,0,0,0,35,0,42,0,0,59,0,62,0,0,55,39,0,0,75;37,0,33,0,53,49,49,34,0,0,0,67,0,21,66,20,60,0,48,48,0,0,48,0,34,21,44,78,71,0;0,42,37,49,0,71,0,77,22,22,47,43,79,55,30,77,69,78,0,0,33,80,41,0,46,44,69,30,34,65;49,74,0,52,0,0,0,48,0,58,0,55,29,72,0,64,0,0,0,0,36,46,29,0,76,0,0,0,28,55;0,73,20,77,37,0,71,36,49,0,23,40,0,57,33,33,31,50,0,78,0,41,0,50,23,56,66,76,71,67;0,0,36,0,78,0,74,39,67,61,0,0,40,31,0,42,50,45,72,0,27,0,80,34,55,0,30,52,0,0;57,27,0,0,0,0,40,0,0,0,0,0,33,40,79,51,66,36,0,32,67,0,0,40,42,51,20,29,0,50;40,0,59,0,69,73,51,0,44,0,71,56,0,0,34,0,59,0,33,0,0,25,0,0,80,0,0,41,24,0;34,0,0,73,0,0,0,53,0,0,26,40,68,67,54,71,60,37,67,37,0,39,0,79,0,80,0,0,73,48;61,70,39,0,0,0,0,0,0,0,26,0,20,0,51,0,38,56,34,80,0,32,0,32,0,0,40,0,61,0;61,41,0,79,0,0,43,73,53,53,71,59,44,24,0,0,0,65,75,0,40,0,0,29,44,0,0,80,34,36;74,0,0,0,72,78,0,0,78,79,70,20,46,29,0,0,73,27,0,43,44,45,0,35,45,0,21,0,0,68;40,0,48,0,59,73,0,24,58,67,0,0,0,0,79,39,0,33,0,56,46,63,53,0,0,0,0,0,0,0;59,68,72,51,0,74,21,29,73,80,29,24,77,0,0,51,65,0,23,46,0,32,57,71,0,70,52,35,80,0
0,23,31,28,0,22,0,0,30,0,0,37,0,0,26,32,20,28,34,0,0,0,0,28,0,0,0,0,40,28;0,0,34,30,37,30,0,37,0,26,31,0,0,0,21,27,0,0,38,20,33,0,33,29,0,21,25,0,24,33;28,29,0,0,27,33,21,25,22,0,0,27,0,0,0,27,37,25,0,38,0,0,20,0,22,23,32,22,0,37;22,0,35,0,25,37,24,26,33,24,33,0,0,36,0,32,0,0,40,0,32,24,34,32,40,36,0,0,20,0;30,38,33,0,0,35,25,20,37,40,35,24,27,0,0,27,0,0,37,33,0,0,30,22,0,0,0,27,23,0;0,26,0,0,20,0,25,0,21,0,33,25,0,0,40,0,0,33,22,29,0,30,40,0,21,38,26,21,0,25;24,0,0,0,29,0,0,27,0,29,0,0,37,0,0,0,23,34,31,0,0,0,38,0,34,37,24,27,29,0;25,25,21,0,0,31,20,0,39,0,0,0,0,23,0,30,26,0,24,32,31,33,0,38,23,0,0,25,0,0;39,37,0,0,0,38,30,35,0,39,25,28,0,0,40,40,0,29,21,0,0,0,26,23,0,26,39,33,0,21;0,22,38,33,25,32,36,37,32,0,0,36,24,26,0,0,26,39,0,38,30,0,28,32,32,28,39,23,0,29;23,27,0,20,0,38,0,37,27,0,0,0,31,0,0,38,21,0,0,0,0,38,0,0,35,0,27,29,0,39;0,0,40,33,25,0,0,0,0,0,22,0,28,0,0,0,20,39,32,40,30,39,0,0,0,0,38,0,38,0;21,0,0,28,20,21,24,0,40,0,23,23,0,0,28,40,34,0,21,0,0,0,0,24,30,28,39,36,38,0;0,0,40,0,22,34,0,35,34,0,38,24,24,0,31,0,22,21,34,36,20,29,30,25,40,0,26,39,0,0;39,25,0,0,38,0,23,35,0,0,0,31,0,37,0,35,31,27,0,0,26,30,21,0,36,35,0,35,29,0;34,0,0,21,0,0,0,0,0,0,0,20,30,0,0,0,30,29,0,0,27,39,22,24,29,0,0,0,32,0;31,35,0,31,28,26,23,22,40,0,28,32,0,0,0,23,0,27,0,0,33,0,26,0,0,33,31,0,0,28;36,0,22,0,27,39,21,32,0,0,0,34,0,23,38,24,34,0,39,22,0,0,29,0,31,28,32,38,35,0;0,40,37,38,0,35,0,26,39,36,22,36,24,29,26,24,30,26,0,0,31,30,23,0,38,33,39,27,27,37;37,31,0,32,0,0,0,30,0,28,0,21,30,31,0,38,0,0,0,0,40,23,36,0,36,0,0,0,38,30;0,39,35,24,36,0,20,21,22,0,36,35,0,37,28,34,39,20,0,37,0,40,0,39,38,39,24,33,33,22;0,0,34,0,38,0,39,29,30,33,0,0,35,39,0,40,25,23,29,0,34,0,31,34,32,0,29,30,0,0;27,37,0,0,0,0,25,0,0,0,0,0,23,40,34,34,27,28,0,33,24,0,0,29,30,31,22,22,0,35;33,0,35,0,25,24,23,0,33,0,27,28,0,0,31,0,29,0,29,0,0,36,0,0,31,0,0,24,29,0;26,0,0,34,0,0,0,24,0,0,40,39,29,39,39,27,40,33,36,32,0,32,0,35,0,27,0,0,30,24;27,33,21,0,0,0,0,0,0,0,26,0,21,0,39,0,31,34,25,39,0,39,0,21,0,0,30,0,24,0;37,27,0,27,0,0,32,25,40,29,35,32,21,40,0,0,0,22,35,0,36,0,0,37,28,0,0,37,24,37;26,0,0,0,36,40,0,0,33,20,27,29,24,36,0,0,32,35,0,27,34,22,0,39,21,0,26,0,0,36;32,0,34,0,40,34,0,34,28,27,0,0,0,0,26,26,0,38,0,31,32,33,35,0,0,0,0,0,0,0;23,20,35,27,0,30,36,33,22,31,25,21,38,0,0,30,39,0,37,24,0,40,38,35,0,27,25,29,36,0
-13,25,0,27,0,0,0,0,0,0,-4,0,0,0,0,0,-12,0,0,-17,0,0,0,0,0,0,0,0,-6,0
------------- End of Scenario k = 7 -------
0,26,34,33,0,34,0,0,30,0,0,38,0,0,27,61,64,65,79,0,0,0,0,63,0,0,0,0,63,58;0,0,79,56,67,50,0,34,0,64,71,0,0,0,29,32,0,0,46,62,67,0,61,49,0,37,41,0,34,35;47,23,0,0,80,44,43,54,47,0,0,79,0,0,0,45,40,50,0,69,0,0,37,0,80,50,42,71,0,79;64,0,49,0,20,24,71,37,22,29,73,0,0,80,0,66,0,0,22,0,72,32,32,25,20,46,0,0,33,0;57,28,54,0,0,66,39,60,74,69,29,78,80,0,0,31,0,0,23,27,0,0,39,50,0,0,0,23,52,0;0,45,0,0,58,0,40,0,38,0,59,33,0,0,50,0,0,40,44,80,0,24,39,0,39,51,25,72,0,54;62,0,0,0,57,0,0,80,0,45,0,0,68,0,0,0,75,39,24,0,0,0,80,0,42,56,26,65,61,0;70,75,31,0,0,30,63,0,80,0,0,0,0,61,0,39,35,0,28,54,70,26,0,34,56,0,0,51,0,0;65,53,0,0,0,35,50,48,0,80,23,73,0,0,64,59,0,55,20,0,0,0,36,68,0,39,34,24,0,70;0,80,35,52,30,77,53,63,66,0,0,80,46,77,0,0,80,30,0,71,65,0,57,42,58,62,75,32,0,48;80,60,0,40,0,43,0,31,47,0,0,0,77,0,0,39,25,0,0,0,0,77,0,0,65,0,72,66,0,69;0,0,72,57,48,0,0,0,0,0,21,0,80,0,0,0,22,50,23,51,38,53,0,0,0,0,55,0,57,0;31,0,0,64,65,54,59,0,60,0,49,40,0,0,27,62,75,0,39,0,0,0,0,56,37,56,56,28,80,0;0,0,57,0,65,64,0,60,50,0,37,64,70,0,80,0,40,45,76,41,54,38,44,55,69,0,21,61,0,0;76,80,0,0,50,0,76,55,0,0,0,59,0,36,0,80,41,39,0,0,58,42,42,0,51,75,0,51,79,0;33,0,0,25,0,0,0,0,0,0,0,75,52,0,0,0,22,71,0,0,60,22,32,50,67,0,0,0,64,0;59,52,0,44,33,23,49,48,43,0,37,27,0,0,0,54,0,53,0,0,52,0,72,0,0,76,72,0,0,24;28,0,41,0,60,66,51,33,0,0,0,45,0,60,65,27,77,0,80,38,0,0,79,0,79,35,62,79,53,0;0,65,33,77,0,70,0,72,68,50,34,35,56,47,41,39,44,26,0,0,28,23,71,0,40,32,60,29,29,71;79,25,0,54,0,0,0,77,0,47,0,69,71,37,0,42,0,0,0,0,41,73,22,0,41,0,0,0,61,33;0,49,76,56,67,0,44,57,40,0,80,47,0,51,78,31,22,29,0,29,0,80,0,60,70,49,22,24,69,42;0,0,28,0,62,0,24,70,41,70,0,0,26,73,0,37,25,21,37,0,23,0,66,61,21,0,53,80,0,0;45,70,0,0,0,0,67,0,0,0,0,0,24,65,72,35,46,61,0,51,44,0,0,80,46,52,73,48,0,75;70,0,66,0,71,45,32,0,27,0,57,50,0,0,29,0,61,0,67,0,0,67,0,0,69,0,0,27,42,0;76,0,0,68,0,0,0,43,0,0,29,65,61,34,55,45,30,37,31,62,0,51,0,40,0,53,0,0,57,70;71,62,65,0,0,0,0,0,0,0,43,0,78,0,35,0,80,27,77,80,0,79,0,68,0,0,77,0,39,0;45,41,0,43,0,0,20,49,53,40,52,37,33,58,0,0,0,34,42,0,31,0,0,54,46,0,0,49,36,26;39,0,0,0,69,41,0,0,51,54,24,30,33,25,0,0,80,25,0,61,51,34,0,80,43,0,76,0,0,80;38,0,21,0,43,35,0,68,35,77,0,0,0,0,23,51,0,43,0,35,28,49,70,0,0,0,0,0,0,0;53,55,60,67,0,30,68,41,68,78,65,22,50,0,0,59,54,0,38,67,0,51,24,33,0,71,53,44,80,0
0,37,34,20,0,33,0,0,30,0,0,38,0,0,24,34,24,36,31,0,0,0,0,24,0,0,0,0,29,25;0,0,38,28,25,22,0,32,0,37,24,0,0,0,39,22,0,0,20,28,20,0,35,23,0,29,40,0,35,20;23,34,0,0,15,32,25,38,22,0,0,25,0,0,0,40,21,36,0,40,0,0,40,0,31,34,22,25,0,36;32,0,30,0,36,36,38,35,33,34,32,0,0,34,0,40,0,0,32,0,25,20,27,39,23,28,0,0,27,0;20,37,34,0,0,13,39,21,38,38,39,40,25,0,0,20,0,0,29,36,0,0,34,21,0,0,0,35,31,0;0,39,0,0,34,0,29,0,33,0,35,29,0,0,34,0,0,23,38,32,0,33,36,0,32,28,28,24,0,37;25,0,0,0,22,0,0,10,0,26,0,0,20,0,0,0,26,38,37,0,0,0,33,0,21,30,28,37,25,0;34,34,36,0,0,21,25,0,15,0,0,0,0,20,0,32,34,0,31,26,34,23,0,34,21,0,0,33,0,0;33,23,0,0,0,24,31,21,0,29,36,29,0,0,38,23,0,35,36,0,0,0,36,28,0,22,20,40,0,26;0,40,38,23,36,30,38,37,34,0,0,11,35,35,0,0,22,29,0,40,20,0,22,34,20,35,25,32,0,30;37,22,0,26,0,39,0,22,37,0,0,0,26,0,0,31,24,0,0,0,0,40,0,0,24,0,24,20,0,23;0,0,33,30,21,0,0,0,0,0,23,0,25,0,0,0,32,28,33,36,20,30,0,0,0,0,26,0,34,0;24,0,0,21,23,38,24,0,36,0,22,20,0,0,23,31,39,0,28,0,0,0,0,22,29,28,29,33,31,0;0,0,26,0,22,35,0,39,25,0,21,21,27,0,25,0,29,39,26,30,38,35,33,33,23,0,23,29,0,0;39,38,0,0,27,0,25,37,0,0,0,26,0,21,0,18,37,38,0,0,38,30,34,0,25,30,0,25,37,0;22,0,0,36,0,0,0,0,0,0,0,36,38,0,0,0,21,34,0,0,33,33,36,34,37,0,0,0,27,0;21,30,0,24,20,38,27,22,25,0,38,26,0,0,0,35,0,38,0,0,20,0,28,0,0,31,40,0,0,23;19,0,31,0,36,40,39,20,0,0,0,23,0,24,29,31,36,0,23,24,0,0,28,0,38,24,20,33,23,0;0,32,29,30,0,28,0,37,28,25,27,31,37,20,25,33,33,24,0,0,34,32,32,0,23,33,36,36,21,37;38,21,0,26,0,0,0,21,0,33,0,30,34,29,0,31,0,0,0,0,30,38,36,0,36,0,0,0,29,30;0,30,32,38,22,0,33,37,35,0,20,28,0,40,38,26,22,32,0,24,0,22,0,25,27,27,31,38,24,22;0,0,32,0,30,0,39,35,28,27,0,0,40,25,0,34,36,30,35,0,37,0,33,20,29,0,39,35,0,0;28,40,0,0,0,0,34,0,0,0,0,0,31,38,20,36,25,37,0,29,27,0,0,38,27,36,39,33,0,29;21,0,28,0,31,20,37,0,26,0,33,38,0,0,35,0,33,0,25,0,0,37,0,0,26,0,0,36,27,0;38,0,0,22,0,0,0,20,0,0,29,37,20,34,20,40,23,32,22,38,0,31,0,38,0,23,0,0,37,33;35,39,24,0,0,0,0,0,0,0,31,0,38,0,29,0,21,29,29,26,0,27,0,28,0,0,40,0,30,0;29,22,0,27,0,0,35,31,21,40,25,26,28,39,0,0,0,21,35,0,30,0,0,37,25,0,0,37,20,30;40,0,0,0,40,22,0,0,31,21,38,39,22,35,0,0,29,25,0,20,38,40,0,24,33,0,38,0,0,24;37,0,24,0,32,22,0,32,37,31,0,0,0,0,20,29,0,40,0,28,27,35,26,0,0,0,0,0,0,0;33,30,23,22,0,28,29,31,28,27,38,34,39,0,0,20,21,0,29,23,0,34,20,36,0,24,22,33,26,0
-4,10,0,17,0,0,0,0,0,0,-4,0,0,0,0,0,-11,0,0,-2,0,0,0,0,0,0,0,0,-6,0
------------- End of Scenario k = 8 -------
0,52,50,51,0,32,0,0,53,0,0,40,0,0,32,44,62,46,51,0,0,0,0,33,0,0,0,0,63,67;0,0,26,51,53,64,0,46,0,78,61,0,0,0,48,39,0,0,72,39,60,0,56,57,0,45,55,0,62,58;37,54,0,0,60,61,38,24,46,0,0,67,0,0,0,64,52,75,0,63,0,0,62,0,42,24,41,33,0,36;30,0,55,0,62,59,80,54,25,48,53,0,0,80,0,34,0,0,66,0,60,62,32,38,56,70,0,0,71,0;48,34,62,0,0,71,52,60,26,35,33,47,77,0,0,55,0,0,60,45,0,0,53,41,0,0,0,44,74,0;0,32,0,0,63,0,45,0,76,0,70,78,0,0,23,0,0,24,56,80,0,62,52,0,66,40,76,42,0,57;57,0,0,0,69,0,0,61,0,20,0,0,26,0,0,0,69,22,69,0,0,0,43,0,26,70,36,66,29,0;77,51,72,0,0,72,50,0,80,0,0,0,0,20,0,80,29,0,69,33,42,31,0,46,71,0,0,31,0,0;28,65,0,0,0,53,59,71,0,74,55,74,0,0,36,28,0,79,42,0,0,0,38,79,0,66,23,41,0,35;0,23,38,71,76,32,62,79,40,0,0,47,79,44,0,0,46,68,0,33,30,0,44,59,77,52,70,74,0,69;72,61,0,29,0,35,0,64,21,0,0,0,33,0,0,68,65,0,0,0,0,65,0,0,65,0,40,57,0,46;0,0,72,65,74,0,0,0,0,0,27,0,80,0,0,0,60,78,24,44,56,21,0,0,0,0,50,0,42,0;71,0,0,56,21,67,34,0,37,0,73,77,0,0,39,35,29,0,43,0,0,0,0,49,52,28,73,24,40,0;0,0,24,0,55,21,0,32,29,0,39,35,30,0,80,0,54,29,45,44,38,64,31,75,73,0,26,59,0,0;41,50,0,0,25,0,22,31,0,0,0,79,0,74,0,37,53,35,0,0,33,80,22,0,33,53,0,39,67,0;34,0,0,72,0,0,0,0,0,0,0,30,23,0,0,0,56,80,0,0,25,80,54,35,49,0,0,0,65,0;24,40,0,69,65,43,79,22,21,0,41,52,0,0,0,54,0,48,0,0,48,0,40,0,0,37,54,0,0,48;80,0,49,0,42,26,62,50,0,0,0,70,0,64,32,61,40,0,80,34,0,0,20,0,65,20,73,51,71,0;0,61,68,37,0,60,0,49,33,55,65,48,50,30,72,76,60,46,0,0,23,79,78,0,43,69,65,49,58,23;74,24,0,74,0,0,0,41,0,73,0,58,65,36,0,59,0,0,0,0,62,57,25,0,21,0,0,0,68,57;0,73,27,51,39,0,39,48,64,0,45,74,0,49,26,20,58,24,0,51,0,80,0,39,22,65,37,21,71,67;0,0,61,0,24,0,78,23,53,70,0,0,31,54,0,34,47,30,35,0,28,0,51,58,56,0,30,70,0,0;49,39,0,0,0,0,33,0,0,0,0,0,24,36,74,27,65,69,0,33,71,0,0,80,34,71,79,29,0,37;24,0,69,0,40,51,39,0,38,0,40,45,0,0,62,0,51,0,34,0,0,79,0,0,75,0,0,30,34,0;29,0,0,30,0,0,0,34,0,0,60,39,51,43,33,38,64,79,24,66,0,32,0,58,0,80,0,0,36,58;58,25,51,0,0,0,0,0,0,0,53,0,52,0,22,0,51,44,68,45,0,77,0,61,0,0,71,0,34,0;78,44,0,31,0,0,28,78,29,79,42,53,23,61,0,0,0,38,56,0,24,0,0,29,61,0,0,80,45,62;22,0,0,0,20,75,0,0,40,44,70,34,59,65,0,0,79,49,0,67,35,29,0,77,60,0,66,0,0,27;66,0,61,0,61,48,0,28,22,20,0,0,0,0,39,64,0,79,0,40,41,66,58,0,0,0,0,0,0,0;37,73,40,78,0,27,21,66,64,40,49,75,75,0,0,52,60,0,34,36,0,62,54,28,0,22,57,30,80,0
0,37,34,29,0,37,0,0,37,0,0,36,0,0,23,22,24,34,25,0,0,0,0,37,0,0,0,0,22,32;0,0,38,30,26,37,0,36,0,30,30,0,0,0,25,25,0,0,31,20,37,0,29,34,0,40,23,0,24,25;39,27,0,0,32,36,35,34,30,0,0,26,0,0,0,25,24,26,0,35,0,0,21,0,32,24,23,32,0,21;38,0,28,0,21,35,33,31,31,28,40,0,0,13,0,37,0,0,23,0,27,29,26,35,36,20,0,0,23,0;39,27,21,0,0,27,29,37,39,33,20,40,31,0,0,26,0,0,30,36,0,0,22,27,0,0,0,32,39,0;0,39,0,0,23,0,39,0,31,0,21,28,0,0,20,0,0,28,22,35,0,23,40,0,33,23,27,37,0,38;29,0,0,0,32,0,0,25,0,26,0,0,23,0,0,0,36,25,27,0,0,0,36,0,37,23,31,34,30,0;36,25,39,0,0,40,27,0,22,0,0,0,0,33,0,27,33,0,24,33,39,40,0,23,28,0,0,38,0,0;30,26,0,0,0,26,26,27,0,27,28,31,0,0,21,40,0,27,28,0,0,0,37,22,0,24,39,34,0,33;0,28,27,37,30,22,23,27,35,0,0,29,34,22,0,0,27,36,0,40,34,0,38,24,24,33,37,35,0,23;20,25,0,39,0,37,0,21,37,0,0,0,25,0,0,34,31,0,0,0,0,35,0,0,25,0,23,32,0,31;0,0,25,34,24,0,0,0,0,0,29,0,40,0,0,0,34,34,28,25,37,26,0,0,0,0,38,0,30,0;31,0,0,27,34,32,33,0,30,0,23,36,0,0,30,31,23,0,25,0,0,0,0,28,30,23,22,27,32,0;0,0,26,0,22,39,0,28,26,0,31,25,40,0,29,0,37,24,40,22,21,36,36,29,37,0,33,38,0,0;21,35,0,0,37,0,20,23,0,0,0,27,0,30,0,26,33,40,0,0,21,28,24,0,38,40,0,31,23,0;22,0,0,22,0,0,0,0,0,0,0,22,31,0,0,0,30,20,0,0,35,22,35,20,38,0,0,0,21,0;29,27,0,33,24,30,35,36,29,0,23,40,0,0,0,39,0,33,0,0,28,0,23,0,0,31,31,0,0,31;33,0,24,0,37,31,24,37,0,0,0,20,0,20,23,25,20,0,23,24,0,0,38,0,24,38,24,35,29,0;0,32,40,29,0,38,0,28,21,36,26,28,38,33,33,35,32,20,0,0,31,38,32,0,34,33,30,25,33,25;38,26,0,21,0,0,0,28,0,38,0,23,37,36,0,37,0,0,0,0,37,39,38,0,26,0,0,0,35,31;0,40,20,40,36,0,39,27,20,0,18,21,0,24,32,38,29,25,0,34,0,15,0,38,39,27,24,36,28,27;0,0,29,0,32,0,22,36,20,38,0,0,22,37,0,22,23,34,20,0,30,0,23,26,28,0,25,32,0,0;29,39,0,0,0,0,39,0,0,0,0,0,30,38,38,38,32,33,0,29,28,0,0,38,33,22,40,30,0,29;40,0,29,0,28,34,31,0,39,0,35,33,0,0,36,0,31,0,38,0,0,24,0,0,33,0,0,30,40,0;23,0,0,23,0,0,0,22,0,0,31,21,20,32,26,29,20,21,24,20,0,23,0,23,0,31,0,0,28,32;24,28,25,0,0,0,0,0,0,0,34,0,29,0,33,0,40,27,35,32,0,28,0,31,0,0,36,0,33,0;28,39,0,34,0,0,34,24,32,34,22,28,21,32,0,0,0,35,29,0,36,0,0,30,33,0,0,25,38,26;37,0,0,0,20,24,0,0,38,26,38,40,26,35,0,0,13,24,0,37,23,28,0,39,29,0,32,0,0,13;28,0,35,0,25,24,0,37,36,31,0,0,0,0,26,23,0,32,0,27,23,29,29,0,0,0,0,0,0,0;30,31,35,40,0,27,26,32,32,32,27,35,26,0,0,30,22,0,37,34,0,31,26,29,0,27,39,30,23,0
-6,21,0,13,0,0,0,0,0,0,-4,0,0,0,0,0,-4,0,0,-4,0,0,0,0,0,0,0,0,-16,0
------------- End of Scenario k = 9 -------
