/ -------------------------------------------------------------------------
An instance of the stochastic Fixed - charge Network Flow Problem using NETGEN.
/ -------------------------------------------------------------------------
Number of Nodes (no Dummy node is added), n
Graph Density, density
The fixed cost to variable cost ratio, f
Adjacency Matrix, A
Fixed Cost Matrix, c
Number of scenarios, K
Scenario Probabilities, p
----The following three rows will be repeated K times.----
Var Cost Matrix, d
Capacity, u
demand, b
/ -------------------------------------------------------------------------
+
10
0.6
200
0,1,1,0,1,0,1,1,0,0;1,0,1,1,0,1,1,0,0,0;1,0,0,0,1,1,1,1,1,1;1,1,1,0,0,0,0,0,1,1;1,1,0,0,0,0,0,1,1,0;1,0,1,1,1,0,1,1,0,1;1,0,1,0,1,0,0,1,1,0;1,0,0,0,1,1,0,0,1,1;1,1,1,1,1,0,1,1,0,0;0,1,1,0,0,0,1,1,0,0
0,9320,10060,0,8380,0,8820,9580,0,0;10560,0,12240,11680,0,9540,14600,0,0,0;13300,0,0,0,8380,10560,9680,9780,9700,8720;9460,8740,9280,0,0,0,0,0,8159,8800;9580,9080,0,0,0,0,0,10280,10440,0;11820,0,11200,14180,13940,0,8740,10720,0,9580;8980,0,9140,0,8580,0,0,9740,9920,0;12620,0,0,0,10220,9960,0,0,10500,11720;11360,10040,7220,10600,10160,0,8520,11900,0,0;0,9980,10080,0,0,0,9340,9920,0,0
10
0.1,0.05,0.15,0.05,0.05,0.15,0.05,0.1,0.15,0.15
--Scenarios--
0,62,33,0,29,0,61,20,0,0;80,0,34,80,0,79,80,0,0,0;39,0,0,0,67,70,57,72,47,21;36,38,24,0,0,0,0,0,45,27;35,28,0,0,0,0,0,66,31,0;80,0,43,71,80,0,42,33,0,60;80,0,76,0,60,0,0,50,37,0;80,0,0,0,44,39,0,0,74,80;41,77,80,64,61,0,38,67,0,0;0,76,35,0,0,0,32,58,0,0
0,20,21,0,26,0,22,26,0,0;20,0,30,35,0,31,32,0,0,0;36,0,0,0,40,23,35,36,29,39;28,40,32,0,0,0,0,0,36,40;29,31,0,0,0,0,0,31,31,0;26,0,32,34,25,0,40,30,0,20;35,0,21,0,26,0,0,36,34,0;29,0,0,0,35,28,0,0,33,39;37,34,27,33,29,0,30,35,0,0;0,38,24,0,0,0,40,26,0,0
-52,30,0,-14,0,21,-9,0,24,0
------------- End of Scenario k = 0 -------
0,71,62,0,78,0,79,29,0,0;80,0,45,80,0,41,20,0,0,0;80,0,0,0,21,27,37,52,46,33;74,40,34,0,0,0,0,0,56,21;23,20,0,0,0,0,0,52,67,0;31,0,63,36,80,0,39,41,0,55;26,0,22,0,44,0,0,27,52,0;67,0,0,0,49,80,0,0,79,80;57,74,25,65,51,0,27,80,0,0;0,23,24,0,0,0,26,25,0,0
0,34,33,0,36,0,25,32,0,0;32,0,35,25,0,20,31,0,0,0;21,0,0,0,33,23,21,29,27,34;30,34,36,0,0,0,0,0,39,31;37,20,0,0,0,0,0,34,32,0;25,0,31,33,20,0,22,20,0,24;25,0,37,0,25,0,0,33,22,0;36,0,0,0,21,28,0,0,24,25;39,21,37,34,23,0,35,24,0,0;0,21,36,0,0,0,34,28,0,0
-21,16,0,-20,0,19,-12,0,18,0
------------- End of Scenario k = 1 -------
0,22,24,0,28,0,43,71,0,0;52,0,80,47,0,29,70,0,0,0;80,0,0,0,33,32,40,65,58,21;49,27,41,0,0,0,0,0,28,41;22,61,0,0,0,0,0,62,72,0;80,0,23,52,63,0,65,72,0,28;58,0,35,0,37,0,0,75,23,0;80,0,0,0,37,24,0,0,51,80;49,76,23,71,46,0,51,43,0,0;0,42,51,0,0,0,44,66,0,0
0,29,36,0,35,0,28,30,0,0;26,0,38,38,0,38,39,0,0,0;36,0,0,0,27,34,32,20,20,21;34,20,27,0,0,0,0,0,36,30;25,29,0,0,0,0,0,25,31,0;40,0,23,34,38,0,24,35,0,20;40,0,27,0,20,0,0,37,37,0;33,0,0,0,32,38,0,0,30,38;33,21,23,29,20,0,36,37,0,0;0,25,21,0,0,0,34,22,0,0
-41,29,0,-26,0,29,-9,0,18,0
------------- End of Scenario k = 2 -------
0,24,57,0,20,0,67,53,0,0;23,0,80,41,0,29,80,0,0,0;80,0,0,0,35,40,72,33,73,43;22,80,52,0,0,0,0,0,25,66;23,22,0,0,0,0,0,57,24,0;80,0,62,80,80,0,77,64,0,55;60,0,71,0,21,0,0,57,28,0;51,0,0,0,53,44,0,0,79,80;78,21,58,42,55,0,43,80,0,0;0,64,80,0,0,0,59,21,0,0
0,38,40,0,22,0,27,35,0,0;20,0,32,18,0,33,19,0,0,0;29,0,0,0,26,32,21,25,32,26;36,29,21,0,0,0,0,0,30,26;32,24,0,0,0,0,0,22,25,0;23,0,32,31,40,0,26,40,0,31;38,0,30,0,33,0,0,20,31,0;36,0,0,0,28,36,0,0,24,32;34,33,24,28,35,0,22,25,0,0;0,25,26,0,0,0,39,25,0,0
-21,17,0,-21,0,15,-9,0,19,0
------------- End of Scenario k = 3 -------
0,24,80,0,49,0,45,38,0,0;72,0,80,80,0,22,80,0,0,0;22,0,0,0,68,70,62,60,44,80;52,64,70,0,0,0,0,0,63,27;79,51,0,0,0,0,0,22,78,0;46,0,78,80,42,0,28,29,0,50;32,0,45,0,75,0,0,44,20,0;80,0,0,0,58,80,0,0,63,73;67,45,22,53,42,0,31,80,0,0;0,62,77,0,0,0,78,33,0,0
0,22,38,0,27,0,38,36,0,0;20,0,24,27,0,23,26,0,0,0;35,0,0,0,31,33,30,39,31,24;31,33,20,0,0,0,0,0,27,32;22,26,0,0,0,0,0,35,27,0;39,0,30,22,35,0,22,40,0,26;35,0,22,0,23,0,0,28,21,0;23,0,0,0,40,40,0,0,24,17;26,39,39,22,23,0,37,31,0,0;0,26,33,0,0,0,27,38,0,0
-37,20,0,-11,0,18,-1,0,11,0
------------- End of Scenario k = 4 -------
0,30,39,0,46,0,30,57,0,0;62,0,20,20,0,54,80,0,0,0;80,0,0,0,33,28,47,36,57,42;63,30,51,0,0,0,0,0,44,53;44,33,0,0,0,0,0,47,43,0;80,0,76,80,80,0,26,65,0,31;63,0,65,0,23,0,0,42,68,0;80,0,0,0,64,29,0,0,36,29;71,32,20,40,77,0,20,76,0,0;0,77,36,0,0,0,23,60,0,0
0,35,34,0,25,0,35,31,0,0;38,0,31,20,0,37,31,0,0,0;15,0,0,0,40,27,24,20,23,22;38,28,28,0,0,0,0,0,29,32;23,27,0,0,0,0,0,39,30,0;39,0,37,25,35,0,30,36,0,20;28,0,20,0,37,0,0,20,38,0;28,0,0,0,26,40,0,0,20,38;35,39,27,38,35,0,31,25,0,0;0,38,35,0,0,0,37,34,0,0
-45,13,0,-4,0,21,-6,0,21,0
------------- End of Scenario k = 5 -------
0,38,60,0,30,0,26,58,0,0;34,0,80,80,0,64,80,0,0,0;80,0,0,0,77,78,27,46,25,78;53,41,38,0,0,0,0,0,24,60;42,73,0,0,0,0,0,20,39,0;67,0,74,80,80,0,43,50,0,67;30,0,25,0,34,0,0,27,48,0;27,0,0,0,47,35,0,0,60,30;66,22,28,54,20,0,77,28,0,0;0,36,43,0,0,0,31,76,0,0
0,24,20,0,26,0,32,36,0,0;27,0,40,28,0,24,26,0,0,0;36,0,0,0,21,20,31,24,32,34;37,25,31,0,0,0,0,0,31,36;40,38,0,0,0,0,0,39,28,0;39,0,27,33,35,0,24,25,0,24;40,0,33,0,26,0,0,28,39,0;31,0,0,0,30,38,0,0,32,33;38,24,28,34,22,0,36,38,0,0;0,38,28,0,0,0,39,37,0,0
-37,23,0,-24,0,24,-15,0,29,0
------------- End of Scenario k = 6 -------
0,63,42,0,78,0,20,37,0,0;32,0,57,25,0,43,80,0,0,0;80,0,0,0,23,58,22,20,53,34;56,29,22,0,0,0,0,0,24,25;71,73,0,0,0,0,0,69,75,0;80,0,35,80,58,0,24,50,0,30;30,0,33,0,28,0,0,31,72,0;51,0,0,0,43,51,0,0,31,31;23,28,40,37,74,0,45,80,0,0;0,64,25,0,0,0,58,41,0,0
0,37,30,0,26,0,22,32,0,0;38,0,11,22,0,38,26,0,0,0;24,0,0,0,27,31,27,20,27,40;32,26,26,0,0,0,0,0,26,37;40,29,0,0,0,0,0,29,34,0;33,0,26,30,39,0,38,39,0,40;26,0,37,0,40,0,0,36,40,0;18,0,0,0,32,32,0,0,30,40;34,24,21,29,21,0,23,33,0,0;0,30,31,0,0,0,27,34,0,0
-30,10,0,-11,0,14,-1,0,18,0
------------- End of Scenario k = 7 -------
0,67,67,0,41,0,26,46,0,0;37,0,80,51,0,50,80,0,0,0;80,0,0,0,22,47,65,74,36,39;35,58,74,0,0,0,0,0,52,78;79,58,0,0,0,0,0,51,23,0;23,0,67,79,54,0,60,63,0,64;42,0,51,0,46,0,0,78,71,0;35,0,0,0,62,76,0,0,24,80;80,69,24,80,29,0,57,37,0,0;0,23,56,0,0,0,77,42,0,0
0,30,39,0,40,0,31,26,0,0;33,0,24,16,0,30,26,0,0,0;17,0,0,0,21,36,39,32,22,22;24,29,26,0,0,0,0,0,26,35;33,27,0,0,0,0,0,22,20,0;14,0,25,26,25,0,22,29,0,39;36,0,40,0,31,0,0,31,33,0;17,0,0,0,31,24,0,0,33,33;32,28,30,28,21,0,26,19,0,0;0,20,35,0,0,0,35,20,0,0
-18,12,0,-12,0,11,-8,0,15,0
------------- End of Scenario k = 8 -------
0,65,39,0,20,0,44,70,0,0;56,0,56,80,0,66,80,0,0,0;44,0,0,0,40,78,55,31,46,45;33,30,58,0,0,0,0,0,47,42;61,35,0,0,0,0,0,68,70,0;24,0,39,71,80,0,33,69,0,39;28,0,34,0,61,0,0,56,77,0;80,0,0,0,54,40,0,0,28,23;36,58,41,24,53,0,37,24,0,0;0,32,77,0,0,0,39,74,0,0
0,23,39,0,27,0,27,31,0,0;23,0,33,37,0,30,39,0,0,0;37,0,0,0,26,21,37,22,31,34;39,26,40,0,0,0,0,0,37,20;26,23,0,0,0,0,0,33,39,0;33,0,38,23,37,0,40,26,0,34;26,0,22,0,39,0,0,40,37,0;36,0,0,0,35,27,0,0,22,30;29,29,21,24,27,0,22,34,0,0;0,35,38,0,0,0,31,25,0,0
-41,23,0,-17,0,15,-3,0,23,0
------------- End of Scenario k = 9 -------
