/ -------------------------------------------------------------------------
An instance of the stochastic Fixed - charge Network Flow Problem using NETGEN.
/ -------------------------------------------------------------------------
Number of Nodes (no Dummy node is added), n
Graph Density, density
The fixed cost to variable cost ratio, f
Adjacency Matrix, A
Fixed Cost Matrix, c
Number of scenarios, K
Scenario Probabilities, p
----The following three rows will be repeated K times.----
Var Cost Matrix, d
Capacity, u
demand, b
/ -------------------------------------------------------------------------
+
30
0.6
200
0,1,1,1,1,0,1,1,1,1,1,0,0,1,1,0,0,1,1,0,0,0,1,0,1,0,1,0,1,1;0,0,1,0,0,1,1,0,1,1,1,0,0,0,1,1,0,1,1,1,1,1,1,0,1,0,1,1,1,1;1,1,0,1,0,1,0,0,1,0,1,0,1,1,1,1,1,1,1,1,1,1,1,1,1,0,0,1,1,0;0,1,1,0,1,0,1,0,1,0,1,1,1,0,1,1,0,0,0,0,1,1,1,1,0,0,0,0,1,1;1,1,0,1,0,1,0,1,0,0,1,0,0,1,1,0,1,1,1,1,1,1,0,0,0,1,0,1,1,0;0,0,1,0,1,0,0,1,1,1,1,0,1,1,0,0,0,0,0,1,1,1,1,0,0,0,0,1,1,1;1,1,0,1,0,0,0,0,0,0,1,1,1,0,0,1,1,0,0,0,1,1,1,0,0,0,1,0,0,0;1,1,1,0,1,0,1,0,0,1,0,1,1,1,1,1,1,1,1,1,1,0,0,1,0,1,1,1,1,1;0,0,1,1,1,1,1,1,0,1,1,1,1,1,0,0,1,1,1,0,0,1,1,0,0,1,1,1,0,0;0,1,1,0,1,0,1,0,0,0,0,1,1,0,1,0,1,0,1,1,1,1,0,1,1,1,0,1,0,0;0,0,0,0,1,1,1,1,0,1,0,1,1,0,0,1,0,1,1,1,0,1,1,1,0,0,1,0,1,1;0,1,1,1,0,1,1,0,1,1,1,0,1,1,1,0,1,0,1,0,0,0,1,0,1,0,0,0,1,0;1,1,0,1,1,0,1,0,0,1,0,1,0,1,1,0,1,1,1,1,1,0,1,0,0,1,0,0,1,0;0,1,1,0,0,0,1,1,1,0,0,0,1,0,1,0,0,1,1,1,1,0,0,1,1,0,1,1,0,1;0,0,1,0,1,1,0,0,0,0,1,1,1,1,0,1,1,1,1,0,1,1,0,1,0,1,0,0,0,1;0,1,1,0,1,0,1,0,0,1,1,1,0,1,1,0,0,1,1,0,0,1,1,0,1,1,1,1,1,1;1,1,0,0,1,0,1,1,1,0,0,0,1,0,1,1,0,0,0,0,1,1,0,0,0,0,1,0,0,1;0,0,1,1,1,1,1,1,0,1,0,1,1,0,1,0,1,0,1,1,0,1,1,0,1,1,1,1,0,0;0,1,1,0,0,1,1,0,1,1,1,1,1,0,1,1,0,0,0,1,1,1,0,1,0,1,0,1,1,0;1,1,1,1,1,1,1,0,1,1,1,1,0,0,1,1,1,0,1,0,0,1,0,1,1,0,0,0,0,1;0,1,1,1,0,1,1,1,1,1,1,1,1,1,1,0,1,0,1,0,0,0,1,1,0,0,0,0,1,1;0,1,0,0,0,1,1,0,0,0,1,1,1,1,0,0,1,0,1,0,1,0,1,1,1,1,1,1,1,1;1,0,1,1,1,1,0,0,1,1,0,0,1,1,0,1,1,0,1,1,1,0,0,1,0,1,1,0,1,1;1,1,0,1,0,1,0,1,1,0,1,1,1,1,0,1,0,1,0,0,0,1,0,0,1,0,1,0,1,1;1,0,0,1,1,0,1,1,0,0,1,1,1,1,0,1,0,0,0,0,0,0,0,0,0,1,0,1,1,1;0,1,0,1,1,1,0,1,1,0,0,1,1,1,0,1,0,1,0,1,0,1,0,1,1,0,1,0,0,1;1,1,1,1,0,1,0,1,1,1,1,0,1,1,0,1,1,0,1,1,1,1,1,1,1,1,0,1,1,1;1,1,0,1,1,1,1,1,0,1,0,1,1,1,1,0,0,1,0,1,1,1,1,0,1,1,1,0,0,0;0,0,1,1,0,0,1,0,0,0,0,0,1,0,1,0,1,1,0,1,0,0,1,1,0,0,0,1,0,1;1,0,1,1,0,1,0,1,0,0,0,1,0,0,1,0,1,0,1,1,1,0,1,0,1,1,1,1,1,0
0,9720,8440,9800,11080,0,11140,10700,9480,9720,9120,0,0,11180,12180,0,0,10220,11620,0,0,0,11080,0,10880,0,9680,0,8700,11600;0,0,13819,0,0,13140,8800,0,11500,9180,12360,0,0,0,10200,9880,0,8600,9660,10700,12140,9700,8540,0,10420,0,8800,11060,8740,9900;11920,11140,0,12800,0,9940,0,0,10280,0,9040,0,9740,10580,9960,10240,9520,9140,9280,11360,9840,8440,9760,12700,11540,0,0,10740,10820,0;0,11380,10320,0,14440,0,10280,0,8040,0,9220,7800,12880,0,8800,11620,0,0,0,0,9280,10500,11480,10720,0,0,0,0,8760,9400;10400,11560,0,8580,0,10100,0,12140,0,0,10860,0,0,11400,8440,0,12500,10280,9500,9980,6900,10660,0,0,0,11460,0,9420,10800,0;0,0,10080,0,10020,0,0,8420,10660,8140,8660,0,10380,9840,0,0,0,0,0,9200,8240,10840,9500,0,0,0,0,11280,11080,10240;10500,8680,0,9480,0,0,0,0,0,0,13980,10020,8460,0,0,7780,9860,0,0,0,8840,10860,11800,0,0,0,8580,0,0,0;8700,10140,11600,0,8420,0,8400,0,0,12480,0,10320,11440,11800,9380,10040,9880,7240,11160,7880,10360,0,0,9640,0,11360,9480,9140,11740,10100;0,0,10740,9940,9900,7359,11000,9080,0,11780,11020,11380,10680,8740,0,0,11340,10800,9280,0,0,9960,10460,0,0,9720,10220,11000,0,0;0,10000,10120,0,10660,0,9060,0,0,0,0,10780,11080,0,9320,0,9680,0,9800,9600,11620,11660,0,10100,8560,9640,0,9140,0,0;0,0,0,0,9440,10140,7740,9220,0,9680,0,9940,9780,0,0,9800,0,9980,9140,10620,0,9640,8900,11040,0,0,8940,0,10640,9120;0,10940,9020,10320,0,11380,8760,0,9820,10040,10580,0,13240,9920,9180,0,10680,0,9040,0,0,0,10240,0,9120,0,0,0,9120,0;8960,10060,0,9840,9560,0,9380,0,0,9660,0,9880,0,13040,10360,0,9420,11140,9680,9540,8800,0,10180,0,0,10980,0,0,8020,0;0,10620,9020,0,0,0,8400,10460,10220,0,0,0,10860,0,13800,0,0,11700,9380,10840,11980,0,0,10260,10140,0,11020,9400,0,11420;0,0,10200,0,10000,10300,0,0,0,0,9800,9580,12320,10240,0,9240,11160,9740,10720,0,10920,9440,0,13480,0,8360,0,0,0,9860;0,10420,11200,0,11300,0,9840,0,0,8200,11380,10620,0,8220,7880,0,0,12400,10420,0,0,10320,12720,0,9960,9160,9460,11640,10620,8800;10100,10200,0,0,10160,0,10320,9480,12460,0,0,0,12080,0,8100,11760,0,0,0,0,9160,13080,0,0,0,0,10740,0,0,9200;0,0,10060,9840,8900,11400,10680,8400,0,10380,0,8320,7920,0,10520,0,11100,0,11480,9980,0,7659,8760,0,8140,11260,9800,11680,0,0;0,7900,10940,0,0,12500,9900,0,15160,8480,9120,8600,7459,0,9880,10160,0,0,0,11980,12400,9380,0,9760,0,8120,0,10120,10380,0;10960,7920,9100,10720,11060,10880,9900,0,9660,10280,9720,11080,0,0,8800,10160,8940,0,8700,0,0,10820,0,13140,10820,0,0,0,0,11120;0,10440,8120,10100,0,9840,9860,9680,10180,9560,9580,11180,9940,11600,9460,0,9080,0,9700,0,0,0,10540,9720,0,0,0,0,9660,10380;0,9000,0,0,0,11940,7840,0,0,0,8600,9320,8920,11120,0,0,9540,0,11520,0,13740,0,12640,8000,9200,8560,10080,9160,9540,10940;13760,0,8720,10220,8780,9680,0,0,15280,8240,0,0,10460,10640,0,8620,12520,0,9920,7320,10860,0,0,11200,0,9500,9580,0,11020,9820;8720,11320,0,11820,0,10100,0,9440,10920,0,9360,8500,10400,10780,0,10980,0,9740,0,0,0,11080,0,0,10140,0,11260,0,8000,11300;8140,0,0,10260,8640,0,8520,10180,0,0,8640,9280,8840,9660,0,10900,0,0,0,0,0,0,0,0,0,13580,0,9760,11560,10620;0,9520,0,9860,12080,7900,0,8500,9260,0,0,10620,10100,11320,0,8640,0,9240,0,8440,0,11420,0,10460,9940,0,14080,0,0,12120;10600,10580,9320,10640,0,11860,0,10560,13860,8420,10400,0,8640,9820,0,9440,11660,0,11000,11960,12280,10760,9280,10440,9180,9640,0,11200,14660,8520;9700,10160,0,8080,9800,8780,10460,11380,0,11240,0,7900,10060,10440,10680,0,0,9920,0,11340,11720,11000,10420,0,12700,9200,11720,0,0,0;0,0,9860,7680,0,0,10320,0,0,0,0,0,11460,0,9060,0,10360,10160,0,10540,0,0,8540,8180,0,0,0,7800,0,12700;11260,0,11740,10920,0,8500,0,8760,0,0,0,12080,0,0,10540,0,8660,0,8820,9520,9060,0,11760,0,10080,8080,8200,10520,9840,0
10
0.05,0.1,0.15,0.05,0.05,0.2,0.2,0.05,0.1,0.05
--Scenarios--
0,68,52,31,73,0,29,25,26,55,28,0,0,45,27,0,0,35,77,0,0,0,24,0,64,0,40,0,20,61;0,0,80,0,0,79,55,0,71,56,75,0,0,0,53,55,0,67,52,32,64,40,45,0,63,0,65,50,29,44;80,27,0,46,0,30,0,0,46,0,44,0,27,57,51,25,44,55,70,78,57,26,41,73,55,0,0,42,74,0;0,53,61,0,72,0,79,0,33,0,45,32,50,0,42,80,0,0,0,0,51,75,62,44,0,0,0,0,33,23;26,54,0,36,0,76,0,80,0,0,75,0,0,60,66,0,60,52,63,56,40,76,0,0,0,32,0,36,31,0;0,0,28,0,56,0,0,38,20,34,43,0,73,38,0,0,0,0,0,52,25,43,21,0,0,0,0,42,72,51;67,36,0,80,0,0,0,0,0,0,33,32,61,0,0,29,69,0,0,0,24,72,69,0,0,0,31,0,0,0;20,31,40,0,25,0,27,0,0,80,0,71,53,72,57,53,33,36,51,29,65,0,0,51,0,70,29,52,51,51;0,0,50,58,39,38,31,54,0,72,41,50,44,33,0,0,60,38,38,0,0,23,49,0,0,49,21,62,0,0;0,77,53,0,36,0,47,0,0,0,0,49,69,0,50,0,37,0,70,25,76,67,0,64,48,36,0,32,0,0;0,0,0,0,24,70,20,57,0,31,0,80,29,0,0,50,0,52,74,33,0,47,57,63,0,0,27,0,40,65;0,73,45,65,0,70,37,0,35,34,35,0,80,35,47,0,70,0,37,0,0,0,49,0,50,0,0,0,21,0;69,74,0,32,66,0,42,0,0,38,0,74,0,29,59,0,65,76,71,30,30,0,42,0,0,61,0,0,36,0;0,65,40,0,0,0,22,60,28,0,0,0,48,0,80,0,0,48,44,62,70,0,0,25,25,0,71,31,0,74;0,0,71,0,55,60,0,0,0,0,38,37,53,31,0,43,75,35,72,0,41,52,0,69,0,28,0,0,0,36;0,23,38,0,80,0,61,0,0,25,61,20,0,54,33,0,0,80,35,0,0,50,67,0,43,62,45,73,34,35;33,68,0,0,60,0,44,42,59,0,0,0,69,0,38,67,0,0,0,0,46,80,0,0,0,0,76,0,0,45;0,0,52,76,34,51,58,67,0,38,0,49,53,0,72,0,36,0,56,51,0,23,46,0,29,43,44,75,0,0;0,61,61,0,0,60,25,0,55,34,59,52,67,0,21,25,0,0,0,80,80,28,0,64,0,24,0,80,40,0;43,44,55,66,33,38,54,0,43,31,35,70,0,0,40,78,24,0,31,0,0,60,0,23,70,0,0,0,0,33;0,44,29,31,0,57,22,33,20,45,47,76,46,65,55,0,40,0,28,0,0,0,45,59,0,0,0,0,79,24;0,36,0,0,0,66,70,0,0,0,65,58,46,67,0,0,29,0,54,0,80,0,44,63,29,65,66,28,77,32;80,0,23,48,45,60,0,0,80,52,0,0,69,26,0,78,74,0,38,50,77,0,0,69,0,53,40,0,73,24;40,76,0,69,0,61,0,54,24,0,44,58,54,66,0,20,0,28,0,0,0,79,0,0,62,0,74,0,45,26;26,0,0,21,53,0,22,41,0,0,78,63,42,68,0,69,0,0,0,0,0,0,0,0,0,80,0,25,79,25;0,60,0,31,62,67,0,34,36,0,0,80,64,75,0,44,0,20,0,27,0,67,0,50,74,0,54,0,0,69;28,70,66,74,0,47,0,66,80,58,80,0,43,36,0,69,79,0,23,55,43,79,44,47,55,28,0,22,80,29;63,42,0,38,37,52,58,26,0,71,0,25,48,78,62,0,0,44,0,61,50,48,55,0,80,22,44,0,0,0;0,0,64,59,0,0,46,0,0,0,0,0,47,0,38,0,65,34,0,24,0,0,47,37,0,0,0,21,0,26;51,0,73,68,0,56,0,73,0,0,0,65,0,0,74,0,27,0,52,20,36,0,37,0,39,47,44,21,31,0
0,30,39,26,20,0,25,27,31,38,30,0,0,20,36,0,0,35,40,0,0,0,36,0,24,0,35,0,30,21;0,0,22,0,0,36,21,0,29,22,38,0,0,0,35,20,0,35,25,23,22,21,28,0,27,0,34,30,25,33;36,29,0,29,0,29,0,0,20,0,23,0,24,25,30,24,32,30,40,36,24,25,32,37,37,0,0,20,36,0;0,40,36,0,27,0,22,0,26,0,37,24,24,0,31,29,0,0,0,0,24,38,30,27,0,0,0,0,36,21;27,30,0,29,0,38,0,26,0,0,37,0,0,35,26,0,31,32,26,28,22,23,0,0,0,28,0,39,32,0;0,0,26,0,39,0,0,34,27,24,25,0,34,33,0,0,0,0,0,34,28,22,25,0,0,0,0,35,38,22;27,32,0,22,0,0,0,0,0,0,22,38,21,0,0,20,24,0,0,0,34,38,20,0,0,0,30,0,0,0;31,37,27,0,37,0,34,0,0,25,0,24,29,35,25,25,21,21,34,20,31,0,0,34,0,39,35,25,33,29;0,0,24,31,38,27,36,27,0,25,33,38,25,38,0,0,21,30,40,0,0,24,32,0,0,40,35,33,0,0;0,23,39,0,39,0,33,0,0,0,0,24,31,0,20,0,37,0,28,20,33,26,0,23,35,30,0,20,0,0;0,0,0,0,21,34,22,24,0,39,0,19,35,0,0,36,0,33,21,33,0,28,29,32,0,0,35,0,33,36;0,32,25,25,0,28,37,0,31,34,27,0,34,38,34,0,20,0,37,0,0,0,24,0,32,0,0,0,24,0;23,26,0,37,37,0,25,0,0,22,0,35,0,29,35,0,31,38,37,33,27,0,31,0,0,37,0,0,32,0;0,39,32,0,0,0,32,23,24,0,0,0,40,0,15,0,0,22,26,31,28,0,0,21,26,0,24,22,0,22;0,0,40,0,39,39,0,0,0,0,29,29,22,26,0,24,38,33,30,0,31,37,0,25,0,34,0,0,0,24;0,26,37,0,30,0,24,0,0,29,23,36,0,35,35,0,0,29,30,0,0,23,21,0,31,39,40,24,21,37;34,36,0,0,23,0,22,40,27,0,0,0,23,0,31,26,0,0,0,0,40,33,0,0,0,0,35,0,0,34;0,0,20,23,20,33,30,27,0,20,0,22,40,0,26,0,36,0,32,20,0,35,38,0,39,35,27,27,0,0;0,24,32,0,0,21,25,0,39,30,29,32,35,0,24,24,0,0,0,30,36,37,0,40,0,31,0,36,34,0;21,37,37,27,39,24,37,0,38,26,38,24,0,0,26,20,20,0,37,0,0,20,0,28,36,0,0,0,0,26;0,40,28,31,0,38,22,22,31,28,40,39,25,22,34,0,35,0,33,0,0,0,22,36,0,0,0,0,34,31;0,30,0,0,0,23,20,0,0,0,24,36,30,39,0,0,29,0,29,0,32,0,31,27,22,22,37,21,20,24;35,0,23,31,20,36,0,0,33,23,0,0,25,20,0,30,34,0,30,40,32,0,0,25,0,34,20,0,24,32;25,34,0,29,0,20,0,36,27,0,30,32,24,40,0,27,0,36,0,0,0,27,0,0,22,0,24,0,36,38;21,0,0,34,32,0,23,35,0,0,29,23,21,40,0,38,0,0,0,0,0,0,0,0,0,34,0,23,29,24;0,29,0,26,27,20,0,28,31,0,0,38,22,22,0,38,0,22,0,21,0,36,0,28,32,0,22,0,0,29;22,21,27,34,0,19,0,20,40,24,22,0,27,31,0,25,33,0,39,20,25,29,31,24,32,23,0,24,24,24;37,21,0,35,37,35,38,37,0,34,0,22,37,27,34,0,0,20,0,27,33,31,21,0,30,22,32,0,0,0;0,0,35,20,0,0,23,0,0,0,0,0,36,0,25,0,22,36,0,32,0,0,22,40,0,0,0,33,0,32;21,0,38,21,0,23,0,32,0,0,0,31,0,0,36,0,23,0,23,33,37,0,25,0,32,21,30,23,37,0
-23,18,0,0,0,-12,13,0,-19,0,0,0,0,0,0,28,30,0,0,0,-16,0,0,-38,0,0,0,19,0,0
------------- End of Scenario k = 0 -------
0,42,49,37,43,0,73,80,64,56,68,0,0,61,41,0,0,56,31,0,0,0,73,0,80,0,54,0,49,62;0,0,80,0,0,56,23,0,55,73,37,0,0,0,53,56,0,20,55,68,74,32,31,0,68,0,45,55,47,55;80,56,0,54,0,39,0,0,74,0,27,0,65,38,65,46,49,23,66,20,37,44,71,78,56,0,0,63,62,0;0,58,25,0,80,0,24,0,74,0,35,32,58,0,46,51,0,0,0,0,39,33,61,22,0,0,0,0,33,59;32,56,0,21,0,55,0,80,0,0,70,0,0,72,26,0,71,69,55,40,46,72,0,0,0,50,0,61,56,0;0,0,55,0,31,0,0,58,44,35,23,0,80,77,0,0,0,0,0,23,44,66,31,0,0,0,0,80,36,74;31,40,0,32,0,0,0,0,0,0,80,59,28,0,0,24,30,0,0,0,20,37,38,0,0,0,62,0,0,0;49,59,80,0,55,0,21,0,0,80,0,56,72,72,26,51,75,39,49,27,73,0,0,70,0,60,23,44,68,79;0,0,43,61,52,25,68,23,0,76,49,33,61,31,0,0,66,69,28,0,0,67,65,0,0,40,67,56,0,0;0,61,21,0,48,0,22,0,0,0,0,25,76,0,70,0,50,0,63,26,50,48,0,55,61,54,0,42,0,0;0,0,0,0,29,23,60,78,0,62,0,21,31,0,0,47,0,56,77,53,0,42,39,76,0,0,79,0,79,36;0,33,20,34,0,45,28,0,47,42,58,0,80,22,44,0,75,0,27,0,0,0,73,0,71,0,0,0,52,0;58,33,0,79,43,0,24,0,0,20,0,41,0,38,72,0,38,21,42,58,77,0,79,0,0,27,0,0,23,0;0,50,72,0,0,0,68,38,47,0,0,0,57,0,80,0,0,73,23,65,75,0,0,56,72,0,50,61,0,42;0,0,28,0,60,54,0,0,0,0,70,67,55,75,0,69,27,58,20,0,70,50,0,80,0,40,0,0,0,49;0,72,63,0,39,0,53,0,0,32,25,39,0,36,45,0,0,29,27,0,0,55,77,0,26,57,31,37,61,41;73,20,0,0,48,0,69,59,52,0,0,0,63,0,25,66,0,0,0,0,23,80,0,0,0,0,48,0,0,26;0,0,50,31,70,78,71,64,0,37,0,25,23,0,24,0,77,0,49,44,0,23,24,0,62,77,50,27,0,0;0,36,42,0,0,73,63,0,80,49,60,39,41,0,54,38,0,0,0,51,80,40,0,21,0,35,0,25,60,0;63,44,64,66,64,69,20,0,53,80,34,79,0,0,69,24,31,0,21,0,0,50,0,80,65,0,0,0,0,72;0,68,26,67,0,45,42,68,63,41,59,24,26,52,62,0,23,0,67,0,0,0,68,21,0,0,0,0,31,52;0,25,0,0,0,45,22,0,0,0,42,78,32,55,0,0,74,0,71,0,80,0,80,34,65,71,38,45,60,42;80,0,42,32,51,57,0,0,71,32,0,0,42,78,0,60,52,0,75,21,48,0,0,48,0,76,33,0,79,29;59,77,0,65,0,63,0,78,79,0,69,21,28,26,0,76,0,30,0,0,0,43,0,0,38,0,44,0,43,38;72,0,0,63,66,0,80,65,0,0,23,31,42,35,0,20,0,0,0,0,0,0,0,0,0,80,0,46,62,48;0,21,0,29,70,25,0,69,31,0,0,33,32,43,0,63,0,38,0,55,0,76,0,64,69,0,57,0,0,72;73,30,38,20,0,40,0,45,80,33,23,0,58,50,0,58,40,0,44,44,53,51,71,60,75,51,0,48,80,51;63,65,0,29,49,28,75,63,0,65,0,79,30,54,29,0,0,53,0,27,80,28,74,0,80,33,75,0,0,0;0,0,27,39,0,0,23,0,0,0,0,0,58,0,50,0,50,79,0,62,0,0,78,32,0,0,0,48,0,80;53,0,43,26,0,58,0,30,0,0,0,76,0,0,63,0,20,0,42,33,37,0,47,0,49,29,44,49,63,0
0,27,32,21,36,0,27,24,39,34,28,0,0,31,30,0,0,31,29,0,0,0,35,0,29,0,21,0,23,30;0,0,26,0,0,23,32,0,33,33,22,0,0,0,40,32,0,26,28,23,33,30,36,0,22,0,37,20,38,29;39,26,0,15,0,25,0,0,24,0,31,0,27,32,21,37,24,37,28,31,32,22,27,38,31,0,0,27,27,0;0,22,21,0,31,0,39,0,25,0,34,33,28,0,38,40,0,0,0,0,36,32,25,37,0,0,0,0,35,26;25,23,0,24,0,29,0,18,0,0,25,0,0,36,20,0,23,33,24,36,39,28,0,0,0,33,0,38,33,0;0,0,33,0,38,0,0,26,21,29,39,0,26,38,0,0,0,0,0,25,28,32,29,0,0,0,0,29,37,36;31,23,0,31,0,0,0,0,0,0,33,28,40,0,0,30,29,0,0,0,27,36,38,0,0,0,35,0,0,0;25,38,37,0,39,0,39,0,0,35,0,20,40,31,31,20,30,26,40,29,34,0,0,36,0,32,21,34,32,21;0,0,32,31,30,33,34,20,0,35,33,35,34,25,0,0,27,30,34,0,0,38,37,0,0,22,25,25,0,0;0,28,39,0,23,0,36,0,0,0,0,37,40,0,24,0,35,0,21,30,29,32,0,35,35,29,0,23,0,0;0,0,0,0,29,20,21,39,0,26,0,35,27,0,0,32,0,38,24,31,0,21,22,22,0,0,34,0,21,35;0,35,28,27,0,32,34,0,34,22,29,0,25,34,26,0,35,0,37,0,0,0,36,0,31,0,0,0,39,0;25,35,0,28,36,0,35,0,0,23,0,40,0,34,33,0,26,33,21,34,26,0,23,0,0,32,0,0,32,0;0,39,20,0,0,0,30,25,39,0,0,0,25,0,35,0,0,23,33,30,24,0,0,23,23,0,29,37,0,25;0,0,36,0,40,28,0,0,0,0,20,28,20,25,0,37,30,21,28,0,29,35,0,34,0,27,0,0,0,33;0,24,35,0,30,0,33,0,0,22,30,20,0,31,33,0,0,24,39,0,0,39,25,0,22,38,30,38,27,36;27,39,0,0,26,0,26,33,28,0,0,0,37,0,38,31,0,0,0,0,22,38,0,0,0,0,22,0,0,33;0,0,32,37,27,21,31,38,0,27,0,36,31,0,32,0,24,0,20,31,0,25,25,0,29,28,27,24,0,0;0,36,20,0,0,20,27,0,17,22,26,20,35,0,24,39,0,0,0,25,23,30,0,36,0,24,0,37,24,0;29,28,20,28,22,28,35,0,29,31,24,26,0,0,31,36,22,0,39,0,0,22,0,30,29,0,0,0,0,20;0,23,32,38,0,30,39,22,36,34,21,38,29,22,40,0,32,0,20,0,0,0,21,36,0,0,0,0,20,32;0,35,0,0,0,23,30,0,0,0,22,35,23,21,0,0,39,0,28,0,38,0,32,21,32,35,28,32,35,31;38,0,37,23,33,31,0,0,39,33,0,0,38,29,0,21,28,0,38,40,31,0,0,32,0,38,31,0,38,22;31,36,0,36,0,27,0,37,34,0,26,34,33,36,0,31,0,39,0,0,0,25,0,0,23,0,39,0,30,27;32,0,0,23,39,0,40,38,0,0,39,38,33,32,0,21,0,0,0,0,0,0,0,0,0,13,0,34,35,27;0,36,0,31,27,22,0,28,33,0,0,39,32,30,0,28,0,33,0,22,0,31,0,26,38,0,16,0,0,31;27,34,20,33,0,12,0,38,21,25,23,0,21,23,0,36,34,0,35,39,29,29,28,38,36,31,0,28,32,31;28,28,0,22,21,32,31,34,0,22,0,24,26,26,37,0,0,34,0,33,14,31,24,0,29,34,29,0,0,0;0,0,27,39,0,0,29,0,0,0,0,0,37,0,32,0,23,20,0,27,0,0,31,25,0,0,0,30,0,26;38,0,26,33,0,28,0,22,0,0,0,23,0,0,32,0,23,0,21,32,25,0,36,0,26,37,39,22,27,0
-21,12,0,0,0,0,24,0,-22,0,0,0,0,0,0,10,30,0,0,0,-8,0,0,-37,0,0,0,12,0,0
------------- End of Scenario k = 1 -------
0,47,22,31,30,0,74,57,40,53,22,0,0,26,78,0,0,77,63,0,0,0,48,0,58,0,64,0,67,22;0,0,80,0,0,60,37,0,75,40,61,0,0,0,26,55,0,54,44,42,53,64,47,0,40,0,27,75,41,25;73,63,0,80,0,65,0,0,51,0,39,0,21,41,80,60,79,66,65,79,64,22,22,49,61,0,0,76,28,0;0,56,48,0,80,0,49,0,57,0,70,35,75,0,55,39,0,0,0,0,58,57,72,35,0,0,0,0,33,73;43,67,0,52,0,61,0,61,0,0,48,0,0,55,48,0,53,29,23,44,43,49,0,0,0,77,0,23,37,0;0,0,39,0,77,0,0,24,73,40,42,0,77,63,0,0,0,0,0,52,71,31,61,0,0,0,0,24,44,31;20,32,0,30,0,0,0,0,0,0,27,65,20,0,0,38,22,0,0,0,76,73,65,0,0,0,76,0,0,0;53,63,77,0,38,0,39,0,0,80,0,37,57,53,56,45,54,45,61,34,79,0,0,50,0,68,43,67,62,64;0,0,77,57,37,29,48,65,0,20,72,74,62,45,0,0,70,53,46,0,0,53,48,0,0,73,54,76,0,0;0,30,52,0,69,0,65,0,0,0,0,73,79,0,67,0,50,0,36,73,53,69,0,21,53,60,0,63,0,0;0,0,0,0,53,63,47,31,0,44,0,54,70,0,0,45,0,26,28,67,0,44,24,56,0,0,46,0,55,31;0,22,77,44,0,41,22,0,59,46,49,0,48,59,22,0,24,0,23,0,0,0,80,0,64,0,0,0,27,0;33,50,0,70,80,0,32,0,0,75,0,65,0,80,56,0,42,47,37,29,39,0,44,0,0,52,0,0,56,0;0,79,34,0,0,0,27,28,80,0,0,0,21,0,80,0,0,60,23,40,75,0,0,76,80,0,42,29,0,23;0,0,66,0,44,70,0,0,0,0,62,57,76,47,0,34,59,75,73,0,26,68,0,21,0,32,0,0,0,63;0,76,73,0,46,0,59,0,0,46,48,68,0,68,20,0,0,38,63,0,0,43,76,0,73,38,31,39,69,45;34,44,0,0,52,0,50,80,64,0,0,0,75,0,27,52,0,0,0,0,37,80,0,0,0,0,67,0,0,51;0,0,56,80,30,62,60,44,0,28,0,37,72,0,38,0,68,0,80,68,0,30,80,0,23,49,46,59,0,0;0,24,27,0,0,79,59,0,71,30,26,77,23,0,74,80,0,0,0,32,50,53,0,45,0,20,0,49,64,0;28,28,52,50,61,26,53,0,21,34,56,20,0,0,45,36,74,0,29,0,0,47,0,80,48,0,0,0,0,58;0,45,48,75,0,37,43,33,56,29,29,29,78,70,52,0,69,0,25,0,0,0,27,49,0,0,0,0,57,67;0,51,0,0,0,78,25,0,0,0,21,60,27,78,0,0,72,0,62,0,80,0,80,36,30,32,55,70,56,63;80,0,38,70,34,64,0,0,78,58,0,0,27,51,0,25,79,0,32,21,47,0,0,64,0,41,31,0,52,21;40,51,0,65,0,69,0,63,33,0,31,28,37,49,0,80,0,62,0,0,0,74,0,0,30,0,39,0,44,77;29,0,0,54,42,0,22,68,0,0,75,37,41,23,0,56,0,0,0,0,0,0,0,0,0,80,0,64,64,32;0,29,0,49,71,22,0,61,36,0,0,30,66,60,0,48,0,27,0,58,0,70,0,59,43,0,80,0,0,74;24,45,37,79,0,80,0,39,80,48,49,0,36,63,0,33,40,0,80,71,71,34,58,77,35,71,0,79,80,20;25,23,0,56,52,29,69,73,0,50,0,27,52,24,34,0,0,78,0,44,80,69,65,0,80,75,65,0,0,0;0,0,64,27,0,0,53,0,0,0,0,0,51,0,46,0,54,68,0,60,0,0,75,33,0,0,0,51,0,80;45,0,73,34,0,45,0,49,0,0,0,75,0,0,38,0,44,0,23,77,38,0,74,0,77,61,54,73,48,0
0,37,39,25,37,0,23,32,27,31,33,0,0,30,37,0,0,36,40,0,0,0,31,0,29,0,21,0,32,35;0,0,31,0,0,30,24,0,39,25,28,0,0,0,40,34,0,40,36,37,26,33,24,0,31,0,40,31,29,38;33,23,0,32,0,30,0,0,27,0,20,0,40,24,36,31,38,20,33,33,40,27,25,36,31,0,0,33,26,0;0,31,23,0,31,0,38,0,23,0,36,36,33,0,40,31,0,0,0,0,31,25,26,40,0,0,0,0,26,28;33,36,0,31,0,31,0,32,0,0,37,0,0,22,38,0,21,32,23,39,21,26,0,0,0,33,0,37,23,0;0,0,39,0,24,0,0,34,34,36,27,0,21,40,0,0,0,0,0,26,24,38,36,0,0,0,0,27,25,34;38,35,0,32,0,0,0,0,0,0,35,20,27,0,0,24,32,0,0,0,31,23,32,0,0,0,34,0,0,0;39,26,31,0,34,0,30,0,0,39,0,35,40,37,37,37,21,20,38,29,23,0,0,34,0,27,37,33,39,23;0,0,33,24,34,30,31,21,0,38,39,38,26,35,0,0,31,30,20,0,0,24,25,0,0,21,40,25,0,0;0,23,29,0,40,0,32,0,0,0,0,39,39,0,22,0,35,0,23,26,33,32,0,21,22,37,0,25,0,0;0,0,0,0,24,28,21,32,0,36,0,34,39,0,0,31,0,25,23,34,0,21,25,32,0,0,20,0,39,34;0,30,23,20,0,23,28,0,20,23,24,0,37,23,36,0,38,0,24,0,0,0,37,0,21,0,0,0,34,0;28,26,0,26,23,0,32,0,0,26,0,27,0,32,39,0,24,21,25,35,36,0,38,0,0,26,0,0,34,0;0,40,23,0,0,0,24,39,39,0,0,0,22,0,34,0,0,23,34,26,21,0,0,25,27,0,37,20,0,27;0,0,25,0,33,28,0,0,0,0,32,40,22,34,0,36,20,32,25,0,36,40,0,28,0,31,0,0,0,40;0,34,33,0,25,0,37,0,0,28,37,22,0,39,30,0,0,37,27,0,0,29,37,0,34,29,23,24,24,40;40,27,0,0,22,0,24,32,25,0,0,0,27,0,39,24,0,0,0,0,23,25,0,0,0,0,34,0,0,37;0,0,33,24,31,31,40,32,0,38,0,25,27,0,35,0,34,0,36,21,0,26,28,0,27,40,22,40,0,0;0,27,33,0,0,37,29,0,20,34,25,20,28,0,31,22,0,0,0,19,38,21,0,30,0,35,0,40,30,0;20,23,33,24,39,36,25,0,39,27,35,35,0,0,33,26,37,0,26,0,0,38,0,29,24,0,0,0,0,21;0,20,28,22,0,30,24,20,32,22,33,40,40,22,34,0,28,0,23,0,0,0,39,40,0,0,0,0,29,22;0,31,0,0,0,24,21,0,0,0,30,29,27,33,0,0,40,0,35,0,28,0,38,33,34,40,31,30,30,20;26,0,31,27,28,33,0,0,22,27,0,0,34,37,0,24,24,0,31,28,28,0,0,39,0,29,39,0,33,25;33,22,0,35,0,30,0,22,31,0,36,24,27,36,0,36,0,20,0,0,0,28,0,0,21,0,40,0,28,22;35,0,0,38,27,0,32,32,0,0,20,35,21,20,0,33,0,0,0,0,0,0,0,0,0,32,0,38,24,22;0,21,0,20,39,34,0,20,21,0,0,33,33,39,0,33,0,29,0,40,0,21,0,26,31,0,32,0,0,35;33,34,40,22,0,25,0,39,38,24,34,0,31,31,0,23,22,0,40,33,26,23,36,35,29,30,0,22,23,34;23,27,0,31,30,31,27,23,0,26,0,37,33,24,24,0,0,27,0,33,39,31,34,0,35,30,24,0,0,0;0,0,33,30,0,0,29,0,0,0,0,0,37,0,26,0,23,22,0,29,0,0,25,35,0,0,0,21,0,23;20,0,20,40,0,30,0,27,0,0,0,37,0,0,25,0,27,0,37,40,28,0,40,0,36,33,25,20,32,0
-16,29,0,0,0,-8,28,0,-16,0,0,0,0,0,0,19,19,0,0,0,-19,0,0,-57,0,0,0,21,0,0
------------- End of Scenario k = 2 -------
0,69,31,71,46,0,26,52,32,49,25,0,0,44,73,0,0,55,35,0,0,0,35,0,58,0,79,0,38,71;0,0,57,0,0,56,27,0,20,80,78,0,0,0,49,66,0,26,24,77,65,39,77,0,71,0,37,78,39,61;80,71,0,79,0,38,0,0,57,0,25,0,34,71,27,73,52,50,29,67,63,22,40,43,75,0,0,29,33,0;0,37,50,0,80,0,50,0,21,0,55,26,80,0,66,64,0,0,0,0,24,58,29,24,0,0,0,0,55,31;51,71,0,31,0,53,0,41,0,0,24,0,0,45,32,0,75,47,41,22,51,31,0,0,0,71,0,69,55,0;0,0,63,0,78,0,0,24,55,20,22,0,34,51,0,0,0,0,0,48,62,73,76,0,0,0,0,76,51,68;44,26,0,66,0,0,0,0,0,0,80,64,45,0,0,35,42,0,0,0,34,36,25,0,0,0,20,0,0,0;48,56,42,0,57,0,45,0,0,25,0,71,20,48,34,70,59,42,48,25,30,0,0,69,0,42,68,29,78,39;0,0,74,32,59,54,75,55,0,51,70,75,59,60,0,0,76,54,44,0,0,62,28,0,0,25,47,45,0,0;0,27,67,0,22,0,71,0,0,0,0,64,71,0,68,0,50,0,59,67,53,40,0,59,22,41,0,70,0,0;0,0,0,0,70,74,33,49,0,62,0,54,59,0,0,58,0,28,21,69,0,40,21,66,0,0,20,0,28,20;0,77,25,69,0,54,63,0,77,68,79,0,33,41,57,0,60,0,37,0,0,0,40,0,24,0,0,0,75,0;21,29,0,43,32,0,41,0,0,47,0,65,0,80,32,0,43,53,57,47,26,0,70,0,0,49,0,0,56,0;0,79,32,0,0,0,45,26,47,0,0,0,38,0,80,0,0,63,43,29,58,0,0,54,38,0,60,72,0,56;0,0,35,0,38,41,0,0,0,0,46,33,75,57,0,23,60,26,76,0,49,52,0,80,0,77,0,0,0,28;0,26,78,0,52,0,23,0,0,37,71,70,0,29,32,0,0,80,67,0,0,56,46,0,47,38,80,49,62,43;60,76,0,0,47,0,43,79,52,0,0,0,74,0,34,57,0,0,0,0,61,80,0,0,0,0,31,0,0,73;0,0,20,68,32,59,65,33,0,66,0,59,39,0,80,0,72,0,22,39,0,67,36,0,30,70,46,61,0,0;0,63,70,0,0,37,78,0,80,20,65,66,26,0,44,70,0,0,0,80,58,73,0,70,0,23,0,69,74,0;62,21,29,24,69,52,70,0,54,28,39,69,0,0,49,61,34,0,27,0,0,52,0,32,32,0,0,0,0,48;0,43,63,44,0,61,65,62,21,22,69,23,49,71,28,0,33,0,79,0,0,0,68,45,0,0,0,0,73,59;0,47,0,0,0,58,21,0,0,0,20,41,74,28,0,0,60,0,56,0,22,0,39,39,58,32,34,59,43,63;80,0,55,48,45,23,0,0,61,38,0,0,66,67,0,20,77,0,67,23,62,0,0,79,0,54,58,0,26,38;27,69,0,64,0,42,0,50,20,0,46,29,62,58,0,40,0,21,0,0,0,78,0,0,54,0,71,0,60,58;52,0,0,49,26,0,46,31,0,0,21,36,31,29,0,71,0,0,0,0,0,0,0,0,0,51,0,27,46,25;0,56,0,68,74,61,0,36,65,0,0,32,34,23,0,21,0,68,0,27,0,51,0,75,60,0,80,0,0,61;38,80,24,66,0,32,0,80,80,26,24,0,38,33,0,76,54,0,75,76,80,63,53,52,20,22,0,53,80,50;70,76,0,27,57,34,77,77,0,49,0,23,45,47,73,0,0,32,0,65,22,53,40,0,32,45,65,0,0,0;0,0,40,56,0,0,64,0,0,0,0,0,74,0,48,0,48,80,0,24,0,0,28,53,0,0,0,22,0,80;80,0,58,79,0,23,0,32,0,0,0,38,0,0,32,0,53,0,24,69,46,0,47,0,55,47,28,51,31,0
0,23,40,38,20,0,39,20,20,34,32,0,0,34,32,0,0,27,28,0,0,0,35,0,31,0,40,0,21,40;0,0,30,0,0,20,31,0,27,22,22,0,0,0,40,25,0,38,30,20,29,36,20,0,23,0,33,22,40,22;37,38,0,32,0,28,0,0,20,0,25,0,30,24,27,33,33,34,33,40,37,38,22,33,30,0,0,20,32,0;0,36,29,0,27,0,35,0,34,0,26,39,22,0,31,24,0,0,0,0,22,27,31,37,0,0,0,0,40,39;39,23,0,32,0,39,0,30,0,0,39,0,0,23,28,0,27,25,24,33,29,20,0,0,0,27,0,38,29,0;0,0,20,0,20,0,0,21,22,26,33,0,23,37,0,0,0,0,0,25,38,29,24,0,0,0,0,34,22,21;32,27,0,39,0,0,0,0,0,0,32,33,33,0,0,29,23,0,0,0,40,40,35,0,0,0,25,0,0,0;31,38,40,0,33,0,36,0,0,29,0,36,27,38,28,30,32,22,26,23,21,0,0,32,0,34,20,28,22,37;0,0,40,22,40,27,27,26,0,22,40,34,26,26,0,0,37,28,25,0,0,32,22,0,0,26,25,38,0,0;0,33,34,0,21,0,23,0,0,0,0,34,34,0,33,0,24,0,27,33,37,33,0,30,33,21,0,35,0,0;0,0,0,0,31,29,28,24,0,28,0,24,20,0,0,26,0,21,29,22,0,30,36,21,0,0,36,0,34,33;0,39,31,20,0,20,27,0,37,31,27,0,38,30,32,0,40,0,21,0,0,0,25,0,33,0,0,0,25,0;24,22,0,33,31,0,22,0,0,24,0,30,0,40,40,0,38,40,26,20,25,0,24,0,0,34,0,0,28,0;0,28,30,0,0,0,40,39,38,0,0,0,22,0,40,0,0,35,24,36,30,0,0,36,22,0,24,35,0,33;0,0,30,0,29,35,0,0,0,0,29,31,33,24,0,34,21,25,24,0,38,35,0,40,0,29,0,0,0,29;0,20,37,0,32,0,26,0,0,34,27,24,0,38,27,0,0,28,38,0,0,28,36,0,39,29,27,20,21,34;26,40,0,0,20,0,27,31,21,0,0,0,38,0,39,23,0,0,0,0,39,40,0,0,0,0,29,0,0,34;0,0,25,30,24,23,31,37,0,37,0,21,36,0,35,0,25,0,32,37,0,30,29,0,27,31,20,22,0,0;0,37,28,0,0,38,39,0,25,35,25,39,29,0,29,23,0,0,0,24,26,31,0,23,0,31,0,35,39,0;35,24,24,20,26,40,27,0,37,31,34,26,0,0,35,35,29,0,38,0,0,31,0,37,21,0,0,0,0,33;0,38,25,24,0,24,34,36,30,33,32,35,36,31,26,0,27,0,38,0,0,0,39,24,0,0,0,0,33,35;0,21,0,0,0,31,34,0,0,0,24,31,31,28,0,0,27,0,33,0,20,0,32,25,33,22,30,37,29,40;39,0,23,28,36,22,0,0,26,32,0,0,25,39,0,24,23,0,21,30,21,0,0,28,0,34,37,0,37,33;27,38,0,20,0,31,0,38,40,0,40,26,38,31,0,26,0,30,0,0,0,31,0,0,25,0,30,0,21,24;40,0,0,29,26,0,21,36,0,0,35,37,21,28,0,27,0,0,0,0,0,0,0,0,0,19,0,30,25,35;0,30,0,31,25,27,0,34,32,0,0,21,39,24,0,35,0,36,0,31,0,21,0,34,21,0,31,0,0,21;36,25,38,33,0,37,0,24,31,36,38,0,24,26,0,26,25,0,39,39,38,30,25,37,22,38,0,26,32,20;29,29,0,24,29,37,22,33,0,20,0,35,26,24,29,0,0,26,0,26,32,39,37,0,38,20,38,0,0,0;0,0,23,26,0,0,28,0,0,0,0,0,35,0,39,0,35,40,0,29,0,0,27,21,0,0,0,26,0,16;25,0,32,31,0,24,0,39,0,0,0,24,0,0,34,0,29,0,20,20,36,0,20,0,29,30,32,29,31,0
-19,22,0,0,0,-2,20,0,-17,0,0,0,0,0,0,23,18,0,0,0,-22,0,0,-35,0,0,0,12,0,0
------------- End of Scenario k = 3 -------
0,28,62,75,29,0,75,34,35,53,52,0,0,64,46,0,0,60,41,0,0,0,62,0,43,0,41,0,42,76;0,0,80,0,0,76,21,0,48,40,44,0,0,0,50,24,0,45,43,60,77,45,34,0,68,0,77,25,29,65;34,77,0,80,0,55,0,0,24,0,34,0,27,57,21,58,21,63,72,78,64,35,78,67,37,0,0,26,75,0;0,58,54,0,80,0,54,0,35,0,34,27,57,0,34,66,0,0,0,0,56,69,40,80,0,0,0,0,39,53;79,72,0,34,0,37,0,60,0,0,45,0,0,65,39,0,63,74,32,80,23,35,0,0,0,24,0,28,75,0;0,0,68,0,32,0,0,50,76,50,48,0,20,31,0,0,0,0,0,69,45,65,40,0,0,0,0,62,60,21;76,74,0,36,0,0,0,0,0,0,79,23,52,0,0,36,34,0,0,0,39,36,79,0,0,0,20,0,0,0;51,59,74,0,22,0,68,0,0,80,0,26,76,58,39,57,38,25,25,40,27,0,0,22,0,55,67,70,43,56;0,0,22,41,65,41,41,28,0,66,77,65,52,25,0,0,54,58,58,0,0,30,45,0,0,77,80,31,0,0;0,24,43,0,75,0,63,0,0,0,0,51,39,0,39,0,59,0,39,20,33,61,0,28,73,66,0,45,0,0;0,0,0,0,48,42,36,23,0,44,0,57,37,0,0,55,0,69,20,50,0,20,48,38,0,0,58,0,57,79;0,25,42,71,0,62,22,0,76,32,44,0,35,64,78,0,40,0,56,0,0,0,54,0,49,0,0,0,39,0;26,56,0,50,52,0,56,0,0,50,0,41,0,25,61,0,35,68,22,39,21,0,21,0,0,31,0,0,31,0;0,23,44,0,0,0,31,68,31,0,0,0,68,0,54,0,0,74,53,36,52,0,0,58,75,0,79,41,0,38;0,0,45,0,24,39,0,0,0,0,29,58,44,44,0,62,49,53,57,0,70,22,0,79,0,78,0,0,0,68;0,70,43,0,56,0,56,0,0,41,71,36,0,20,62,0,0,80,42,0,0,75,69,0,50,57,20,52,41,21;76,70,0,0,29,0,41,20,80,0,0,0,62,0,47,52,0,0,0,0,74,80,0,0,0,0,40,0,0,20;0,0,78,26,30,55,38,25,0,52,0,55,24,0,67,0,48,0,73,43,0,23,67,0,51,46,45,72,0,0;0,26,64,0,0,66,43,0,80,26,75,41,60,0,46,45,0,0,0,80,50,60,0,39,0,50,0,41,45,0;56,38,34,50,72,30,44,0,51,55,73,64,0,0,60,54,58,0,36,0,0,47,0,80,52,0,0,0,0,46;0,79,51,38,0,65,53,77,55,68,51,75,56,58,50,0,52,0,34,0,0,0,26,34,0,0,0,0,32,75;0,43,0,0,0,23,56,0,0,0,64,61,35,28,0,0,45,0,63,0,80,0,42,42,23,53,58,27,42,78;39,0,34,80,22,41,0,0,80,32,0,0,27,55,0,52,77,0,59,47,66,0,0,25,0,61,61,0,50,67;41,56,0,40,0,22,0,31,78,0,42,77,48,46,0,57,0,62,0,0,0,26,0,0,53,0,54,0,38,78;38,0,0,78,40,0,23,72,0,0,76,63,56,36,0,59,0,0,0,0,0,0,0,0,0,76,0,55,70,70;0,48,0,34,32,44,0,38,59,0,0,46,53,75,0,74,0,40,0,49,0,20,0,55,72,0,80,0,0,55;78,73,24,78,0,29,0,29,44,29,30,0,20,53,0,31,61,0,45,52,74,72,23,37,75,36,0,56,80,49;23,44,0,36,49,35,33,79,0,79,0,21,77,55,51,0,0,55,0,35,80,37,50,0,23,47,72,0,0,0;0,0,54,55,0,0,46,0,0,0,0,0,80,0,45,0,20,29,0,58,0,0,21,51,0,0,0,27,0,52;50,0,58,66,0,48,0,33,0,0,0,50,0,0,39,0,67,0,25,25,72,0,40,0,27,42,26,75,37,0
0,20,35,31,31,0,31,29,24,29,33,0,0,31,29,0,0,21,33,0,0,0,25,0,26,0,37,0,36,34;0,0,16,0,0,26,34,0,21,32,36,0,0,0,28,40,0,29,37,30,37,23,20,0,20,0,28,33,26,30;19,37,0,16,0,26,0,0,21,0,33,0,21,36,28,25,39,40,26,30,21,29,20,30,37,0,0,21,27,0;0,31,29,0,28,0,22,0,20,0,32,36,33,0,32,21,0,0,0,0,22,27,33,34,0,0,0,0,30,29;20,36,0,38,0,36,0,19,0,0,26,0,0,28,38,0,35,40,32,34,23,35,0,0,0,38,0,40,24,0;0,0,22,0,27,0,0,24,26,36,37,0,29,37,0,0,0,0,0,26,29,22,23,0,0,0,0,31,25,20;34,35,0,31,0,0,0,0,0,0,12,33,25,0,0,23,37,0,0,0,27,37,33,0,0,0,22,0,0,0;23,23,27,0,20,0,34,0,0,21,0,34,30,24,37,24,21,22,37,33,36,0,0,40,0,20,28,29,36,20;0,0,39,28,21,39,25,32,0,33,40,32,39,22,0,0,36,37,35,0,0,39,31,0,0,32,22,35,0,0;0,36,37,0,34,0,22,0,0,0,0,29,23,0,37,0,25,0,21,31,25,31,0,37,40,29,0,36,0,0;0,0,0,0,20,39,35,24,0,25,0,17,29,0,0,31,0,34,24,28,0,20,23,32,0,0,22,0,40,31;0,34,30,21,0,23,37,0,37,28,26,0,27,23,24,0,27,0,25,0,0,0,20,0,36,0,0,0,22,0;35,21,0,40,35,0,22,0,0,29,0,27,0,19,38,0,28,34,39,29,32,0,30,0,0,35,0,0,31,0;0,34,28,0,0,0,39,29,29,0,0,0,35,0,17,0,0,29,31,33,30,0,0,22,29,0,37,30,0,24;0,0,21,0,27,26,0,0,0,0,34,40,37,37,0,25,30,29,32,0,28,33,0,38,0,40,0,0,0,36;0,40,31,0,31,0,25,0,0,30,22,23,0,31,40,0,0,27,32,0,0,20,21,0,22,36,26,35,23,20;28,20,0,0,31,0,23,26,28,0,0,0,32,0,34,24,0,0,0,0,40,38,0,0,0,0,38,0,0,29;0,0,20,40,30,35,36,25,0,39,0,39,31,0,20,0,38,0,33,26,0,24,23,0,28,31,36,20,0,0;0,27,33,0,0,36,36,0,16,35,26,21,30,0,34,27,0,0,0,33,16,32,0,35,0,26,0,22,22,0;33,26,38,31,36,29,23,0,40,22,40,21,0,0,27,25,27,0,36,0,0,23,0,16,33,0,0,0,0,39;0,26,28,38,0,26,20,35,39,37,29,28,22,26,21,0,33,0,24,0,0,0,28,40,0,0,0,0,27,27;0,39,0,0,0,23,40,0,0,0,33,38,35,26,0,0,22,0,35,0,31,0,31,20,39,40,28,38,21,20;27,0,38,22,22,26,0,0,34,30,0,0,27,33,0,37,39,0,31,35,25,0,0,33,0,32,40,0,38,39;34,26,0,36,0,29,0,26,21,0,25,26,21,23,0,39,0,24,0,0,0,28,0,0,23,0,35,0,27,34;24,0,0,32,22,0,27,36,0,0,20,23,21,40,0,35,0,0,0,0,0,0,0,0,0,20,0,23,39,28;0,40,0,24,36,35,0,34,33,0,0,38,20,32,0,21,0,36,0,38,0,30,0,29,30,0,20,0,0,31;28,31,23,39,0,24,0,34,39,33,24,0,25,20,0,31,28,0,39,34,35,24,27,38,33,30,0,35,26,34;24,34,0,35,35,38,39,26,0,37,0,39,31,23,33,0,0,33,0,30,32,29,25,0,37,39,26,0,0,0;0,0,30,40,0,0,38,0,0,0,0,0,35,0,30,0,31,40,0,32,0,0,29,27,0,0,0,31,0,23;24,0,29,23,0,20,0,26,0,0,0,28,0,0,35,0,33,0,38,27,21,0,33,0,36,34,34,35,31,0
-17,16,0,0,0,-5,10,0,-30,0,0,0,0,0,0,16,27,0,0,0,-19,0,0,-17,0,0,0,19,0,0
------------- End of Scenario k = 4 -------
0,71,42,79,60,0,58,74,70,46,30,0,0,78,56,0,0,28,76,0,0,0,80,0,51,0,34,0,66,46;0,0,67,0,0,75,66,0,75,28,77,0,0,0,77,45,0,46,49,39,75,63,51,0,26,0,38,39,47,54;80,40,0,80,0,46,0,0,60,0,59,0,74,62,46,53,25,79,29,31,42,78,78,75,45,0,0,50,56,0;0,46,56,0,80,0,42,0,72,0,25,53,74,0,22,60,0,0,0,0,39,73,72,80,0,0,0,0,57,58;78,46,0,23,0,63,0,80,0,0,64,0,0,40,33,0,34,57,56,56,28,68,0,0,0,75,0,53,56,0;0,0,56,0,51,0,0,38,44,57,27,0,64,24,0,0,0,0,0,20,28,74,47,0,0,0,0,76,25,59;47,22,0,63,0,0,0,0,0,0,80,23,25,0,0,71,45,0,0,0,72,52,39,0,0,0,64,0,0,0;42,72,35,0,41,0,41,0,0,80,0,57,45,75,38,58,61,59,77,41,29,0,0,56,0,61,51,62,44,24;0,0,43,50,48,20,79,29,0,63,32,60,51,55,0,0,28,43,30,0,0,58,22,0,0,36,66,59,0,0;0,35,36,0,51,0,47,0,0,0,0,73,31,0,45,0,31,0,21,75,80,49,0,64,32,65,0,26,0,0;0,0,0,0,78,28,76,32,0,26,0,80,62,0,0,51,0,62,43,37,0,72,57,50,0,0,54,0,73,47;0,63,36,35,0,31,36,0,23,37,79,0,80,43,66,0,59,0,69,0,0,0,25,0,44,0,0,0,32,0;51,50,0,23,32,0,39,0,0,66,0,39,0,80,72,0,30,66,28,24,46,0,62,0,0,73,0,0,20,0;0,75,33,0,0,0,36,58,59,0,0,0,35,0,80,0,0,65,59,73,26,0,0,49,52,0,32,41,0,73;0,0,39,0,80,21,0,0,0,0,74,35,69,57,0,48,43,43,35,0,57,56,0,25,0,23,0,0,0,50;0,78,65,0,64,0,40,0,0,20,69,46,0,58,64,0,0,38,47,0,0,21,38,0,55,41,73,76,70,73;47,51,0,0,67,0,60,25,74,0,0,0,72,0,65,78,0,0,0,0,45,41,0,0,0,0,69,0,0,30;0,0,25,21,44,55,28,31,0,58,0,76,23,0,56,0,67,0,80,54,0,40,48,0,40,30,79,58,0,0;0,39,80,0,0,80,46,0,80,77,25,35,51,0,40,48,0,0,0,80,74,61,0,69,0,33,0,47,72,0;42,42,46,52,46,71,49,0,20,74,69,23,0,0,59,66,49,0,72,0,0,61,0,76,70,0,0,0,0,65;0,48,56,62,0,52,77,20,69,50,46,66,24,80,56,0,32,0,57,0,0,0,54,68,0,0,0,0,24,40;0,47,0,0,0,63,50,0,0,0,32,34,79,34,0,0,50,0,34,0,76,0,80,75,35,41,41,36,68,48;80,0,67,50,30,27,0,0,74,38,0,0,44,78,0,49,66,0,41,34,31,0,0,73,0,40,59,0,80,66;48,45,0,52,0,55,0,64,76,0,31,25,38,64,0,72,0,63,0,0,0,63,0,0,22,0,37,0,69,62;73,0,0,63,34,0,36,38,0,0,20,26,26,68,0,51,0,0,0,0,0,0,0,0,0,42,0,62,22,62;0,52,0,48,48,27,0,51,62,0,0,68,45,65,0,33,0,67,0,23,0,44,0,69,23,0,79,0,0,74;73,48,50,31,0,45,0,21,76,39,78,0,55,77,0,54,61,0,31,55,66,33,49,34,29,40,0,65,79,26;26,23,0,43,52,53,56,60,0,26,0,55,55,59,27,0,0,67,0,73,69,71,36,0,80,62,57,0,0,0;0,0,45,29,0,0,79,0,0,0,0,0,46,0,45,0,46,77,0,60,0,0,24,33,0,0,0,48,0,80;78,0,80,59,0,35,0,70,0,0,0,71,0,0,27,0,20,0,56,63,53,0,77,0,25,39,45,23,79,0
0,25,20,27,33,0,29,39,31,33,21,0,0,25,27,0,0,22,21,0,0,0,34,0,30,0,25,0,34,21;0,0,24,0,0,32,24,0,37,35,36,0,0,0,23,29,0,22,40,34,36,30,22,0,24,0,31,37,22,22;39,27,0,35,0,20,0,0,38,0,29,0,37,35,33,29,25,23,28,34,37,34,24,26,29,0,0,32,27,0;0,34,26,0,40,0,20,0,34,0,36,20,30,0,38,21,0,0,0,0,23,33,26,31,0,0,0,0,25,27;31,33,0,35,0,20,0,35,0,0,40,0,0,33,35,0,37,31,24,38,33,29,0,0,0,35,0,23,23,0;0,0,33,0,37,0,0,27,31,37,37,0,22,30,0,0,0,0,0,28,34,38,30,0,0,0,0,22,28,26;33,32,0,23,0,0,0,0,0,0,40,22,40,0,0,20,34,0,0,0,39,29,33,0,0,0,38,0,0,0;31,39,34,0,25,0,27,0,0,34,0,33,35,36,20,23,35,40,40,21,25,0,0,29,0,28,23,39,23,20;0,0,21,35,31,33,23,37,0,33,29,22,39,20,0,0,39,38,29,0,0,31,21,0,0,39,24,39,0,0;0,32,33,0,22,0,22,0,0,0,0,33,40,0,20,0,37,0,33,29,24,31,0,20,30,39,0,33,0,0;0,0,0,0,22,28,33,28,0,38,0,34,30,0,0,36,0,34,36,35,0,25,28,37,0,0,31,0,28,27;0,34,22,28,0,28,29,0,22,38,32,0,30,25,39,0,22,0,24,0,0,0,40,0,33,0,0,0,40,0;36,29,0,33,22,0,29,0,0,24,0,37,0,33,27,0,36,22,24,30,33,0,27,0,0,33,0,0,31,0;0,31,39,0,0,0,31,35,39,0,0,0,40,0,30,0,0,33,34,39,26,0,0,24,26,0,37,30,0,22;0,0,28,0,23,23,0,0,0,0,40,33,33,30,0,28,27,21,22,0,31,26,0,37,0,40,0,0,0,28;0,26,29,0,34,0,38,0,0,31,31,26,0,35,38,0,0,30,37,0,0,31,33,0,39,23,37,35,27,30;40,23,0,0,36,0,20,40,25,0,0,0,38,0,26,22,0,0,0,0,21,28,0,0,0,0,25,0,0,37;0,0,21,20,34,25,27,26,0,27,0,22,33,0,20,0,22,0,34,20,0,29,38,0,21,21,34,22,0,0;0,27,36,0,0,30,26,0,32,20,33,28,29,0,30,26,0,0,0,38,40,25,0,28,0,31,0,27,35,0;36,32,38,31,21,29,40,0,29,38,40,33,0,0,30,25,24,0,20,0,0,26,0,32,36,0,0,0,0,30;0,21,35,37,0,31,34,34,32,25,21,34,24,36,20,0,30,0,31,0,0,0,23,38,0,0,0,0,35,24;0,26,0,0,0,20,40,0,0,0,39,36,22,36,0,0,33,0,31,0,29,0,35,40,32,22,31,38,28,38;32,0,23,21,38,34,0,0,36,36,0,0,36,39,0,24,20,0,21,38,40,0,0,21,0,38,24,0,27,27;27,24,0,28,0,38,0,38,25,0,39,35,32,36,0,30,0,37,0,0,0,31,0,0,27,0,35,0,20,28;22,0,0,35,34,0,27,40,0,0,34,29,25,22,0,27,0,0,0,0,0,0,0,0,0,14,0,33,21,23;0,21,0,37,20,33,0,39,21,0,0,34,20,35,0,37,0,37,0,22,0,27,0,29,33,0,18,0,0,39;35,27,32,25,0,19,0,22,18,40,35,0,24,22,0,36,40,0,36,25,24,29,36,27,23,25,0,40,27,22;30,29,0,36,20,28,33,29,0,33,0,34,22,26,28,0,0,28,0,31,22,27,37,0,26,34,21,0,0,0;0,0,32,30,0,0,40,0,0,0,0,0,23,0,22,0,24,25,0,23,0,0,33,39,0,0,0,36,0,21;22,0,38,32,0,34,0,25,0,0,0,33,0,0,40,0,31,0,22,39,38,0,27,0,38,20,37,32,31,0
-21,21,0,0,0,0,30,0,-25,0,0,0,0,0,0,30,24,0,0,0,-12,0,0,-59,0,0,0,12,0,0
------------- End of Scenario k = 5 -------
0,40,21,23,79,0,73,66,51,36,67,0,0,68,75,0,0,71,66,0,0,0,42,0,26,0,45,0,39,60;0,0,67,0,0,50,35,0,63,56,73,0,0,0,20,28,0,27,68,72,57,51,22,0,35,0,25,62,53,30;43,70,0,80,0,35,0,0,40,0,60,0,59,47,52,59,76,23,27,75,35,56,23,67,27,0,0,77,34,0;0,77,54,0,71,0,70,0,28,0,41,47,71,0,26,77,0,0,0,0,30,53,77,80,0,0,0,0,26,61;67,76,0,66,0,23,0,61,0,0,77,0,0,51,63,0,71,66,37,73,24,47,0,0,0,58,0,28,54,0;0,0,27,0,66,0,0,66,30,69,49,0,41,52,0,0,0,0,0,42,24,36,32,0,0,0,0,48,60,46;38,34,0,27,0,0,0,0,0,0,80,67,71,0,0,26,33,0,0,0,26,80,73,0,0,0,25,0,0,0;50,60,61,0,71,0,29,0,0,43,0,78,71,52,34,47,20,26,76,53,39,0,0,45,0,42,75,29,80,56;0,0,31,41,69,53,59,74,0,65,76,50,73,61,0,0,65,33,60,0,0,41,67,0,0,47,28,43,0,0;0,61,73,0,36,0,35,0,0,0,0,45,53,0,22,0,58,0,48,50,67,79,0,54,64,46,0,27,0,0;0,0,0,0,30,63,27,29,0,73,0,22,70,0,0,55,0,61,40,49,0,76,64,54,0,0,22,0,62,27;0,69,46,56,0,74,49,0,41,53,20,0,80,66,42,0,29,0,41,0,0,0,61,0,35,0,0,0,33,0;55,26,0,54,63,0,64,0,0,39,0,23,0,80,49,0,65,50,37,80,68,0,71,0,0,76,0,0,43,0;0,26,50,0,0,0,47,71,34,0,0,0,79,0,55,0,0,38,66,72,78,0,0,48,42,0,22,47,0,80;0,0,60,0,49,57,0,0,0,0,52,34,69,76,0,24,67,78,24,0,69,28,0,80,0,37,0,0,0,22;0,36,72,0,80,0,34,0,0,70,54,55,0,36,21,0,0,39,76,0,0,57,73,0,66,24,35,28,74,40;80,32,0,0,44,0,35,20,67,0,0,0,77,0,46,31,0,0,0,0,47,69,0,0,0,0,31,0,0,45;0,0,51,46,45,75,69,41,0,34,0,26,30,0,62,0,32,0,42,30,0,55,37,0,66,67,62,57,0,0;0,22,49,0,0,69,61,0,80,41,49,24,24,0,77,63,0,0,0,20,51,37,0,45,0,62,0,69,31,0;70,52,38,72,74,34,43,0,57,50,28,57,0,0,22,23,32,0,56,0,0,55,0,78,40,0,0,0,0,65;0,79,20,26,0,30,27,37,66,73,69,67,30,33,42,0,26,0,44,0,0,0,52,37,0,0,0,0,60,66;0,62,0,0,0,70,46,0,0,0,52,20,31,62,0,0,23,0,56,0,45,0,40,23,25,43,27,65,34,39;69,0,77,58,43,59,0,0,80,65,0,0,77,44,0,20,75,0,27,59,59,0,0,40,0,24,26,0,58,26;75,60,0,27,0,70,0,33,23,0,41,34,80,58,0,67,0,45,0,0,0,25,0,0,80,0,69,0,25,45;31,0,0,54,36,0,20,54,0,0,24,36,29,45,0,24,0,0,0,0,0,0,0,0,0,30,0,64,22,64;0,32,0,77,71,41,0,23,26,0,0,32,51,61,0,33,0,58,0,63,0,77,0,74,23,0,80,0,0,54;37,62,76,79,0,80,0,51,80,45,67,0,36,35,0,37,45,0,60,39,77,40,29,46,33,74,0,64,43,68;43,76,0,49,61,55,21,72,0,57,0,27,37,77,75,0,0,35,0,69,74,70,65,0,55,39,53,0,0,0;0,0,47,46,0,0,65,0,0,0,0,0,51,0,42,0,54,27,0,64,0,0,36,31,0,0,0,36,0,40;61,0,69,60,0,63,0,32,0,0,0,69,0,0,53,0,42,0,61,67,27,0,61,0,70,31,37,59,35,0
0,31,40,39,37,0,32,24,21,20,25,0,0,23,26,0,0,38,37,0,0,0,37,0,33,0,30,0,28,26;0,0,39,0,0,36,29,0,38,26,33,0,0,0,28,39,0,35,25,26,33,20,32,0,38,0,24,32,33,27;22,27,0,20,0,31,0,0,36,0,37,0,35,29,32,22,37,33,29,39,39,29,40,24,22,0,0,39,30,0;0,25,36,0,33,0,33,0,31,0,22,25,38,0,21,24,0,0,0,0,23,30,20,20,0,0,0,0,33,40;33,29,0,29,0,37,0,34,0,0,22,0,0,23,22,0,26,25,22,30,27,35,0,0,0,32,0,32,35,0;0,0,20,0,25,0,0,25,22,33,39,0,39,31,0,0,0,0,0,25,32,21,26,0,0,0,0,32,27,32;39,24,0,20,0,0,0,0,0,0,23,34,35,0,0,39,30,0,0,0,40,24,40,0,0,0,34,0,0,0;32,35,20,0,37,0,26,0,0,30,0,30,36,26,36,31,37,39,27,35,40,0,0,23,0,24,21,33,36,24;0,0,20,34,31,30,20,26,0,27,35,32,34,27,0,0,25,37,30,0,0,23,30,0,0,26,28,23,0,0;0,21,37,0,37,0,29,0,0,0,0,37,22,0,28,0,21,0,26,20,30,31,0,24,40,26,0,21,0,0;0,0,0,0,38,29,24,23,0,24,0,36,22,0,0,24,0,32,35,21,0,26,21,29,0,0,37,0,36,36;0,33,31,35,0,21,29,0,25,21,36,0,37,31,32,0,34,0,20,0,0,0,38,0,33,0,0,0,27,0;27,20,0,35,26,0,28,0,0,36,0,29,0,26,37,0,33,30,23,40,40,0,22,0,0,30,0,0,35,0;0,37,28,0,0,0,32,27,38,0,0,0,21,0,38,0,0,28,37,33,28,0,0,37,29,0,35,33,0,39;0,0,32,0,25,33,0,0,0,0,22,27,30,37,0,22,24,23,38,0,33,30,0,16,0,38,0,0,0,38;0,37,28,0,31,0,38,0,0,29,29,22,0,33,29,0,0,39,40,0,0,22,21,0,28,29,33,30,28,40;37,31,0,0,32,0,30,36,25,0,0,0,33,0,33,39,0,0,0,0,24,32,0,0,0,0,22,0,0,28;0,0,33,24,38,21,38,37,0,24,0,39,27,0,38,0,28,0,36,39,0,23,35,0,26,28,20,30,0,0;0,32,27,0,0,31,25,0,36,39,40,31,32,0,33,29,0,0,0,33,35,21,0,28,0,20,0,23,32,0;21,25,22,23,38,40,21,0,20,36,37,35,0,0,37,23,26,0,21,0,0,29,0,36,40,0,0,0,0,21;0,40,23,31,0,30,25,21,39,25,30,29,29,39,35,0,33,0,22,0,0,0,26,23,0,0,0,0,25,26;0,28,0,0,0,29,38,0,0,0,29,29,38,37,0,0,30,0,34,0,27,0,37,37,22,29,23,34,31,31;24,0,33,32,28,26,0,0,28,30,0,0,40,23,0,36,33,0,21,21,27,0,0,25,0,39,29,0,26,36;39,40,0,38,0,38,0,35,20,0,39,33,36,31,0,28,0,35,0,0,0,40,0,0,27,0,36,0,37,22;22,0,0,20,29,0,23,40,0,0,22,27,22,38,0,31,0,0,0,0,0,0,0,0,0,30,0,23,36,32;0,30,0,31,22,31,0,23,38,0,0,24,27,29,0,23,0,40,0,40,0,20,0,32,32,0,27,0,0,34;22,27,28,30,0,39,0,21,37,28,21,0,25,38,0,30,35,0,36,25,39,35,34,28,20,23,0,36,35,26;26,31,0,33,38,26,26,34,0,34,0,20,29,30,37,0,0,32,0,22,36,23,28,0,40,22,23,0,0,0;0,0,25,21,0,0,23,0,0,0,0,0,40,0,36,0,21,30,0,24,0,0,25,23,0,0,0,21,0,27;27,0,39,38,0,25,0,40,0,0,0,23,0,0,38,0,35,0,29,34,24,0,37,0,21,32,33,20,29,0
-17,19,0,0,0,-3,11,0,-21,0,0,0,0,0,0,25,10,0,0,0,-32,0,0,-16,0,0,0,24,0,0
------------- End of Scenario k = 6 -------
0,41,79,53,54,0,53,37,43,32,73,0,0,36,75,0,0,26,56,0,0,0,75,0,67,0,59,0,21,66;0,0,37,0,0,69,80,0,72,30,50,0,0,0,67,48,0,21,21,29,34,21,44,0,51,0,30,47,58,66;26,22,0,26,0,70,0,0,45,0,22,0,60,80,30,45,34,39,28,55,42,52,28,49,71,0,0,62,66,0;0,66,41,0,80,0,46,0,38,0,42,42,56,0,70,45,0,0,0,0,71,40,72,52,0,0,0,0,67,33;60,31,0,60,0,42,0,80,0,0,27,0,0,59,31,0,67,34,27,36,28,59,0,0,0,65,0,23,56,0;0,0,48,0,58,0,0,37,80,43,79,0,22,37,0,0,0,0,0,32,50,51,63,0,0,0,0,35,61,69;78,65,0,33,0,0,0,0,0,0,80,70,69,0,0,25,74,0,0,0,67,36,71,0,0,0,50,0,0,0;34,29,29,0,23,0,58,0,0,80,0,27,74,38,58,78,63,25,58,55,24,0,0,23,0,53,38,24,58,61;0,0,68,43,24,48,45,28,0,64,71,22,40,48,0,0,74,75,78,0,0,61,58,0,0,25,78,80,0,0;0,65,57,0,73,0,20,0,0,0,0,45,43,0,35,0,29,0,56,51,76,79,0,51,25,40,0,53,0,0;0,0,0,0,77,49,23,70,0,60,0,27,26,0,0,68,0,37,77,57,0,44,44,25,0,0,56,0,61,25;0,54,61,60,0,70,73,0,71,77,70,0,66,58,36,0,74,0,72,0,0,0,70,0,32,0,0,0,78,0;65,61,0,65,23,0,52,0,0,21,0,34,0,80,21,0,57,53,69,64,49,0,55,0,0,79,0,0,36,0;0,46,79,0,0,0,36,72,64,0,0,0,66,0,72,0,0,59,46,60,61,0,0,61,41,0,76,34,0,69;0,0,72,0,29,43,0,0,0,0,57,23,52,52,0,71,59,32,64,0,71,55,0,80,0,40,0,0,0,71;0,30,22,0,66,0,26,0,0,29,63,77,0,23,21,0,0,76,34,0,0,76,63,0,21,67,71,71,70,24;45,53,0,0,37,0,72,51,54,0,0,0,44,0,52,68,0,0,0,0,26,80,0,0,0,0,41,0,0,37;0,0,42,43,49,23,29,47,0,79,0,21,58,0,29,0,65,0,31,66,0,54,36,0,37,48,28,78,0,0;0,65,25,0,0,57,24,0,80,36,21,26,31,0,48,41,0,0,0,37,57,57,0,26,0,57,0,56,54,0;67,32,50,23,34,71,72,0,73,50,70,53,0,0,45,70,79,0,44,0,0,35,0,80,55,0,0,0,0,80;0,49,41,44,0,29,37,20,79,66,34,71,51,49,40,0,54,0,78,0,0,0,50,70,0,0,0,0,25,54;0,54,0,0,0,72,43,0,0,0,73,36,39,80,0,0,41,0,76,0,64,0,80,23,74,26,62,46,25,75;80,0,37,62,27,54,0,0,80,27,0,0,35,30,0,36,43,0,60,21,72,0,0,64,0,46,61,0,28,64;35,22,0,57,0,40,0,21,80,0,39,25,46,78,0,46,0,65,0,0,0,72,0,0,34,0,46,0,26,50;21,0,0,23,36,0,45,65,0,0,64,50,70,55,0,75,0,0,0,0,0,0,0,0,0,80,0,61,77,80;0,46,0,73,27,42,0,33,51,0,0,78,68,41,0,33,0,44,0,30,0,71,0,23,32,0,76,0,0,33;59,28,52,32,0,80,0,79,80,20,56,0,46,65,0,30,80,0,76,72,49,25,54,59,34,57,0,70,80,22;80,40,0,24,64,23,34,20,0,60,0,50,37,21,79,0,0,23,0,68,80,78,59,0,45,48,47,0,0,0;0,0,45,27,0,0,45,0,0,0,0,0,62,0,20,0,78,40,0,57,0,0,48,57,0,0,0,44,0,58;41,0,42,58,0,23,0,32,0,0,0,39,0,0,75,0,50,0,52,21,44,0,64,0,65,24,30,29,77,0
0,38,21,32,39,0,35,37,36,40,34,0,0,23,37,0,0,34,23,0,0,0,34,0,39,0,32,0,29,30;0,0,32,0,0,31,20,0,27,39,25,0,0,0,29,37,0,23,39,20,30,27,40,0,27,0,38,25,38,20;38,31,0,28,0,37,0,0,30,0,32,0,35,29,35,38,36,37,33,35,31,21,34,33,35,0,0,20,34,0;0,38,36,0,39,0,31,0,39,0,20,27,24,0,25,35,0,0,0,0,22,39,33,37,0,0,0,0,21,31;27,40,0,38,0,29,0,35,0,0,21,0,0,34,36,0,39,25,20,29,24,24,0,0,0,26,0,22,20,0;0,0,26,0,27,0,0,40,34,30,22,0,38,25,0,0,0,0,0,37,34,34,40,0,0,0,0,39,27,40;25,29,0,34,0,0,0,0,0,0,25,37,39,0,0,35,23,0,0,0,23,21,21,0,0,0,30,0,0,0;21,27,25,0,29,0,26,0,0,32,0,31,38,38,35,28,27,35,21,38,38,0,0,20,0,23,33,32,32,35;0,0,25,27,40,30,37,35,0,24,20,22,40,28,0,0,33,25,29,0,0,38,36,0,0,20,33,20,0,0;0,24,32,0,28,0,33,0,0,0,0,39,39,0,20,0,22,0,32,36,24,32,0,20,27,30,0,24,0,0;0,0,0,0,39,21,36,30,0,23,0,39,34,0,0,40,0,31,36,20,0,33,37,20,0,0,31,0,36,29;0,31,27,20,0,39,24,0,25,21,34,0,39,38,25,0,31,0,32,0,0,0,22,0,23,0,0,0,22,0;34,25,0,26,39,0,38,0,0,38,0,30,0,34,38,0,34,40,24,40,27,0,36,0,0,35,0,0,21,0;0,27,40,0,0,0,36,38,22,0,0,0,29,0,26,0,0,30,37,28,39,0,0,38,36,0,35,21,0,34;0,0,25,0,23,25,0,0,0,0,30,34,22,31,0,21,25,31,32,0,34,22,0,26,0,30,0,0,0,34;0,40,37,0,32,0,33,0,0,23,24,39,0,30,35,0,0,20,35,0,0,25,40,0,40,33,37,24,24,22;25,23,0,0,24,0,33,37,32,0,0,0,22,0,22,29,0,0,0,0,29,25,0,0,0,0,30,0,0,40;0,0,22,40,22,20,31,32,0,21,0,27,36,0,38,0,30,0,14,34,0,34,23,0,34,40,25,22,0,0;0,36,29,0,0,33,40,0,30,38,35,39,38,0,25,23,0,0,0,30,23,39,0,25,0,22,0,38,25,0;22,24,29,26,23,22,38,0,36,29,31,26,0,0,28,34,35,0,21,0,0,38,0,33,26,0,0,0,0,24;0,23,38,32,0,38,30,22,25,26,37,34,26,28,26,0,37,0,39,0,0,0,30,24,0,0,0,0,31,25;0,30,0,0,0,32,33,0,0,0,36,24,27,27,0,0,38,0,36,0,23,0,33,37,21,29,36,22,28,38;23,0,31,37,30,29,0,0,28,23,0,0,29,28,0,38,38,0,38,21,21,0,0,25,0,23,23,0,28,28;38,38,0,35,0,23,0,22,25,0,37,24,31,22,0,36,0,33,0,0,0,39,0,0,40,0,31,0,40,25;34,0,0,29,30,0,25,29,0,0,23,36,31,35,0,38,0,0,0,0,0,0,0,0,0,18,0,21,39,30;0,39,0,34,27,27,0,22,38,0,0,34,24,26,0,33,0,29,0,25,0,40,0,31,37,0,18,0,0,30;21,37,40,29,0,13,0,28,26,27,20,0,22,23,0,29,29,0,37,25,22,34,30,40,37,29,0,38,20,34;20,27,0,26,36,28,37,29,0,32,0,35,27,23,39,0,0,22,0,27,25,25,24,0,13,39,20,0,0,0;0,0,22,34,0,0,30,0,0,0,0,0,30,0,22,0,25,34,0,35,0,0,32,25,0,0,0,25,0,21;30,0,30,31,0,28,0,26,0,0,0,35,0,0,34,0,37,0,38,39,35,0,23,0,34,40,32,34,40,0
-27,25,0,0,0,0,25,0,-19,0,0,0,0,0,0,11,18,0,0,0,-10,0,0,-35,0,0,0,12,0,0
------------- End of Scenario k = 7 -------
0,45,35,43,75,0,56,69,68,50,46,0,0,66,59,0,0,64,63,0,0,0,76,0,20,0,35,0,40,42;0,0,63,0,0,80,52,0,26,26,55,0,0,0,68,72,0,67,70,54,64,75,37,0,34,0,54,76,53,42;80,80,0,44,0,72,0,0,52,0,72,0,46,20,66,42,39,21,31,53,43,42,60,67,80,0,0,57,37,0;0,64,51,0,34,0,30,0,20,0,38,73,58,0,30,41,0,0,0,0,47,24,31,80,0,0,0,0,68,46;35,40,0,30,0,47,0,28,0,0,77,0,0,49,22,0,67,48,79,71,26,23,0,0,0,56,0,70,68,0;0,0,67,0,28,0,0,63,63,21,51,0,48,54,0,0,0,0,0,71,30,44,60,0,0,0,0,71,79,69;47,36,0,74,0,0,0,0,0,0,80,21,26,0,0,40,67,0,0,0,41,80,65,0,0,0,36,0,0,0;41,30,76,0,27,0,50,0,0,39,0,59,41,43,71,23,48,28,57,54,73,0,0,44,0,45,28,34,49,28;0,0,74,74,80,23,56,69,0,42,20,67,59,25,0,0,29,47,51,0,0,56,62,0,0,72,49,66,0,0;0,46,69,0,56,0,29,0,0,0,0,40,57,0,36,0,54,0,20,52,43,30,0,43,24,32,0,27,0,0;0,0,0,0,33,62,44,31,0,23,0,22,59,0,0,39,0,62,39,70,0,54,22,70,0,0,40,0,27,48;0,76,22,42,0,44,46,0,34,43,69,0,80,37,26,0,66,0,70,0,0,0,32,0,51,0,0,0,79,0;31,74,0,35,30,0,64,0,0,74,0,73,0,80,62,0,60,49,59,64,24,0,37,0,0,30,0,0,39,0;0,53,42,0,0,0,32,33,78,0,0,0,59,0,80,0,0,76,68,69,59,0,0,31,20,0,58,43,0,51;0,0,25,0,71,77,0,0,0,0,20,69,69,21,0,26,80,63,67,0,67,39,0,80,0,40,0,0,0,78;0,75,66,0,22,0,80,0,0,41,73,47,0,59,34,0,0,80,74,0,0,36,69,0,79,33,52,77,22,76;32,60,0,0,57,0,27,54,60,0,0,0,20,0,35,65,0,0,0,0,76,41,0,0,0,0,65,0,0,76;0,0,52,45,80,60,61,36,0,48,0,40,45,0,29,0,70,0,61,67,0,39,22,0,34,55,28,56,0,0;0,30,57,0,0,62,54,0,80,73,26,44,29,0,50,61,0,0,0,59,80,21,0,36,0,76,0,23,23,0;71,72,48,74,33,74,59,0,68,45,50,50,0,0,23,63,41,0,70,0,0,56,0,80,70,0,0,0,0,27;0,20,43,49,0,40,50,69,50,59,42,55,80,24,33,0,45,0,25,0,0,0,64,36,0,0,0,0,39,39;0,63,0,0,0,70,38,0,0,0,34,44,50,57,0,0,36,0,48,0,80,0,67,29,69,43,76,56,20,70;23,0,40,20,70,78,0,0,80,32,0,0,79,63,0,58,39,0,20,27,58,0,0,20,0,53,36,0,43,76;40,31,0,73,0,35,0,23,56,0,53,64,62,69,0,24,0,63,0,0,0,20,0,0,54,0,77,0,30,80;29,0,0,75,77,0,53,27,0,0,22,56,44,70,0,80,0,0,0,0,0,0,0,0,0,80,0,22,63,76;0,66,0,61,78,43,0,35,68,0,0,76,30,53,0,27,0,39,0,29,0,35,0,20,63,0,80,0,0,40;48,32,25,29,0,80,0,39,38,68,53,0,68,25,0,26,69,0,71,56,63,69,49,36,49,42,0,51,51,54;57,74,0,26,46,50,38,56,0,74,0,67,67,77,67,0,0,32,0,76,30,55,39,0,80,41,55,0,0,0;0,0,66,20,0,0,65,0,0,0,0,0,37,0,39,0,73,46,0,63,0,0,50,23,0,0,0,61,0,59;56,0,40,55,0,22,0,66,0,0,0,46,0,0,54,0,48,0,79,43,56,0,67,0,72,39,30,77,67,0
0,27,33,31,32,0,32,32,28,39,22,0,0,39,34,0,0,21,37,0,0,0,40,0,34,0,27,0,35,21;0,0,40,0,0,38,22,0,23,25,31,0,0,0,31,23,0,24,28,38,28,37,30,0,24,0,39,32,39,20;29,39,0,21,0,23,0,0,28,0,32,0,27,33,25,38,40,39,24,34,37,38,20,22,28,0,0,39,38,0;0,33,32,0,39,0,26,0,39,0,32,32,32,0,37,26,0,0,0,0,36,23,22,31,0,0,0,0,23,24;27,31,0,22,0,38,0,36,0,0,26,0,0,23,32,0,23,23,23,20,30,25,0,0,0,36,0,24,36,0;0,0,23,0,38,0,0,20,40,21,22,0,21,33,0,0,0,0,0,39,30,31,27,0,0,0,0,22,36,26;32,35,0,29,0,0,0,0,0,0,26,21,33,0,0,21,38,0,0,0,24,26,35,0,0,0,38,0,0,0;24,23,21,0,28,0,36,0,0,30,0,39,34,40,25,23,28,29,27,23,22,0,0,22,0,39,31,37,37,26;0,0,28,26,34,33,28,38,0,29,37,24,39,26,0,0,39,23,30,0,0,35,36,0,0,20,25,31,0,0;0,28,32,0,21,0,34,0,0,0,0,21,27,0,21,0,35,0,37,35,29,37,0,30,29,28,0,39,0,0;0,0,0,0,30,26,23,21,0,39,0,28,22,0,0,37,0,21,34,29,0,20,25,21,0,0,33,0,34,36;0,31,32,21,0,34,26,0,39,35,36,0,35,30,22,0,38,0,33,0,0,0,38,0,32,0,0,0,30,0;26,29,0,23,33,0,32,0,0,31,0,26,0,35,25,0,21,38,34,33,25,0,36,0,0,24,0,0,22,0;0,22,33,0,0,0,23,22,20,0,0,0,28,0,38,0,0,23,37,39,22,0,0,30,26,0,24,20,0,35;0,0,33,0,23,35,0,0,0,0,26,28,21,31,0,35,21,23,24,0,40,28,0,27,0,27,0,0,0,29;0,32,38,0,33,0,20,0,0,26,34,27,0,32,36,0,0,33,29,0,0,25,24,0,31,28,22,23,31,23;20,39,0,0,33,0,40,38,25,0,0,0,35,0,37,26,0,0,0,0,22,36,0,0,0,0,25,0,0,32;0,0,25,39,40,37,35,37,0,29,0,33,32,0,26,0,24,0,28,38,0,21,22,0,21,27,26,38,0,0;0,32,39,0,0,28,22,0,27,24,32,34,39,0,23,25,0,0,0,27,35,31,0,38,0,34,0,32,29,0;24,40,39,26,38,20,26,0,24,38,33,34,0,0,38,31,27,0,20,0,0,27,0,28,25,0,0,0,0,35;0,28,24,37,0,32,38,26,36,20,34,39,33,40,29,0,26,0,33,0,0,0,36,28,0,0,0,0,34,28;0,39,0,0,0,39,22,0,0,0,34,39,25,35,0,0,33,0,25,0,32,0,39,26,31,30,37,30,30,23;32,0,31,20,33,30,0,0,30,24,0,0,37,27,0,39,33,0,33,27,39,0,0,28,0,39,36,0,39,23;33,35,0,38,0,24,0,39,29,0,40,32,27,30,0,20,0,25,0,0,0,37,0,0,30,0,24,0,26,32;34,0,0,39,24,0,36,37,0,0,30,40,32,34,0,38,0,0,0,0,0,0,0,0,0,40,0,21,32,36;0,23,0,32,26,36,0,20,23,0,0,32,26,32,0,38,0,40,0,38,0,30,0,33,27,0,30,0,0,25;29,25,26,21,0,33,0,32,32,31,36,0,36,38,0,26,28,0,37,26,32,32,32,38,20,31,0,31,12,31;22,20,0,32,34,23,38,30,0,25,0,40,30,35,20,0,0,28,0,29,23,28,31,0,23,28,21,0,0,0;0,0,26,34,0,0,36,0,0,0,0,0,29,0,27,0,30,22,0,38,0,0,36,21,0,0,0,23,0,36;24,0,27,37,0,21,0,20,0,0,0,35,0,0,35,0,40,0,27,32,24,0,34,0,30,25,26,37,40,0
-11,17,0,0,0,0,26,0,-29,0,0,0,0,0,0,27,27,0,0,0,-26,0,0,-42,0,0,0,11,0,0
------------- End of Scenario k = 8 -------
0,35,29,47,65,0,40,41,45,56,45,0,0,71,79,0,0,39,73,0,0,0,39,0,77,0,33,0,53,74;0,0,80,0,0,56,44,0,70,30,68,0,0,0,47,45,0,57,57,62,44,55,39,0,65,0,42,46,41,53;20,51,0,71,0,47,0,0,65,0,70,0,74,56,60,51,57,38,47,32,45,45,47,67,70,0,0,55,76,0;0,54,76,0,65,0,70,0,24,0,76,23,65,0,49,58,0,0,0,0,49,43,58,39,0,0,0,0,27,33;49,65,0,76,0,48,0,36,0,0,36,0,0,74,62,0,64,38,62,21,36,73,0,0,0,65,0,80,52,0;0,0,53,0,24,0,0,23,48,38,49,0,60,65,0,0,0,0,0,51,33,59,44,0,0,0,0,50,66,24;77,69,0,33,0,0,0,0,0,0,80,77,26,0,0,65,77,0,0,0,43,41,66,0,0,0,45,0,0,0;47,48,66,0,62,0,42,0,0,37,0,34,63,79,56,20,43,37,56,36,79,0,0,52,0,72,52,46,54,47;0,0,55,40,22,37,48,29,0,70,43,73,33,54,0,0,45,70,31,0,0,47,79,0,0,42,21,32,0,0;0,74,35,0,67,0,54,0,0,0,0,74,36,0,34,0,66,0,78,41,50,61,0,66,26,42,0,72,0,0;0,0,0,0,30,33,21,61,0,59,0,80,46,0,0,22,0,46,38,46,0,43,69,54,0,0,45,0,50,78;0,55,77,40,0,78,62,0,28,70,26,0,80,71,41,0,37,0,20,0,0,0,28,0,36,0,0,0,20,0;39,50,0,41,57,0,55,0,0,53,0,39,0,80,34,0,36,74,62,42,60,0,28,0,0,71,0,0,61,0;0,35,25,0,0,0,76,69,43,0,0,0,72,0,29,0,0,29,44,36,45,0,0,55,62,0,61,71,0,65;0,0,69,0,50,53,0,0,0,0,42,66,54,52,0,62,39,24,48,0,26,50,0,80,0,23,0,0,0,28;0,35,40,0,60,0,60,0,0,69,34,73,0,28,62,0,0,80,56,0,0,47,58,0,38,41,35,80,28,42;25,36,0,0,67,0,75,44,61,0,0,0,48,0,36,52,0,0,0,0,23,23,0,0,0,0,69,0,0,57;0,0,77,56,31,52,55,32,0,79,0,28,29,0,69,0,20,0,80,37,0,29,42,0,35,78,62,41,0,0;0,29,72,0,0,42,42,0,72,38,50,26,21,0,40,37,0,0,0,80,40,39,0,73,0,26,0,47,56,0;46,23,39,59,67,79,31,0,43,67,32,69,0,0,28,33,25,0,49,0,0,78,0,48,39,0,0,0,0,62;0,47,29,69,0,76,77,65,30,25,33,73,57,78,55,0,80,0,48,0,0,0,73,67,0,0,0,0,63,43;0,22,0,0,0,52,21,0,0,0,27,34,33,67,0,0,47,0,56,0,80,0,80,36,52,22,47,26,52,37;77,0,23,43,72,21,0,0,80,38,0,0,57,40,0,33,44,0,77,63,23,0,0,78,0,27,74,0,62,80;31,79,0,79,0,48,0,55,77,0,72,64,65,25,0,67,0,48,0,0,0,74,0,0,80,0,52,0,20,51;36,0,0,33,22,0,79,48,0,0,29,66,61,54,0,40,0,0,0,0,0,0,0,0,0,80,0,62,73,49;0,66,0,23,71,23,0,45,29,0,0,56,62,70,0,56,0,61,0,61,0,60,0,34,38,0,38,0,0,74;72,61,74,44,0,80,0,79,55,55,60,0,32,54,0,58,54,0,45,78,38,72,34,74,54,61,0,52,80,57;35,45,0,76,23,80,62,43,0,31,0,21,55,30,37,0,0,77,0,49,21,41,38,0,80,48,53,0,0,0;0,0,41,26,0,0,30,0,0,0,0,0,67,0,80,0,30,28,0,55,0,0,20,59,0,0,0,32,0,80;48,0,51,41,0,52,0,21,0,0,0,75,0,0,72,0,62,0,27,58,44,0,74,0,25,45,72,69,24,0
0,21,32,38,29,0,31,28,31,35,38,0,0,40,32,0,0,38,35,0,0,0,28,0,33,0,24,0,29,37;0,0,30,0,0,38,35,0,36,20,23,0,0,0,27,34,0,27,24,33,20,22,39,0,38,0,32,35,25,36;35,28,0,38,0,34,0,0,38,0,39,0,25,32,32,34,31,29,21,37,23,37,36,34,22,0,0,23,30,0;0,34,31,0,32,0,32,0,37,0,32,31,37,0,32,29,0,0,0,0,38,35,39,32,0,0,0,0,20,31;24,33,0,37,0,39,0,34,0,0,26,0,0,23,31,0,30,20,29,20,38,23,0,0,0,22,0,22,34,0;0,0,25,0,21,0,0,24,40,24,30,0,35,32,0,0,0,0,0,37,29,32,38,0,0,0,0,22,36,25;29,21,0,36,0,0,0,0,0,0,15,20,23,0,0,32,39,0,0,0,35,21,40,0,0,0,26,0,0,0;36,24,36,0,20,0,30,0,0,31,0,31,26,27,35,24,21,28,40,37,39,0,0,29,0,23,23,27,31,24;0,0,31,27,27,29,31,28,0,23,21,30,30,34,0,0,38,29,22,0,0,33,27,0,0,32,29,20,0,0;0,40,21,0,39,0,33,0,0,0,0,35,24,0,33,0,21,0,30,30,20,23,0,32,32,35,0,26,0,0;0,0,0,0,24,29,29,29,0,40,0,32,40,0,0,37,0,35,38,25,0,39,40,23,0,0,20,0,20,32;0,40,21,39,0,27,22,0,23,40,27,0,23,21,39,0,39,0,28,0,0,0,20,0,39,0,0,0,35,0;35,20,0,33,38,0,29,0,0,38,0,34,0,39,29,0,38,33,24,34,33,0,20,0,0,22,0,0,37,0;0,37,27,0,0,0,37,32,32,0,0,0,25,0,24,0,0,40,31,23,39,0,0,21,35,0,30,23,0,23;0,0,37,0,21,33,0,0,0,0,25,21,35,30,0,38,32,36,28,0,31,32,0,30,0,36,0,0,0,21;0,26,23,0,33,0,27,0,0,25,34,20,0,27,24,0,0,27,26,0,0,37,35,0,26,38,31,34,27,28;32,24,0,0,38,0,25,25,34,0,0,0,28,0,39,29,0,0,0,0,38,25,0,0,0,0,29,0,0,40;0,0,35,40,28,21,32,32,0,25,0,30,23,0,40,0,32,0,18,31,0,28,27,0,23,29,27,34,0,0;0,24,34,0,0,33,38,0,13,25,25,37,22,0,39,22,0,0,0,33,29,31,0,24,0,37,0,36,32,0;24,36,26,28,25,32,22,0,36,35,37,31,0,0,32,29,28,0,28,0,0,20,0,27,28,0,0,0,0,37;0,20,28,27,0,37,26,23,39,33,24,24,33,33,21,0,22,0,30,0,0,0,20,21,0,0,0,0,35,35;0,24,0,0,0,27,22,0,0,0,34,27,31,35,0,0,20,0,27,0,22,0,40,26,40,32,39,33,25,33;23,0,34,32,31,33,0,0,35,21,0,0,27,26,0,39,23,0,26,26,26,0,0,39,0,29,33,0,38,25;40,39,0,27,0,25,0,30,27,0,38,29,23,23,0,39,0,20,0,0,0,22,0,0,34,0,39,0,23,28;40,0,0,24,21,0,21,22,0,0,28,32,31,30,0,29,0,0,0,0,0,0,0,0,0,27,0,33,29,33;0,33,0,35,38,37,0,34,37,0,0,38,37,29,0,28,0,34,0,29,0,34,0,22,28,0,35,0,0,26;36,26,29,24,0,30,0,26,23,30,22,0,32,24,0,39,23,0,31,24,24,31,26,24,25,33,0,31,33,24;29,30,0,39,26,27,38,34,0,38,0,30,21,40,21,0,0,21,0,40,31,40,33,0,27,25,30,0,0,0;0,0,26,30,0,0,26,0,0,0,0,0,23,0,32,0,33,34,0,23,0,0,38,22,0,0,0,36,0,27;40,0,36,39,0,24,0,30,0,0,0,21,0,0,40,0,31,0,29,39,37,0,28,0,24,28,21,21,27,0
-30,30,0,0,0,-8,11,0,-16,0,0,0,0,0,0,13,22,0,0,0,-15,0,0,-30,0,0,0,23,0,0
------------- End of Scenario k = 9 -------
