/ -------------------------------------------------------------------------
An instance of the stochastic Fixed - charge Network Flow Problem using NETGEN.
/ -------------------------------------------------------------------------
Number of Nodes (no Dummy node is added), n
Graph Density, density
The fixed cost to variable cost ratio, f
Adjacency Matrix, A
Fixed Cost Matrix, c
Number of scenarios, K
Scenario Probabilities, p
----The following three rows will be repeated K times.----
Var Cost Matrix, d
Capacity, u
demand, b
/ -------------------------------------------------------------------------
+
10
0.6
200
0,0,0,1,0,1,0,0,1,1;1,0,1,1,0,0,0,1,1,1;0,1,0,0,1,1,0,0,0,0;0,1,0,0,1,0,1,1,0,1;1,1,1,0,0,1,1,0,1,1;1,0,0,1,0,0,1,1,1,0;1,1,1,1,1,0,0,1,0,0;1,0,1,1,1,1,1,0,1,1;1,0,1,0,1,1,1,1,0,0;0,0,1,0,1,1,1,0,0,0
0,0,0,9400,0,11220,0,0,10240,8840;12100,0,13140,14160,0,0,0,8420,11700,11360;0,9220,0,0,10280,9960,0,0,0,0;0,9800,0,0,9960,0,9560,11840,0,8440;8180,8380,8940,0,0,12660,10200,0,9320,11440;13419,0,0,14000,0,0,9380,14719,8660,0;9360,11240,9280,9900,8400,0,0,11300,0,0;10360,0,10480,9560,8059,9240,10400,0,13819,10440;11700,0,11760,0,7300,10360,8080,11020,0,0;0,0,10660,0,12760,8900,10580,0,0,0
10
0.2,0.15,0.05,0.05,0.1,0.05,0.1,0.2,0.05,0.05
--Scenarios--
0,0,0,71,0,54,0,0,75,46;80,0,63,80,0,0,0,53,60,75;0,32,0,0,72,57,0,0,0,0;0,55,0,0,40,0,30,76,0,32;78,44,31,0,0,80,47,0,25,69;80,0,0,80,0,0,75,80,59,0;57,72,39,57,69,0,0,61,0,0;69,0,28,34,37,33,53,0,80,58;74,0,68,0,24,24,37,79,0,0;0,0,67,0,71,28,46,0,0,0
0,0,0,35,0,40,0,0,22,26;33,0,22,18,0,0,0,34,29,34;0,36,0,0,24,22,0,0,0,0;0,21,0,0,30,0,39,38,0,24;21,31,38,0,0,26,22,0,26,20;33,0,0,32,0,0,22,36,21,0;34,29,32,20,20,0,0,20,0,0;35,0,26,36,38,21,35,0,16,28;23,0,32,0,36,25,34,38,0,0;0,0,23,0,40,24,31,0,0,0
-10,15,0,-19,0,0,0,0,0,14
------------- End of Scenario k = 0 -------
0,0,0,66,0,42,0,0,23,29;29,0,80,80,0,0,0,55,46,37;0,48,0,0,22,44,0,0,0,0;0,71,0,0,67,0,29,50,0,48;30,53,49,0,0,80,37,0,61,66;80,0,0,80,0,0,48,80,74,0;72,73,34,26,22,0,0,36,0,0;57,0,46,36,65,26,45,0,80,76;63,0,37,0,21,51,36,67,0,0;0,0,78,0,36,47,39,0,0,0
0,0,0,22,0,39,0,0,32,25;39,0,34,28,0,0,0,24,30,27;0,25,0,0,38,38,0,0,0,0;0,35,0,0,40,0,33,21,0,27;27,37,36,0,0,18,31,0,30,30;12,0,0,17,0,0,22,21,31,0;39,29,38,32,30,0,0,21,0,0;38,0,34,23,26,38,38,0,40,31;35,0,38,0,32,28,29,34,0,0;0,0,23,0,37,22,40,0,0,0
-12,25,0,-23,0,0,0,0,0,10
------------- End of Scenario k = 1 -------
0,0,0,22,0,72,0,0,61,31;80,0,80,80,0,0,0,33,54,80;0,80,0,0,47,61,0,0,0,0;0,40,0,0,43,0,72,77,0,43;26,62,49,0,0,80,71,0,22,55;80,0,0,32,0,0,29,80,37,0;66,29,66,66,30,0,0,69,0,0;27,0,73,60,42,65,74,0,80,38;62,0,67,0,36,29,20,58,0,0;0,0,77,0,80,40,55,0,0,0
0,0,0,28,0,20,0,0,36,25;36,0,27,39,0,0,0,36,31,40;0,25,0,0,31,32,0,0,0,0;0,27,0,0,36,0,31,26,0,32;40,27,32,0,0,37,34,0,29,23;36,0,0,38,0,0,26,25,28,0;36,30,32,20,21,0,0,26,0,0;23,0,37,35,23,39,31,0,39,25;29,0,36,0,26,32,20,24,0,0;0,0,37,0,21,20,26,0,0,0
-21,23,0,-15,0,0,0,0,0,13
------------- End of Scenario k = 2 -------
0,0,0,33,0,34,0,0,60,71;69,0,80,80,0,0,0,41,61,60;0,70,0,0,39,25,0,0,0,0;0,28,0,0,56,0,28,34,0,54;32,37,43,0,0,80,36,0,43,47;51,0,0,47,0,0,41,80,20,0;25,41,48,61,41,0,0,50,0,0;34,0,59,24,25,29,49,0,23,36;76,0,38,0,40,38,67,42,0,0;0,0,21,0,80,78,63,0,0,0
0,0,0,20,0,23,0,0,33,40;27,0,37,38,0,0,0,30,30,21;0,36,0,0,25,35,0,0,0,0;0,22,0,0,36,0,31,39,0,40;36,20,39,0,0,34,33,0,32,24;30,0,0,29,0,0,29,26,28,0;20,25,24,27,37,0,0,39,0,0;28,0,26,39,28,33,40,0,36,25;33,0,39,0,32,30,37,38,0,0;0,0,29,0,33,38,24,0,0,0
-15,23,0,-30,0,0,0,0,0,22
------------- End of Scenario k = 3 -------
0,0,0,40,0,74,0,0,20,55;80,0,47,39,0,0,0,22,30,70;0,64,0,0,44,69,0,0,0,0;0,72,0,0,68,0,48,77,0,26;37,27,24,0,0,53,30,0,25,68;80,0,0,80,0,0,20,76,21,0;21,57,21,66,20,0,0,65,0,0;39,0,53,44,38,23,77,0,80,77;49,0,40,0,64,80,24,78,0,0;0,0,34,0,80,62,55,0,0,0
0,0,0,36,0,20,0,0,34,35;39,0,40,16,0,0,0,29,37,34;0,39,0,0,36,26,0,0,0,0;0,36,0,0,27,0,36,34,0,33;30,30,33,0,0,30,31,0,37,35;27,0,0,23,0,0,33,27,40,0;36,26,40,35,23,0,0,27,0,0;39,0,31,37,38,32,25,0,30,33;26,0,33,0,27,38,34,29,0,0;0,0,40,0,32,23,24,0,0,0
-17,16,0,-22,0,0,0,0,0,23
------------- End of Scenario k = 4 -------
0,0,0,73,0,61,0,0,80,31;21,0,80,80,0,0,0,53,64,79;0,28,0,0,55,43,0,0,0,0;0,65,0,0,58,0,62,79,0,63;47,67,32,0,0,80,65,0,77,71;67,0,0,80,0,0,65,80,53,0;20,58,43,23,23,0,0,50,0,0;46,0,56,52,60,43,59,0,47,50;71,0,54,0,24,29,36,39,0,0;0,0,77,0,72,38,53,0,0,0
0,0,0,22,0,30,0,0,38,32;35,0,31,40,0,0,0,27,31,31;0,21,0,0,27,22,0,0,0,0;0,27,0,0,37,0,35,38,0,30;23,26,29,0,0,40,37,0,35,36;40,0,0,31,0,0,35,32,27,0;37,21,33,27,31,0,0,28,0,0;31,0,30,35,31,38,35,0,31,33;25,0,32,0,23,20,40,31,0,0;0,0,38,0,33,31,20,0,0,0
-44,29,0,-13,0,0,0,0,0,28
------------- End of Scenario k = 5 -------
0,0,0,79,0,41,0,0,26,75;80,0,72,29,0,0,0,60,69,58;0,46,0,0,78,54,0,0,0,0;0,25,0,0,73,0,66,61,0,31;32,51,25,0,0,32,45,0,72,39;47,0,0,80,0,0,40,80,46,0;38,40,55,46,46,0,0,40,0,0;77,0,79,73,61,80,36,0,61,23;54,0,79,0,28,67,67,66,0,0;0,0,48,0,28,60,78,0,0,0
0,0,0,25,0,38,0,0,34,36;26,0,20,27,0,0,0,21,39,37;0,38,0,0,25,20,0,0,0,0;0,32,0,0,21,0,29,33,0,30;32,39,39,0,0,16,30,0,29,30;23,0,0,26,0,0,35,23,33,0;29,26,27,24,36,0,0,21,0,0;20,0,21,32,21,25,35,0,18,35;25,0,30,0,26,37,27,26,0,0;0,0,35,0,22,40,24,0,0,0
-3,18,0,-25,0,0,0,0,0,10
------------- End of Scenario k = 6 -------
0,0,0,22,0,58,0,0,30,52;55,0,55,80,0,0,0,52,65,41;0,27,0,0,45,44,0,0,0,0;0,37,0,0,23,0,29,25,0,31;27,32,62,0,0,40,56,0,33,57;80,0,0,61,0,0,80,80,47,0;69,33,22,53,41,0,0,69,0,0;45,0,80,45,21,76,50,0,80,63;69,0,79,0,48,41,41,36,0,0;0,0,55,0,80,35,58,0,0,0
0,0,0,38,0,25,0,0,28,21;29,0,28,26,0,0,0,21,28,33;0,21,0,0,24,26,0,0,0,0;0,31,0,0,30,0,36,31,0,36;22,27,28,0,0,38,24,0,33,27;36,0,0,34,0,0,23,38,27,0;23,35,22,21,29,0,0,21,0,0;39,0,39,35,33,37,29,0,35,39;26,0,28,0,27,24,38,25,0,0;0,0,23,0,35,40,28,0,0,0
-27,19,0,-21,0,0,0,0,0,29
------------- End of Scenario k = 7 -------
0,0,0,40,0,54,0,0,61,29;80,0,53,80,0,0,0,28,73,35;0,24,0,0,57,73,0,0,0,0;0,77,0,0,47,0,52,38,0,59;69,21,60,0,0,59,43,0,68,32;78,0,0,80,0,0,50,80,20,0;33,80,75,73,52,0,0,59,0,0;65,0,29,60,30,41,49,0,80,77;23,0,71,0,35,80,42,38,0,0;0,0,20,0,80,23,37,0,0,0
0,0,0,25,0,32,0,0,20,31;13,0,30,20,0,0,0,25,27,34;0,24,0,0,21,37,0,0,0,0;0,22,0,0,22,0,38,26,0,24;29,20,32,0,0,23,29,0,21,24;38,0,0,19,0,0,35,36,26,0;40,23,29,36,31,0,0,34,0,0;35,0,21,40,31,27,22,0,15,25;38,0,34,0,23,33,40,26,0,0;0,0,31,0,16,37,36,0,0,0
-13,13,0,-12,0,0,0,0,0,12
------------- End of Scenario k = 8 -------
0,0,0,24,0,71,0,0,76,23;31,0,47,80,0,0,0,24,63,33;0,42,0,0,55,28,0,0,0,0;0,20,0,0,23,0,62,75,0,35;31,25,72,0,0,49,80,0,40,68;28,0,0,80,0,0,21,20,56,0;67,79,61,24,76,0,0,66,0,0;59,0,21,50,24,46,28,0,80,24;44,0,55,0,45,79,34,48,0,0;0,0,56,0,31,34,45,0,0,0
0,0,0,25,0,33,0,0,27,32;37,0,31,27,0,0,0,25,24,24;0,39,0,0,35,30,0,0,0,0;0,26,0,0,38,0,31,33,0,34;33,39,37,0,0,38,29,0,30,36;39,0,0,30,0,0,38,39,31,0;38,40,31,20,20,0,0,29,0,0;24,0,21,36,22,22,36,0,36,39;30,0,32,0,24,25,34,37,0,0;0,0,36,0,35,35,29,0,0,0
-39,24,0,-15,0,0,0,0,0,30
------------- End of Scenario k = 9 -------
