/ -------------------------------------------------------------------------
An instance of the stochastic Fixed - charge Network Flow Problem using NETGEN.
/ -------------------------------------------------------------------------
Number of Nodes (no Dummy node is added), n
Graph Density, density
The fixed cost to variable cost ratio, f
Adjacency Matrix, A
Fixed Cost Matrix, c
Number of scenarios, K
Scenario Probabilities, p
----The following three rows will be repeated K times.----
Var Cost Matrix, d
Capacity, u
demand, b
/ -------------------------------------------------------------------------
+
10
0.3
200
0,0,0,0,0,0,0,0,0,0;1,0,1,1,1,0,0,0,1,0;0,0,0,1,0,1,0,0,0,0;0,1,0,0,1,0,1,0,0,0;1,0,0,0,0,1,1,1,1,0;0,1,0,0,0,0,0,1,0,0;1,0,1,0,1,1,0,0,0,0;1,0,0,0,0,1,0,0,0,1;1,0,0,0,0,0,1,0,0,0;0,0,0,0,0,0,0,0,1,0
0,0,0,0,0,0,0,0,0,0;13966,0,13360,9240,9860,0,0,0,9580,0;0,0,0,10113,0,12980,0,0,0,0;0,9673,0,0,9646,0,13700,0,0,0;9933,0,0,0,0,12493,10820,9633,13253,0;0,10906,0,0,0,0,0,9846,0,0;12966,0,9200,0,9186,13053,0,0,0,0;13933,0,0,0,0,12526,0,0,0,12833;12513,0,0,0,0,0,11600,0,0,0;0,0,0,0,0,0,0,0,10360,0
30
0.03,0.05,0.01,0.01,0.03,0.03,0.01,0.01,0.01,0.01,0.03,0.03,0.01,0.06,0.01,0.05,0.01,0.08,0.03,0.1,0.01,0.01,0.01,0.03,0.01,0.03,0.05,0.03,0.06,0.15
--Scenarios--
0,0,0,0,0,0,0,0,0,0;80,0,80,66,69,0,0,0,72,0;0,0,0,64,0,80,0,0,0,0;0,52,0,0,72,0,43,0,0,0;29,0,0,0,0,80,44,76,80,0;0,41,0,0,0,0,0,32,0,0;80,0,21,0,40,80,0,0,0,0;80,0,0,0,0,80,0,0,0,46;80,0,0,0,0,0,42,0,0,0;0,0,0,0,0,0,0,0,45,0
0,0,0,0,0,0,0,0,0,0;29,0,29,35,30,0,0,0,30,0;0,0,0,33,0,29,0,0,0,0;0,30,0,0,25,0,36,0,0,0;27,0,0,0,0,21,21,33,28,0;0,24,0,0,0,0,0,38,0,0;38,0,30,0,29,38,0,0,0,0;29,0,0,0,0,40,0,0,0,22;34,0,0,0,0,0,22,0,0,0;0,0,0,0,0,0,0,0,20,0
-37,29,0,24,13,-43,0,14,0,0
------------- End of Scenario k = 0 -------
0,0,0,0,0,0,0,0,0,0;80,0,42,21,70,0,0,0,40,0;0,0,0,52,0,54,0,0,0,0;0,38,0,0,54,0,35,0,0,0;72,0,0,0,0,80,26,31,33,0;0,34,0,0,0,0,0,29,0,0;76,0,26,0,21,80,0,0,0,0;80,0,0,0,0,80,0,0,0,80;80,0,0,0,0,0,37,0,0,0;0,0,0,0,0,0,0,0,37,0
0,0,0,0,0,0,0,0,0,0;19,0,30,26,29,0,0,0,29,0;0,0,0,21,0,27,0,0,0,0;0,23,0,0,27,0,22,0,0,0;21,0,0,0,0,22,23,30,26,0;0,39,0,0,0,0,0,22,0,0;20,0,39,0,31,23,0,0,0,0;31,0,0,0,0,40,0,0,0,30;17,0,0,0,0,0,32,0,0,0;0,0,0,0,0,0,0,0,32,0
-34,15,0,11,14,-36,0,30,0,0
------------- End of Scenario k = 1 -------
0,0,0,0,0,0,0,0,0,0;80,0,30,49,49,0,0,0,24,0;0,0,0,26,0,45,0,0,0,0;0,48,0,0,47,0,67,0,0,0;56,0,0,0,0,40,55,29,80,0;0,58,0,0,0,0,0,43,0,0;80,0,45,0,28,79,0,0,0,0;80,0,0,0,0,38,0,0,0,80;80,0,0,0,0,0,74,0,0,0;0,0,0,0,0,0,0,0,75,0
0,0,0,0,0,0,0,0,0,0;38,0,38,21,34,0,0,0,30,0;0,0,0,35,0,37,0,0,0,0;0,28,0,0,32,0,14,0,0,0;32,0,0,0,0,32,34,25,36,0;0,34,0,0,0,0,0,36,0,0;25,0,37,0,20,25,0,0,0,0;25,0,0,0,0,30,0,0,0,39;29,0,0,0,0,0,26,0,0,0;0,0,0,0,0,0,0,0,21,0
-38,29,0,14,28,-57,0,24,0,0
------------- End of Scenario k = 2 -------
0,0,0,0,0,0,0,0,0,0;80,0,80,50,32,0,0,0,69,0;0,0,0,44,0,75,0,0,0,0;0,41,0,0,64,0,62,0,0,0;36,0,0,0,0,80,53,42,80,0;0,44,0,0,0,0,0,70,0,0;50,0,30,0,52,28,0,0,0,0;80,0,0,0,0,34,0,0,0,80;26,0,0,0,0,0,79,0,0,0;0,0,0,0,0,0,0,0,65,0
0,0,0,0,0,0,0,0,0,0;29,0,30,28,26,0,0,0,34,0;0,0,0,24,0,25,0,0,0,0;0,38,0,0,26,0,32,0,0,0;33,0,0,0,0,31,32,21,36,0;0,35,0,0,0,0,0,40,0,0;38,0,26,0,33,13,0,0,0,0;32,0,0,0,0,21,0,0,0,21;27,0,0,0,0,0,20,0,0,0;0,0,0,0,0,0,0,0,24,0
-40,14,0,10,27,-24,0,13,0,0
------------- End of Scenario k = 3 -------
0,0,0,0,0,0,0,0,0,0;80,0,53,46,59,0,0,0,44,0;0,0,0,79,0,80,0,0,0,0;0,20,0,0,40,0,80,0,0,0;53,0,0,0,0,79,67,69,80,0;0,66,0,0,0,0,0,59,0,0;64,0,39,0,80,33,0,0,0,0;26,0,0,0,0,71,0,0,0,29;20,0,0,0,0,0,49,0,0,0;0,0,0,0,0,0,0,0,64,0
0,0,0,0,0,0,0,0,0,0;33,0,30,33,26,0,0,0,30,0;0,0,0,36,0,23,0,0,0,0;0,24,0,0,40,0,36,0,0,0;32,0,0,0,0,40,32,33,28,0;0,34,0,0,0,0,0,35,0,0;28,0,35,0,28,27,0,0,0,0;40,0,0,0,0,17,0,0,0,27;40,0,0,0,0,0,29,0,0,0;0,0,0,0,0,0,0,0,23,0
-48,10,0,27,27,-31,0,15,0,0
------------- End of Scenario k = 4 -------
0,0,0,0,0,0,0,0,0,0;56,0,48,26,37,0,0,0,52,0;0,0,0,68,0,72,0,0,0,0;0,61,0,0,37,0,80,0,0,0;44,0,0,0,0,58,21,66,80,0;0,50,0,0,0,0,0,68,0,0;23,0,30,0,53,80,0,0,0,0;80,0,0,0,0,26,0,0,0,80;80,0,0,0,0,0,57,0,0,0;0,0,0,0,0,0,0,0,45,0
0,0,0,0,0,0,0,0,0,0;31,0,40,20,28,0,0,0,20,0;0,0,0,33,0,27,0,0,0,0;0,34,0,0,30,0,31,0,0,0;39,0,0,0,0,34,26,31,30,0;0,32,0,0,0,0,0,33,0,0;35,0,21,0,26,33,0,0,0,0;40,0,0,0,0,21,0,0,0,31;38,0,0,0,0,0,31,0,0,0;0,0,0,0,0,0,0,0,32,0
-49,17,0,24,23,-36,0,21,0,0
------------- End of Scenario k = 5 -------
0,0,0,0,0,0,0,0,0,0;80,0,80,44,38,0,0,0,22,0;0,0,0,60,0,80,0,0,0,0;0,60,0,0,64,0,80,0,0,0;72,0,0,0,0,80,65,75,80,0;0,41,0,0,0,0,0,31,0,0;80,0,29,0,22,80,0,0,0,0;24,0,0,0,0,80,0,0,0,80;80,0,0,0,0,0,79,0,0,0;0,0,0,0,0,0,0,0,31,0
0,0,0,0,0,0,0,0,0,0;36,0,25,22,40,0,0,0,35,0;0,0,0,30,0,26,0,0,0,0;0,22,0,0,38,0,24,0,0,0;28,0,0,0,0,35,38,31,32,0;0,40,0,0,0,0,0,33,0,0;21,0,37,0,24,36,0,0,0,0;40,0,0,0,0,27,0,0,0,40;34,0,0,0,0,0,28,0,0,0;0,0,0,0,0,0,0,0,34,0
-43,18,0,18,29,-43,0,21,0,0
------------- End of Scenario k = 6 -------
0,0,0,0,0,0,0,0,0,0;80,0,80,46,30,0,0,0,69,0;0,0,0,55,0,80,0,0,0,0;0,29,0,0,20,0,80,0,0,0;59,0,0,0,0,23,74,63,62,0;0,52,0,0,0,0,0,45,0,0;26,0,68,0,46,80,0,0,0,0;80,0,0,0,0,80,0,0,0,47;80,0,0,0,0,0,39,0,0,0;0,0,0,0,0,0,0,0,48,0
0,0,0,0,0,0,0,0,0,0;33,0,16,37,35,0,0,0,28,0;0,0,0,37,0,21,0,0,0,0;0,23,0,0,24,0,30,0,0,0;31,0,0,0,0,32,39,35,28,0;0,38,0,0,0,0,0,32,0,0;34,0,37,0,40,36,0,0,0,0;35,0,0,0,0,29,0,0,0,15;36,0,0,0,0,0,36,0,0,0;0,0,0,0,0,0,0,0,37,0
-36,11,0,24,23,-34,0,12,0,0
------------- End of Scenario k = 7 -------
0,0,0,0,0,0,0,0,0,0;42,0,80,74,75,0,0,0,42,0;0,0,0,66,0,51,0,0,0,0;0,27,0,0,27,0,80,0,0,0;20,0,0,0,0,34,60,33,34,0;0,39,0,0,0,0,0,73,0,0;80,0,73,0,33,80,0,0,0,0;80,0,0,0,0,80,0,0,0,55;80,0,0,0,0,0,69,0,0,0;0,0,0,0,0,0,0,0,60,0
0,0,0,0,0,0,0,0,0,0;19,0,33,32,37,0,0,0,22,0;0,0,0,27,0,33,0,0,0,0;0,25,0,0,38,0,27,0,0,0;25,0,0,0,0,37,20,25,32,0;0,26,0,0,0,0,0,20,0,0;35,0,30,0,21,26,0,0,0,0;37,0,0,0,0,31,0,0,0,36;22,0,0,0,0,0,40,0,0,0;0,0,0,0,0,0,0,0,21,0
-62,18,0,19,13,-14,0,26,0,0
------------- End of Scenario k = 8 -------
0,0,0,0,0,0,0,0,0,0;80,0,80,22,56,0,0,0,54,0;0,0,0,45,0,69,0,0,0,0;0,29,0,0,66,0,78,0,0,0;79,0,0,0,0,80,80,44,80,0;0,58,0,0,0,0,0,47,0,0;80,0,38,0,37,32,0,0,0,0;80,0,0,0,0,75,0,0,0,76;78,0,0,0,0,0,80,0,0,0;0,0,0,0,0,0,0,0,25,0
0,0,0,0,0,0,0,0,0,0;35,0,32,28,28,0,0,0,20,0;0,0,0,20,0,14,0,0,0,0;0,29,0,0,26,0,36,0,0,0;37,0,0,0,0,23,22,36,29,0;0,33,0,0,0,0,0,22,0,0;24,0,21,0,32,35,0,0,0,0;40,0,0,0,0,14,0,0,0,32;33,0,0,0,0,0,23,0,0,0;0,0,0,0,0,0,0,0,39,0
-28,11,0,16,22,-35,0,14,0,0
------------- End of Scenario k = 9 -------
0,0,0,0,0,0,0,0,0,0;80,0,80,60,31,0,0,0,55,0;0,0,0,21,0,80,0,0,0,0;0,58,0,0,68,0,80,0,0,0;28,0,0,0,0,80,46,51,80,0;0,76,0,0,0,0,0,45,0,0;80,0,61,0,20,80,0,0,0,0;80,0,0,0,0,80,0,0,0,67;34,0,0,0,0,0,56,0,0,0;0,0,0,0,0,0,0,0,39,0
0,0,0,0,0,0,0,0,0,0;21,0,34,28,36,0,0,0,28,0;0,0,0,24,0,40,0,0,0,0;0,26,0,0,24,0,25,0,0,0;28,0,0,0,0,12,29,34,31,0;0,29,0,0,0,0,0,20,0,0;31,0,24,0,21,26,0,0,0,0;29,0,0,0,0,39,0,0,0,20;27,0,0,0,0,0,38,0,0,0;0,0,0,0,0,0,0,0,36,0
-27,11,0,19,10,-33,0,20,0,0
------------- End of Scenario k = 10 -------
0,0,0,0,0,0,0,0,0,0;80,0,80,59,72,0,0,0,25,0;0,0,0,43,0,46,0,0,0,0;0,49,0,0,57,0,30,0,0,0;48,0,0,0,0,80,40,33,33,0;0,37,0,0,0,0,0,32,0,0;80,0,75,0,33,80,0,0,0,0;80,0,0,0,0,79,0,0,0,80;56,0,0,0,0,0,61,0,0,0;0,0,0,0,0,0,0,0,21,0
0,0,0,0,0,0,0,0,0,0;37,0,34,37,30,0,0,0,32,0;0,0,0,23,0,38,0,0,0,0;0,38,0,0,34,0,21,0,0,0;29,0,0,0,0,29,28,40,26,0;0,21,0,0,0,0,0,27,0,0;30,0,34,0,27,34,0,0,0,0;26,0,0,0,0,38,0,0,0,33;40,0,0,0,0,0,30,0,0,0;0,0,0,0,0,0,0,0,40,0
-53,30,0,17,25,-45,0,26,0,0
------------- End of Scenario k = 11 -------
0,0,0,0,0,0,0,0,0,0;23,0,20,37,60,0,0,0,80,0;0,0,0,68,0,77,0,0,0,0;0,42,0,0,40,0,80,0,0,0;35,0,0,0,0,80,63,26,80,0;0,65,0,0,0,0,0,70,0,0;30,0,71,0,64,80,0,0,0,0;41,0,0,0,0,80,0,0,0,60;80,0,0,0,0,0,27,0,0,0;0,0,0,0,0,0,0,0,56,0
0,0,0,0,0,0,0,0,0,0;34,0,40,24,30,0,0,0,22,0;0,0,0,32,0,35,0,0,0,0;0,29,0,0,32,0,39,0,0,0;32,0,0,0,0,25,23,37,38,0;0,27,0,0,0,0,0,35,0,0;37,0,38,0,39,37,0,0,0,0;37,0,0,0,0,25,0,0,0,32;25,0,0,0,0,0,23,0,0,0;0,0,0,0,0,0,0,0,26,0
-56,22,0,30,23,-41,0,22,0,0
------------- End of Scenario k = 12 -------
0,0,0,0,0,0,0,0,0,0;80,0,61,43,24,0,0,0,44,0;0,0,0,34,0,80,0,0,0,0;0,42,0,0,42,0,80,0,0,0;33,0,0,0,0,80,70,26,80,0;0,65,0,0,0,0,0,29,0,0;23,0,22,0,39,80,0,0,0,0;80,0,0,0,0,62,0,0,0,40;75,0,0,0,0,0,64,0,0,0;0,0,0,0,0,0,0,0,66,0
0,0,0,0,0,0,0,0,0,0;27,0,29,34,36,0,0,0,26,0;0,0,0,35,0,20,0,0,0,0;0,37,0,0,21,0,37,0,0,0;21,0,0,0,0,13,34,36,39,0;0,33,0,0,0,0,0,39,0,0;40,0,21,0,31,38,0,0,0,0;22,0,0,0,0,32,0,0,0,35;25,0,0,0,0,0,35,0,0,0;0,0,0,0,0,0,0,0,21,0
-53,14,0,24,10,-16,0,21,0,0
------------- End of Scenario k = 13 -------
0,0,0,0,0,0,0,0,0,0;80,0,80,44,52,0,0,0,53,0;0,0,0,66,0,80,0,0,0,0;0,69,0,0,23,0,57,0,0,0;58,0,0,0,0,29,23,47,80,0;0,80,0,0,0,0,0,30,0,0;80,0,66,0,26,80,0,0,0,0;80,0,0,0,0,42,0,0,0,30;80,0,0,0,0,0,74,0,0,0;0,0,0,0,0,0,0,0,52,0
0,0,0,0,0,0,0,0,0,0;34,0,33,20,22,0,0,0,26,0;0,0,0,22,0,35,0,0,0,0;0,34,0,0,27,0,26,0,0,0;34,0,0,0,0,30,31,32,30,0;0,23,0,0,0,0,0,27,0,0;27,0,27,0,36,33,0,0,0,0;33,0,0,0,0,26,0,0,0,35;39,0,0,0,0,0,30,0,0,0;0,0,0,0,0,0,0,0,27,0
-58,30,0,23,25,-39,0,19,0,0
------------- End of Scenario k = 14 -------
0,0,0,0,0,0,0,0,0,0;37,0,71,24,33,0,0,0,35,0;0,0,0,36,0,58,0,0,0,0;0,31,0,0,73,0,55,0,0,0;33,0,0,0,0,63,79,20,43,0;0,47,0,0,0,0,0,43,0,0;75,0,51,0,75,31,0,0,0,0;65,0,0,0,0,64,0,0,0,64;54,0,0,0,0,0,69,0,0,0;0,0,0,0,0,0,0,0,33,0
0,0,0,0,0,0,0,0,0,0;31,0,36,39,21,0,0,0,30,0;0,0,0,36,0,39,0,0,0,0;0,35,0,0,21,0,30,0,0,0;22,0,0,0,0,28,38,32,30,0;0,35,0,0,0,0,0,39,0,0;28,0,33,0,34,25,0,0,0,0;39,0,0,0,0,34,0,0,0,38;40,0,0,0,0,0,23,0,0,0;0,0,0,0,0,0,0,0,36,0
-62,30,0,25,16,-38,0,29,0,0
------------- End of Scenario k = 15 -------
0,0,0,0,0,0,0,0,0,0;42,0,80,51,79,0,0,0,32,0;0,0,0,41,0,80,0,0,0,0;0,37,0,0,28,0,34,0,0,0;72,0,0,0,0,62,28,30,29,0;0,41,0,0,0,0,0,34,0,0;80,0,51,0,33,38,0,0,0,0;52,0,0,0,0,34,0,0,0,80;35,0,0,0,0,0,40,0,0,0;0,0,0,0,0,0,0,0,51,0
0,0,0,0,0,0,0,0,0,0;31,0,22,27,20,0,0,0,23,0;0,0,0,38,0,21,0,0,0,0;0,28,0,0,38,0,27,0,0,0;35,0,0,0,0,35,36,33,24,0;0,23,0,0,0,0,0,31,0,0;17,0,34,0,29,23,0,0,0,0;19,0,0,0,0,17,0,0,0,39;27,0,0,0,0,0,25,0,0,0;0,0,0,0,0,0,0,0,38,0
-54,21,0,15,20,-16,0,14,0,0
------------- End of Scenario k = 16 -------
0,0,0,0,0,0,0,0,0,0;80,0,80,37,42,0,0,0,41,0;0,0,0,21,0,63,0,0,0,0;0,72,0,0,47,0,80,0,0,0;23,0,0,0,0,35,75,29,80,0;0,25,0,0,0,0,0,45,0,0;80,0,39,0,49,79,0,0,0,0;80,0,0,0,0,41,0,0,0,80;64,0,0,0,0,0,32,0,0,0;0,0,0,0,0,0,0,0,59,0
0,0,0,0,0,0,0,0,0,0;39,0,38,32,34,0,0,0,40,0;0,0,0,39,0,25,0,0,0,0;0,26,0,0,31,0,31,0,0,0;21,0,0,0,0,29,30,38,25,0;0,31,0,0,0,0,0,35,0,0;40,0,38,0,28,33,0,0,0,0;29,0,0,0,0,32,0,0,0,38;20,0,0,0,0,0,26,0,0,0;0,0,0,0,0,0,0,0,32,0
-34,25,0,30,17,-65,0,27,0,0
------------- End of Scenario k = 17 -------
0,0,0,0,0,0,0,0,0,0;53,0,80,20,55,0,0,0,77,0;0,0,0,30,0,35,0,0,0,0;0,60,0,0,43,0,80,0,0,0;57,0,0,0,0,35,27,73,80,0;0,75,0,0,0,0,0,73,0,0;63,0,41,0,62,80,0,0,0,0;76,0,0,0,0,73,0,0,0,80;61,0,0,0,0,0,43,0,0,0;0,0,0,0,0,0,0,0,45,0
0,0,0,0,0,0,0,0,0,0;16,0,25,25,32,0,0,0,28,0;0,0,0,35,0,30,0,0,0,0;0,30,0,0,32,0,38,0,0,0;29,0,0,0,0,37,25,28,16,0;0,27,0,0,0,0,0,39,0,0;27,0,24,0,20,29,0,0,0,0;37,0,0,0,0,34,0,0,0,36;17,0,0,0,0,0,35,0,0,0;0,0,0,0,0,0,0,0,30,0
-51,15,0,12,11,-11,0,24,0,0
------------- End of Scenario k = 18 -------
0,0,0,0,0,0,0,0,0,0;80,0,80,77,61,0,0,0,62,0;0,0,0,46,0,33,0,0,0,0;0,27,0,0,50,0,80,0,0,0;61,0,0,0,0,48,49,66,69,0;0,67,0,0,0,0,0,70,0,0;59,0,27,0,20,24,0,0,0,0;80,0,0,0,0,80,0,0,0,80;80,0,0,0,0,0,75,0,0,0;0,0,0,0,0,0,0,0,54,0
0,0,0,0,0,0,0,0,0,0;24,0,37,31,21,0,0,0,28,0;0,0,0,38,0,24,0,0,0,0;0,23,0,0,27,0,40,0,0,0;27,0,0,0,0,39,33,23,34,0;0,22,0,0,0,0,0,25,0,0;34,0,20,0,34,29,0,0,0,0;36,0,0,0,0,31,0,0,0,31;34,0,0,0,0,0,31,0,0,0;0,0,0,0,0,0,0,0,29,0
-63,21,0,27,30,-45,0,30,0,0
------------- End of Scenario k = 19 -------
0,0,0,0,0,0,0,0,0,0;31,0,80,76,63,0,0,0,35,0;0,0,0,36,0,80,0,0,0,0;0,73,0,0,37,0,80,0,0,0;67,0,0,0,0,39,71,32,40,0;0,40,0,0,0,0,0,48,0,0;80,0,37,0,47,80,0,0,0,0;80,0,0,0,0,80,0,0,0,29;80,0,0,0,0,0,47,0,0,0;0,0,0,0,0,0,0,0,39,0
0,0,0,0,0,0,0,0,0,0;28,0,31,21,28,0,0,0,20,0;0,0,0,37,0,27,0,0,0,0;0,28,0,0,24,0,37,0,0,0;22,0,0,0,0,27,21,37,27,0;0,36,0,0,0,0,0,28,0,0;36,0,25,0,37,35,0,0,0,0;39,0,0,0,0,30,0,0,0,19;35,0,0,0,0,0,37,0,0,0;0,0,0,0,0,0,0,0,38,0
-38,24,0,25,17,-40,0,12,0,0
------------- End of Scenario k = 20 -------
0,0,0,0,0,0,0,0,0,0;80,0,41,39,60,0,0,0,27,0;0,0,0,60,0,80,0,0,0,0;0,79,0,0,30,0,30,0,0,0;41,0,0,0,0,80,29,56,75,0;0,30,0,0,0,0,0,69,0,0;74,0,52,0,29,80,0,0,0,0;80,0,0,0,0,80,0,0,0,80;80,0,0,0,0,0,69,0,0,0;0,0,0,0,0,0,0,0,78,0
0,0,0,0,0,0,0,0,0,0;22,0,26,31,30,0,0,0,26,0;0,0,0,37,0,36,0,0,0,0;0,38,0,0,20,0,23,0,0,0;40,0,0,0,0,13,27,25,30,0;0,24,0,0,0,0,0,27,0,0;14,0,30,0,38,33,0,0,0,0;27,0,0,0,0,38,0,0,0,33;37,0,0,0,0,0,40,0,0,0;0,0,0,0,0,0,0,0,30,0
-27,21,0,14,10,-40,0,22,0,0
------------- End of Scenario k = 21 -------
0,0,0,0,0,0,0,0,0,0;80,0,80,53,40,0,0,0,46,0;0,0,0,64,0,80,0,0,0,0;0,36,0,0,30,0,80,0,0,0;60,0,0,0,0,43,69,35,49,0;0,64,0,0,0,0,0,48,0,0;80,0,52,0,60,48,0,0,0,0;80,0,0,0,0,80,0,0,0,76;25,0,0,0,0,0,71,0,0,0;0,0,0,0,0,0,0,0,71,0
0,0,0,0,0,0,0,0,0,0;23,0,23,21,31,0,0,0,28,0;0,0,0,40,0,38,0,0,0,0;0,28,0,0,27,0,37,0,0,0;40,0,0,0,0,38,33,22,31,0;0,22,0,0,0,0,0,36,0,0;30,0,33,0,21,36,0,0,0,0;37,0,0,0,0,26,0,0,0,33;34,0,0,0,0,0,24,0,0,0;0,0,0,0,0,0,0,0,30,0
-48,23,0,29,21,-48,0,23,0,0
------------- End of Scenario k = 22 -------
0,0,0,0,0,0,0,0,0,0;80,0,77,24,37,0,0,0,79,0;0,0,0,73,0,67,0,0,0,0;0,37,0,0,64,0,80,0,0,0;48,0,0,0,0,75,65,35,80,0;0,73,0,0,0,0,0,55,0,0;80,0,69,0,60,80,0,0,0,0;80,0,0,0,0,35,0,0,0,80;28,0,0,0,0,0,63,0,0,0;0,0,0,0,0,0,0,0,65,0
0,0,0,0,0,0,0,0,0,0;22,0,38,20,20,0,0,0,21,0;0,0,0,22,0,19,0,0,0,0;0,33,0,0,28,0,37,0,0,0;26,0,0,0,0,33,33,31,19,0;0,39,0,0,0,0,0,33,0,0;29,0,35,0,30,16,0,0,0,0;15,0,0,0,0,12,0,0,0,32;23,0,0,0,0,0,23,0,0,0;0,0,0,0,0,0,0,0,34,0
-42,18,0,13,18,-19,0,12,0,0
------------- End of Scenario k = 23 -------
0,0,0,0,0,0,0,0,0,0;80,0,80,26,28,0,0,0,50,0;0,0,0,41,0,32,0,0,0,0;0,69,0,0,60,0,80,0,0,0;46,0,0,0,0,54,62,58,80,0;0,76,0,0,0,0,0,63,0,0;80,0,42,0,24,80,0,0,0,0;57,0,0,0,0,43,0,0,0,80;80,0,0,0,0,0,76,0,0,0;0,0,0,0,0,0,0,0,54,0
0,0,0,0,0,0,0,0,0,0;36,0,18,32,37,0,0,0,36,0;0,0,0,27,0,40,0,0,0,0;0,31,0,0,32,0,28,0,0,0;36,0,0,0,0,29,27,31,32,0;0,20,0,0,0,0,0,30,0,0;38,0,24,0,23,37,0,0,0,0;33,0,0,0,0,30,0,0,0,35;22,0,0,0,0,0,29,0,0,0;0,0,0,0,0,0,0,0,23,0
-37,16,0,28,21,-58,0,30,0,0
------------- End of Scenario k = 24 -------
0,0,0,0,0,0,0,0,0,0;56,0,26,49,38,0,0,0,62,0;0,0,0,39,0,80,0,0,0,0;0,68,0,0,53,0,75,0,0,0;70,0,0,0,0,80,65,78,38,0;0,30,0,0,0,0,0,31,0,0;52,0,60,0,58,80,0,0,0,0;28,0,0,0,0,44,0,0,0,80;80,0,0,0,0,0,38,0,0,0;0,0,0,0,0,0,0,0,51,0
0,0,0,0,0,0,0,0,0,0;19,0,39,35,23,0,0,0,27,0;0,0,0,26,0,21,0,0,0,0;0,33,0,0,26,0,39,0,0,0;31,0,0,0,0,36,29,28,35,0;0,30,0,0,0,0,0,22,0,0;26,0,35,0,23,26,0,0,0,0;38,0,0,0,0,33,0,0,0,29;26,0,0,0,0,0,20,0,0,0;0,0,0,0,0,0,0,0,29,0
-52,13,0,26,20,-34,0,27,0,0
------------- End of Scenario k = 25 -------
0,0,0,0,0,0,0,0,0,0;80,0,71,45,63,0,0,0,23,0;0,0,0,72,0,80,0,0,0,0;0,65,0,0,52,0,80,0,0,0;29,0,0,0,0,80,68,76,64,0;0,73,0,0,0,0,0,27,0,0;22,0,29,0,80,37,0,0,0,0;45,0,0,0,0,35,0,0,0,20;21,0,0,0,0,0,38,0,0,0;0,0,0,0,0,0,0,0,49,0
0,0,0,0,0,0,0,0,0,0;32,0,15,32,26,0,0,0,31,0;0,0,0,34,0,34,0,0,0,0;0,24,0,0,40,0,37,0,0,0;36,0,0,0,0,29,34,24,36,0;0,23,0,0,0,0,0,36,0,0;32,0,36,0,25,33,0,0,0,0;39,0,0,0,0,34,0,0,0,22;22,0,0,0,0,0,26,0,0,0;0,0,0,0,0,0,0,0,31,0
-52,10,0,29,14,-22,0,21,0,0
------------- End of Scenario k = 26 -------
0,0,0,0,0,0,0,0,0,0;80,0,24,71,72,0,0,0,49,0;0,0,0,53,0,80,0,0,0,0;0,39,0,0,46,0,80,0,0,0;64,0,0,0,0,80,59,31,59,0;0,69,0,0,0,0,0,61,0,0;80,0,39,0,71,80,0,0,0,0;80,0,0,0,0,74,0,0,0,36;80,0,0,0,0,0,76,0,0,0;0,0,0,0,0,0,0,0,46,0
0,0,0,0,0,0,0,0,0,0;35,0,33,20,23,0,0,0,25,0;0,0,0,24,0,40,0,0,0,0;0,29,0,0,33,0,40,0,0,0;26,0,0,0,0,33,36,37,34,0;0,37,0,0,0,0,0,27,0,0;32,0,40,0,34,28,0,0,0,0;33,0,0,0,0,35,0,0,0,38;36,0,0,0,0,0,24,0,0,0;0,0,0,0,0,0,0,0,27,0
-45,18,0,26,30,-58,0,29,0,0
------------- End of Scenario k = 27 -------
0,0,0,0,0,0,0,0,0,0;75,0,80,54,21,0,0,0,41,0;0,0,0,68,0,23,0,0,0,0;0,36,0,0,53,0,67,0,0,0;64,0,0,0,0,80,62,69,80,0;0,75,0,0,0,0,0,47,0,0;80,0,24,0,76,51,0,0,0,0;76,0,0,0,0,49,0,0,0,50;20,0,0,0,0,0,45,0,0,0;0,0,0,0,0,0,0,0,80,0
0,0,0,0,0,0,0,0,0,0;22,0,38,29,37,0,0,0,33,0;0,0,0,32,0,38,0,0,0,0;0,22,0,0,25,0,30,0,0,0;35,0,0,0,0,38,35,22,32,0;0,24,0,0,0,0,0,40,0,0;24,0,40,0,20,37,0,0,0,0;17,0,0,0,0,17,0,0,0,37;29,0,0,0,0,0,27,0,0,0;0,0,0,0,0,0,0,0,22,0
-23,16,0,18,20,-43,0,12,0,0
------------- End of Scenario k = 28 -------
0,0,0,0,0,0,0,0,0,0;80,0,80,53,33,0,0,0,33,0;0,0,0,46,0,27,0,0,0,0;0,57,0,0,60,0,62,0,0,0;33,0,0,0,0,37,28,46,80,0;0,45,0,0,0,0,0,60,0,0;28,0,73,0,40,38,0,0,0,0;80,0,0,0,0,80,0,0,0,80;80,0,0,0,0,0,71,0,0,0;0,0,0,0,0,0,0,0,50,0
0,0,0,0,0,0,0,0,0,0;35,0,31,38,21,0,0,0,29,0;0,0,0,33,0,38,0,0,0,0;0,25,0,0,24,0,27,0,0,0;26,0,0,0,0,39,37,22,33,0;0,33,0,0,0,0,0,27,0,0;34,0,35,0,35,27,0,0,0,0;14,0,0,0,0,30,0,0,0,12;25,0,0,0,0,0,22,0,0,0;0,0,0,0,0,0,0,0,34,0
-46,26,0,25,23,-38,0,10,0,0
------------- End of Scenario k = 29 -------
