/ -------------------------------------------------------------------------
An instance of the stochastic Fixed - charge Network Flow Problem using NETGEN.
/ -------------------------------------------------------------------------
Number of Nodes (no Dummy node is added), n
Graph Density, density
The fixed cost to variable cost ratio, f
Adjacency Matrix, A
Fixed Cost Matrix, c
Number of scenarios, K
Scenario Probabilities, p
----The following three rows will be repeated K times.----
Var Cost Matrix, d
Capacity, u
demand, b
/ -------------------------------------------------------------------------
+
10
0.3
200
0,0,0,0,0,0,1,0,0,1;1,0,1,1,0,0,0,0,1,1;1,0,0,1,0,0,0,0,0,0;0,1,0,0,0,0,1,0,1,1;1,0,0,0,0,0,1,1,1,1;0,0,0,0,0,0,0,0,0,0;1,0,0,1,1,0,0,0,0,1;0,0,0,1,1,1,0,0,0,1;1,0,0,0,0,0,0,0,0,0;0,0,0,0,0,0,0,0,0,0
0,0,0,0,0,0,10340,0,0,11466;13773,0,12246,10286,0,0,0,0,9700,10860;9713,0,0,13393,0,0,0,0,0,0;0,8986,0,0,0,0,10180,0,9806,10886;12413,0,0,0,0,0,12973,11026,11900,9686;0,0,0,0,0,0,0,0,0,0;9713,0,0,10413,11006,0,0,0,0,8940;0,0,0,9886,12793,13419,0,0,0,12726;10833,0,0,0,0,0,0,0,0,0;0,0,0,0,0,0,0,0,0,0
30
0.08,0.01,0.01,0.01,0.01,0.01,0.06,0.13,0.03,0.01,0.05,0.06,0.01,0.01,0.03,0.03,0.01,0.01,0.05,0.01,0.03,0.01,0.03,0.03,0.03,0.03,0.01,0.01,0.03,0.16
--Scenarios--
0,0,0,0,0,0,67,0,0,71;47,0,41,64,0,0,0,0,23,35;38,0,0,80,0,0,0,0,0,0;0,60,0,0,0,0,71,0,72,38;80,0,0,0,0,0,24,57,80,55;0,0,0,0,0,0,0,0,0,0;39,0,0,23,77,0,0,0,0,30;0,0,0,71,80,80,0,0,0,49;42,0,0,0,0,0,0,0,0,0;0,0,0,0,0,0,0,0,0,0
0,0,0,0,0,0,24,0,0,30;27,0,37,24,0,0,0,0,29,33;38,0,0,29,0,0,0,0,0,0;0,32,0,0,0,0,23,0,25,38;20,0,0,0,0,0,39,29,37,24;0,0,0,0,0,0,0,0,0,0;26,0,0,37,23,0,0,0,0,26;0,0,0,40,17,21,0,0,0,37;37,0,0,0,0,0,0,0,0,0;0,0,0,0,0,0,0,0,0,0
-22,19,0,0,0,-2,-5,11,0,-1
------------- End of Scenario k = 0 -------
0,0,0,0,0,0,43,0,0,22;51,0,80,20,0,0,0,0,37,36;51,0,0,80,0,0,0,0,0,0;0,21,0,0,0,0,25,0,44,30;24,0,0,0,0,0,80,77,80,70;0,0,0,0,0,0,0,0,0,0;49,0,0,37,79,0,0,0,0,53;0,0,0,70,46,80,0,0,0,80;33,0,0,0,0,0,0,0,0,0;0,0,0,0,0,0,0,0,0,0
0,0,0,0,0,0,26,0,0,24;17,0,33,27,0,0,0,0,35,36;20,0,0,23,0,0,0,0,0,0;0,38,0,0,0,0,36,0,32,33;25,0,0,0,0,0,19,40,32,36;0,0,0,0,0,0,0,0,0,0;39,0,0,26,22,0,0,0,0,22;0,0,0,23,33,36,0,0,0,35;40,0,0,0,0,0,0,0,0,0;0,0,0,0,0,0,0,0,0,0
-14,12,0,0,0,-1,-6,10,0,-1
------------- End of Scenario k = 1 -------
0,0,0,0,0,0,52,0,0,72;80,0,27,22,0,0,0,0,57,49;66,0,0,80,0,0,0,0,0,0;0,65,0,0,0,0,56,0,42,79;80,0,0,0,0,0,64,59,80,36;0,0,0,0,0,0,0,0,0,0;77,0,0,63,62,0,0,0,0,67;0,0,0,37,80,80,0,0,0,65;47,0,0,0,0,0,0,0,0,0;0,0,0,0,0,0,0,0,0,0
0,0,0,0,0,0,21,0,0,39;38,0,29,34,0,0,0,0,32,23;29,0,0,29,0,0,0,0,0,0;0,38,0,0,0,0,22,0,36,39;36,0,0,0,0,0,34,35,36,34;0,0,0,0,0,0,0,0,0,0;28,0,0,32,34,0,0,0,0,34;0,0,0,21,38,31,0,0,0,40;40,0,0,0,0,0,0,0,0,0;0,0,0,0,0,0,0,0,0,0
-29,28,0,0,0,-1,-8,29,0,-19
------------- End of Scenario k = 2 -------
0,0,0,0,0,0,73,0,0,67;80,0,80,64,0,0,0,0,24,31;34,0,0,25,0,0,0,0,0,0;0,42,0,0,0,0,21,0,51,73;80,0,0,0,0,0,40,22,41,68;0,0,0,0,0,0,0,0,0,0;53,0,0,41,39,0,0,0,0,76;0,0,0,50,23,80,0,0,0,80;76,0,0,0,0,0,0,0,0,0;0,0,0,0,0,0,0,0,0,0
0,0,0,0,0,0,21,0,0,31;24,0,32,25,0,0,0,0,35,26;34,0,0,35,0,0,0,0,0,0;0,40,0,0,0,0,36,0,24,34;35,0,0,0,0,0,22,21,31,22;0,0,0,0,0,0,0,0,0,0;33,0,0,33,30,0,0,0,0,40;0,0,0,39,18,24,0,0,0,27;36,0,0,0,0,0,0,0,0,0;0,0,0,0,0,0,0,0,0,0
-24,21,0,0,0,-3,-5,13,0,-2
------------- End of Scenario k = 3 -------
0,0,0,0,0,0,46,0,0,69;80,0,70,75,0,0,0,0,45,72;28,0,0,80,0,0,0,0,0,0;0,69,0,0,0,0,59,0,75,25;80,0,0,0,0,0,80,27,80,35;0,0,0,0,0,0,0,0,0,0;58,0,0,70,53,0,0,0,0,46;0,0,0,45,80,40,0,0,0,80;45,0,0,0,0,0,0,0,0,0;0,0,0,0,0,0,0,0,0,0
0,0,0,0,0,0,40,0,0,32;19,0,35,31,0,0,0,0,29,32;31,0,0,27,0,0,0,0,0,0;0,25,0,0,0,0,36,0,20,35;21,0,0,0,0,0,21,25,30,32;0,0,0,0,0,0,0,0,0,0;26,0,0,23,23,0,0,0,0,30;0,0,0,40,25,28,0,0,0,35;40,0,0,0,0,0,0,0,0,0;0,0,0,0,0,0,0,0,0,0
-21,19,0,0,0,-5,-4,15,0,-4
------------- End of Scenario k = 4 -------
0,0,0,0,0,0,80,0,0,29;65,0,20,39,0,0,0,0,61,40;38,0,0,23,0,0,0,0,0,0;0,30,0,0,0,0,47,0,78,22;80,0,0,0,0,0,80,60,80,21;0,0,0,0,0,0,0,0,0,0;36,0,0,72,60,0,0,0,0,39;0,0,0,60,28,36,0,0,0,58;40,0,0,0,0,0,0,0,0,0;0,0,0,0,0,0,0,0,0,0
0,0,0,0,0,0,40,0,0,37;36,0,29,28,0,0,0,0,32,24;39,0,0,35,0,0,0,0,0,0;0,32,0,0,0,0,31,0,40,36;38,0,0,0,0,0,15,32,16,27;0,0,0,0,0,0,0,0,0,0;33,0,0,24,21,0,0,0,0,27;0,0,0,29,28,24,0,0,0,36;30,0,0,0,0,0,0,0,0,0;0,0,0,0,0,0,0,0,0,0
-30,28,0,0,0,-2,-1,11,0,-6
------------- End of Scenario k = 5 -------
0,0,0,0,0,0,36,0,0,38;80,0,80,35,0,0,0,0,61,66;28,0,0,76,0,0,0,0,0,0;0,44,0,0,0,0,55,0,35,59;33,0,0,0,0,0,77,49,80,29;0,0,0,0,0,0,0,0,0,0;36,0,0,43,47,0,0,0,0,36;0,0,0,30,80,80,0,0,0,80;33,0,0,0,0,0,0,0,0,0;0,0,0,0,0,0,0,0,0,0
0,0,0,0,0,0,39,0,0,28;39,0,39,25,0,0,0,0,20,40;38,0,0,33,0,0,0,0,0,0;0,24,0,0,0,0,40,0,33,24;31,0,0,0,0,0,23,30,12,38;0,0,0,0,0,0,0,0,0,0;28,0,0,33,39,0,0,0,0,30;0,0,0,33,24,21,0,0,0,14;31,0,0,0,0,0,0,0,0,0;0,0,0,0,0,0,0,0,0,0
-29,24,0,0,0,-4,-1,11,0,-1
------------- End of Scenario k = 6 -------
0,0,0,0,0,0,53,0,0,77;80,0,72,49,0,0,0,0,80,59;57,0,0,60,0,0,0,0,0,0;0,24,0,0,0,0,76,0,59,48;23,0,0,0,0,0,80,60,76,39;0,0,0,0,0,0,0,0,0,0;73,0,0,63,52,0,0,0,0,27;0,0,0,74,63,64,0,0,0,80;78,0,0,0,0,0,0,0,0,0;0,0,0,0,0,0,0,0,0,0
0,0,0,0,0,0,37,0,0,28;32,0,28,35,0,0,0,0,34,23;34,0,0,31,0,0,0,0,0,0;0,37,0,0,0,0,21,0,37,21;36,0,0,0,0,0,22,23,24,29;0,0,0,0,0,0,0,0,0,0;37,0,0,30,25,0,0,0,0,26;0,0,0,34,31,35,0,0,0,24;39,0,0,0,0,0,0,0,0,0;0,0,0,0,0,0,0,0,0,0
-33,28,0,0,0,-6,-3,17,0,-3
------------- End of Scenario k = 7 -------
0,0,0,0,0,0,76,0,0,76;80,0,47,62,0,0,0,0,75,71;52,0,0,80,0,0,0,0,0,0;0,43,0,0,0,0,51,0,45,72;25,0,0,0,0,0,80,44,80,57;0,0,0,0,0,0,0,0,0,0;36,0,0,76,62,0,0,0,0,20;0,0,0,32,54,60,0,0,0,80;48,0,0,0,0,0,0,0,0,0;0,0,0,0,0,0,0,0,0,0
0,0,0,0,0,0,28,0,0,40;31,0,21,35,0,0,0,0,36,28;21,0,0,21,0,0,0,0,0,0;0,31,0,0,0,0,36,0,37,39;29,0,0,0,0,0,36,29,31,22;0,0,0,0,0,0,0,0,0,0;28,0,0,32,23,0,0,0,0,21;0,0,0,35,35,32,0,0,0,30;33,0,0,0,0,0,0,0,0,0;0,0,0,0,0,0,0,0,0,0
-26,17,0,0,0,-1,-17,29,0,-2
------------- End of Scenario k = 8 -------
0,0,0,0,0,0,67,0,0,70;35,0,80,35,0,0,0,0,73,61;59,0,0,80,0,0,0,0,0,0;0,78,0,0,0,0,78,0,43,25;80,0,0,0,0,0,35,66,35,61;0,0,0,0,0,0,0,0,0,0;40,0,0,58,59,0,0,0,0,35;0,0,0,57,80,53,0,0,0,65;80,0,0,0,0,0,0,0,0,0;0,0,0,0,0,0,0,0,0,0
0,0,0,0,0,0,22,0,0,37;37,0,23,32,0,0,0,0,29,27;23,0,0,16,0,0,0,0,0,0;0,40,0,0,0,0,38,0,27,33;28,0,0,0,0,0,30,39,22,30;0,0,0,0,0,0,0,0,0,0;25,0,0,37,33,0,0,0,0,24;0,0,0,36,18,39,0,0,0,39;33,0,0,0,0,0,0,0,0,0;0,0,0,0,0,0,0,0,0,0
-16,15,0,0,0,-3,-9,17,0,-4
------------- End of Scenario k = 9 -------
0,0,0,0,0,0,44,0,0,32;80,0,80,58,0,0,0,0,27,39;32,0,0,54,0,0,0,0,0,0;0,57,0,0,0,0,55,0,21,60;80,0,0,0,0,0,20,80,31,42;0,0,0,0,0,0,0,0,0,0;52,0,0,63,41,0,0,0,0,24;0,0,0,23,80,52,0,0,0,80;50,0,0,0,0,0,0,0,0,0;0,0,0,0,0,0,0,0,0,0
0,0,0,0,0,0,24,0,0,25;40,0,39,24,0,0,0,0,35,34;35,0,0,36,0,0,0,0,0,0;0,27,0,0,0,0,33,0,40,21;21,0,0,0,0,0,30,29,31,22;0,0,0,0,0,0,0,0,0,0;21,0,0,22,33,0,0,0,0,26;0,0,0,24,39,30,0,0,0,29;33,0,0,0,0,0,0,0,0,0;0,0,0,0,0,0,0,0,0,0
-36,30,0,0,0,-11,-1,19,0,-1
------------- End of Scenario k = 10 -------
0,0,0,0,0,0,62,0,0,46;80,0,80,66,0,0,0,0,36,29;32,0,0,80,0,0,0,0,0,0;0,36,0,0,0,0,71,0,67,33;69,0,0,0,0,0,27,44,80,21;0,0,0,0,0,0,0,0,0,0;52,0,0,35,61,0,0,0,0,27;0,0,0,46,80,54,0,0,0,80;44,0,0,0,0,0,0,0,0,0;0,0,0,0,0,0,0,0,0,0
0,0,0,0,0,0,21,0,0,34;29,0,33,24,0,0,0,0,31,37;35,0,0,33,0,0,0,0,0,0;0,31,0,0,0,0,34,0,32,27;29,0,0,0,0,0,40,37,39,21;0,0,0,0,0,0,0,0,0,0;27,0,0,35,21,0,0,0,0,27;0,0,0,21,26,29,0,0,0,34;38,0,0,0,0,0,0,0,0,0;0,0,0,0,0,0,0,0,0,0
-27,26,0,0,0,-6,-12,26,0,-7
------------- End of Scenario k = 11 -------
0,0,0,0,0,0,47,0,0,34;80,0,20,57,0,0,0,0,66,70;68,0,0,80,0,0,0,0,0,0;0,45,0,0,0,0,29,0,47,68;29,0,0,0,0,0,80,47,43,22;0,0,0,0,0,0,0,0,0,0;76,0,0,33,74,0,0,0,0,70;0,0,0,51,32,80,0,0,0,80;54,0,0,0,0,0,0,0,0,0;0,0,0,0,0,0,0,0,0,0
0,0,0,0,0,0,39,0,0,28;34,0,28,39,0,0,0,0,35,33;30,0,0,33,0,0,0,0,0,0;0,27,0,0,0,0,39,0,29,37;24,0,0,0,0,0,40,40,36,23;0,0,0,0,0,0,0,0,0,0;25,0,0,27,27,0,0,0,0,32;0,0,0,22,36,34,0,0,0,38;26,0,0,0,0,0,0,0,0,0;0,0,0,0,0,0,0,0,0,0
-20,18,0,0,0,-16,-1,22,0,-3
------------- End of Scenario k = 12 -------
0,0,0,0,0,0,35,0,0,80;80,0,80,39,0,0,0,0,21,29;70,0,0,80,0,0,0,0,0,0;0,51,0,0,0,0,51,0,31,25;58,0,0,0,0,0,24,79,44,76;0,0,0,0,0,0,0,0,0,0;57,0,0,27,77,0,0,0,0,41;0,0,0,22,42,80,0,0,0,31;72,0,0,0,0,0,0,0,0,0;0,0,0,0,0,0,0,0,0,0
0,0,0,0,0,0,25,0,0,28;30,0,21,28,0,0,0,0,28,25;37,0,0,31,0,0,0,0,0,0;0,32,0,0,0,0,28,0,29,39;30,0,0,0,0,0,36,38,23,25;0,0,0,0,0,0,0,0,0,0;25,0,0,27,39,0,0,0,0,37;0,0,0,39,23,32,0,0,0,32;38,0,0,0,0,0,0,0,0,0;0,0,0,0,0,0,0,0,0,0
-25,19,0,0,0,-9,-4,20,0,-1
------------- End of Scenario k = 13 -------
0,0,0,0,0,0,24,0,0,67;80,0,56,33,0,0,0,0,49,67;26,0,0,80,0,0,0,0,0,0;0,31,0,0,0,0,76,0,26,55;80,0,0,0,0,0,80,54,72,44;0,0,0,0,0,0,0,0,0,0;48,0,0,77,68,0,0,0,0,38;0,0,0,67,36,80,0,0,0,47;73,0,0,0,0,0,0,0,0,0;0,0,0,0,0,0,0,0,0,0
0,0,0,0,0,0,38,0,0,36;26,0,32,25,0,0,0,0,27,40;21,0,0,40,0,0,0,0,0,0;0,20,0,0,0,0,28,0,32,23;31,0,0,0,0,0,37,31,18,36;0,0,0,0,0,0,0,0,0,0;24,0,0,31,32,0,0,0,0,40;0,0,0,37,20,38,0,0,0,20;26,0,0,0,0,0,0,0,0,0;0,0,0,0,0,0,0,0,0,0
-26,24,0,0,0,-3,-3,12,0,-4
------------- End of Scenario k = 14 -------
0,0,0,0,0,0,72,0,0,60;68,0,46,41,0,0,0,0,34,28;53,0,0,69,0,0,0,0,0,0;0,27,0,0,0,0,54,0,48,72;80,0,0,0,0,0,80,30,25,75;0,0,0,0,0,0,0,0,0,0;64,0,0,38,31,0,0,0,0,26;0,0,0,52,38,80,0,0,0,62;44,0,0,0,0,0,0,0,0,0;0,0,0,0,0,0,0,0,0,0
0,0,0,0,0,0,23,0,0,28;20,0,25,32,0,0,0,0,21,38;40,0,0,37,0,0,0,0,0,0;0,25,0,0,0,0,23,0,21,21;38,0,0,0,0,0,38,29,36,39;0,0,0,0,0,0,0,0,0,0;32,0,0,39,20,0,0,0,0,21;0,0,0,29,28,35,0,0,0,35;31,0,0,0,0,0,0,0,0,0;0,0,0,0,0,0,0,0,0,0
-20,17,0,0,0,-12,-2,25,0,-8
------------- End of Scenario k = 15 -------
0,0,0,0,0,0,77,0,0,73;48,0,80,67,0,0,0,0,77,63;64,0,0,52,0,0,0,0,0,0;0,76,0,0,0,0,48,0,48,71;80,0,0,0,0,0,80,70,80,67;0,0,0,0,0,0,0,0,0,0;22,0,0,40,63,0,0,0,0,50;0,0,0,57,80,25,0,0,0,80;55,0,0,0,0,0,0,0,0,0;0,0,0,0,0,0,0,0,0,0
0,0,0,0,0,0,39,0,0,28;26,0,20,24,0,0,0,0,27,24;24,0,0,39,0,0,0,0,0,0;0,20,0,0,0,0,37,0,24,24;38,0,0,0,0,0,35,28,33,25;0,0,0,0,0,0,0,0,0,0;28,0,0,23,31,0,0,0,0,21;0,0,0,37,39,32,0,0,0,32;26,0,0,0,0,0,0,0,0,0;0,0,0,0,0,0,0,0,0,0
-24,15,0,0,0,-11,-6,29,0,-3
------------- End of Scenario k = 16 -------
0,0,0,0,0,0,32,0,0,72;45,0,25,46,0,0,0,0,29,76;72,0,0,32,0,0,0,0,0,0;0,23,0,0,0,0,59,0,57,45;80,0,0,0,0,0,80,41,80,78;0,0,0,0,0,0,0,0,0,0;77,0,0,49,75,0,0,0,0,33;0,0,0,42,80,80,0,0,0,46;76,0,0,0,0,0,0,0,0,0;0,0,0,0,0,0,0,0,0,0
0,0,0,0,0,0,34,0,0,37;23,0,40,31,0,0,0,0,21,29;32,0,0,15,0,0,0,0,0,0;0,29,0,0,0,0,32,0,28,37;37,0,0,0,0,0,39,30,35,32;0,0,0,0,0,0,0,0,0,0;31,0,0,34,37,0,0,0,0,39;0,0,0,25,34,38,0,0,0,31;21,0,0,0,0,0,0,0,0,0;0,0,0,0,0,0,0,0,0,0
-12,10,0,0,0,-13,-5,25,0,-5
------------- End of Scenario k = 17 -------
0,0,0,0,0,0,29,0,0,39;53,0,80,46,0,0,0,0,31,80;34,0,0,80,0,0,0,0,0,0;0,39,0,0,0,0,66,0,22,27;45,0,0,0,0,0,60,78,31,33;0,0,0,0,0,0,0,0,0,0;59,0,0,35,71,0,0,0,0,28;0,0,0,40,36,80,0,0,0,27;54,0,0,0,0,0,0,0,0,0;0,0,0,0,0,0,0,0,0,0
0,0,0,0,0,0,36,0,0,40;31,0,35,27,0,0,0,0,37,24;23,0,0,36,0,0,0,0,0,0;0,39,0,0,0,0,29,0,24,36;38,0,0,0,0,0,25,30,29,40;0,0,0,0,0,0,0,0,0,0;32,0,0,36,24,0,0,0,0,39;0,0,0,28,28,23,0,0,0,21;40,0,0,0,0,0,0,0,0,0;0,0,0,0,0,0,0,0,0,0
-29,27,0,0,0,-8,-7,19,0,-2
------------- End of Scenario k = 18 -------
0,0,0,0,0,0,30,0,0,45;80,0,80,80,0,0,0,0,27,71;70,0,0,59,0,0,0,0,0,0;0,38,0,0,0,0,78,0,73,70;80,0,0,0,0,0,80,55,57,23;0,0,0,0,0,0,0,0,0,0;58,0,0,63,36,0,0,0,0,35;0,0,0,71,80,31,0,0,0,80;71,0,0,0,0,0,0,0,0,0;0,0,0,0,0,0,0,0,0,0
0,0,0,0,0,0,38,0,0,32;28,0,36,26,0,0,0,0,28,37;31,0,0,31,0,0,0,0,0,0;0,36,0,0,0,0,25,0,40,27;31,0,0,0,0,0,39,28,35,20;0,0,0,0,0,0,0,0,0,0;32,0,0,35,21,0,0,0,0,22;0,0,0,37,35,36,0,0,0,37;36,0,0,0,0,0,0,0,0,0;0,0,0,0,0,0,0,0,0,0
-33,19,0,0,0,-1,-1,29,0,-13
------------- End of Scenario k = 19 -------
0,0,0,0,0,0,75,0,0,68;80,0,79,55,0,0,0,0,78,62;57,0,0,80,0,0,0,0,0,0;0,70,0,0,0,0,34,0,62,61;80,0,0,0,0,0,80,71,72,41;0,0,0,0,0,0,0,0,0,0;40,0,0,39,32,0,0,0,0,78;0,0,0,35,59,62,0,0,0,80;70,0,0,0,0,0,0,0,0,0;0,0,0,0,0,0,0,0,0,0
0,0,0,0,0,0,25,0,0,26;38,0,30,21,0,0,0,0,25,40;34,0,0,23,0,0,0,0,0,0;0,29,0,0,0,0,28,0,37,31;34,0,0,0,0,0,36,35,38,35;0,0,0,0,0,0,0,0,0,0;24,0,0,40,36,0,0,0,0,37;0,0,0,23,32,32,0,0,0,35;21,0,0,0,0,0,0,0,0,0;0,0,0,0,0,0,0,0,0,0
-24,22,0,0,0,-4,-1,25,0,-18
------------- End of Scenario k = 20 -------
0,0,0,0,0,0,53,0,0,61;37,0,38,38,0,0,0,0,29,26;44,0,0,61,0,0,0,0,0,0;0,61,0,0,0,0,72,0,58,60;56,0,0,0,0,0,42,28,80,60;0,0,0,0,0,0,0,0,0,0;40,0,0,65,32,0,0,0,0,21;0,0,0,75,70,80,0,0,0,47;30,0,0,0,0,0,0,0,0,0;0,0,0,0,0,0,0,0,0,0
0,0,0,0,0,0,30,0,0,39;32,0,29,20,0,0,0,0,25,36;21,0,0,37,0,0,0,0,0,0;0,23,0,0,0,0,22,0,37,21;27,0,0,0,0,0,34,37,37,36;0,0,0,0,0,0,0,0,0,0;39,0,0,35,26,0,0,0,0,20;0,0,0,33,27,36,0,0,0,32;29,0,0,0,0,0,0,0,0,0;0,0,0,0,0,0,0,0,0,0
-34,27,0,0,0,-5,-5,24,0,-7
------------- End of Scenario k = 21 -------
0,0,0,0,0,0,39,0,0,54;80,0,80,77,0,0,0,0,29,73;64,0,0,55,0,0,0,0,0,0;0,58,0,0,0,0,34,0,41,54;80,0,0,0,0,0,80,31,80,40;0,0,0,0,0,0,0,0,0,0;39,0,0,60,28,0,0,0,0,48;0,0,0,61,80,80,0,0,0,80;73,0,0,0,0,0,0,0,0,0;0,0,0,0,0,0,0,0,0,0
0,0,0,0,0,0,22,0,0,27;35,0,22,36,0,0,0,0,40,26;20,0,0,29,0,0,0,0,0,0;0,38,0,0,0,0,40,0,33,39;28,0,0,0,0,0,36,39,34,21;0,0,0,0,0,0,0,0,0,0;21,0,0,27,31,0,0,0,0,30;0,0,0,30,35,29,0,0,0,37;35,0,0,0,0,0,0,0,0,0;0,0,0,0,0,0,0,0,0,0
-24,14,0,0,0,-2,-10,26,0,-4
------------- End of Scenario k = 22 -------
0,0,0,0,0,0,71,0,0,24;80,0,27,63,0,0,0,0,41,22;24,0,0,51,0,0,0,0,0,0;0,30,0,0,0,0,34,0,65,63;80,0,0,0,0,0,80,57,61,35;0,0,0,0,0,0,0,0,0,0;34,0,0,75,44,0,0,0,0,60;0,0,0,31,80,80,0,0,0,80;25,0,0,0,0,0,0,0,0,0;0,0,0,0,0,0,0,0,0,0
0,0,0,0,0,0,31,0,0,21;34,0,29,35,0,0,0,0,20,40;37,0,0,21,0,0,0,0,0,0;0,35,0,0,0,0,29,0,30,35;22,0,0,0,0,0,34,39,20,21;0,0,0,0,0,0,0,0,0,0;26,0,0,30,39,0,0,0,0,35;0,0,0,33,22,30,0,0,0,40;39,0,0,0,0,0,0,0,0,0;0,0,0,0,0,0,0,0,0,0
-29,21,0,0,0,-5,-2,19,0,-4
------------- End of Scenario k = 23 -------
0,0,0,0,0,0,59,0,0,80;80,0,80,42,0,0,0,0,63,69;43,0,0,80,0,0,0,0,0,0;0,44,0,0,0,0,37,0,42,61;80,0,0,0,0,0,80,61,57,75;0,0,0,0,0,0,0,0,0,0;22,0,0,40,73,0,0,0,0,30;0,0,0,20,80,80,0,0,0,37;49,0,0,0,0,0,0,0,0,0;0,0,0,0,0,0,0,0,0,0
0,0,0,0,0,0,34,0,0,23;32,0,25,20,0,0,0,0,35,39;31,0,0,23,0,0,0,0,0,0;0,30,0,0,0,0,39,0,32,30;27,0,0,0,0,0,25,31,37,33;0,0,0,0,0,0,0,0,0,0;25,0,0,32,33,0,0,0,0,30;0,0,0,35,33,31,0,0,0,39;26,0,0,0,0,0,0,0,0,0;0,0,0,0,0,0,0,0,0,0
-21,17,0,0,0,0,-5,19,0,-10
------------- End of Scenario k = 24 -------
0,0,0,0,0,0,58,0,0,41;80,0,32,57,0,0,0,0,30,71;65,0,0,42,0,0,0,0,0,0;0,25,0,0,0,0,20,0,39,64;48,0,0,0,0,0,60,77,27,48;0,0,0,0,0,0,0,0,0,0;41,0,0,47,51,0,0,0,0,72;0,0,0,70,80,80,0,0,0,29;51,0,0,0,0,0,0,0,0,0;0,0,0,0,0,0,0,0,0,0
0,0,0,0,0,0,34,0,0,40;30,0,37,26,0,0,0,0,23,31;40,0,0,34,0,0,0,0,0,0;0,37,0,0,0,0,23,0,25,36;39,0,0,0,0,0,33,22,38,20;0,0,0,0,0,0,0,0,0,0;26,0,0,36,33,0,0,0,0,30;0,0,0,38,35,39,0,0,0,32;21,0,0,0,0,0,0,0,0,0;0,0,0,0,0,0,0,0,0,0
-31,24,0,0,0,-3,-5,30,0,-15
------------- End of Scenario k = 25 -------
0,0,0,0,0,0,32,0,0,57;36,0,80,79,0,0,0,0,63,80;62,0,0,80,0,0,0,0,0,0;0,30,0,0,0,0,58,0,29,73;27,0,0,0,0,0,80,52,36,32;0,0,0,0,0,0,0,0,0,0;24,0,0,53,43,0,0,0,0,42;0,0,0,37,80,80,0,0,0,80;29,0,0,0,0,0,0,0,0,0;0,0,0,0,0,0,0,0,0,0
0,0,0,0,0,0,27,0,0,27;31,0,36,40,0,0,0,0,20,27;32,0,0,30,0,0,0,0,0,0;0,29,0,0,0,0,27,0,31,21;33,0,0,0,0,0,39,37,37,23;0,0,0,0,0,0,0,0,0,0;27,0,0,35,30,0,0,0,0,36;0,0,0,23,31,32,0,0,0,36;34,0,0,0,0,0,0,0,0,0;0,0,0,0,0,0,0,0,0,0
-20,13,0,0,0,-2,-7,18,0,-2
------------- End of Scenario k = 26 -------
0,0,0,0,0,0,24,0,0,74;80,0,66,24,0,0,0,0,47,64;78,0,0,80,0,0,0,0,0,0;0,20,0,0,0,0,29,0,73,64;48,0,0,0,0,0,80,73,62,60;0,0,0,0,0,0,0,0,0,0;37,0,0,57,62,0,0,0,0,77;0,0,0,23,32,53,0,0,0,37;57,0,0,0,0,0,0,0,0,0;0,0,0,0,0,0,0,0,0,0
0,0,0,0,0,0,21,0,0,25;31,0,35,39,0,0,0,0,31,34;29,0,0,37,0,0,0,0,0,0;0,37,0,0,0,0,40,0,27,34;35,0,0,0,0,0,40,30,29,23;0,0,0,0,0,0,0,0,0,0;37,0,0,20,38,0,0,0,0,37;0,0,0,30,38,34,0,0,0,29;39,0,0,0,0,0,0,0,0,0;0,0,0,0,0,0,0,0,0,0
-19,12,0,0,0,-15,-6,29,0,-1
------------- End of Scenario k = 27 -------
0,0,0,0,0,0,51,0,0,63;61,0,51,64,0,0,0,0,79,69;22,0,0,80,0,0,0,0,0,0;0,59,0,0,0,0,50,0,53,68;20,0,0,0,0,0,80,74,29,44;0,0,0,0,0,0,0,0,0,0;80,0,0,43,68,0,0,0,0,60;0,0,0,77,80,57,0,0,0,29;73,0,0,0,0,0,0,0,0,0;0,0,0,0,0,0,0,0,0,0
0,0,0,0,0,0,36,0,0,39;34,0,19,23,0,0,0,0,37,34;35,0,0,17,0,0,0,0,0,0;0,23,0,0,0,0,32,0,22,35;30,0,0,0,0,0,29,27,26,21;0,0,0,0,0,0,0,0,0,0;24,0,0,30,20,0,0,0,0,25;0,0,0,34,18,17,0,0,0,34;37,0,0,0,0,0,0,0,0,0;0,0,0,0,0,0,0,0,0,0
-17,15,0,0,0,-5,-1,13,0,-5
------------- End of Scenario k = 28 -------
0,0,0,0,0,0,44,0,0,59;80,0,80,46,0,0,0,0,63,21;26,0,0,70,0,0,0,0,0,0;0,52,0,0,0,0,33,0,25,68;77,0,0,0,0,0,33,31,26,66;0,0,0,0,0,0,0,0,0,0;38,0,0,77,31,0,0,0,0,52;0,0,0,57,80,66,0,0,0,80;53,0,0,0,0,0,0,0,0,0;0,0,0,0,0,0,0,0,0,0
0,0,0,0,0,0,26,0,0,30;27,0,32,36,0,0,0,0,38,24;37,0,0,32,0,0,0,0,0,0;0,25,0,0,0,0,24,0,21,36;27,0,0,0,0,0,34,30,28,31;0,0,0,0,0,0,0,0,0,0;22,0,0,32,39,0,0,0,0,33;0,0,0,23,29,14,0,0,0,29;30,0,0,0,0,0,0,0,0,0;0,0,0,0,0,0,0,0,0,0
-32,25,0,0,0,-2,-3,13,0,-1
------------- End of Scenario k = 29 -------
