/ -------------------------------------------------------------------------
An instance of the stochastic Fixed - charge Network Flow Problem using NETGEN.
/ -------------------------------------------------------------------------
Number of Nodes (no Dummy node is added), n
Graph Density, density
The fixed cost to variable cost ratio, f
Adjacency Matrix, A
Fixed Cost Matrix, c
Number of scenarios, K
Scenario Probabilities, p
----The following three rows will be repeated K times.----
Var Cost Matrix, d
Capacity, u
demand, b
/ -------------------------------------------------------------------------
+
10
0.6
200
0,0,1,0,1,0,0,0,1,1;0,0,1,0,0,1,0,1,1,1;1,1,0,0,1,1,1,1,1,1;0,1,1,0,1,0,1,1,0,1;1,1,1,0,0,0,0,0,1,1;1,1,0,1,0,0,1,1,0,0;1,0,0,1,0,0,0,1,1,0;0,1,1,1,0,0,1,0,1,0;1,1,1,1,1,1,1,1,0,1;0,0,1,0,0,0,1,1,0,0
0,0,9800,0,8780,0,0,0,10570,9580;0,0,12320,0,0,10020,0,8380,10770,9920;13119,9250,0,0,12030,9180,9990,8900,9860,7820;0,10760,8470,0,9740,0,9360,10360,0,9450;9630,10470,10310,0,0,0,0,0,8350,8880;10570,10010,0,9240,0,0,10770,11920,0,0;10030,0,0,8440,0,0,0,10700,10010,0;0,10480,8430,13169,0,0,8830,0,12850,0;11900,9130,9400,10200,9300,10230,10600,9530,0,12460;0,0,9160,0,0,0,13150,9900,0,0
20
0.02,0.05,0.02,0.2,0.05,0.05,0.02,0.07,0.05,0.02,0.02,0.12,0.02,0.05,0.02,0.02,0.05,0.02,0.05,0.08
--Scenarios--
0,0,74,0,77,0,0,0,50,44;0,0,63,0,0,43,0,77,52,76;80,26,0,0,71,31,72,41,68,42;0,30,38,0,79,0,48,23,0,37;39,31,58,0,0,0,0,0,37,20;62,76,0,29,0,0,70,80,0,0;26,0,0,74,0,0,0,72,50,0;0,61,61,80,0,0,63,0,80,0;68,70,40,55,28,57,55,29,0,67;0,0,62,0,0,0,49,34,0,0
0,0,29,0,38,0,0,0,27,24;0,0,28,0,0,27,0,39,36,39;32,40,0,0,29,20,30,22,38,35;0,36,23,0,21,0,21,37,0,20;30,33,30,0,0,0,0,0,39,35;38,24,0,29,0,0,20,22,0,0;37,0,0,35,0,0,0,37,27,0;0,40,31,29,0,0,31,0,35,0;23,36,30,21,30,40,30,22,0,15;0,0,34,0,0,0,34,21,0,0
-22,21,0,-7,0,10,-2,0,0,0
------------- End of Scenario k = 0 -------
0,0,80,0,25,0,0,0,24,73;0,0,24,0,0,71,0,62,21,56;44,67,0,0,80,72,26,34,38,56;0,58,45,0,33,0,21,46,0,40;68,66,25,0,0,0,0,0,31,22;21,26,0,20,0,0,72,70,0,0;34,0,0,57,0,0,0,50,76,0;0,79,28,80,0,0,38,0,80,0;80,26,22,79,63,26,38,69,0,60;0,0,23,0,0,0,50,75,0,0
0,0,39,0,39,0,0,0,21,30;0,0,26,0,0,21,0,38,32,24;22,27,0,0,31,25,22,27,20,40;0,32,23,0,20,0,32,35,0,27;39,23,33,0,0,0,0,0,32,22;34,25,0,28,0,0,40,32,0,0;28,0,0,39,0,0,0,37,38,0;0,40,22,23,0,0,21,0,25,0;24,30,26,31,35,30,24,36,0,27;0,0,21,0,0,0,33,38,0,0
-19,18,0,-3,0,23,-19,0,0,0
------------- End of Scenario k = 1 -------
0,0,56,0,20,0,0,0,53,63;0,0,32,0,0,70,0,29,50,68;80,57,0,0,40,21,47,69,30,38;0,64,44,0,24,0,37,45,0,59;47,72,67,0,0,0,0,0,74,75;38,36,0,64,0,0,42,62,0,0;67,0,0,29,0,0,0,74,30,0;0,26,21,62,0,0,47,0,42,0;64,40,67,34,42,57,57,75,0,30;0,0,41,0,0,0,80,65,0,0
0,0,37,0,33,0,0,0,31,27;0,0,19,0,0,31,0,36,36,31;13,20,0,0,19,23,30,20,32,38;0,22,22,0,38,0,33,33,0,21;32,36,21,0,0,0,0,0,40,22;29,27,0,37,0,0,29,30,0,0;27,0,0,39,0,0,0,23,35,0;0,34,23,39,0,0,22,0,33,0;40,32,37,37,37,30,37,25,0,35;0,0,20,0,0,0,39,33,0,0
-26,13,0,-2,0,30,-15,0,0,0
------------- End of Scenario k = 2 -------
0,0,73,0,61,0,0,0,44,21;0,0,80,0,0,27,0,39,74,62;24,22,0,0,80,54,50,74,40,25;0,68,24,0,61,0,47,72,0,29;34,78,60,0,0,0,0,0,47,58;57,53,0,59,0,0,60,21,0,0;26,0,0,23,0,0,0,66,67,0;0,45,35,75,0,0,51,0,45,0;80,53,50,38,47,50,57,51,0,80;0,0,46,0,0,0,80,41,0,0
0,0,24,0,30,0,0,0,22,24;0,0,29,0,0,33,0,32,25,37;26,30,0,0,26,28,32,29,39,21;0,22,22,0,39,0,20,31,0,29;25,35,25,0,0,0,0,0,36,32;39,33,0,25,0,0,32,29,0,0;40,0,0,28,0,0,0,24,27,0;0,31,32,37,0,0,37,0,35,0;39,26,27,31,26,25,36,28,0,34;0,0,22,0,0,0,37,21,0,0
-40,24,0,-2,0,22,-4,0,0,0
------------- End of Scenario k = 3 -------
0,0,36,0,57,0,0,0,34,51;0,0,80,0,0,49,0,53,57,41;37,54,0,0,80,47,20,49,59,61;0,77,73,0,44,0,20,31,0,29;72,37,44,0,0,0,0,0,34,20;61,56,0,73,0,0,71,29,0,0;46,0,0,70,0,0,0,25,32,0;0,57,22,80,0,0,58,0,59,0;22,39,25,35,47,72,79,25,0,77;0,0,40,0,0,0,36,65,0,0
0,0,36,0,32,0,0,0,38,33;0,0,31,0,0,34,0,23,26,25;33,29,0,0,29,29,25,35,35,24;0,38,28,0,32,0,39,32,0,37;38,36,33,0,0,0,0,0,32,28;35,29,0,21,0,0,38,30,0,0;28,0,0,26,0,0,0,30,38,0;0,23,32,31,0,0,36,0,34,0;32,34,33,33,34,32,22,21,0,32;0,0,33,0,0,0,31,33,0,0
-19,17,0,-19,0,29,-8,0,0,0
------------- End of Scenario k = 4 -------
0,0,37,0,48,0,0,0,46,80;0,0,43,0,0,30,0,32,66,64;67,34,0,0,56,65,69,41,70,26;0,36,66,0,46,0,65,73,0,55;29,80,37,0,0,0,0,0,38,21;53,44,0,50,0,0,63,80,0,0;46,0,0,27,0,0,0,41,56,0;0,49,41,80,0,0,64,0,31,0;59,56,53,65,51,47,58,23,0,37;0,0,55,0,0,0,49,65,0,0
0,0,26,0,21,0,0,0,36,30;0,0,34,0,0,31,0,24,36,26;28,23,0,0,30,22,21,21,28,27;0,39,39,0,22,0,32,25,0,37;35,21,39,0,0,0,0,0,32,23;34,39,0,33,0,0,24,28,0,0;38,0,0,40,0,0,0,33,23,0;0,23,33,30,0,0,31,0,33,0;30,26,36,39,39,29,39,40,0,28;0,0,28,0,0,0,28,34,0,0
-27,26,0,-11,0,13,-1,0,0,0
------------- End of Scenario k = 5 -------
0,0,69,0,37,0,0,0,56,33;0,0,27,0,0,50,0,78,51,20;80,30,0,0,80,20,58,39,52,25;0,64,66,0,62,0,31,60,0,65;65,24,23,0,0,0,0,0,28,78;41,20,0,32,0,0,27,31,0,0;61,0,0,78,0,0,0,33,25,0;0,61,63,22,0,0,42,0,62,0;80,35,28,36,63,39,44,60,0,70;0,0,45,0,0,0,80,61,0,0
0,0,29,0,36,0,0,0,35,25;0,0,15,0,0,30,0,32,30,26;18,33,0,0,28,23,25,36,37,30;0,22,32,0,37,0,38,23,0,20;33,39,36,0,0,0,0,0,28,35;27,22,0,34,0,0,40,33,0,0;32,0,0,40,0,0,0,23,39,0;0,40,27,31,0,0,40,0,35,0;35,25,27,30,22,20,38,37,0,36;0,0,21,0,0,0,31,28,0,0
-17,11,0,-11,0,17,0,0,0,0
------------- End of Scenario k = 6 -------
0,0,41,0,33,0,0,0,66,60;0,0,80,0,0,22,0,20,69,43;80,66,0,0,80,20,43,30,47,33;0,39,27,0,47,0,22,32,0,48;65,46,28,0,0,0,0,0,51,38;74,31,0,78,0,0,49,80,0,0;60,0,0,50,0,0,0,46,61,0;0,73,61,57,0,0,23,0,80,0;40,22,36,59,37,57,74,28,0,32;0,0,32,0,0,0,76,56,0,0
0,0,32,0,25,0,0,0,22,22;0,0,40,0,0,32,0,29,20,25;36,30,0,0,33,23,20,22,38,20;0,29,34,0,34,0,36,37,0,23;25,37,26,0,0,0,0,0,29,23;40,26,0,27,0,0,32,37,0,0;31,0,0,33,0,0,0,22,37,0;0,33,39,34,0,0,26,0,32,0;30,32,21,37,20,29,30,25,0,34;0,0,26,0,0,0,39,26,0,0
-24,22,0,-14,0,29,-13,0,0,0
------------- End of Scenario k = 7 -------
0,0,21,0,29,0,0,0,72,55;0,0,61,0,0,79,0,49,65,20;80,55,0,0,23,64,23,22,65,46;0,25,20,0,59,0,31,70,0,38;47,48,71,0,0,0,0,0,63,22;69,67,0,20,0,0,43,37,0,0;44,0,0,20,0,0,0,80,49,0;0,48,69,56,0,0,23,0,71,0;68,27,55,46,47,62,79,34,0,80;0,0,55,0,0,0,80,70,0,0
0,0,36,0,37,0,0,0,22,24;0,0,39,0,0,25,0,35,25,34;32,35,0,0,39,21,35,40,21,23;0,25,21,0,37,0,36,22,0,34;40,27,24,0,0,0,0,0,38,35;25,21,0,24,0,0,27,30,0,0;28,0,0,35,0,0,0,24,31,0;0,37,21,36,0,0,26,0,27,0;28,27,26,36,34,37,30,20,0,25;0,0,34,0,0,0,38,39,0,0
-40,26,0,-1,0,22,-7,0,0,0
------------- End of Scenario k = 8 -------
0,0,58,0,47,0,0,0,33,21;0,0,80,0,0,44,0,22,69,49;80,47,0,0,27,59,68,46,35,26;0,32,36,0,33,0,62,63,0,24;23,47,56,0,0,0,0,0,44,49;59,51,0,78,0,0,55,28,0,0;46,0,0,22,0,0,0,75,78,0;0,72,24,80,0,0,32,0,80,0;80,22,20,71,38,53,63,49,0,80;0,0,66,0,0,0,80,35,0,0
0,0,20,0,35,0,0,0,23,37;0,0,37,0,0,34,0,37,39,22;26,21,0,0,34,35,22,30,21,33;0,37,29,0,25,0,26,40,0,36;36,40,40,0,0,0,0,0,22,25;29,26,0,28,0,0,39,31,0,0;29,0,0,35,0,0,0,34,22,0;0,40,31,38,0,0,24,0,31,0;26,36,40,38,26,21,28,23,0,33;0,0,31,0,0,0,25,34,0,0
-21,10,0,-2,0,14,-1,0,0,0
------------- End of Scenario k = 9 -------
0,0,41,0,24,0,0,0,26,41;0,0,68,0,0,38,0,28,78,75;80,59,0,0,80,37,20,35,61,30;0,62,41,0,33,0,54,31,0,34;27,26,76,0,0,0,0,0,46,24;67,42,0,39,0,0,48,80,0,0;31,0,0,24,0,0,0,36,20,0;0,57,38,47,0,0,29,0,42,0;80,25,74,42,34,71,55,41,0,80;0,0,21,0,0,0,79,58,0,0
0,0,29,0,34,0,0,0,24,34;0,0,19,0,0,35,0,23,22,36;19,31,0,0,36,37,39,39,20,40;0,21,28,0,39,0,23,26,0,22;21,36,25,0,0,0,0,0,36,26;38,31,0,36,0,0,31,34,0,0;37,0,0,30,0,0,0,30,24,0;0,40,35,35,0,0,24,0,33,0;25,34,22,31,26,35,39,33,0,33;0,0,31,0,0,0,40,22,0,0
-24,18,0,-18,0,24,0,0,0,0
------------- End of Scenario k = 10 -------
0,0,39,0,68,0,0,0,76,37;0,0,80,0,0,78,0,56,24,64;40,67,0,0,52,62,61,34,78,45;0,76,52,0,71,0,32,70,0,37;73,55,26,0,0,0,0,0,23,20;74,73,0,46,0,0,38,80,0,0;33,0,0,32,0,0,0,64,33,0;0,31,38,44,0,0,60,0,80,0;80,53,79,63,45,79,20,52,0,62;0,0,51,0,0,0,80,50,0,0
0,0,30,0,29,0,0,0,38,40;0,0,36,0,0,22,0,38,26,35;37,26,0,0,35,30,28,21,20,40;0,34,34,0,32,0,29,29,0,31;20,26,23,0,0,0,0,0,26,22;38,36,0,40,0,0,38,38,0,0;21,0,0,37,0,0,0,26,40,0;0,32,22,26,0,0,21,0,34,0;24,31,23,23,39,35,38,27,0,26;0,0,37,0,0,0,33,38,0,0
-32,22,0,-3,0,20,-7,0,0,0
------------- End of Scenario k = 11 -------
0,0,41,0,38,0,0,0,66,42;0,0,70,0,0,62,0,21,73,20;72,56,0,0,80,31,58,73,76,65;0,56,32,0,52,0,78,38,0,71;75,78,32,0,0,0,0,0,33,47;73,58,0,37,0,0,50,43,0,0;29,0,0,32,0,0,0,34,50,0;0,30,24,80,0,0,20,0,80,0;48,38,31,29,52,27,64,29,0,22;0,0,20,0,0,0,23,34,0,0
0,0,31,0,26,0,0,0,34,21;0,0,34,0,0,34,0,28,25,25;31,32,0,0,34,21,36,29,27,28;0,31,24,0,24,0,30,27,0,26;39,28,35,0,0,0,0,0,33,27;35,23,0,32,0,0,29,24,0,0;38,0,0,40,0,0,0,38,26,0;0,33,21,25,0,0,36,0,30,0;33,22,25,35,34,33,31,24,0,27;0,0,20,0,0,0,32,32,0,0
-41,29,0,-1,0,15,-2,0,0,0
------------- End of Scenario k = 12 -------
0,0,39,0,45,0,0,0,62,30;0,0,34,0,0,20,0,43,38,45;21,23,0,0,76,41,43,20,46,62;0,75,47,0,64,0,25,41,0,25;26,29,61,0,0,0,0,0,28,59;55,25,0,53,0,0,37,50,0,0;53,0,0,39,0,0,0,72,40,0;0,38,24,80,0,0,23,0,28,0;80,80,72,54,36,76,35,33,0,44;0,0,41,0,0,0,80,23,0,0
0,0,26,0,31,0,0,0,26,39;0,0,26,0,0,29,0,34,34,30;35,39,0,0,30,24,28,34,33,32;0,26,22,0,35,0,35,37,0,29;28,34,28,0,0,0,0,0,39,30;22,21,0,38,0,0,34,31,0,0;28,0,0,27,0,0,0,22,29,0;0,21,34,29,0,0,39,0,30,0;33,24,36,38,28,35,32,24,0,32;0,0,33,0,0,0,39,32,0,0
-40,21,0,-2,0,29,-8,0,0,0
------------- End of Scenario k = 13 -------
0,0,27,0,70,0,0,0,20,33;0,0,80,0,0,51,0,24,69,64;80,63,0,0,20,33,51,65,58,32;0,22,27,0,40,0,52,35,0,76;67,32,50,0,0,0,0,0,45,45;23,73,0,40,0,0,58,80,0,0;79,0,0,69,0,0,0,53,46,0;0,78,75,80,0,0,32,0,80,0;25,29,29,72,79,37,43,65,0,80;0,0,71,0,0,0,53,20,0,0
0,0,23,0,37,0,0,0,25,25;0,0,37,0,0,40,0,29,23,21;33,31,0,0,36,29,27,23,26,35;0,33,20,0,22,0,21,34,0,36;37,24,37,0,0,0,0,0,32,27;36,40,0,24,0,0,24,38,0,0;24,0,0,28,0,0,0,40,35,0;0,21,34,28,0,0,22,0,30,0;33,24,39,23,36,25,38,34,0,23;0,0,25,0,0,0,21,28,0,0
-31,27,0,-7,0,20,-9,0,0,0
------------- End of Scenario k = 14 -------
0,0,45,0,41,0,0,0,71,44;0,0,68,0,0,46,0,69,32,52;80,65,0,0,34,59,59,75,38,36;0,69,38,0,37,0,78,79,0,48;40,21,67,0,0,0,0,0,36,25;28,55,0,23,0,0,45,80,0,0;57,0,0,31,0,0,0,40,64,0;0,28,62,58,0,0,77,0,63,0;22,49,46,70,57,21,57,30,0,80;0,0,55,0,0,0,80,35,0,0
0,0,25,0,32,0,0,0,25,21;0,0,40,0,0,39,0,28,29,39;37,37,0,0,15,20,21,37,27,20;0,33,24,0,38,0,25,29,0,29;36,26,34,0,0,0,0,0,30,32;26,20,0,23,0,0,23,16,0,0;34,0,0,39,0,0,0,33,35,0;0,37,36,21,0,0,29,0,12,0;19,24,37,31,28,30,22,40,0,28;0,0,39,0,0,0,32,25,0,0
-16,11,0,-1,0,10,-4,0,0,0
------------- End of Scenario k = 15 -------
0,0,63,0,54,0,0,0,62,40;0,0,80,0,0,55,0,27,24,48;80,38,0,0,80,67,69,28,20,28;0,29,68,0,56,0,52,70,0,64;42,70,76,0,0,0,0,0,62,76;57,33,0,61,0,0,48,76,0,0;77,0,0,37,0,0,0,66,76,0;0,79,22,57,0,0,52,0,54,0;80,40,50,48,37,52,41,74,0,80;0,0,20,0,0,0,80,26,0,0
0,0,27,0,30,0,0,0,37,20;0,0,31,0,0,22,0,24,24,26;27,20,0,0,27,40,39,37,30,37;0,20,22,0,35,0,31,25,0,34;21,22,38,0,0,0,0,0,27,40;25,23,0,25,0,0,28,29,0,0;40,0,0,31,0,0,0,34,24,0;0,37,22,40,0,0,26,0,39,0;40,28,38,37,28,34,38,32,0,36;0,0,30,0,0,0,39,26,0,0
-37,26,0,-3,0,22,-8,0,0,0
------------- End of Scenario k = 16 -------
0,0,38,0,24,0,0,0,75,71;0,0,68,0,0,61,0,31,70,47;80,33,0,0,57,39,44,27,59,28;0,58,30,0,36,0,71,43,0,47;36,75,41,0,0,0,0,0,44,75;60,55,0,50,0,0,72,79,0,0;47,0,0,53,0,0,0,33,31,0;0,31,80,80,0,0,39,0,73,0;80,79,50,28,35,44,52,32,0,80;0,0,60,0,0,0,64,68,0,0
0,0,21,0,34,0,0,0,31,26;0,0,24,0,0,29,0,39,29,34;37,34,0,0,32,23,36,23,31,25;0,27,29,0,30,0,22,34,0,27;38,20,32,0,0,0,0,0,32,40;33,40,0,26,0,0,22,34,0,0;36,0,0,25,0,0,0,28,37,0;0,23,27,40,0,0,29,0,37,0;30,30,28,22,27,32,38,21,0,21;0,0,37,0,0,0,33,30,0,0
-30,21,0,-3,0,14,-2,0,0,0
------------- End of Scenario k = 17 -------
0,0,74,0,21,0,0,0,78,66;0,0,80,0,0,66,0,31,35,30;80,39,0,0,27,70,47,55,26,32;0,58,23,0,43,0,48,58,0,64;67,66,76,0,0,0,0,0,20,62;28,62,0,30,0,0,74,26,0,0;68,0,0,32,0,0,0,60,38,0;0,42,34,80,0,0,75,0,75,0;27,78,39,23,33,76,55,80,0,25;0,0,78,0,0,0,36,45,0,0
0,0,26,0,20,0,0,0,24,23;0,0,31,0,0,24,0,20,23,27;25,34,0,0,29,35,34,28,21,36;0,39,30,0,36,0,24,20,0,30;20,37,35,0,0,0,0,0,32,37;28,21,0,31,0,0,23,24,0,0;22,0,0,33,0,0,0,28,31,0;0,27,33,33,0,0,38,0,24,0;24,35,29,20,39,33,20,26,0,30;0,0,39,0,0,0,27,40,0,0
-31,22,0,-2,0,13,-2,0,0,0
------------- End of Scenario k = 18 -------
0,0,28,0,59,0,0,0,43,53;0,0,34,0,0,40,0,47,60,48;47,24,0,0,80,26,71,33,20,46;0,78,50,0,54,0,62,56,0,55;21,66,57,0,0,0,0,0,51,52;57,65,0,42,0,0,55,80,0,0;73,0,0,45,0,0,0,50,79,0;0,63,21,39,0,0,35,0,80,0;27,52,74,73,59,20,34,74,0,80;0,0,34,0,0,0,80,64,0,0
0,0,36,0,37,0,0,0,22,22;0,0,27,0,0,20,0,29,31,29;23,23,0,0,19,34,26,34,25,24;0,23,32,0,38,0,38,25,0,36;39,26,37,0,0,0,0,0,28,36;31,36,0,25,0,0,21,36,0,0;39,0,0,28,0,0,0,28,29,0;0,24,27,32,0,0,29,0,28,0;29,38,24,35,23,24,25,30,0,31;0,0,38,0,0,0,33,27,0,0
-26,17,0,-1,0,28,-18,0,0,0
------------- End of Scenario k = 19 -------
