/ -------------------------------------------------------------------------
An instance of the stochastic Fixed - charge Network Flow Problem using NETGEN.
/ -------------------------------------------------------------------------
Number of Nodes (no Dummy node is added), n
Graph Density, density
The fixed cost to variable cost ratio, f
Adjacency Matrix, A
Fixed Cost Matrix, c
Number of scenarios, K
Scenario Probabilities, p
----The following three rows will be repeated K times.----
Var Cost Matrix, d
Capacity, u
demand, b
/ -------------------------------------------------------------------------
+
30
0.3
200
0,0,1,0,0,0,0,0,0,0,0,0,0,0,0,0,0,0,0,0,0,0,0,1,0,0,1,0,1,0;1,0,1,0,0,0,0,0,1,1,0,0,0,0,0,1,0,1,1,0,0,0,0,0,0,1,0,0,1,0;0,0,0,0,0,1,0,0,0,1,0,0,0,0,1,0,0,0,0,0,0,0,0,0,0,0,0,1,1,0;0,0,0,0,1,0,1,0,0,0,1,0,0,0,0,1,0,1,0,0,1,1,0,0,0,1,0,0,1,1;1,0,0,0,0,0,0,1,0,1,0,0,0,0,1,0,0,0,1,0,1,0,0,0,0,0,0,0,1,0;0,0,1,1,0,0,0,0,1,0,0,0,1,0,0,0,0,0,0,0,0,1,0,0,0,0,1,0,0,0;0,0,0,0,0,0,0,1,1,1,1,0,0,0,1,0,0,0,0,0,0,1,0,0,1,0,1,1,0,0;0,0,0,0,1,1,1,0,1,0,1,0,0,0,0,0,0,0,0,0,1,1,0,1,0,0,0,0,1,1;1,0,0,1,0,0,0,0,0,1,0,0,0,1,0,0,0,1,0,0,1,0,0,1,0,0,0,0,0,0;1,1,0,0,1,0,0,0,1,0,1,0,0,0,1,0,0,0,0,1,0,0,1,1,0,0,0,0,1,0;1,0,1,0,1,0,0,0,1,1,0,1,0,1,0,0,1,1,1,0,0,0,0,1,0,0,0,0,0,1;1,0,0,0,1,0,0,0,0,1,0,0,1,0,0,0,0,0,0,0,1,1,0,1,1,1,0,0,0,1;1,0,0,1,0,0,0,1,0,0,0,0,0,1,1,0,0,1,0,0,0,0,0,0,0,0,0,0,0,0;0,1,0,0,0,0,1,0,1,0,1,0,0,0,1,1,1,1,0,0,0,1,0,1,0,0,0,0,1,1;1,0,0,1,0,1,0,0,1,0,1,0,0,0,0,0,0,1,0,0,1,0,1,0,0,0,0,0,1,0;0,1,0,0,0,0,0,1,1,1,0,0,0,0,0,0,0,1,1,1,1,0,0,0,0,1,1,1,1,0;0,0,1,0,0,1,0,0,0,1,0,0,0,0,1,0,0,0,1,0,1,0,1,0,1,1,0,1,0,0;0,0,0,0,0,0,0,0,0,0,0,0,0,0,1,1,0,0,0,0,0,0,1,1,1,1,1,1,0,0;1,1,0,0,0,0,0,1,1,0,1,0,0,0,0,1,1,1,0,0,1,0,0,0,0,0,0,0,1,1;0,0,0,0,1,0,0,1,0,0,0,1,0,1,1,1,0,1,0,0,0,1,0,0,0,0,0,1,0,0;0,0,0,0,1,0,1,0,1,1,0,1,1,0,0,0,0,0,0,0,0,0,1,0,0,0,0,0,0,0;1,0,0,1,0,0,0,0,1,0,0,0,0,1,0,0,1,0,0,0,0,0,1,0,1,0,0,0,0,0;0,1,0,1,0,1,0,0,0,1,0,0,0,0,0,0,1,0,0,0,0,1,0,0,1,1,1,1,0,1;0,0,0,0,1,0,0,1,1,0,0,0,0,1,1,0,1,0,0,1,0,0,0,0,0,0,1,0,1,0;0,1,0,1,1,1,0,1,0,0,0,0,0,0,1,0,0,0,0,0,0,0,0,1,0,1,0,0,0,0;0,0,0,1,0,0,0,1,0,0,0,0,0,0,0,0,0,1,0,0,0,1,1,0,1,0,1,1,1,0;1,0,1,0,0,0,0,0,0,1,0,0,0,0,0,0,1,0,0,1,0,1,0,0,0,0,0,1,0,1;0,1,0,0,1,1,0,0,0,1,1,0,0,1,0,1,0,0,0,0,0,1,0,1,0,0,1,0,0,0;0,0,0,0,0,0,0,0,0,0,1,1,0,0,1,1,0,0,0,0,0,0,0,0,1,0,1,0,0,1;0,0,0,0,0,0,0,1,0,0,0,0,1,0,1,1,1,0,0,0,0,1,0,1,1,0,0,0,1,0
0,0,9580,0,0,0,0,0,0,0,0,0,0,0,0,0,0,0,0,0,0,0,0,11160,0,0,11340,0,10140,0;14519,0,13619,0,0,0,0,0,10640,13040,0,0,0,0,0,10340,0,13119,11120,0,0,0,0,0,0,11860,0,0,12160,0;0,0,0,0,0,12060,0,0,0,11320,0,0,0,0,12640,0,0,0,0,0,0,0,0,0,0,0,0,10300,12720,0;0,0,0,0,14580,0,9600,0,0,0,13180,0,0,0,0,8940,0,12540,0,0,12819,10620,0,0,0,11280,0,0,9760,11440;12080,0,0,0,0,0,0,10380,0,12640,0,0,0,0,10880,0,0,0,9860,0,9140,0,0,0,0,0,0,0,13860,0;0,0,8740,11760,0,0,0,0,11280,0,0,0,9820,0,0,0,0,0,0,0,0,10420,0,0,0,0,10840,0,0,0;0,0,0,0,0,0,0,9440,9740,10380,9440,0,0,0,12480,0,0,0,0,0,0,11140,0,0,9900,0,10400,11360,0,0;0,0,0,0,9420,11260,14000,0,9400,0,7959,0,0,0,0,0,0,0,0,0,10120,10740,0,8400,0,0,0,0,13560,9400;13980,0,0,9300,0,0,0,0,0,11520,0,0,0,11640,0,0,0,12700,0,0,10500,0,0,8860,0,0,0,0,0,0;10620,8420,0,0,9480,0,0,0,8780,0,8940,0,0,0,9360,0,0,0,0,9220,0,0,9160,8660,0,0,0,0,10860,0;9720,0,8800,0,9700,0,0,0,9820,8560,0,9360,0,8580,0,0,11040,8760,13180,0,0,0,0,11320,0,0,0,0,0,11260;15119,0,0,0,10140,0,0,0,0,8540,0,0,13000,0,0,0,0,0,0,0,9540,10020,0,11880,9620,7880,0,0,0,9640;9300,0,0,8880,0,0,0,11680,0,0,0,0,0,14019,9220,0,0,9220,0,0,0,0,0,0,0,0,0,0,0,0;0,7320,0,0,0,0,11380,0,11260,0,9640,0,0,0,8780,12600,10340,9360,0,0,0,9080,0,9800,0,0,0,0,9100,11060;11280,0,0,8920,0,11740,0,0,9640,0,10220,0,0,0,0,0,0,13160,0,0,10580,0,10340,0,0,0,0,0,9380,0;0,9940,0,0,0,0,0,10240,9200,10600,0,0,0,0,0,0,0,8600,12000,10520,11660,0,0,0,0,10980,8920,10420,13740,0;0,0,7859,0,0,10840,0,0,0,11400,0,0,0,0,14519,0,0,0,12860,0,9740,0,9140,0,8560,11000,0,10580,0,0;0,0,0,0,0,0,0,0,0,0,0,0,0,0,10480,8320,0,0,0,0,0,0,10380,9300,10800,9100,9020,9260,0,0;10220,10660,0,0,0,0,0,7780,11300,0,12580,0,0,0,0,11860,10640,12160,0,0,12860,0,0,0,0,0,0,0,8059,7920;0,0,0,0,8580,0,0,9060,0,0,0,14660,0,10920,15519,9540,0,12780,0,0,0,10380,0,0,0,0,0,9100,0,0;0,0,0,0,8360,0,8900,0,11340,9200,0,8940,8620,0,0,0,0,0,0,0,0,0,11140,0,0,0,0,0,0,0;9900,0,0,10940,0,0,0,0,10040,0,0,0,0,10120,0,0,11200,0,0,0,0,0,12120,0,9620,0,0,0,0,0;0,12120,0,8540,0,9880,0,0,0,10740,0,0,0,0,0,0,9180,0,0,0,0,8840,0,0,12080,10580,10620,9840,0,9080;0,0,0,0,11400,0,0,10860,10800,0,0,0,0,10540,10720,0,14260,0,0,10860,0,0,0,0,0,0,11340,0,14260,0;0,8700,0,9860,11880,8220,0,11340,0,0,0,0,0,0,11040,0,0,0,0,0,0,0,0,11200,0,13300,0,0,0,0;0,0,0,10700,0,0,0,8980,0,0,0,0,0,0,0,0,0,10600,0,0,0,9300,9960,0,10780,0,14919,10440,11080,0;12600,0,9960,0,0,0,0,0,0,10640,0,0,0,0,0,0,8700,0,0,10540,0,7880,0,0,0,0,0,12819,0,11080;0,9580,0,0,9140,10280,0,0,0,8940,11620,0,0,11120,0,10420,0,0,0,0,0,10420,0,9760,0,0,9240,0,0,0;0,0,0,0,0,0,0,0,0,0,10420,11880,0,0,11880,12280,0,0,0,0,0,0,0,0,8780,0,8440,0,0,10580;0,0,0,0,0,0,0,10500,0,0,0,0,9720,0,9140,10140,10580,0,0,0,0,14740,0,9600,9540,0,0,0,10140,0
10
0.2,0.1,0.15,0.15,0.05,0.05,0.05,0.15,0.05,0.05
--Scenarios--
0,0,42,0,0,0,0,0,0,0,0,0,0,0,0,0,0,0,0,0,0,0,0,21,0,0,54,0,43,0;80,0,45,0,0,0,0,0,47,39,0,0,0,0,0,33,0,80,48,0,0,0,0,0,0,75,0,0,28,0;0,0,0,0,0,55,0,0,0,68,0,0,0,0,35,0,0,0,0,0,0,0,0,0,0,0,0,74,80,0;0,0,0,0,44,0,41,0,0,0,80,0,0,0,0,37,0,80,0,0,74,77,0,0,0,43,0,0,53,70;80,0,0,0,0,0,0,63,0,54,0,0,0,0,80,0,0,0,77,0,59,0,0,0,0,0,0,0,31,0;0,0,45,80,0,0,0,0,45,0,0,0,60,0,0,0,0,0,0,0,0,75,0,0,0,0,51,0,0,0;0,0,0,0,0,0,0,31,48,30,52,0,0,0,54,0,0,0,0,0,0,39,0,0,22,0,55,36,0,0;0,0,0,0,37,77,80,0,43,0,54,0,0,0,0,0,0,0,0,0,56,46,0,30,0,0,0,0,76,53;80,0,0,22,0,0,0,0,0,80,0,0,0,77,0,0,0,70,0,0,31,0,0,29,0,0,0,0,0,0;47,65,0,0,24,0,0,0,61,0,46,0,0,0,54,0,0,0,0,75,0,0,48,54,0,0,0,0,25,0;41,0,20,0,78,0,0,0,72,49,0,78,0,64,0,0,77,29,74,0,0,0,0,56,0,0,0,0,0,45;64,0,0,0,71,0,0,0,0,50,0,0,21,0,0,0,0,0,0,0,60,53,0,64,77,54,0,0,0,75;27,0,0,37,0,0,0,58,0,0,0,0,0,60,61,0,0,68,0,0,0,0,0,0,0,0,0,0,0,0;0,61,0,0,0,0,73,0,51,0,62,0,0,0,67,80,41,53,0,0,0,23,0,43,0,0,0,0,38,69;29,0,0,56,0,48,0,0,59,0,67,0,0,0,0,0,0,42,0,0,61,0,67,0,0,0,0,0,38,0;0,77,0,0,0,0,0,53,58,68,0,0,0,0,0,0,0,37,50,54,21,0,0,0,0,35,55,55,66,0;0,0,20,0,0,40,0,0,0,69,0,0,0,0,80,0,0,0,55,0,55,0,56,0,39,63,0,63,0,0;0,0,0,0,0,0,0,0,0,0,0,0,0,0,39,49,0,0,0,0,0,0,70,71,56,51,23,74,0,0;31,35,0,0,0,0,0,49,60,0,47,0,0,0,0,67,39,53,0,0,80,0,0,0,0,0,0,0,20,21;0,0,0,0,20,0,0,40,0,0,0,80,0,59,80,25,0,59,0,0,0,74,0,0,0,0,0,57,0,0;0,0,0,0,28,0,77,0,46,55,0,60,55,0,0,0,0,0,0,0,0,0,21,0,0,0,0,0,0,0;73,0,0,22,0,0,0,0,31,0,0,0,0,52,0,0,75,0,0,0,0,0,33,0,58,0,0,0,0,0;0,42,0,31,0,80,0,0,0,39,0,0,0,0,0,0,29,0,0,0,0,58,0,0,47,72,38,72,0,49;0,0,0,0,44,0,0,32,80,0,0,0,0,62,53,0,68,0,0,32,0,0,0,0,0,0,53,0,66,0;0,34,0,52,51,37,0,44,0,0,0,0,0,0,41,0,0,0,0,0,0,0,0,74,0,80,0,0,0,0;0,0,0,59,0,0,0,24,0,0,0,0,0,0,0,0,0,58,0,0,0,27,37,0,37,0,74,40,71,0;76,0,58,0,0,0,0,0,0,72,0,0,0,0,0,0,26,0,0,77,0,23,0,0,0,0,0,55,0,39;0,68,0,0,78,71,0,0,0,52,49,0,0,57,0,25,0,0,0,0,0,65,0,34,0,0,28,0,0,0;0,0,0,0,0,0,0,0,0,0,51,69,0,0,42,74,0,0,0,0,0,0,0,0,29,0,21,0,0,72;0,0,0,0,0,0,0,47,0,0,0,0,62,0,28,78,62,0,0,0,0,80,0,42,59,0,0,0,24,0
0,0,39,0,0,0,0,0,0,0,0,0,0,0,0,0,0,0,0,0,0,0,0,25,0,0,32,0,22,0;29,0,40,0,0,0,0,0,39,33,0,0,0,0,0,20,0,31,34,0,0,0,0,0,0,27,0,0,33,0;0,0,0,0,0,37,0,0,0,31,0,0,0,0,23,0,0,0,0,0,0,0,0,0,0,0,0,25,24,0;0,0,0,0,36,0,29,0,0,0,34,0,0,0,0,31,0,23,0,0,39,36,0,0,0,31,0,0,22,36;22,0,0,0,0,0,0,29,0,23,0,0,0,0,26,0,0,0,33,0,31,0,0,0,0,0,0,0,28,0;0,0,24,28,0,0,0,0,40,0,0,0,23,0,0,0,0,0,0,0,0,24,0,0,0,0,20,0,0,0;0,0,0,0,0,0,0,39,39,23,37,0,0,0,31,0,0,0,0,0,0,26,0,0,25,0,40,39,0,0;0,0,0,0,34,27,31,0,33,0,31,0,0,0,0,0,0,0,0,0,25,37,0,23,0,0,0,0,34,31;37,0,0,28,0,0,0,0,0,27,0,0,0,23,0,0,0,20,0,0,28,0,0,34,0,0,0,0,0,0;35,31,0,0,27,0,0,0,26,0,25,0,0,0,35,0,0,0,0,22,0,0,37,36,0,0,0,0,26,0;38,0,24,0,40,0,0,0,30,27,0,26,0,38,0,0,29,28,24,0,0,0,0,31,0,0,0,0,0,23;25,0,0,0,21,0,0,0,0,38,0,0,26,0,0,0,0,0,0,0,40,29,0,39,38,25,0,0,0,27;38,0,0,24,0,0,0,30,0,0,0,0,0,33,22,0,0,37,0,0,0,0,0,0,0,0,0,0,0,0;0,29,0,0,0,0,37,0,39,0,24,0,0,0,26,24,37,23,0,0,0,28,0,28,0,0,0,0,22,35;27,0,0,33,0,37,0,0,34,0,38,0,0,0,0,0,0,40,0,0,39,0,34,0,0,0,0,0,34,0;0,27,0,0,0,0,0,25,20,27,0,0,0,0,0,0,0,36,30,22,37,0,0,0,0,31,25,38,26,0;0,0,29,0,0,38,0,0,0,33,0,0,0,0,33,0,0,0,31,0,35,0,27,0,30,26,0,24,0,0;0,0,0,0,0,0,0,0,0,0,0,0,0,0,25,37,0,0,0,0,0,0,26,32,20,35,34,23,0,0;22,21,0,0,0,0,0,24,31,0,28,0,0,0,0,26,31,40,0,0,26,0,0,0,0,0,0,0,40,22;0,0,0,0,28,0,0,27,0,0,0,31,0,22,24,39,0,35,0,0,0,22,0,0,0,0,0,28,0,0;0,0,0,0,39,0,35,0,22,30,0,24,27,0,0,0,0,0,0,0,0,0,37,0,0,0,0,0,0,0;33,0,0,22,0,0,0,0,27,0,0,0,0,26,0,0,27,0,0,0,0,0,23,0,30,0,0,0,0,0;0,26,0,31,0,33,0,0,0,31,0,0,0,0,0,0,22,0,0,0,0,32,0,0,33,28,20,34,0,40;0,0,0,0,35,0,0,38,33,0,0,0,0,39,39,0,30,0,0,40,0,0,0,0,0,0,28,0,34,0;0,20,0,36,40,34,0,30,0,0,0,0,0,0,33,0,0,0,0,0,0,0,0,39,0,27,0,0,0,0;0,0,0,40,0,0,0,36,0,0,0,0,0,0,0,0,0,28,0,0,0,40,25,0,35,0,38,33,31,0;39,0,37,0,0,0,0,0,0,22,0,0,0,0,0,0,35,0,0,26,0,27,0,0,0,0,0,24,0,34;0,40,0,0,28,39,0,0,0,38,30,0,0,24,0,25,0,0,0,0,0,29,0,40,0,0,33,0,0,0;0,0,0,0,0,0,0,0,0,0,29,32,0,0,26,40,0,0,0,0,0,0,0,0,25,0,20,0,0,31;0,0,0,0,0,0,0,28,0,0,0,0,36,0,22,23,22,0,0,0,0,21,0,31,28,0,0,0,24,0
-12,12,0,0,0,22,0,14,0,-14,-3,0,0,0,-37,0,0,-7,0,17,0,0,0,26,0,0,0,0,-37,19
------------- End of Scenario k = 0 -------
0,0,40,0,0,0,0,0,0,0,0,0,0,0,0,0,0,0,0,0,0,0,0,46,0,0,79,0,40,0;80,0,80,0,0,0,0,0,47,80,0,0,0,0,0,67,0,80,65,0,0,0,0,0,0,46,0,0,72,0;0,0,0,0,0,46,0,0,0,40,0,0,0,0,36,0,0,0,0,0,0,0,0,0,0,0,0,57,70,0;0,0,0,0,70,0,35,0,0,0,63,0,0,0,0,35,0,80,0,0,59,67,0,0,0,80,0,0,78,61;44,0,0,0,0,0,0,22,0,80,0,0,0,0,47,0,0,0,53,0,36,0,0,0,0,0,0,0,80,0;0,0,51,35,0,0,0,0,70,0,0,0,38,0,0,0,0,0,0,0,0,55,0,0,0,0,71,0,0,0;0,0,0,0,0,0,0,50,49,49,77,0,0,0,34,0,0,0,0,0,0,63,0,0,20,0,79,27,0,0;0,0,0,0,80,58,77,0,67,0,29,0,0,0,0,0,0,0,0,0,50,26,0,44,0,0,0,0,80,24;80,0,0,39,0,0,0,0,0,80,0,0,0,34,0,0,0,80,0,0,69,0,0,40,0,0,0,0,0,0;35,27,0,0,43,0,0,0,23,0,58,0,0,0,43,0,0,0,0,59,0,0,68,59,0,0,0,0,64,0;42,0,60,0,23,0,0,0,43,42,0,38,0,42,0,0,49,21,57,0,0,0,0,72,0,0,0,0,0,58;80,0,0,0,29,0,0,0,0,59,0,0,78,0,0,0,0,0,0,0,49,58,0,80,23,21,0,0,0,26;55,0,0,20,0,0,0,69,0,0,0,0,0,80,20,0,0,33,0,0,0,0,0,0,0,0,0,0,0,0;0,34,0,0,0,0,73,0,48,0,47,0,0,0,22,61,37,44,0,0,0,80,0,27,0,0,0,0,40,75;25,0,0,50,0,67,0,0,66,0,71,0,0,0,0,0,0,60,0,0,25,0,43,0,0,0,0,0,41,0;0,68,0,0,0,0,0,72,71,21,0,0,0,0,0,0,0,23,43,47,70,0,0,0,0,65,21,40,80,0;0,0,43,0,0,48,0,0,0,59,0,0,0,0,80,0,0,0,45,0,29,0,72,0,36,69,0,48,0,0;0,0,0,0,0,0,0,0,0,0,0,0,0,0,76,34,0,0,0,0,0,0,64,68,39,62,34,20,0,0;40,66,0,0,0,0,0,28,43,0,61,0,0,0,0,79,30,46,0,0,48,0,0,0,0,0,0,0,70,32;0,0,0,0,67,0,0,22,0,0,0,80,0,75,80,80,0,80,0,0,0,49,0,0,0,0,0,27,0,0;0,0,0,0,26,0,48,0,39,22,0,30,25,0,0,0,0,0,0,0,0,0,79,0,0,0,0,0,0,0;53,0,0,76,0,0,0,0,42,0,0,0,0,22,0,0,80,0,0,0,0,0,80,0,68,0,0,0,0,0;0,75,0,73,0,28,0,0,0,61,0,0,0,0,0,0,54,0,0,0,0,56,0,0,55,59,20,43,0,46;0,0,0,0,41,0,0,36,75,0,0,0,0,74,55,0,23,0,0,61,0,0,0,0,0,0,58,0,80,0;0,20,0,22,46,28,0,63,0,0,0,0,0,0,69,0,0,0,0,0,0,0,0,51,0,80,0,0,0,0;0,0,0,21,0,0,0,58,0,0,0,0,0,0,0,0,0,57,0,0,0,20,44,0,63,0,80,56,80,0;63,0,71,0,0,0,0,0,0,60,0,0,0,0,0,0,24,0,0,67,0,31,0,0,0,0,0,47,0,56;0,30,0,0,47,76,0,0,0,40,58,0,0,73,0,64,0,0,0,0,0,64,0,33,0,0,52,0,0,0;0,0,0,0,0,0,0,0,0,0,52,79,0,0,43,68,0,0,0,0,0,0,0,0,67,0,58,0,0,58;0,0,0,0,0,0,0,50,0,0,0,0,62,0,53,24,73,0,0,0,0,74,0,30,36,0,0,0,53,0
0,0,24,0,0,0,0,0,0,0,0,0,0,0,0,0,0,0,0,0,0,0,0,20,0,0,21,0,20,0;29,0,28,0,0,0,0,0,22,22,0,0,0,0,0,35,0,40,21,0,0,0,0,0,0,23,0,0,26,0;0,0,0,0,0,21,0,0,0,33,0,0,0,0,31,0,0,0,0,0,0,0,0,0,0,0,0,38,26,0;0,0,0,0,35,0,36,0,0,0,15,0,0,0,0,21,0,15,0,0,32,37,0,0,0,22,0,0,36,31;25,0,0,0,0,0,0,24,0,21,0,0,0,0,38,0,0,0,29,0,26,0,0,0,0,0,0,0,12,0;0,0,36,21,0,0,0,0,27,0,0,0,22,0,0,0,0,0,0,0,0,35,0,0,0,0,23,0,0,0;0,0,0,0,0,0,0,30,37,26,31,0,0,0,23,0,0,0,0,0,0,22,0,0,33,0,40,31,0,0;0,0,0,0,38,39,29,0,31,0,28,0,0,0,0,0,0,0,0,0,22,23,0,22,0,0,0,0,18,22;40,0,0,21,0,0,0,0,0,28,0,0,0,31,0,0,0,34,0,0,34,0,0,40,0,0,0,0,0,0;40,20,0,0,33,0,0,0,31,0,34,0,0,0,25,0,0,0,0,31,0,0,23,40,0,0,0,0,32,0;35,0,26,0,25,0,0,0,24,32,0,32,0,38,0,0,22,38,20,0,0,0,0,34,0,0,0,0,0,20;38,0,0,0,29,0,0,0,0,31,0,0,16,0,0,0,0,0,0,0,37,33,0,36,38,39,0,0,0,21;32,0,0,32,0,0,0,24,0,0,0,0,0,31,29,0,0,34,0,0,0,0,0,0,0,0,0,0,0,0;0,37,0,0,0,0,31,0,39,0,33,0,0,0,23,18,20,20,0,0,0,39,0,23,0,0,0,0,38,35;32,0,0,26,0,27,0,0,29,0,22,0,0,0,0,0,0,28,0,0,28,0,20,0,0,0,0,0,20,0;0,39,0,0,0,0,0,31,39,37,0,0,0,0,0,0,0,37,39,40,39,0,0,0,0,24,32,27,36,0;0,0,34,0,0,28,0,0,0,35,0,0,0,0,26,0,0,0,37,0,20,0,24,0,22,39,0,40,0,0;0,0,0,0,0,0,0,0,0,0,0,0,0,0,29,40,0,0,0,0,0,0,30,29,27,35,32,26,0,0;32,20,0,0,0,0,0,20,37,0,26,0,0,0,0,32,35,38,0,0,33,0,0,0,0,0,0,0,32,31;0,0,0,0,23,0,0,24,0,0,0,17,0,28,34,39,0,11,0,0,0,22,0,0,0,0,0,26,0,0;0,0,0,0,23,0,31,0,34,34,0,40,33,0,0,0,0,0,0,0,0,0,35,0,0,0,0,0,0,0;25,0,0,27,0,0,0,0,21,0,0,0,0,22,0,0,24,0,0,0,0,0,37,0,34,0,0,0,0,0;0,25,0,20,0,22,0,0,0,30,0,0,0,0,0,0,32,0,0,0,0,23,0,0,33,39,33,30,0,32;0,0,0,0,26,0,0,20,20,0,0,0,0,28,20,0,28,0,0,24,0,0,0,0,0,0,32,0,18,0;0,33,0,40,37,35,0,40,0,0,0,0,0,0,28,0,0,0,0,0,0,0,0,27,0,39,0,0,0,0;0,0,0,27,0,0,0,32,0,0,0,0,0,0,0,0,0,30,0,0,0,31,23,0,26,0,33,32,35,0;25,0,20,0,0,0,0,0,0,20,0,0,0,0,0,0,32,0,0,29,0,21,0,0,0,0,0,27,0,25;0,27,0,0,20,36,0,0,0,33,31,0,0,27,0,20,0,0,0,0,0,34,0,23,0,0,40,0,0,0;0,0,0,0,0,0,0,0,0,0,23,37,0,0,40,28,0,0,0,0,0,0,0,0,34,0,21,0,0,35;0,0,0,0,0,0,0,31,0,0,0,0,26,0,38,31,40,0,0,0,0,38,0,21,36,0,0,0,34,0
-11,20,0,0,0,12,0,18,0,-17,0,0,0,0,-16,0,0,-8,0,10,0,0,0,12,0,0,0,0,-45,25
------------- End of Scenario k = 1 -------
0,0,56,0,0,0,0,0,0,0,0,0,0,0,0,0,0,0,0,0,0,0,0,68,0,0,77,0,64,0;80,0,80,0,0,0,0,0,74,40,0,0,0,0,0,43,0,59,20,0,0,0,0,0,0,38,0,0,65,0;0,0,0,0,0,76,0,0,0,55,0,0,0,0,80,0,0,0,0,0,0,0,0,0,0,0,0,33,51,0;0,0,0,0,80,0,34,0,0,0,59,0,0,0,0,55,0,32,0,0,61,33,0,0,0,59,0,0,75,40;80,0,0,0,0,0,0,59,0,80,0,0,0,0,34,0,0,0,31,0,27,0,0,0,0,0,0,0,80,0;0,0,67,80,0,0,0,0,53,0,0,0,37,0,0,0,0,0,0,0,0,56,0,0,0,0,29,0,0,0;0,0,0,0,0,0,0,34,80,33,35,0,0,0,80,0,0,0,0,0,0,47,0,0,46,0,34,67,0,0;0,0,0,0,43,64,80,0,55,0,46,0,0,0,0,0,0,0,0,0,25,60,0,39,0,0,0,0,46,57;65,0,0,76,0,0,0,0,0,53,0,0,0,22,0,0,0,45,0,0,29,0,0,34,0,0,0,0,0,0;60,35,0,0,41,0,0,0,59,0,30,0,0,0,48,0,0,0,0,46,0,0,53,43,0,0,0,0,59,0;51,0,46,0,29,0,0,0,75,40,0,46,0,49,0,0,70,63,77,0,0,0,0,60,0,0,0,0,0,63;80,0,0,0,65,0,0,0,0,22,0,0,80,0,0,0,0,0,0,0,36,46,0,56,77,22,0,0,0,60;36,0,0,61,0,0,0,31,0,0,0,0,0,80,32,0,0,72,0,0,0,0,0,0,0,0,0,0,0,0;0,22,0,0,0,0,54,0,54,0,65,0,0,0,80,78,27,27,0,0,0,31,0,78,0,0,0,0,62,26;70,0,0,56,0,72,0,0,41,0,51,0,0,0,0,0,0,74,0,0,21,0,75,0,0,0,0,0,43,0;0,51,0,0,0,0,0,53,36,39,0,0,0,0,0,0,0,51,20,56,56,0,0,0,0,25,22,59,80,0;0,0,22,0,0,77,0,0,0,62,0,0,0,0,33,0,0,0,80,0,31,0,34,0,33,40,0,69,0,0;0,0,0,0,0,0,0,0,0,0,0,0,0,0,63,40,0,0,0,0,0,0,30,30,32,22,51,42,0,0;53,80,0,0,0,0,0,27,52,0,74,0,0,0,0,66,69,58,0,0,80,0,0,0,0,0,0,0,34,25;0,0,0,0,58,0,0,52,0,0,0,56,0,66,80,63,0,22,0,0,0,75,0,0,0,0,0,46,0,0;0,0,0,0,21,0,57,0,37,34,0,70,22,0,0,0,0,0,0,0,0,0,40,0,0,0,0,0,0,0;68,0,0,66,0,0,0,0,42,0,0,0,0,61,0,0,24,0,0,0,0,0,51,0,28,0,0,0,0,0;0,49,0,57,0,45,0,0,0,68,0,0,0,0,0,0,39,0,0,0,0,43,0,0,80,33,51,63,0,33;0,0,0,0,72,0,0,37,31,0,0,0,0,41,66,0,80,0,0,77,0,0,0,0,0,0,57,0,40,0;0,54,0,45,77,72,0,69,0,0,0,0,0,0,41,0,0,0,0,0,0,0,0,53,0,80,0,0,0,0;0,0,0,51,0,0,0,22,0,0,0,0,0,0,0,0,0,37,0,0,0,36,50,0,78,0,80,49,24,0;62,0,38,0,0,0,0,0,0,65,0,0,0,0,0,0,71,0,0,73,0,34,0,0,0,0,0,28,0,55;0,74,0,0,24,25,0,0,0,34,22,0,0,73,0,20,0,0,0,0,0,34,0,47,0,0,48,0,0,0;0,0,0,0,0,0,0,0,0,0,43,70,0,0,80,48,0,0,0,0,0,0,0,0,69,0,38,0,0,25;0,0,0,0,0,0,0,47,0,0,0,0,22,0,33,27,65,0,0,0,0,78,0,51,37,0,0,0,38,0
0,0,37,0,0,0,0,0,0,0,0,0,0,0,0,0,0,0,0,0,0,0,0,21,0,0,38,0,38,0;31,0,13,0,0,0,0,0,31,35,0,0,0,0,0,21,0,23,27,0,0,0,0,0,0,29,0,0,38,0;0,0,0,0,0,24,0,0,0,20,0,0,0,0,21,0,0,0,0,0,0,0,0,0,0,0,0,38,31,0;0,0,0,0,40,0,34,0,0,0,36,0,0,0,0,21,0,35,0,0,38,34,0,0,0,29,0,0,38,28;25,0,0,0,0,0,0,21,0,39,0,0,0,0,25,0,0,0,21,0,25,0,0,0,0,0,0,0,36,0;0,0,26,37,0,0,0,0,21,0,0,0,30,0,0,0,0,0,0,0,0,28,0,0,0,0,32,0,0,0;0,0,0,0,0,0,0,28,17,20,24,0,0,0,39,0,0,0,0,0,0,38,0,0,32,0,35,28,0,0;0,0,0,0,33,27,14,0,23,0,20,0,0,0,0,0,0,0,0,0,29,20,0,24,0,0,0,0,24,35;27,0,0,24,0,0,0,0,0,14,0,0,0,25,0,0,0,34,0,0,33,0,0,20,0,0,0,0,0,0;36,20,0,0,27,0,0,0,20,0,29,0,0,0,38,0,0,0,0,26,0,0,36,36,0,0,0,0,38,0;39,0,35,0,27,0,0,0,39,37,0,34,0,24,0,0,36,27,35,0,0,0,0,36,0,0,0,0,0,34;13,0,0,0,30,0,0,0,0,32,0,0,30,0,0,0,0,0,0,0,25,29,0,40,33,26,0,0,0,37;32,0,0,35,0,0,0,29,0,0,0,0,0,36,30,0,0,35,0,0,0,0,0,0,0,0,0,0,0,0;0,25,0,0,0,0,39,0,23,0,29,0,0,0,30,26,39,28,0,0,0,21,0,38,0,0,0,0,34,22;38,0,0,38,0,28,0,0,23,0,36,0,0,0,0,0,0,32,0,0,33,0,37,0,0,0,0,0,40,0;0,22,0,0,0,0,0,36,36,38,0,0,0,0,0,0,0,29,24,25,38,0,0,0,0,27,25,21,38,0;0,0,20,0,0,30,0,0,0,26,0,0,0,0,37,0,0,0,38,0,36,0,29,0,23,33,0,38,0,0;0,0,0,0,0,0,0,0,0,0,0,0,0,0,29,35,0,0,0,0,0,0,33,37,39,25,28,35,0,0;26,38,0,0,0,0,0,23,35,0,24,0,0,0,0,21,32,25,0,0,35,0,0,0,0,0,0,0,22,26;0,0,0,0,37,0,0,36,0,0,0,28,0,29,34,20,0,33,0,0,0,38,0,0,0,0,0,26,0,0;0,0,0,0,39,0,27,0,20,31,0,35,22,0,0,0,0,0,0,0,0,0,40,0,0,0,0,0,0,0;30,0,0,31,0,0,0,0,21,0,0,0,0,36,0,0,26,0,0,0,0,0,30,0,30,0,0,0,0,0;0,23,0,32,0,36,0,0,0,23,0,0,0,0,0,0,31,0,0,0,0,31,0,0,31,34,28,27,0,26;0,0,0,0,26,0,0,30,36,0,0,0,0,37,37,0,37,0,0,32,0,0,0,0,0,0,23,0,29,0;0,25,0,26,38,28,0,38,0,0,0,0,0,0,34,0,0,0,0,0,0,0,0,33,0,40,0,0,0,0;0,0,0,21,0,0,0,27,0,0,0,0,0,0,0,0,0,29,0,0,0,27,38,0,36,0,36,31,33,0;31,0,27,0,0,0,0,0,0,26,0,0,0,0,0,0,28,0,0,25,0,25,0,0,0,0,0,31,0,35;0,28,0,0,32,22,0,0,0,35,33,0,0,21,0,25,0,0,0,0,0,36,0,36,0,0,40,0,0,0;0,0,0,0,0,0,0,0,0,0,31,20,0,0,23,20,0,0,0,0,0,0,0,0,30,0,38,0,0,37;0,0,0,0,0,0,0,39,0,0,0,0,23,0,35,32,30,0,0,0,0,39,0,24,26,0,0,0,40,0
-15,10,0,0,0,24,0,13,0,-4,-1,0,0,0,-16,0,0,-13,0,12,0,0,0,26,0,0,0,0,-62,26
------------- End of Scenario k = 2 -------
0,0,42,0,0,0,0,0,0,0,0,0,0,0,0,0,0,0,0,0,0,0,0,58,0,0,45,0,47,0;33,0,80,0,0,0,0,0,32,80,0,0,0,0,0,65,0,35,27,0,0,0,0,0,0,57,0,0,42,0;0,0,0,0,0,46,0,0,0,36,0,0,0,0,80,0,0,0,0,0,0,0,0,0,0,0,0,52,80,0;0,0,0,0,80,0,71,0,0,0,80,0,0,0,0,70,0,42,0,0,68,52,0,0,0,52,0,0,37,72;54,0,0,0,0,0,0,59,0,29,0,0,0,0,80,0,0,0,76,0,47,0,0,0,0,0,0,0,80,0;0,0,41,54,0,0,0,0,75,0,0,0,29,0,0,0,0,0,0,0,0,32,0,0,0,0,50,0,0,0;0,0,0,0,0,0,0,68,26,79,46,0,0,0,75,0,0,0,0,0,0,47,0,0,62,0,59,78,0,0;0,0,0,0,38,52,80,0,48,0,29,0,0,0,0,0,0,0,0,0,21,73,0,24,0,0,0,0,80,31;67,0,0,23,0,0,0,0,0,21,0,0,0,76,0,0,0,80,0,0,50,0,0,69,0,0,0,0,0,0;71,21,0,0,76,0,0,0,44,0,38,0,0,0,45,0,0,0,0,22,0,0,47,37,0,0,0,0,45,0;73,0,65,0,24,0,0,0,24,37,0,39,0,37,0,0,56,68,56,0,0,0,0,72,0,0,0,0,0,56;80,0,0,0,40,0,0,0,0,29,0,0,80,0,0,0,0,0,0,0,31,70,0,77,54,56,0,0,0,21;35,0,0,30,0,0,0,73,0,0,0,0,0,80,56,0,0,55,0,0,0,0,0,0,0,0,0,0,0,0;0,34,0,0,0,0,31,0,47,0,42,0,0,0,64,80,71,73,0,0,0,68,0,66,0,0,0,0,47,27;74,0,0,37,0,38,0,0,28,0,46,0,0,0,0,0,0,78,0,0,76,0,69,0,0,0,0,0,57,0;0,45,0,0,0,0,0,43,52,56,0,0,0,0,0,0,0,76,58,77,80,0,0,0,0,76,48,29,80,0;0,0,68,0,0,77,0,0,0,48,0,0,0,0,80,0,0,0,39,0,45,0,74,0,24,71,0,76,0,0;0,0,0,0,0,0,0,0,0,0,0,0,0,0,77,63,0,0,0,0,0,0,62,25,66,36,56,59,0,0;55,40,0,0,0,0,0,57,49,0,79,0,0,0,0,50,38,75,0,0,46,0,0,0,0,0,0,0,23,39;0,0,0,0,44,0,0,72,0,0,0,80,0,80,56,32,0,80,0,0,0,61,0,0,0,0,0,52,0,0;0,0,0,0,34,0,29,0,80,44,0,55,24,0,0,0,0,0,0,0,0,0,56,0,0,0,0,0,0,0;50,0,0,80,0,0,0,0,34,0,0,0,0,73,0,0,46,0,0,0,0,0,65,0,34,0,0,0,0,0;0,79,0,25,0,54,0,0,0,21,0,0,0,0,0,0,41,0,0,0,0,39,0,0,80,80,72,29,0,39;0,0,0,0,67,0,0,80,60,0,0,0,0,61,74,0,80,0,0,28,0,0,0,0,0,0,45,0,80,0;0,36,0,57,58,45,0,47,0,0,0,0,0,0,65,0,0,0,0,0,0,0,0,58,0,26,0,0,0,0;0,0,0,40,0,0,0,29,0,0,0,0,0,0,0,0,0,33,0,0,0,42,53,0,69,0,80,61,32,0;80,0,43,0,0,0,0,0,0,65,0,0,0,0,0,0,50,0,0,72,0,32,0,0,0,0,0,80,0,75;0,37,0,0,41,79,0,0,0,50,70,0,0,67,0,63,0,0,0,0,0,60,0,50,0,0,33,0,0,0;0,0,0,0,0,0,0,0,0,0,25,35,0,0,65,68,0,0,0,0,0,0,0,0,36,0,22,0,0,53;0,0,0,0,0,0,0,73,0,0,0,0,72,0,44,62,24,0,0,0,0,80,0,44,44,0,0,0,29,0
0,0,40,0,0,0,0,0,0,0,0,0,0,0,0,0,0,0,0,0,0,0,0,39,0,0,22,0,33,0;27,0,39,0,0,0,0,0,33,28,0,0,0,0,0,34,0,35,21,0,0,0,0,0,0,37,0,0,40,0;0,0,0,0,0,24,0,0,0,29,0,0,0,0,33,0,0,0,0,0,0,0,0,0,0,0,0,37,32,0;0,0,0,0,37,0,29,0,0,0,37,0,0,0,0,39,0,27,0,0,34,36,0,0,0,35,0,0,29,29;23,0,0,0,0,0,0,24,0,23,0,0,0,0,26,0,0,0,32,0,33,0,0,0,0,0,0,0,26,0;0,0,21,39,0,0,0,0,37,0,0,0,38,0,0,0,0,0,0,0,0,26,0,0,0,0,25,0,0,0;0,0,0,0,0,0,0,21,31,20,23,0,0,0,39,0,0,0,0,0,0,40,0,0,39,0,29,33,0,0;0,0,0,0,40,40,35,0,20,0,40,0,0,0,0,0,0,0,0,0,33,33,0,20,0,0,0,0,39,25;40,0,0,33,0,0,0,0,0,35,0,0,0,22,0,0,0,39,0,0,21,0,0,39,0,0,0,0,0,0;31,32,0,0,30,0,0,0,40,0,30,0,0,0,22,0,0,0,0,21,0,0,38,36,0,0,0,0,34,0;28,0,30,0,20,0,0,0,31,21,0,28,0,32,0,0,38,29,33,0,0,0,0,36,0,0,0,0,0,37;29,0,0,0,27,0,0,0,0,22,0,0,38,0,0,0,0,0,0,0,35,26,0,32,40,39,0,0,0,29;29,0,0,31,0,0,0,32,0,0,0,0,0,31,24,0,0,24,0,0,0,0,0,0,0,0,0,0,0,0;0,27,0,0,0,0,37,0,26,0,33,0,0,0,23,29,31,37,0,0,0,21,0,39,0,0,0,0,36,34;32,0,0,39,0,28,0,0,30,0,21,0,0,0,0,0,0,26,0,0,30,0,25,0,0,0,0,0,37,0;0,37,0,0,0,0,0,39,27,29,0,0,0,0,0,0,0,26,24,36,27,0,0,0,0,21,23,21,24,0;0,0,37,0,0,29,0,0,0,23,0,0,0,0,37,0,0,0,34,0,30,0,30,0,33,39,0,36,0,0;0,0,0,0,0,0,0,0,0,0,0,0,0,0,22,29,0,0,0,0,0,0,31,21,40,37,22,39,0,0;31,21,0,0,0,0,0,24,40,0,38,0,0,0,0,27,38,20,0,0,28,0,0,0,0,0,0,0,38,34;0,0,0,0,23,0,0,35,0,0,0,28,0,38,24,30,0,10,0,0,0,24,0,0,0,0,0,37,0,0;0,0,0,0,35,0,22,0,27,40,0,37,22,0,0,0,0,0,0,0,0,0,23,0,0,0,0,0,0,0;36,0,0,40,0,0,0,0,23,0,0,0,0,32,0,0,31,0,0,0,0,0,30,0,40,0,0,0,0,0;0,35,0,20,0,35,0,0,0,26,0,0,0,0,0,0,31,0,0,0,0,27,0,0,40,21,35,31,0,30;0,0,0,0,28,0,0,20,22,0,0,0,0,36,21,0,28,0,0,32,0,0,0,0,0,0,23,0,31,0;0,22,0,33,26,40,0,32,0,0,0,0,0,0,38,0,0,0,0,0,0,0,0,33,0,37,0,0,0,0;0,0,0,38,0,0,0,27,0,0,0,0,0,0,0,0,0,35,0,0,0,25,29,0,29,0,36,31,31,0;34,0,22,0,0,0,0,0,0,36,0,0,0,0,0,0,27,0,0,34,0,28,0,0,0,0,0,38,0,22;0,25,0,0,40,37,0,0,0,27,24,0,0,36,0,40,0,0,0,0,0,37,0,37,0,0,28,0,0,0;0,0,0,0,0,0,0,0,0,0,33,20,0,0,25,30,0,0,0,0,0,0,0,0,32,0,35,0,0,32;0,0,0,0,0,0,0,33,0,0,0,0,29,0,40,22,26,0,0,0,0,34,0,23,21,0,0,0,23,0
-15,27,0,0,0,21,0,29,0,-12,-3,0,0,0,-22,0,0,-26,0,10,0,0,0,28,0,0,0,0,-65,28
------------- End of Scenario k = 3 -------
0,0,60,0,0,0,0,0,0,0,0,0,0,0,0,0,0,0,0,0,0,0,0,64,0,0,39,0,47,0;80,0,80,0,0,0,0,0,69,80,0,0,0,0,0,79,0,80,38,0,0,0,0,0,0,52,0,0,75,0;0,0,0,0,0,70,0,0,0,78,0,0,0,0,29,0,0,0,0,0,0,0,0,0,0,0,0,42,21,0;0,0,0,0,80,0,33,0,0,0,58,0,0,0,0,50,0,80,0,0,72,24,0,0,0,61,0,0,33,60;69,0,0,0,0,0,0,69,0,76,0,0,0,0,80,0,0,0,62,0,22,0,0,0,0,0,0,0,80,0;0,0,43,80,0,0,0,0,68,0,0,0,41,0,0,0,0,0,0,0,0,55,0,0,0,0,67,0,0,0;0,0,0,0,0,0,0,40,79,72,37,0,0,0,72,0,0,0,0,0,0,49,0,0,60,0,30,65,0,0;0,0,0,0,31,42,46,0,23,0,55,0,0,0,0,0,0,0,0,0,75,69,0,36,0,0,0,0,80,79;80,0,0,52,0,0,0,0,0,80,0,0,0,73,0,0,0,33,0,0,74,0,0,21,0,0,0,0,0,0;61,78,0,0,31,0,0,0,36,0,28,0,0,0,68,0,0,0,0,31,0,0,37,35,0,0,0,0,64,0;67,0,31,0,65,0,0,0,36,26,0,56,0,23,0,0,37,73,35,0,0,0,0,73,0,0,0,0,0,77;74,0,0,0,61,0,0,0,0,75,0,0,80,0,0,0,0,0,0,0,66,29,0,52,49,23,0,0,0,26;65,0,0,35,0,0,0,51,0,0,0,0,0,80,20,0,0,28,0,0,0,0,0,0,0,0,0,0,0,0;0,25,0,0,0,0,74,0,54,0,39,0,0,0,27,21,58,61,0,0,0,48,0,41,0,0,0,0,40,79;39,0,0,24,0,75,0,0,58,0,67,0,0,0,0,0,0,73,0,0,79,0,68,0,0,0,0,0,58,0;0,20,0,0,0,0,0,60,72,76,0,0,0,0,0,0,0,28,80,23,61,0,0,0,0,74,56,75,80,0;0,0,39,0,0,73,0,0,0,25,0,0,0,0,80,0,0,0,80,0,70,0,35,0,50,37,0,49,0,0;0,0,0,0,0,0,0,0,0,0,0,0,0,0,64,21,0,0,0,0,0,0,41,42,66,72,80,79,0,0;64,74,0,0,0,0,0,53,53,0,54,0,0,0,0,76,44,77,0,0,58,0,0,0,0,0,0,0,26,45;0,0,0,0,27,0,0,57,0,0,0,51,0,55,80,47,0,80,0,0,0,24,0,0,0,0,0,71,0,0;0,0,0,0,65,0,31,0,34,70,0,21,73,0,0,0,0,0,0,0,0,0,54,0,0,0,0,0,0,0;61,0,0,67,0,0,0,0,58,0,0,0,0,77,0,0,65,0,0,0,0,0,80,0,50,0,0,0,0,0;0,51,0,57,0,64,0,0,0,57,0,0,0,0,0,0,44,0,0,0,0,53,0,0,80,76,80,24,0,34;0,0,0,0,67,0,0,72,35,0,0,0,0,39,64,0,80,0,0,70,0,0,0,0,0,0,50,0,62,0;0,70,0,52,65,30,0,60,0,0,0,0,0,0,72,0,0,0,0,0,0,0,0,27,0,63,0,0,0,0;0,0,0,63,0,0,0,64,0,0,0,0,0,0,0,0,0,49,0,0,0,52,60,0,67,0,75,76,80,0;60,0,32,0,0,0,0,0,0,38,0,0,0,0,0,0,57,0,0,52,0,51,0,0,0,0,0,80,0,42;0,54,0,0,48,58,0,0,0,47,56,0,0,38,0,38,0,0,0,0,0,74,0,41,0,0,67,0,0,0;0,0,0,0,0,0,0,0,0,0,74,74,0,0,43,79,0,0,0,0,0,0,0,0,31,0,68,0,0,60;0,0,0,0,0,0,0,27,0,0,0,0,71,0,40,62,39,0,0,0,0,80,0,75,46,0,0,0,47,0
0,0,28,0,0,0,0,0,0,0,0,0,0,0,0,0,0,0,0,0,0,0,0,35,0,0,36,0,20,0;37,0,24,0,0,0,0,0,24,25,0,0,0,0,0,25,0,32,24,0,0,0,0,0,0,20,0,0,23,0;0,0,0,0,0,32,0,0,0,20,0,0,0,0,25,0,0,0,0,0,0,0,0,0,0,0,0,26,24,0;0,0,0,0,39,0,23,0,0,0,29,0,0,0,0,27,0,30,0,0,24,28,0,0,0,39,0,0,39,21;34,0,0,0,0,0,0,34,0,40,0,0,0,0,40,0,0,0,29,0,30,0,0,0,0,0,0,0,33,0;0,0,27,20,0,0,0,0,31,0,0,0,38,0,0,0,0,0,0,0,0,24,0,0,0,0,40,0,0,0;0,0,0,0,0,0,0,31,24,25,24,0,0,0,34,0,0,0,0,0,0,36,0,0,30,0,33,28,0,0;0,0,0,0,24,40,30,0,27,0,20,0,0,0,0,0,0,0,0,0,29,29,0,35,0,0,0,0,20,20;16,0,0,34,0,0,0,0,0,33,0,0,0,28,0,0,0,19,0,0,38,0,0,35,0,0,0,0,0,0;37,38,0,0,22,0,0,0,30,0,35,0,0,0,28,0,0,0,0,35,0,0,22,33,0,0,0,0,35,0;32,0,32,0,28,0,0,0,39,20,0,35,0,33,0,0,32,27,27,0,0,0,0,33,0,0,0,0,0,36;33,0,0,0,32,0,0,0,0,27,0,0,29,0,0,0,0,0,0,0,31,37,0,32,24,29,0,0,0,29;22,0,0,37,0,0,0,21,0,0,0,0,0,38,38,0,0,36,0,0,0,0,0,0,0,0,0,0,0,0;0,37,0,0,0,0,40,0,26,0,27,0,0,0,34,33,33,40,0,0,0,25,0,34,0,0,0,0,34,28;22,0,0,38,0,26,0,0,35,0,21,0,0,0,0,0,0,40,0,0,23,0,33,0,0,0,0,0,33,0;0,30,0,0,0,0,0,38,22,37,0,0,0,0,0,0,0,40,35,32,39,0,0,0,0,34,28,31,38,0;0,0,21,0,0,23,0,0,0,28,0,0,0,0,30,0,0,0,26,0,33,0,29,0,23,35,0,33,0,0;0,0,0,0,0,0,0,0,0,0,0,0,0,0,30,21,0,0,0,0,0,0,22,22,23,23,21,31,0,0;39,24,0,0,0,0,0,21,39,0,27,0,0,0,0,40,30,20,0,0,31,0,0,0,0,0,0,0,30,24;0,0,0,0,23,0,0,40,0,0,0,33,0,30,26,24,0,38,0,0,0,30,0,0,0,0,0,29,0,0;0,0,0,0,38,0,22,0,36,26,0,37,38,0,0,0,0,0,0,0,0,0,25,0,0,0,0,0,0,0;20,0,0,22,0,0,0,0,30,0,0,0,0,36,0,0,28,0,0,0,0,0,21,0,24,0,0,0,0,0;0,35,0,21,0,20,0,0,0,38,0,0,0,0,0,0,27,0,0,0,0,28,0,0,35,36,39,37,0,33;0,0,0,0,39,0,0,39,37,0,0,0,0,21,26,0,39,0,0,21,0,0,0,0,0,0,39,0,37,0;0,32,0,29,27,34,0,28,0,0,0,0,0,0,32,0,0,0,0,0,0,0,0,28,0,23,0,0,0,0;0,0,0,36,0,0,0,29,0,0,0,0,0,0,0,0,0,39,0,0,0,27,39,0,36,0,25,26,27,0;28,0,36,0,0,0,0,0,0,28,0,0,0,0,0,0,38,0,0,26,0,27,0,0,0,0,0,27,0,34;0,33,0,0,32,24,0,0,0,27,30,0,0,25,0,40,0,0,0,0,0,37,0,35,0,0,40,0,0,0;0,0,0,0,0,0,0,0,0,0,29,33,0,0,39,36,0,0,0,0,0,0,0,0,40,0,34,0,0,21;0,0,0,0,0,0,0,25,0,0,0,0,34,0,22,32,35,0,0,0,0,25,0,24,30,0,0,0,40,0
-9,21,0,0,0,18,0,15,0,-7,-2,0,0,0,-51,0,0,-15,0,25,0,0,0,26,0,0,0,0,-41,20
------------- End of Scenario k = 4 -------
0,0,40,0,0,0,0,0,0,0,0,0,0,0,0,0,0,0,0,0,0,0,0,77,0,0,79,0,46,0;80,0,36,0,0,0,0,0,41,80,0,0,0,0,0,80,0,43,60,0,0,0,0,0,0,71,0,0,64,0;0,0,0,0,0,42,0,0,0,79,0,0,0,0,56,0,0,0,0,0,0,0,0,0,0,0,0,45,31,0;0,0,0,0,80,0,71,0,0,0,80,0,0,0,0,44,0,42,0,0,60,57,0,0,0,45,0,0,23,59;35,0,0,0,0,0,0,63,0,33,0,0,0,0,28,0,0,0,31,0,32,0,0,0,0,0,0,0,80,0;0,0,42,23,0,0,0,0,66,0,0,0,78,0,0,0,0,0,0,0,0,43,0,0,0,0,72,0,0,0;0,0,0,0,0,0,0,26,41,30,35,0,0,0,80,0,0,0,0,0,0,77,0,0,36,0,78,77,0,0;0,0,0,0,74,66,80,0,22,0,51,0,0,0,0,0,0,0,0,0,74,77,0,65,0,0,0,0,55,35;80,0,0,62,0,0,0,0,0,60,0,0,0,68,0,0,0,72,0,0,52,0,0,58,0,0,0,0,0,0;26,38,0,0,63,0,0,0,37,0,28,0,0,0,53,0,0,0,0,32,0,0,33,50,0,0,0,0,56,0;31,0,40,0,66,0,0,0,36,33,0,20,0,38,0,0,34,29,62,0,0,0,0,25,0,0,0,0,0,65;80,0,0,0,36,0,0,0,0,21,0,0,21,0,0,0,0,0,0,0,54,45,0,28,41,43,0,0,0,75;60,0,0,52,0,0,0,57,0,0,0,0,0,80,48,0,0,52,0,0,0,0,0,0,0,0,0,0,0,0;0,28,0,0,0,0,62,0,34,0,25,0,0,0,32,80,56,42,0,0,0,47,0,22,0,0,0,0,26,32;73,0,0,37,0,21,0,0,54,0,32,0,0,0,0,0,0,70,0,0,64,0,42,0,0,0,0,0,45,0;0,23,0,0,0,0,0,43,24,37,0,0,0,0,0,0,0,23,79,63,50,0,0,0,0,25,79,69,28,0;0,0,50,0,0,39,0,0,0,56,0,0,0,0,80,0,0,0,80,0,63,0,32,0,77,49,0,61,0,0;0,0,0,0,0,0,0,0,0,0,0,0,0,0,55,35,0,0,0,0,0,0,48,32,43,23,33,39,0,0;79,37,0,0,0,0,0,39,72,0,68,0,0,0,0,21,51,70,0,0,69,0,0,0,0,0,0,0,39,31;0,0,0,0,60,0,0,25,0,0,0,78,0,26,80,58,0,80,0,0,0,46,0,0,0,0,0,27,0,0;0,0,0,0,41,0,28,0,53,40,0,27,49,0,0,0,0,0,0,0,0,0,72,0,0,0,0,0,0,0;32,0,0,27,0,0,0,0,66,0,0,0,0,36,0,0,71,0,0,0,0,0,28,0,47,0,0,0,0,0;0,46,0,21,0,26,0,0,0,61,0,0,0,0,0,0,54,0,0,0,0,51,0,0,29,38,57,74,0,77;0,0,0,0,53,0,0,71,48,0,0,0,0,26,67,0,64,0,0,28,0,0,0,0,0,0,80,0,74,0;0,63,0,48,56,22,0,65,0,0,0,0,0,0,35,0,0,0,0,0,0,0,0,35,0,73,0,0,0,0;0,0,0,70,0,0,0,55,0,0,0,0,0,0,0,0,0,76,0,0,0,66,33,0,28,0,80,38,80,0;42,0,45,0,0,0,0,0,0,35,0,0,0,0,0,0,39,0,0,31,0,25,0,0,0,0,0,76,0,74;0,31,0,0,24,58,0,0,0,74,73,0,0,36,0,78,0,0,0,0,0,28,0,37,0,0,37,0,0,0;0,0,0,0,0,0,0,0,0,0,79,24,0,0,61,74,0,0,0,0,0,0,0,0,56,0,20,0,0,23;0,0,0,0,0,0,0,49,0,0,0,0,28,0,56,79,40,0,0,0,0,80,0,61,40,0,0,0,69,0
0,0,37,0,0,0,0,0,0,0,0,0,0,0,0,0,0,0,0,0,0,0,0,21,0,0,40,0,31,0;39,0,29,0,0,0,0,0,28,31,0,0,0,0,0,39,0,33,39,0,0,0,0,0,0,38,0,0,34,0;0,0,0,0,0,28,0,0,0,21,0,0,0,0,28,0,0,0,0,0,0,0,0,0,0,0,0,40,34,0;0,0,0,0,31,0,29,0,0,0,31,0,0,0,0,39,0,26,0,0,21,22,0,0,0,29,0,0,33,23;22,0,0,0,0,0,0,39,0,30,0,0,0,0,33,0,0,0,23,0,28,0,0,0,0,0,0,0,28,0;0,0,40,28,0,0,0,0,23,0,0,0,28,0,0,0,0,0,0,0,0,22,0,0,0,0,31,0,0,0;0,0,0,0,0,0,0,39,28,26,40,0,0,0,26,0,0,0,0,0,0,34,0,0,31,0,26,35,0,0;0,0,0,0,33,37,35,0,34,0,37,0,0,0,0,0,0,0,0,0,34,20,0,36,0,0,0,0,38,33;37,0,0,20,0,0,0,0,0,27,0,0,0,29,0,0,0,28,0,0,28,0,0,25,0,0,0,0,0,0;38,37,0,0,28,0,0,0,36,0,22,0,0,0,32,0,0,0,0,34,0,0,20,35,0,0,0,0,25,0;26,0,27,0,26,0,0,0,34,26,0,32,0,20,0,0,36,29,20,0,0,0,0,21,0,0,0,0,0,35;37,0,0,0,34,0,0,0,0,31,0,0,34,0,0,0,0,0,0,0,40,25,0,28,37,20,0,0,0,24;39,0,0,33,0,0,0,39,0,0,0,0,0,28,26,0,0,26,0,0,0,0,0,0,0,0,0,0,0,0;0,33,0,0,0,0,22,0,27,0,39,0,0,0,20,31,22,24,0,0,0,33,0,39,0,0,0,0,26,21;23,0,0,25,0,37,0,0,35,0,40,0,0,0,0,0,0,21,0,0,34,0,26,0,0,0,0,0,26,0;0,22,0,0,0,0,0,23,28,34,0,0,0,0,0,0,0,26,38,22,20,0,0,0,0,28,37,25,37,0;0,0,35,0,0,29,0,0,0,28,0,0,0,0,29,0,0,0,32,0,32,0,36,0,21,21,0,38,0,0;0,0,0,0,0,0,0,0,0,0,0,0,0,0,27,35,0,0,0,0,0,0,30,25,22,35,40,33,0,0;20,39,0,0,0,0,0,20,25,0,33,0,0,0,0,30,31,31,0,0,39,0,0,0,0,0,0,0,39,31;0,0,0,0,35,0,0,26,0,0,0,31,0,22,32,27,0,39,0,0,0,20,0,0,0,0,0,23,0,0;0,0,0,0,40,0,39,0,34,37,0,25,23,0,0,0,0,0,0,0,0,0,37,0,0,0,0,0,0,0;26,0,0,35,0,0,0,0,40,0,0,0,0,23,0,0,23,0,0,0,0,0,37,0,35,0,0,0,0,0;0,36,0,24,0,26,0,0,0,29,0,0,0,0,0,0,26,0,0,0,0,24,0,0,31,31,24,20,0,40;0,0,0,0,24,0,0,26,26,0,0,0,0,33,38,0,32,0,0,33,0,0,0,0,0,0,35,0,38,0;0,39,0,22,39,32,0,22,0,0,0,0,0,0,26,0,0,0,0,0,0,0,0,39,0,39,0,0,0,0;0,0,0,32,0,0,0,38,0,0,0,0,0,0,0,0,0,38,0,0,0,29,26,0,21,0,32,35,32,0;39,0,29,0,0,0,0,0,0,35,0,0,0,0,0,0,36,0,0,40,0,31,0,0,0,0,0,21,0,22;0,20,0,0,34,20,0,0,0,39,29,0,0,35,0,30,0,0,0,0,0,22,0,36,0,0,22,0,0,0;0,0,0,0,0,0,0,0,0,0,39,30,0,0,37,23,0,0,0,0,0,0,0,0,27,0,25,0,0,30;0,0,0,0,0,0,0,31,0,0,0,0,32,0,33,24,40,0,0,0,0,40,0,25,25,0,0,0,35,0
-16,28,0,0,0,22,0,26,0,-24,-5,0,0,0,-30,0,0,-17,0,28,0,0,0,27,0,0,0,0,-55,16
------------- End of Scenario k = 5 -------
0,0,68,0,0,0,0,0,0,0,0,0,0,0,0,0,0,0,0,0,0,0,0,70,0,0,35,0,63,0;59,0,40,0,0,0,0,0,54,80,0,0,0,0,0,31,0,80,77,0,0,0,0,0,0,68,0,0,32,0;0,0,0,0,0,80,0,0,0,37,0,0,0,0,80,0,0,0,0,0,0,0,0,0,0,0,0,67,64,0;0,0,0,0,80,0,34,0,0,0,46,0,0,0,0,38,0,65,0,0,78,23,0,0,0,76,0,0,38,79;75,0,0,0,0,0,0,59,0,80,0,0,0,0,66,0,0,0,37,0,20,0,0,0,0,0,0,0,61,0;0,0,23,27,0,0,0,0,75,0,0,0,23,0,0,0,0,0,0,0,0,38,0,0,0,0,30,0,0,0;0,0,0,0,0,0,0,40,25,46,55,0,0,0,45,0,0,0,0,0,0,70,0,0,52,0,69,75,0,0;0,0,0,0,52,49,26,0,31,0,37,0,0,0,0,0,0,0,0,0,52,22,0,37,0,0,0,0,56,51;66,0,0,38,0,0,0,0,0,22,0,0,0,73,0,0,0,80,0,0,59,0,0,39,0,0,0,0,0,0;65,23,0,0,55,0,0,0,60,0,49,0,0,0,37,0,0,0,0,66,0,0,48,66,0,0,0,0,50,0;38,0,34,0,44,0,0,0,68,23,0,39,0,24,0,0,53,20,77,0,0,0,0,45,0,0,0,0,0,52;80,0,0,0,42,0,0,0,0,37,0,0,58,0,0,0,0,0,0,0,77,52,0,47,54,50,0,0,0,60;53,0,0,39,0,0,0,53,0,0,0,0,0,57,49,0,0,43,0,0,0,0,0,0,0,0,0,0,0,0;0,33,0,0,0,0,29,0,76,0,73,0,0,0,35,22,50,47,0,0,0,24,0,56,0,0,0,0,74,53;61,0,0,63,0,74,0,0,78,0,46,0,0,0,0,0,0,33,0,0,23,0,62,0,0,0,0,0,70,0;0,62,0,0,0,0,0,27,34,63,0,0,0,0,0,0,0,49,67,35,76,0,0,0,0,67,71,35,80,0;0,0,35,0,0,72,0,0,0,63,0,0,0,0,80,0,0,0,53,0,31,0,25,0,30,32,0,43,0,0;0,0,0,0,0,0,0,0,0,0,0,0,0,0,23,33,0,0,0,0,0,0,23,67,57,34,59,35,0,0;54,77,0,0,0,0,0,28,70,0,65,0,0,0,0,65,66,74,0,0,22,0,0,0,0,0,0,0,74,48;0,0,0,0,33,0,0,25,0,0,0,80,0,67,80,29,0,31,0,0,0,55,0,0,0,0,0,40,0,0;0,0,0,0,45,0,66,0,78,66,0,28,70,0,0,0,0,0,0,0,0,0,73,0,0,0,0,0,0,0;49,0,0,71,0,0,0,0,70,0,0,0,0,70,0,0,38,0,0,0,0,0,72,0,31,0,0,0,0,0;0,64,0,22,0,29,0,0,0,50,0,0,0,0,0,0,23,0,0,0,0,35,0,0,80,27,59,43,0,47;0,0,0,0,79,0,0,65,60,0,0,0,0,50,31,0,80,0,0,31,0,0,0,0,0,0,37,0,71,0;0,32,0,55,78,45,0,72,0,0,0,0,0,0,50,0,0,0,0,0,0,0,0,70,0,80,0,0,0,0;0,0,0,67,0,0,0,35,0,0,0,0,0,0,0,0,0,76,0,0,0,59,29,0,27,0,68,36,26,0;56,0,21,0,0,0,0,0,0,41,0,0,0,0,0,0,77,0,0,23,0,24,0,0,0,0,0,75,0,47;0,53,0,0,59,37,0,0,0,23,52,0,0,45,0,49,0,0,0,0,0,66,0,72,0,0,59,0,0,0;0,0,0,0,0,0,0,0,0,0,34,58,0,0,63,31,0,0,0,0,0,0,0,0,26,0,48,0,0,59;0,0,0,0,0,0,0,73,0,0,0,0,70,0,79,24,42,0,0,0,0,80,0,73,31,0,0,0,61,0
0,0,32,0,0,0,0,0,0,0,0,0,0,0,0,0,0,0,0,0,0,0,0,20,0,0,32,0,37,0;25,0,35,0,0,0,0,0,23,40,0,0,0,0,0,27,0,31,23,0,0,0,0,0,0,28,0,0,28,0;0,0,0,0,0,27,0,0,0,30,0,0,0,0,25,0,0,0,0,0,0,0,0,0,0,0,0,32,32,0;0,0,0,0,27,0,38,0,0,0,33,0,0,0,0,36,0,25,0,0,33,38,0,0,0,39,0,0,29,31;24,0,0,0,0,0,0,27,0,31,0,0,0,0,29,0,0,0,25,0,20,0,0,0,0,0,0,0,37,0;0,0,38,39,0,0,0,0,28,0,0,0,30,0,0,0,0,0,0,0,0,28,0,0,0,0,34,0,0,0;0,0,0,0,0,0,0,31,26,20,24,0,0,0,32,0,0,0,0,0,0,38,0,0,21,0,32,34,0,0;0,0,0,0,23,32,33,0,29,0,40,0,0,0,0,0,0,0,0,0,36,20,0,33,0,0,0,0,39,24;35,0,0,38,0,0,0,0,0,32,0,0,0,22,0,0,0,28,0,0,22,0,0,30,0,0,0,0,0,0;35,22,0,0,20,0,0,0,23,0,32,0,0,0,35,0,0,0,0,24,0,0,30,40,0,0,0,0,39,0;20,0,24,0,34,0,0,0,39,20,0,32,0,32,0,0,35,37,34,0,0,0,0,31,0,0,0,0,0,34;19,0,0,0,33,0,0,0,0,37,0,0,26,0,0,0,0,0,0,0,21,23,0,37,25,35,0,0,0,39;27,0,0,24,0,0,0,22,0,0,0,0,0,14,38,0,0,22,0,0,0,0,0,0,0,0,0,0,0,0;0,23,0,0,0,0,24,0,21,0,27,0,0,0,27,23,33,34,0,0,0,21,0,32,0,0,0,0,24,22;23,0,0,28,0,39,0,0,28,0,28,0,0,0,0,0,0,29,0,0,23,0,21,0,0,0,0,0,35,0;0,32,0,0,0,0,0,37,23,38,0,0,0,0,0,0,0,28,40,26,26,0,0,0,0,32,20,36,26,0;0,0,39,0,0,27,0,0,0,22,0,0,0,0,33,0,0,0,37,0,30,0,24,0,22,24,0,27,0,0;0,0,0,0,0,0,0,0,0,0,0,0,0,0,38,28,0,0,0,0,0,0,24,36,34,36,21,40,0,0;36,38,0,0,0,0,0,33,35,0,39,0,0,0,0,39,26,37,0,0,24,0,0,0,0,0,0,0,29,23;0,0,0,0,34,0,0,30,0,0,0,18,0,21,36,21,0,18,0,0,0,28,0,0,0,0,0,20,0,0;0,0,0,0,38,0,24,0,34,39,0,32,28,0,0,0,0,0,0,0,0,0,39,0,0,0,0,0,0,0;25,0,0,27,0,0,0,0,27,0,0,0,0,20,0,0,29,0,0,0,0,0,15,0,29,0,0,0,0,0;0,35,0,39,0,30,0,0,0,24,0,0,0,0,0,0,35,0,0,0,0,24,0,0,36,25,33,26,0,31;0,0,0,0,21,0,0,34,31,0,0,0,0,33,31,0,39,0,0,30,0,0,0,0,0,0,31,0,19,0;0,24,0,33,20,28,0,31,0,0,0,0,0,0,23,0,0,0,0,0,0,0,0,22,0,34,0,0,0,0;0,0,0,39,0,0,0,32,0,0,0,0,0,0,0,0,0,36,0,0,0,29,33,0,33,0,15,27,21,0;34,0,26,0,0,0,0,0,0,35,0,0,0,0,0,0,29,0,0,29,0,34,0,0,0,0,0,30,0,34;0,38,0,0,20,28,0,0,0,22,22,0,0,37,0,32,0,0,0,0,0,26,0,37,0,0,31,0,0,0;0,0,0,0,0,0,0,0,0,0,34,24,0,0,37,35,0,0,0,0,0,0,0,0,27,0,35,0,0,20;0,0,0,0,0,0,0,28,0,0,0,0,26,0,36,22,33,0,0,0,0,36,0,21,32,0,0,0,38,0
-15,25,0,0,0,23,0,26,0,-15,-2,0,0,0,-22,0,0,-22,0,12,0,0,0,15,0,0,0,0,-36,11
------------- End of Scenario k = 6 -------
0,0,41,0,0,0,0,0,0,0,0,0,0,0,0,0,0,0,0,0,0,0,0,64,0,0,60,0,45,0;80,0,80,0,0,0,0,0,63,80,0,0,0,0,0,59,0,80,70,0,0,0,0,0,0,75,0,0,80,0;0,0,0,0,0,59,0,0,0,54,0,0,0,0,80,0,0,0,0,0,0,0,0,0,0,0,0,21,80,0;0,0,0,0,80,0,53,0,0,0,78,0,0,0,0,21,0,80,0,0,58,52,0,0,0,44,0,0,77,42;23,0,0,0,0,0,0,61,0,80,0,0,0,0,34,0,0,0,28,0,65,0,0,0,0,0,0,0,80,0;0,0,38,80,0,0,0,0,41,0,0,0,55,0,0,0,0,0,0,0,0,64,0,0,0,0,23,0,0,0;0,0,0,0,0,0,0,60,38,46,45,0,0,0,41,0,0,0,0,0,0,50,0,0,53,0,23,62,0,0;0,0,0,0,35,24,71,0,63,0,31,0,0,0,0,0,0,0,0,0,79,52,0,78,0,0,0,0,45,29;21,0,0,43,0,0,0,0,0,71,0,0,0,43,0,0,0,61,0,0,67,0,0,28,0,0,0,0,0,0;50,22,0,0,48,0,0,0,71,0,31,0,0,0,41,0,0,0,0,33,0,0,27,36,0,0,0,0,78,0;47,0,72,0,47,0,0,0,36,33,0,33,0,52,0,0,59,47,71,0,0,0,0,63,0,0,0,0,0,20;80,0,0,0,51,0,0,0,0,58,0,0,80,0,0,0,0,0,0,0,39,28,0,80,20,24,0,0,0,38;33,0,0,62,0,0,0,76,0,0,0,0,0,24,56,0,0,39,0,0,0,0,0,0,0,0,0,0,0,0;0,30,0,0,0,0,65,0,72,0,28,0,0,0,23,57,66,26,0,0,0,40,0,32,0,0,0,0,34,69;37,0,0,57,0,63,0,0,23,0,30,0,0,0,0,0,0,75,0,0,57,0,40,0,0,0,0,0,36,0;0,38,0,0,0,0,0,35,21,66,0,0,0,0,0,0,0,63,67,59,65,0,0,0,0,53,24,73,37,0;0,0,59,0,0,56,0,0,0,80,0,0,0,0,80,0,0,0,70,0,50,0,53,0,65,33,0,41,0,0;0,0,0,0,0,0,0,0,0,0,0,0,0,0,39,70,0,0,0,0,0,0,51,41,47,46,24,22,0,0;30,55,0,0,0,0,0,66,50,0,38,0,0,0,0,59,79,59,0,0,80,0,0,0,0,0,0,0,31,57;0,0,0,0,31,0,0,36,0,0,0,80,0,31,80,23,0,73,0,0,0,51,0,0,0,0,0,41,0,0;0,0,0,0,38,0,26,0,57,61,0,68,20,0,0,0,0,0,0,0,0,0,55,0,0,0,0,0,0,0;26,0,0,34,0,0,0,0,65,0,0,0,0,20,0,0,80,0,0,0,0,0,80,0,21,0,0,0,0,0;0,51,0,25,0,35,0,0,0,52,0,0,0,0,0,0,75,0,0,0,0,66,0,0,38,73,35,42,0,43;0,0,0,0,55,0,0,29,40,0,0,0,0,63,36,0,80,0,0,76,0,0,0,0,0,0,45,0,80,0;0,56,0,36,71,48,0,33,0,0,0,0,0,0,36,0,0,0,0,0,0,0,0,75,0,80,0,0,0,0;0,0,0,64,0,0,0,71,0,0,0,0,0,0,0,0,0,58,0,0,0,79,64,0,55,0,49,78,61,0;64,0,57,0,0,0,0,0,0,26,0,0,0,0,0,0,35,0,0,54,0,72,0,0,0,0,0,56,0,59;0,37,0,0,60,24,0,0,0,31,70,0,0,24,0,42,0,0,0,0,0,59,0,77,0,0,20,0,0,0;0,0,0,0,0,0,0,0,0,0,47,45,0,0,68,76,0,0,0,0,0,0,0,0,36,0,46,0,0,80;0,0,0,0,0,0,0,36,0,0,0,0,20,0,74,58,77,0,0,0,0,80,0,60,49,0,0,0,76,0
0,0,38,0,0,0,0,0,0,0,0,0,0,0,0,0,0,0,0,0,0,0,0,23,0,0,26,0,22,0;33,0,36,0,0,0,0,0,40,20,0,0,0,0,0,24,0,18,21,0,0,0,0,0,0,39,0,0,25,0;0,0,0,0,0,38,0,0,0,30,0,0,0,0,24,0,0,0,0,0,0,0,0,0,0,0,0,34,20,0;0,0,0,0,33,0,36,0,0,0,15,0,0,0,0,24,0,35,0,0,34,24,0,0,0,32,0,0,20,34;32,0,0,0,0,0,0,31,0,27,0,0,0,0,18,0,0,0,31,0,26,0,0,0,0,0,0,0,23,0;0,0,33,15,0,0,0,0,25,0,0,0,25,0,0,0,0,0,0,0,0,30,0,0,0,0,24,0,0,0;0,0,0,0,0,0,0,21,33,21,38,0,0,0,34,0,0,0,0,0,0,29,0,0,25,0,37,36,0,0;0,0,0,0,27,26,40,0,26,0,38,0,0,0,0,0,0,0,0,0,23,22,0,27,0,0,0,0,27,39;35,0,0,25,0,0,0,0,0,23,0,0,0,26,0,0,0,39,0,0,31,0,0,25,0,0,0,0,0,0;21,33,0,0,36,0,0,0,26,0,36,0,0,0,27,0,0,0,0,34,0,0,35,26,0,0,0,0,39,0;29,0,20,0,21,0,0,0,40,28,0,26,0,40,0,0,40,21,26,0,0,0,0,34,0,0,0,0,0,29;24,0,0,0,27,0,0,0,0,29,0,0,37,0,0,0,0,0,0,0,31,22,0,25,24,36,0,0,0,28;31,0,0,26,0,0,0,33,0,0,0,0,0,39,21,0,0,37,0,0,0,0,0,0,0,0,0,0,0,0;0,23,0,0,0,0,28,0,27,0,34,0,0,0,28,30,40,25,0,0,0,29,0,35,0,0,0,0,20,22;36,0,0,40,0,30,0,0,33,0,26,0,0,0,0,0,0,34,0,0,23,0,33,0,0,0,0,0,28,0;0,21,0,0,0,0,0,22,29,36,0,0,0,0,0,0,0,30,33,30,27,0,0,0,0,21,31,26,19,0;0,0,39,0,0,33,0,0,0,30,0,0,0,0,34,0,0,0,33,0,24,0,38,0,29,37,0,28,0,0;0,0,0,0,0,0,0,0,0,0,0,0,0,0,28,21,0,0,0,0,0,0,33,39,34,38,32,28,0,0;26,39,0,0,0,0,0,25,37,0,39,0,0,0,0,39,23,39,0,0,31,0,0,0,0,0,0,0,36,24;0,0,0,0,24,0,0,29,0,0,0,20,0,25,36,27,0,40,0,0,0,27,0,0,0,0,0,21,0,0;0,0,0,0,37,0,33,0,28,32,0,35,38,0,0,0,0,0,0,0,0,0,26,0,0,0,0,0,0,0;28,0,0,37,0,0,0,0,26,0,0,0,0,21,0,0,31,0,0,0,0,0,24,0,25,0,0,0,0,0;0,22,0,25,0,29,0,0,0,22,0,0,0,0,0,0,20,0,0,0,0,20,0,0,29,27,23,21,0,27;0,0,0,0,24,0,0,22,31,0,0,0,0,24,37,0,32,0,0,40,0,0,0,0,0,0,28,0,38,0;0,23,0,35,33,29,0,29,0,0,0,0,0,0,36,0,0,0,0,0,0,0,0,32,0,35,0,0,0,0;0,0,0,20,0,0,0,23,0,0,0,0,0,0,0,0,0,37,0,0,0,24,26,0,38,0,38,36,22,0;20,0,25,0,0,0,0,0,0,25,0,0,0,0,0,0,25,0,0,21,0,28,0,0,0,0,0,40,0,28;0,40,0,0,22,24,0,0,0,30,33,0,0,20,0,27,0,0,0,0,0,26,0,36,0,0,40,0,0,0;0,0,0,0,0,0,0,0,0,0,29,39,0,0,23,27,0,0,0,0,0,0,0,0,28,0,22,0,0,23;0,0,0,0,0,0,0,37,0,0,0,0,20,0,34,38,26,0,0,0,0,25,0,39,29,0,0,0,20,0
-12,13,0,0,0,11,0,22,0,-7,0,0,0,0,-22,0,0,-25,0,17,0,0,0,30,0,0,0,0,-48,21
------------- End of Scenario k = 7 -------
0,0,65,0,0,0,0,0,0,0,0,0,0,0,0,0,0,0,0,0,0,0,0,23,0,0,34,0,55,0;74,0,80,0,0,0,0,0,51,51,0,0,0,0,0,20,0,50,78,0,0,0,0,0,0,31,0,0,80,0;0,0,0,0,0,75,0,0,0,41,0,0,0,0,76,0,0,0,0,0,0,0,0,0,0,0,0,69,79,0;0,0,0,0,55,0,79,0,0,0,35,0,0,0,0,35,0,80,0,0,47,66,0,0,0,57,0,0,35,67;80,0,0,0,0,0,0,23,0,80,0,0,0,0,22,0,0,0,56,0,74,0,0,0,0,0,0,0,72,0;0,0,58,49,0,0,0,0,26,0,0,0,58,0,0,0,0,0,0,0,0,47,0,0,0,0,73,0,0,0;0,0,0,0,0,0,0,76,80,80,53,0,0,0,63,0,0,0,0,0,0,38,0,0,64,0,60,40,0,0;0,0,0,0,61,80,80,0,78,0,33,0,0,0,0,0,0,0,0,0,32,43,0,26,0,0,0,0,80,33;80,0,0,38,0,0,0,0,0,51,0,0,0,68,0,0,0,58,0,0,27,0,0,61,0,0,0,0,0,0;65,77,0,0,71,0,0,0,26,0,70,0,0,0,39,0,0,0,0,76,0,0,63,29,0,0,0,0,48,0;68,0,42,0,80,0,0,0,57,70,0,54,0,69,0,0,62,57,75,0,0,0,0,22,0,0,0,0,0,59;58,0,0,0,48,0,0,0,0,36,0,0,72,0,0,0,0,0,0,0,20,58,0,35,31,51,0,0,0,33;80,0,0,45,0,0,0,49,0,0,0,0,0,80,39,0,0,48,0,0,0,0,0,0,0,0,0,0,0,0;0,70,0,0,0,0,65,0,68,0,31,0,0,0,32,71,40,62,0,0,0,48,0,46,0,0,0,0,26,44;80,0,0,31,0,68,0,0,44,0,32,0,0,0,0,0,0,76,0,0,50,0,24,0,0,0,0,0,51,0;0,39,0,0,0,0,0,71,62,65,0,0,0,0,0,0,0,48,77,55,65,0,0,0,0,66,31,36,80,0;0,0,22,0,0,27,0,0,0,79,0,0,0,0,80,0,0,0,61,0,35,0,39,0,39,76,0,22,0,0;0,0,0,0,0,0,0,0,0,0,0,0,0,0,22,30,0,0,0,0,0,0,65,64,68,61,68,45,0,0;40,27,0,0,0,0,0,22,49,0,78,0,0,0,0,67,48,75,0,0,80,0,0,0,0,0,0,0,51,49;0,0,0,0,43,0,0,58,0,0,0,80,0,31,80,42,0,80,0,0,0,36,0,0,0,0,0,26,0,0;0,0,0,0,47,0,28,0,71,34,0,28,56,0,0,0,0,0,0,0,0,0,63,0,0,0,0,0,0,0;61,0,0,43,0,0,0,0,56,0,0,0,0,49,0,0,43,0,0,0,0,0,37,0,75,0,0,0,0,0;0,75,0,52,0,77,0,0,0,78,0,0,0,0,0,0,72,0,0,0,0,21,0,0,50,22,50,65,0,25;0,0,0,0,38,0,0,62,33,0,0,0,0,57,47,0,78,0,0,73,0,0,0,0,0,0,66,0,80,0;0,41,0,68,40,38,0,47,0,0,0,0,0,0,80,0,0,0,0,0,0,0,0,65,0,80,0,0,0,0;0,0,0,33,0,0,0,22,0,0,0,0,0,0,0,0,0,59,0,0,0,49,68,0,67,0,80,22,71,0;62,0,76,0,0,0,0,0,0,55,0,0,0,0,0,0,28,0,0,57,0,29,0,0,0,0,0,64,0,80;0,64,0,0,51,55,0,0,0,53,55,0,0,76,0,63,0,0,0,0,0,30,0,22,0,0,42,0,0,0;0,0,0,0,0,0,0,0,0,0,68,76,0,0,70,57,0,0,0,0,0,0,0,0,50,0,31,0,0,54;0,0,0,0,0,0,0,62,0,0,0,0,23,0,27,60,62,0,0,0,0,25,0,22,78,0,0,0,63,0
0,0,28,0,0,0,0,0,0,0,0,0,0,0,0,0,0,0,0,0,0,0,0,26,0,0,33,0,40,0;28,0,27,0,0,0,0,0,27,36,0,0,0,0,0,34,0,31,22,0,0,0,0,0,0,29,0,0,32,0;0,0,0,0,0,25,0,0,0,24,0,0,0,0,38,0,0,0,0,0,0,0,0,0,0,0,0,40,38,0;0,0,0,0,36,0,29,0,0,0,28,0,0,0,0,36,0,40,0,0,20,27,0,0,0,33,0,0,29,37;37,0,0,0,0,0,0,22,0,29,0,0,0,0,38,0,0,0,24,0,33,0,0,0,0,0,0,0,30,0;0,0,26,33,0,0,0,0,32,0,0,0,37,0,0,0,0,0,0,0,0,37,0,0,0,0,26,0,0,0;0,0,0,0,0,0,0,34,39,38,38,0,0,0,38,0,0,0,0,0,0,22,0,0,39,0,22,32,0,0;0,0,0,0,26,34,26,0,37,0,28,0,0,0,0,0,0,0,0,0,39,25,0,27,0,0,0,0,40,37;29,0,0,20,0,0,0,0,0,25,0,0,0,33,0,0,0,37,0,0,35,0,0,35,0,0,0,0,0,0;26,35,0,0,30,0,0,0,26,0,32,0,0,0,31,0,0,0,0,32,0,0,24,24,0,0,0,0,27,0;36,0,36,0,31,0,0,0,29,23,0,23,0,33,0,0,28,34,38,0,0,0,0,28,0,0,0,0,0,29;32,0,0,0,37,0,0,0,0,22,0,0,39,0,0,0,0,0,0,0,20,37,0,31,37,29,0,0,0,31;30,0,0,30,0,0,0,23,0,0,0,0,0,38,25,0,0,29,0,0,0,0,0,0,0,0,0,0,0,0;0,28,0,0,0,0,29,0,30,0,33,0,0,0,29,30,36,40,0,0,0,38,0,30,0,0,0,0,35,26;29,0,0,27,0,20,0,0,29,0,38,0,0,0,0,0,0,22,0,0,31,0,34,0,0,0,0,0,20,0;0,40,0,0,0,0,0,36,39,25,0,0,0,0,0,0,0,26,34,25,36,0,0,0,0,39,39,28,31,0;0,0,28,0,0,25,0,0,0,30,0,0,0,0,33,0,0,0,38,0,31,0,40,0,23,34,0,36,0,0;0,0,0,0,0,0,0,0,0,0,0,0,0,0,35,29,0,0,0,0,0,0,27,40,25,23,34,28,0,0;20,32,0,0,0,0,0,24,32,0,27,0,0,0,0,36,36,33,0,0,32,0,0,0,0,0,0,0,21,31;0,0,0,0,20,0,0,22,0,0,0,35,0,21,30,20,0,33,0,0,0,32,0,0,0,0,0,39,0,0;0,0,0,0,27,0,30,0,23,22,0,26,25,0,0,0,0,0,0,0,0,0,37,0,0,0,0,0,0,0;23,0,0,32,0,0,0,0,27,0,0,0,0,23,0,0,25,0,0,0,0,0,27,0,35,0,0,0,0,0;0,29,0,31,0,32,0,0,0,27,0,0,0,0,0,0,27,0,0,0,0,21,0,0,32,26,25,31,0,28;0,0,0,0,25,0,0,26,22,0,0,0,0,23,26,0,30,0,0,27,0,0,0,0,0,0,21,0,35,0;0,35,0,36,23,40,0,31,0,0,0,0,0,0,25,0,0,0,0,0,0,0,0,22,0,35,0,0,0,0;0,0,0,26,0,0,0,30,0,0,0,0,0,0,0,0,0,40,0,0,0,29,39,0,40,0,39,25,17,0;23,0,28,0,0,0,0,0,0,36,0,0,0,0,0,0,21,0,0,34,0,23,0,0,0,0,0,24,0,21;0,33,0,0,27,30,0,0,0,20,40,0,0,34,0,29,0,0,0,0,0,31,0,27,0,0,31,0,0,0;0,0,0,0,0,0,0,0,0,0,39,27,0,0,32,27,0,0,0,0,0,0,0,0,21,0,24,0,0,22;0,0,0,0,0,0,0,34,0,0,0,0,20,0,28,31,32,0,0,0,0,21,0,39,32,0,0,0,32,0
-9,26,0,0,0,24,0,19,0,-27,-2,0,0,0,-23,0,0,-25,0,30,0,0,0,30,0,0,0,0,-59,16
------------- End of Scenario k = 8 -------
0,0,25,0,0,0,0,0,0,0,0,0,0,0,0,0,0,0,0,0,0,0,0,67,0,0,65,0,57,0;80,0,80,0,0,0,0,0,54,42,0,0,0,0,0,40,0,69,73,0,0,0,0,0,0,80,0,0,70,0;0,0,0,0,0,54,0,0,0,78,0,0,0,0,80,0,0,0,0,0,0,0,0,0,0,0,0,55,80,0;0,0,0,0,80,0,29,0,0,0,80,0,0,0,0,62,0,46,0,0,64,80,0,0,0,47,0,0,39,22;64,0,0,0,0,0,0,41,0,40,0,0,0,0,73,0,0,0,42,0,75,0,0,0,0,0,0,0,49,0;0,0,29,80,0,0,0,0,45,0,0,0,72,0,0,0,0,0,0,0,0,56,0,0,0,0,76,0,0,0;0,0,0,0,0,0,0,47,21,54,37,0,0,0,80,0,0,0,0,0,0,77,0,0,80,0,33,41,0,0;0,0,0,0,20,51,80,0,40,0,33,0,0,0,0,0,0,0,0,0,42,69,0,41,0,0,0,0,80,78;80,0,0,72,0,0,0,0,0,58,0,0,0,48,0,0,0,56,0,0,67,0,0,64,0,0,0,0,0,0;51,35,0,0,22,0,0,0,22,0,69,0,0,0,40,0,0,0,0,21,0,0,34,24,0,0,0,0,54,0;28,0,30,0,29,0,0,0,44,75,0,65,0,31,0,0,55,31,75,0,0,0,0,78,0,0,0,0,0,68;80,0,0,0,64,0,0,0,0,40,0,0,80,0,0,0,0,0,0,0,45,62,0,75,55,50,0,0,0,68;21,0,0,63,0,0,0,67,0,0,0,0,0,80,80,0,0,23,0,0,0,0,0,0,0,0,0,0,0,0;0,29,0,0,0,0,43,0,59,0,70,0,0,0,57,80,71,33,0,0,0,45,0,79,0,0,0,0,68,79;76,0,0,35,0,61,0,0,31,0,69,0,0,0,0,0,0,77,0,0,73,0,27,0,0,0,0,0,30,0;0,74,0,0,0,0,0,55,30,39,0,0,0,0,0,0,0,32,59,57,39,0,0,0,0,63,39,50,76,0;0,0,35,0,0,33,0,0,0,29,0,0,0,0,53,0,0,0,80,0,78,0,37,0,35,80,0,57,0,0;0,0,0,0,0,0,0,0,0,0,0,0,0,0,66,41,0,0,0,0,0,0,65,25,66,48,23,48,0,0;65,42,0,0,0,0,0,20,67,0,65,0,0,0,0,43,68,21,0,0,80,0,0,0,0,0,0,0,35,49;0,0,0,0,46,0,0,66,0,0,0,68,0,56,80,78,0,54,0,0,0,48,0,0,0,0,0,68,0,0;0,0,0,0,73,0,55,0,72,34,0,60,37,0,0,0,0,0,0,0,0,0,44,0,0,0,0,0,0,0;22,0,0,61,0,0,0,0,38,0,0,0,0,46,0,0,38,0,0,0,0,0,80,0,69,0,0,0,0,0;0,74,0,64,0,56,0,0,0,50,0,0,0,0,0,0,28,0,0,0,0,20,0,0,65,49,69,37,0,61;0,0,0,0,54,0,0,59,78,0,0,0,0,54,43,0,80,0,0,67,0,0,0,0,0,0,76,0,80,0;0,29,0,58,52,46,0,67,0,0,0,0,0,0,63,0,0,0,0,0,0,0,0,52,0,23,0,0,0,0;0,0,0,67,0,0,0,69,0,0,0,0,0,0,0,0,0,27,0,0,0,35,60,0,48,0,80,66,29,0;65,0,57,0,0,0,0,0,0,75,0,0,0,0,0,0,28,0,0,21,0,73,0,0,0,0,0,80,0,27;0,31,0,0,25,31,0,0,0,43,76,0,0,67,0,79,0,0,0,0,0,41,0,75,0,0,76,0,0,0;0,0,0,0,0,0,0,0,0,0,48,64,0,0,59,39,0,0,0,0,0,0,0,0,39,0,70,0,0,45;0,0,0,0,0,0,0,61,0,0,0,0,56,0,23,33,45,0,0,0,0,80,0,22,57,0,0,0,47,0
0,0,22,0,0,0,0,0,0,0,0,0,0,0,0,0,0,0,0,0,0,0,0,38,0,0,30,0,34,0;40,0,32,0,0,0,0,0,30,35,0,0,0,0,0,37,0,37,32,0,0,0,0,0,0,39,0,0,30,0;0,0,0,0,0,37,0,0,0,39,0,0,0,0,28,0,0,0,0,0,0,0,0,0,0,0,0,34,39,0;0,0,0,0,39,0,36,0,0,0,37,0,0,0,0,30,0,29,0,0,39,39,0,0,0,32,0,0,36,20;32,0,0,0,0,0,0,38,0,37,0,0,0,0,38,0,0,0,36,0,23,0,0,0,0,0,0,0,40,0;0,0,39,36,0,0,0,0,33,0,0,0,28,0,0,0,0,0,0,0,0,29,0,0,0,0,29,0,0,0;0,0,0,0,0,0,0,32,24,30,30,0,0,0,33,0,0,0,0,0,0,25,0,0,40,0,36,24,0,0;0,0,0,0,35,30,27,0,21,0,25,0,0,0,0,0,0,0,0,0,23,36,0,25,0,0,0,0,28,27;22,0,0,34,0,0,0,0,0,18,0,0,0,23,0,0,0,30,0,0,29,0,0,33,0,0,0,0,0,0;30,25,0,0,22,0,0,0,34,0,29,0,0,0,22,0,0,0,0,20,0,0,35,35,0,0,0,0,34,0;39,0,26,0,29,0,0,0,24,36,0,22,0,36,0,0,27,39,20,0,0,0,0,22,0,0,0,0,0,23;32,0,0,0,32,0,0,0,0,21,0,0,36,0,0,0,0,0,0,0,33,31,0,25,39,27,0,0,0,37;25,0,0,37,0,0,0,34,0,0,0,0,0,34,36,0,0,20,0,0,0,0,0,0,0,0,0,0,0,0;0,38,0,0,0,0,31,0,32,0,32,0,0,0,27,34,22,28,0,0,0,33,0,31,0,0,0,0,32,39;30,0,0,21,0,40,0,0,33,0,29,0,0,0,0,0,0,38,0,0,21,0,31,0,0,0,0,0,28,0;0,30,0,0,0,0,0,39,20,24,0,0,0,0,0,0,0,28,34,40,21,0,0,0,0,33,28,29,24,0;0,0,21,0,0,27,0,0,0,37,0,0,0,0,36,0,0,0,37,0,28,0,28,0,30,38,0,30,0,0;0,0,0,0,0,0,0,0,0,0,0,0,0,0,28,36,0,0,0,0,0,0,23,28,29,38,22,36,0,0;40,32,0,0,0,0,0,27,39,0,22,0,0,0,0,26,24,22,0,0,32,0,0,0,0,0,0,0,40,28;0,0,0,0,23,0,0,33,0,0,0,39,0,20,39,34,0,22,0,0,0,32,0,0,0,0,0,35,0,0;0,0,0,0,37,0,25,0,38,25,0,28,31,0,0,0,0,0,0,0,0,0,26,0,0,0,0,0,0,0;36,0,0,23,0,0,0,0,24,0,0,0,0,29,0,0,33,0,0,0,0,0,29,0,40,0,0,0,0,0;0,31,0,31,0,21,0,0,0,35,0,0,0,0,0,0,38,0,0,0,0,23,0,0,25,33,20,34,0,37;0,0,0,0,20,0,0,21,39,0,0,0,0,28,40,0,40,0,0,34,0,0,0,0,0,0,27,0,37,0;0,28,0,35,25,32,0,38,0,0,0,0,0,0,30,0,0,0,0,0,0,0,0,21,0,34,0,0,0,0;0,0,0,32,0,0,0,29,0,0,0,0,0,0,0,0,0,38,0,0,0,28,33,0,29,0,29,35,40,0;40,0,25,0,0,0,0,0,0,37,0,0,0,0,0,0,20,0,0,31,0,27,0,0,0,0,0,28,0,24;0,23,0,0,29,32,0,0,0,31,39,0,0,40,0,24,0,0,0,0,0,27,0,31,0,0,26,0,0,0;0,0,0,0,0,0,0,0,0,0,32,31,0,0,38,40,0,0,0,0,0,0,0,0,21,0,21,0,0,33;0,0,0,0,0,0,0,34,0,0,0,0,33,0,33,22,33,0,0,0,0,40,0,21,35,0,0,0,37,0
-12,26,0,0,0,29,0,15,0,-16,-1,0,0,0,-47,0,0,-11,0,19,0,0,0,30,0,0,0,0,-48,16
------------- End of Scenario k = 9 -------
