/ -------------------------------------------------------------------------
An instance of the stochastic Fixed - charge Network Flow Problem using NETGEN.
/ -------------------------------------------------------------------------
Number of Nodes (no Dummy node is added), n
Graph Density, density
The fixed cost to variable cost ratio, f
Adjacency Matrix, A
Fixed Cost Matrix, c
Number of scenarios, K
Scenario Probabilities, p
----The following three rows will be repeated K times.----
Var Cost Matrix, d
Capacity, u
demand, b
/ -------------------------------------------------------------------------
+
10
0.3
200
0,1,0,0,0,0,0,0,0,1;0,0,1,1,1,0,0,0,1,0;1,0,0,1,0,0,1,0,0,1;1,0,0,0,1,0,0,0,0,0;0,0,1,0,0,1,1,0,0,0;0,1,1,0,0,0,0,0,1,0;1,0,0,0,1,1,0,1,0,0;0,1,0,1,0,0,1,0,0,1;0,0,0,0,0,0,1,0,0,0;0,0,0,0,0,0,0,0,0,0
0,9770,0,0,0,0,0,0,0,10510;0,0,13550,8410,8750,0,0,0,10440,0;13700,0,0,13110,0,0,11510,0,0,8650;10750,0,0,0,11470,0,0,0,0,0;0,0,10220,0,0,12180,9710,0,0,0;0,10880,9630,0,0,0,0,0,10260,0;12480,0,0,0,9810,9050,0,13100,0,0;0,10350,0,9750,0,0,9200,0,0,13169;0,0,0,0,0,0,14430,0,0,0;0,0,0,0,0,0,0,0,0,0
20
0.02,0.1,0.12,0.02,0.02,0.05,0.05,0.02,0.05,0.02,0.05,0.02,0.02,0.05,0.12,0.02,0.02,0.05,0.02,0.16
--Scenarios--
0,78,0,0,0,0,0,0,0,73;0,0,54,50,60,0,0,0,79,0;80,0,0,28,0,0,67,0,0,74;20,0,0,0,34,0,0,0,0,0;0,0,72,0,0,80,23,0,0,0;0,76,36,0,0,0,0,0,78,0;78,0,0,0,68,41,0,28,0,0;0,70,0,20,0,0,54,0,0,80;0,0,0,0,0,0,52,0,0,0;0,0,0,0,0,0,0,0,0,0
0,22,0,0,0,0,0,0,0,26;0,0,30,23,39,0,0,0,33,0;40,0,0,34,0,0,31,0,0,21;20,0,0,0,33,0,0,0,0,0;0,0,29,0,0,28,27,0,0,0;0,32,23,0,0,0,0,0,40,0;36,0,0,0,22,28,0,35,0,0;0,37,0,28,0,0,33,0,0,30;0,0,0,0,0,0,25,0,0,0;0,0,0,0,0,0,0,0,0,0
-44,25,0,0,0,0,0,0,19,0
------------- End of Scenario k = 0 -------
0,37,0,0,0,0,0,0,0,63;0,0,80,30,28,0,0,0,74,0;51,0,0,80,0,0,64,0,0,29;47,0,0,0,55,0,0,0,0,0;0,0,44,0,0,80,36,0,0,0;0,23,55,0,0,0,0,0,53,0;48,0,0,0,37,46,0,80,0,0;0,67,0,33,0,0,74,0,0,80;0,0,0,0,0,0,80,0,0,0;0,0,0,0,0,0,0,0,0,0
0,25,0,0,0,0,0,0,0,37;0,0,38,25,30,0,0,0,22,0;14,0,0,15,0,0,30,0,0,24;34,0,0,0,40,0,0,0,0,0;0,0,22,0,0,23,40,0,0,0;0,29,34,0,0,0,0,0,24,0;32,0,0,0,31,29,0,32,0,0;0,38,0,35,0,0,28,0,0,29;0,0,0,0,0,0,40,0,0,0;0,0,0,0,0,0,0,0,0,0
-40,14,0,0,0,0,0,0,26,0
------------- End of Scenario k = 1 -------
0,25,0,0,0,0,0,0,0,61;0,0,80,23,47,0,0,0,23,0;70,0,0,80,0,0,75,0,0,51;74,0,0,0,80,0,0,0,0,0;0,0,20,0,0,60,61,0,0,0;0,66,59,0,0,0,0,0,67,0;80,0,0,0,22,31,0,80,0,0;0,49,0,78,0,0,53,0,0,28;0,0,0,0,0,0,80,0,0,0;0,0,0,0,0,0,0,0,0,0
0,36,0,0,0,0,0,0,0,33;0,0,40,40,30,0,0,0,31,0;38,0,0,29,0,0,40,0,0,22;20,0,0,0,32,0,0,0,0,0;0,0,39,0,0,25,25,0,0,0;0,31,33,0,0,0,0,0,35,0;22,0,0,0,21,33,0,22,0,0;0,24,0,20,0,0,36,0,0,27;0,0,0,0,0,0,37,0,0,0;0,0,0,0,0,0,0,0,0,0
-46,25,0,0,0,0,0,0,21,0
------------- End of Scenario k = 2 -------
0,52,0,0,0,0,0,0,0,39;0,0,58,23,37,0,0,0,70,0;80,0,0,80,0,0,38,0,0,25;65,0,0,0,29,0,0,0,0,0;0,0,23,0,0,21,42,0,0,0;0,52,33,0,0,0,0,0,49,0;80,0,0,0,53,20,0,80,0,0;0,57,0,46,0,0,35,0,0,59;0,0,0,0,0,0,80,0,0,0;0,0,0,0,0,0,0,0,0,0
0,26,0,0,0,0,0,0,0,25;0,0,28,26,26,0,0,0,23,0;40,0,0,29,0,0,27,0,0,38;36,0,0,0,40,0,0,0,0,0;0,0,20,0,0,39,20,0,0,0;0,39,21,0,0,0,0,0,26,0;38,0,0,0,28,21,0,21,0,0;0,29,0,26,0,0,32,0,0,21;0,0,0,0,0,0,33,0,0,0;0,0,0,0,0,0,0,0,0,0
-47,27,0,0,0,0,0,0,20,0
------------- End of Scenario k = 3 -------
0,25,0,0,0,0,0,0,0,34;0,0,47,37,44,0,0,0,56,0;80,0,0,80,0,0,60,0,0,49;58,0,0,0,52,0,0,0,0,0;0,0,35,0,0,39,73,0,0,0;0,54,24,0,0,0,0,0,32,0;28,0,0,0,70,64,0,80,0,0;0,51,0,52,0,0,41,0,0,53;0,0,0,0,0,0,59,0,0,0;0,0,0,0,0,0,0,0,0,0
0,35,0,0,0,0,0,0,0,26;0,0,25,37,30,0,0,0,30,0;37,0,0,29,0,0,36,0,0,37;33,0,0,0,31,0,0,0,0,0;0,0,33,0,0,34,30,0,0,0;0,39,23,0,0,0,0,0,37,0;25,0,0,0,34,38,0,29,0,0;0,32,0,37,0,0,21,0,0,20;0,0,0,0,0,0,36,0,0,0;0,0,0,0,0,0,0,0,0,0
-45,25,0,0,0,0,0,0,20,0
------------- End of Scenario k = 4 -------
0,36,0,0,0,0,0,0,0,23;0,0,80,35,30,0,0,0,62,0;44,0,0,80,0,0,42,0,0,29;40,0,0,0,80,0,0,0,0,0;0,0,69,0,0,62,27,0,0,0;0,71,69,0,0,0,0,0,70,0;72,0,0,0,44,46,0,75,0,0;0,52,0,33,0,0,78,0,0,80;0,0,0,0,0,0,80,0,0,0;0,0,0,0,0,0,0,0,0,0
0,23,0,0,0,0,0,0,0,20;0,0,40,40,28,0,0,0,26,0;30,0,0,30,0,0,26,0,0,30;22,0,0,0,28,0,0,0,0,0;0,0,38,0,0,31,39,0,0,0;0,24,26,0,0,0,0,0,21,0;38,0,0,0,22,32,0,39,0,0;0,40,0,33,0,0,31,0,0,22;0,0,0,0,0,0,28,0,0,0;0,0,0,0,0,0,0,0,0,0
-48,27,0,0,0,0,0,0,21,0
------------- End of Scenario k = 5 -------
0,34,0,0,0,0,0,0,0,57;0,0,30,48,39,0,0,0,30,0;75,0,0,80,0,0,59,0,0,40;78,0,0,0,76,0,0,0,0,0;0,0,61,0,0,40,47,0,0,0;0,22,39,0,0,0,0,0,40,0;75,0,0,0,73,73,0,70,0,0;0,59,0,53,0,0,42,0,0,80;0,0,0,0,0,0,80,0,0,0;0,0,0,0,0,0,0,0,0,0
0,27,0,0,0,0,0,0,0,27;0,0,28,20,25,0,0,0,36,0;29,0,0,36,0,0,40,0,0,40;27,0,0,0,12,0,0,0,0,0;0,0,24,0,0,15,38,0,0,0;0,28,35,0,0,0,0,0,35,0;37,0,0,0,25,28,0,31,0,0;0,27,0,39,0,0,22,0,0,38;0,0,0,0,0,0,35,0,0,0;0,0,0,0,0,0,0,0,0,0
-36,12,0,0,0,0,0,0,24,0
------------- End of Scenario k = 6 -------
0,51,0,0,0,0,0,0,0,34;0,0,46,38,33,0,0,0,38,0;72,0,0,80,0,0,73,0,0,66;20,0,0,0,77,0,0,0,0,0;0,0,64,0,0,31,60,0,0,0;0,63,56,0,0,0,0,0,41,0;80,0,0,0,50,77,0,65,0,0;0,20,0,70,0,0,27,0,0,43;0,0,0,0,0,0,80,0,0,0;0,0,0,0,0,0,0,0,0,0
0,23,0,0,0,0,0,0,0,27;0,0,38,23,26,0,0,0,33,0;22,0,0,30,0,0,38,0,0,40;39,0,0,0,25,0,0,0,0,0;0,0,24,0,0,40,38,0,0,0;0,20,24,0,0,0,0,0,29,0;31,0,0,0,20,23,0,27,0,0;0,30,0,26,0,0,29,0,0,38;0,0,0,0,0,0,36,0,0,0;0,0,0,0,0,0,0,0,0,0
-43,18,0,0,0,0,0,0,25,0
------------- End of Scenario k = 7 -------
0,23,0,0,0,0,0,0,0,78;0,0,80,73,66,0,0,0,58,0;79,0,0,53,0,0,59,0,0,51;47,0,0,0,60,0,0,0,0,0;0,0,47,0,0,80,75,0,0,0;0,80,38,0,0,0,0,0,60,0;32,0,0,0,77,59,0,80,0,0;0,52,0,23,0,0,26,0,0,80;0,0,0,0,0,0,80,0,0,0;0,0,0,0,0,0,0,0,0,0
0,38,0,0,0,0,0,0,0,23;0,0,37,36,31,0,0,0,36,0;34,0,0,20,0,0,40,0,0,27;22,0,0,0,34,0,0,0,0,0;0,0,39,0,0,35,21,0,0,0;0,33,35,0,0,0,0,0,30,0;39,0,0,0,30,25,0,34,0,0;0,21,0,25,0,0,36,0,0,30;0,0,0,0,0,0,15,0,0,0;0,0,0,0,0,0,0,0,0,0
-28,14,0,0,0,0,0,0,14,0
------------- End of Scenario k = 8 -------
0,57,0,0,0,0,0,0,0,80;0,0,80,27,32,0,0,0,34,0;80,0,0,37,0,0,71,0,0,76;58,0,0,0,27,0,0,0,0,0;0,0,45,0,0,80,74,0,0,0;0,70,65,0,0,0,0,0,25,0;72,0,0,0,62,46,0,80,0,0;0,66,0,77,0,0,79,0,0,80;0,0,0,0,0,0,80,0,0,0;0,0,0,0,0,0,0,0,0,0
0,34,0,0,0,0,0,0,0,20;0,0,34,21,39,0,0,0,35,0;29,0,0,15,0,0,20,0,0,38;26,0,0,0,18,0,0,0,0,0;0,0,24,0,0,26,24,0,0,0;0,37,32,0,0,0,0,0,24,0;24,0,0,0,29,26,0,31,0,0;0,24,0,32,0,0,31,0,0,16;0,0,0,0,0,0,39,0,0,0;0,0,0,0,0,0,0,0,0,0
-27,13,0,0,0,0,0,0,14,0
------------- End of Scenario k = 9 -------
0,80,0,0,0,0,0,0,0,60;0,0,80,39,40,0,0,0,63,0;56,0,0,80,0,0,57,0,0,23;58,0,0,0,31,0,0,0,0,0;0,0,57,0,0,44,43,0,0,0;0,49,31,0,0,0,0,0,51,0;37,0,0,0,37,27,0,80,0,0;0,72,0,80,0,0,32,0,0,58;0,0,0,0,0,0,78,0,0,0;0,0,0,0,0,0,0,0,0,0
0,24,0,0,0,0,0,0,0,40;0,0,19,33,37,0,0,0,27,0;30,0,0,33,0,0,29,0,0,21;33,0,0,0,38,0,0,0,0,0;0,0,37,0,0,21,32,0,0,0;0,35,40,0,0,0,0,0,34,0;39,0,0,0,36,29,0,31,0,0;0,21,0,39,0,0,28,0,0,40;0,0,0,0,0,0,38,0,0,0;0,0,0,0,0,0,0,0,0,0
-45,19,0,0,0,0,0,0,26,0
------------- End of Scenario k = 10 -------
0,56,0,0,0,0,0,0,0,40;0,0,80,22,62,0,0,0,54,0;73,0,0,66,0,0,76,0,0,22;79,0,0,0,47,0,0,0,0,0;0,0,78,0,0,80,54,0,0,0;0,39,54,0,0,0,0,0,27,0;80,0,0,0,36,20,0,54,0,0;0,69,0,37,0,0,79,0,0,80;0,0,0,0,0,0,80,0,0,0;0,0,0,0,0,0,0,0,0,0
0,38,0,0,0,0,0,0,0,24;0,0,21,26,25,0,0,0,23,0;37,0,0,15,0,0,34,0,0,26;22,0,0,0,30,0,0,0,0,0;0,0,34,0,0,22,21,0,0,0;0,22,28,0,0,0,0,0,33,0;28,0,0,0,39,20,0,21,0,0;0,40,0,31,0,0,37,0,0,19;0,0,0,0,0,0,34,0,0,0;0,0,0,0,0,0,0,0,0,0
-27,13,0,0,0,0,0,0,14,0
------------- End of Scenario k = 11 -------
0,75,0,0,0,0,0,0,0,21;0,0,80,45,42,0,0,0,41,0;62,0,0,80,0,0,28,0,0,31;73,0,0,0,35,0,0,0,0,0;0,0,62,0,0,80,40,0,0,0;0,49,35,0,0,0,0,0,26,0;38,0,0,0,26,71,0,80,0,0;0,21,0,52,0,0,47,0,0,80;0,0,0,0,0,0,70,0,0,0;0,0,0,0,0,0,0,0,0,0
0,35,0,0,0,0,0,0,0,32;0,0,38,22,36,0,0,0,32,0;34,0,0,24,0,0,27,0,0,36;37,0,0,0,29,0,0,0,0,0;0,0,33,0,0,39,38,0,0,0;0,39,35,0,0,0,0,0,35,0;36,0,0,0,24,20,0,24,0,0;0,30,0,36,0,0,26,0,0,20;0,0,0,0,0,0,33,0,0,0;0,0,0,0,0,0,0,0,0,0
-36,19,0,0,0,0,0,0,17,0
------------- End of Scenario k = 12 -------
0,56,0,0,0,0,0,0,0,63;0,0,39,46,63,0,0,0,69,0;80,0,0,24,0,0,33,0,0,41;38,0,0,0,80,0,0,0,0,0;0,0,23,0,0,80,26,0,0,0;0,65,60,0,0,0,0,0,45,0;80,0,0,0,74,25,0,35,0,0;0,41,0,70,0,0,30,0,0,80;0,0,0,0,0,0,80,0,0,0;0,0,0,0,0,0,0,0,0,0
0,31,0,0,0,0,0,0,0,38;0,0,21,34,37,0,0,0,31,0;25,0,0,38,0,0,31,0,0,22;22,0,0,0,33,0,0,0,0,0;0,0,23,0,0,40,30,0,0,0;0,29,24,0,0,0,0,0,25,0;24,0,0,0,37,36,0,28,0,0;0,37,0,35,0,0,29,0,0,40;0,0,0,0,0,0,40,0,0,0;0,0,0,0,0,0,0,0,0,0
-41,17,0,0,0,0,0,0,24,0
------------- End of Scenario k = 13 -------
0,24,0,0,0,0,0,0,0,21;0,0,80,49,55,0,0,0,57,0;80,0,0,80,0,0,79,0,0,52;58,0,0,0,80,0,0,0,0,0;0,0,73,0,0,50,30,0,0,0;0,49,58,0,0,0,0,0,59,0;31,0,0,0,71,43,0,23,0,0;0,37,0,45,0,0,54,0,0,40;0,0,0,0,0,0,80,0,0,0;0,0,0,0,0,0,0,0,0,0
0,32,0,0,0,0,0,0,0,31;0,0,16,25,30,0,0,0,22,0;29,0,0,23,0,0,40,0,0,36;34,0,0,0,20,0,0,0,0,0;0,0,26,0,0,31,39,0,0,0;0,38,21,0,0,0,0,0,38,0;24,0,0,0,35,33,0,38,0,0;0,35,0,28,0,0,35,0,0,32;0,0,0,0,0,0,34,0,0,0;0,0,0,0,0,0,0,0,0,0
-32,12,0,0,0,0,0,0,20,0
------------- End of Scenario k = 14 -------
0,60,0,0,0,0,0,0,0,76;0,0,41,47,21,0,0,0,34,0;80,0,0,80,0,0,63,0,0,58;58,0,0,0,35,0,0,0,0,0;0,0,68,0,0,80,66,0,0,0;0,24,47,0,0,0,0,0,76,0;61,0,0,0,31,70,0,80,0,0;0,58,0,25,0,0,25,0,0,57;0,0,0,0,0,0,72,0,0,0;0,0,0,0,0,0,0,0,0,0
0,37,0,0,0,0,0,0,0,33;0,0,25,37,36,0,0,0,40,0;35,0,0,35,0,0,32,0,0,34;40,0,0,0,39,0,0,0,0,0;0,0,25,0,0,35,32,0,0,0;0,31,40,0,0,0,0,0,24,0;31,0,0,0,37,39,0,30,0,0;0,27,0,27,0,0,24,0,0,34;0,0,0,0,0,0,30,0,0,0;0,0,0,0,0,0,0,0,0,0
-52,22,0,0,0,0,0,0,30,0
------------- End of Scenario k = 15 -------
0,40,0,0,0,0,0,0,0,60;0,0,80,27,77,0,0,0,60,0;26,0,0,40,0,0,75,0,0,27;33,0,0,0,29,0,0,0,0,0;0,0,21,0,0,63,52,0,0,0;0,69,40,0,0,0,0,0,79,0;36,0,0,0,37,24,0,42,0,0;0,37,0,60,0,0,38,0,0,61;0,0,0,0,0,0,51,0,0,0;0,0,0,0,0,0,0,0,0,0
0,34,0,0,0,0,0,0,0,23;0,0,31,26,26,0,0,0,26,0;26,0,0,28,0,0,37,0,0,20;30,0,0,0,28,0,0,0,0,0;0,0,36,0,0,33,32,0,0,0;0,23,27,0,0,0,0,0,24,0;37,0,0,0,39,25,0,40,0,0;0,30,0,40,0,0,34,0,0,33;0,0,0,0,0,0,13,0,0,0;0,0,0,0,0,0,0,0,0,0
-38,26,0,0,0,0,0,0,12,0
------------- End of Scenario k = 16 -------
0,69,0,0,0,0,0,0,0,59;0,0,80,78,22,0,0,0,57,0;68,0,0,80,0,0,74,0,0,20;46,0,0,0,80,0,0,0,0,0;0,0,66,0,0,51,49,0,0,0;0,38,54,0,0,0,0,0,27,0;80,0,0,0,25,36,0,72,0,0;0,23,0,63,0,0,25,0,0,80;0,0,0,0,0,0,80,0,0,0;0,0,0,0,0,0,0,0,0,0
0,30,0,0,0,0,0,0,0,33;0,0,30,21,37,0,0,0,36,0;35,0,0,35,0,0,37,0,0,35;23,0,0,0,38,0,0,0,0,0;0,0,22,0,0,37,32,0,0,0;0,22,34,0,0,0,0,0,23,0;33,0,0,0,31,27,0,37,0,0;0,34,0,35,0,0,37,0,0,35;0,0,0,0,0,0,26,0,0,0;0,0,0,0,0,0,0,0,0,0
-55,29,0,0,0,0,0,0,26,0
------------- End of Scenario k = 17 -------
0,62,0,0,0,0,0,0,0,63;0,0,80,61,37,0,0,0,47,0;77,0,0,80,0,0,34,0,0,38;63,0,0,0,80,0,0,0,0,0;0,0,23,0,0,37,59,0,0,0;0,69,55,0,0,0,0,0,76,0;80,0,0,0,61,53,0,80,0,0;0,64,0,23,0,0,40,0,0,38;0,0,0,0,0,0,69,0,0,0;0,0,0,0,0,0,0,0,0,0
0,22,0,0,0,0,0,0,0,31;0,0,39,37,22,0,0,0,29,0;32,0,0,40,0,0,20,0,0,27;39,0,0,0,36,0,0,0,0,0;0,0,33,0,0,37,37,0,0,0;0,21,37,0,0,0,0,0,27,0;25,0,0,0,30,31,0,39,0,0;0,37,0,20,0,0,31,0,0,20;0,0,0,0,0,0,32,0,0,0;0,0,0,0,0,0,0,0,0,0
-39,21,0,0,0,0,0,0,18,0
------------- End of Scenario k = 18 -------
0,37,0,0,0,0,0,0,0,46;0,0,80,43,40,0,0,0,38,0;57,0,0,23,0,0,24,0,0,63;62,0,0,0,80,0,0,0,0,0;0,0,71,0,0,80,34,0,0,0;0,60,55,0,0,0,0,0,45,0;80,0,0,0,27,33,0,46,0,0;0,70,0,35,0,0,41,0,0,80;0,0,0,0,0,0,32,0,0,0;0,0,0,0,0,0,0,0,0,0
0,22,0,0,0,0,0,0,0,24;0,0,34,38,33,0,0,0,33,0;40,0,0,27,0,0,23,0,0,24;24,0,0,0,32,0,0,0,0,0;0,0,30,0,0,28,31,0,0,0;0,35,37,0,0,0,0,0,23,0;36,0,0,0,39,36,0,38,0,0;0,35,0,27,0,0,29,0,0,36;0,0,0,0,0,0,40,0,0,0;0,0,0,0,0,0,0,0,0,0
-54,24,0,0,0,0,0,0,30,0
------------- End of Scenario k = 19 -------
