/ -------------------------------------------------------------------------
An instance of the stochastic Fixed - charge Network Flow Problem using NETGEN.
/ -------------------------------------------------------------------------
Number of Nodes (no Dummy node is added), n
Graph Density, density
The fixed cost to variable cost ratio, f
Adjacency Matrix, A
Fixed Cost Matrix, c
Number of scenarios, K
Scenario Probabilities, p
----The following three rows will be repeated K times.----
Var Cost Matrix, d
Capacity, u
demand, b
/ -------------------------------------------------------------------------
+
10
0.6
200
0,1,1,1,1,1,0,1,0,1;0,0,1,0,1,0,1,1,1,1;0,0,0,1,0,0,0,1,0,1;0,1,1,0,1,1,0,0,0,0;1,0,1,1,0,1,1,1,0,0;1,1,1,1,0,0,1,1,0,1;0,0,1,1,1,1,0,0,0,0;1,1,1,1,0,0,1,0,1,1;1,1,0,0,1,1,0,0,0,1;1,1,0,1,1,0,0,1,0,0
0,11130,10180,10080,9270,10140,0,9420,0,10050;0,0,12720,0,9540,0,11060,9730,10470,9550;0,0,0,13310,0,0,0,10170,0,10470;0,10490,11280,0,12460,9950,0,0,0,0;10600,0,10110,11590,0,12900,11220,10130,0,0;9750,7680,9360,9390,0,0,9290,13010,0,8670;0,0,10650,8570,8690,10560,0,0,0,0;10010,8470,10760,10290,0,0,12420,0,14250,10530;10470,8520,0,0,10450,10320,0,0,0,13210;10380,10920,0,10620,9570,0,0,10300,0,0
20
0.05,0.07,0.02,0.02,0.1,0.05,0.02,0.02,0.02,0.1,0.02,0.02,0.05,0.02,0.1,0.02,0.05,0.07,0.1,0.08
--Scenarios--
0,32,21,57,40,73,0,36,0,63;0,0,69,0,58,0,49,56,45,71;0,0,0,80,0,0,0,62,0,46;0,48,75,0,70,40,0,0,0,0;39,0,61,49,0,38,40,57,0,0;71,22,20,61,0,0,23,80,0,49;0,0,42,51,50,58,0,0,0,0;78,42,57,49,0,0,30,0,33,66;77,38,0,0,77,55,0,0,0,80;59,78,0,79,36,0,0,58,0,0
0,38,39,30,24,38,0,35,0,26;0,0,25,0,27,0,22,39,26,33;0,0,0,38,0,0,0,39,0,24;0,28,35,0,36,34,0,0,0,0;35,0,26,22,0,26,34,34,0,0;28,39,22,29,0,0,31,29,0,26;0,0,23,36,21,22,0,0,0,0;31,35,31,28,0,0,29,0,25,32;38,39,0,0,26,21,0,0,0,33;30,40,0,40,23,0,0,23,0,0
0,25,0,0,0,0,-25,0,0,0
------------- End of Scenario k = 0 -------
0,53,51,61,20,65,0,54,0,65;0,0,46,0,22,0,78,50,42,57;0,0,0,47,0,0,0,35,0,70;0,59,73,0,80,59,0,0,0,0;21,0,77,41,0,28,22,49,0,0;65,26,61,46,0,0,72,80,0,31;0,0,48,46,38,23,0,0,0,0;79,60,49,78,0,0,22,0,80,63;51,37,0,0,29,77,0,0,0,80;40,47,0,44,79,0,0,66,0,0
0,31,34,40,32,36,0,20,0,29;0,0,28,0,30,0,31,27,30,32;0,0,0,32,0,0,0,24,0,37;0,30,34,0,31,30,0,0,0,0;39,0,40,35,0,33,28,20,0,0;37,39,37,28,0,0,23,36,0,36;0,0,21,30,34,34,0,0,0,0;40,28,31,28,0,0,38,0,37,40;37,38,0,0,27,35,0,0,0,28;26,40,0,38,34,0,0,40,0,0
0,28,0,0,0,0,-28,0,0,0
------------- End of Scenario k = 1 -------
0,25,71,65,65,21,0,49,0,23;0,0,44,0,20,0,36,31,33,60;0,0,0,80,0,0,0,75,0,46;0,70,42,0,30,47,0,0,0,0;61,0,69,72,0,80,50,73,0,0;22,39,62,79,0,0,68,75,0,20;0,0,76,46,50,80,0,0,0,0;23,37,80,44,0,0,23,0,33,80;74,52,0,0,58,76,0,0,0,42;39,67,0,25,22,0,0,41,0,0
0,38,26,28,39,25,0,20,0,31;0,0,19,0,28,0,26,23,26,37;0,0,0,29,0,0,0,31,0,39;0,36,23,0,15,34,0,0,0,0;20,0,31,23,0,11,39,34,0,0;24,23,25,30,0,0,35,19,0,28;0,0,30,40,35,33,0,0,0,0;27,29,28,39,0,0,23,0,30,26;29,23,0,0,25,29,0,0,0,26;29,31,0,25,26,0,0,40,0,0
0,11,0,0,0,0,-11,0,0,0
------------- End of Scenario k = 2 -------
0,23,60,68,50,50,0,23,0,26;0,0,80,0,22,0,47,45,29,72;0,0,0,80,0,0,0,26,0,66;0,75,68,0,43,42,0,0,0,0;27,0,71,77,0,80,59,28,0,0;76,42,41,39,0,0,50,55,0,30;0,0,29,78,27,46,0,0,0,0;43,30,62,55,0,0,37,0,80,31;41,21,0,0,37,38,0,0,0,80;80,69,0,25,53,0,0,50,0,0
0,27,39,25,21,28,0,22,0,36;0,0,26,0,23,0,33,37,38,26;0,0,0,19,0,0,0,36,0,36;0,37,25,0,26,28,0,0,0,0;40,0,25,36,0,25,22,36,0,0;35,27,23,24,0,0,24,24,0,35;0,0,20,36,40,31,0,0,0,0;28,29,24,40,0,0,31,0,26,22;25,39,0,0,21,35,0,0,0,39;23,27,0,25,35,0,0,27,0,0
0,19,0,0,0,0,-19,0,0,0
------------- End of Scenario k = 3 -------
0,68,37,45,20,51,0,62,0,40;0,0,28,0,70,0,31,58,78,24;0,0,0,30,0,0,0,33,0,75;0,43,26,0,80,28,0,0,0,0;38,0,23,61,0,80,65,42,0,0;27,43,21,20,0,0,22,24,0,61;0,0,58,36,59,65,0,0,0,0;34,46,44,32,0,0,80,0,80,52;51,70,0,0,62,26,0,0,0,80;60,35,0,49,38,0,0,55,0,0
0,33,29,34,36,20,0,36,0,37;0,0,19,0,37,0,20,40,29,39;0,0,0,19,0,0,0,22,0,37;0,36,39,0,16,37,0,0,0,0;30,0,27,40,0,24,37,26,0,0;24,22,39,27,0,0,22,22,0,38;0,0,39,21,35,33,0,0,0,0;32,36,26,37,0,0,39,0,32,24;20,32,0,0,38,38,0,0,0,38;27,33,0,21,37,0,0,21,0,0
0,14,0,0,0,0,-14,0,0,0
------------- End of Scenario k = 4 -------
0,71,41,67,77,20,0,35,0,40;0,0,80,0,72,0,76,76,21,31;0,0,0,59,0,0,0,51,0,41;0,30,80,0,80,41,0,0,0,0;67,0,20,33,0,80,65,57,0,0;50,22,24,34,0,0,26,80,0,20;0,0,57,63,23,21,0,0,0,0;23,28,21,20,0,0,80,0,80,31;47,21,0,0,54,43,0,0,0,80;61,40,0,67,58,0,0,69,0,0
0,36,21,28,33,27,0,36,0,30;0,0,36,0,36,0,32,30,34,40;0,0,0,40,0,0,0,32,0,31;0,38,24,0,31,34,0,0,0,0;22,0,32,28,0,40,35,39,0,0;32,33,22,24,0,0,36,37,0,39;0,0,39,40,37,25,0,0,0,0;35,21,21,38,0,0,39,0,29,32;27,37,0,0,35,20,0,0,0,35;40,20,0,26,32,0,0,40,0,0
0,29,0,0,0,0,-29,0,0,0
------------- End of Scenario k = 5 -------
0,41,67,37,78,35,0,35,0,62;0,0,47,0,59,0,67,70,67,30;0,0,0,80,0,0,0,52,0,42;0,78,80,0,80,74,0,0,0,0;55,0,23,30,0,80,47,66,0,0;60,21,63,76,0,0,31,27,0,69;0,0,53,26,52,67,0,0,0,0;43,80,47,54,0,0,77,0,80,60;48,31,0,0,63,20,0,0,0,58;26,33,0,57,70,0,0,27,0,0
0,23,30,22,35,21,0,40,0,21;0,0,17,0,28,0,35,20,21,20;0,0,0,27,0,0,0,20,0,35;0,20,30,0,26,37,0,0,0,0;27,0,25,32,0,22,35,21,0,0;25,40,31,20,0,0,32,22,0,33;0,0,24,33,40,26,0,0,0,0;38,25,28,27,0,0,18,0,25,25;39,35,0,0,29,37,0,0,0,22;35,22,0,38,35,0,0,36,0,0
0,14,0,0,0,0,-14,0,0,0
------------- End of Scenario k = 6 -------
0,77,51,27,32,47,0,22,0,36;0,0,80,0,45,0,56,25,65,42;0,0,0,51,0,0,0,51,0,21;0,40,37,0,55,52,0,0,0,0;79,0,43,65,0,27,80,70,0,0;68,29,45,63,0,0,22,80,0,25;0,0,80,73,67,77,0,0,0,0;51,62,42,63,0,0,22,0,80,39;66,55,0,0,55,48,0,0,0,51;58,64,0,30,79,0,0,51,0,0
0,23,21,34,30,29,0,20,0,31;0,0,35,0,37,0,36,25,38,39;0,0,0,34,0,0,0,22,0,24;0,25,39,0,38,23,0,0,0,0;29,0,35,20,0,34,20,37,0,0;32,38,23,22,0,0,20,26,0,33;0,0,36,34,28,20,0,0,0,0;20,37,38,33,0,0,38,0,27,20;40,27,0,0,31,30,0,0,0,36;39,22,0,36,39,0,0,28,0,0
0,26,0,0,0,0,-26,0,0,0
------------- End of Scenario k = 7 -------
0,76,63,76,32,77,0,64,0,48;0,0,80,0,43,0,70,46,50,37;0,0,0,44,0,0,0,79,0,77;0,77,59,0,80,48,0,0,0,0;69,0,52,73,0,52,48,40,0,0;36,44,23,45,0,0,47,80,0,69;0,0,27,64,28,59,0,0,0,0;40,54,61,79,0,0,80,0,44,63;31,61,0,0,31,78,0,0,0,80;62,43,0,74,24,0,0,41,0,0
0,39,34,29,23,22,0,30,0,29;0,0,25,0,22,0,31,33,25,32;0,0,0,31,0,0,0,33,0,21;0,29,29,0,40,34,0,0,0,0;38,0,39,37,0,33,22,30,0,0;22,35,25,39,0,0,27,38,0,23;0,0,21,26,26,31,0,0,0,0;28,30,27,20,0,0,28,0,35,39;20,30,0,0,22,33,0,0,0,36;28,24,0,23,28,0,0,22,0,0
0,25,0,0,0,0,-25,0,0,0
------------- End of Scenario k = 8 -------
0,74,69,58,56,73,0,44,0,20;0,0,75,0,79,0,76,68,46,56;0,0,0,80,0,0,0,30,0,32;0,24,57,0,33,71,0,0,0,0;55,0,68,51,0,75,74,43,0,0;30,55,49,21,0,0,46,80,0,50;0,0,61,32,29,20,0,0,0,0;57,21,75,80,0,0,77,0,80,78;46,30,0,0,70,56,0,0,0,24;71,44,0,54,79,0,0,70,0,0
0,26,27,37,26,25,0,20,0,33;0,0,35,0,34,0,31,32,35,36;0,0,0,31,0,0,0,37,0,24;0,25,23,0,36,21,0,0,0,0;33,0,29,25,0,33,38,28,0,0;38,32,24,23,0,0,37,29,0,30;0,0,32,40,32,37,0,0,0,0;27,33,39,31,0,0,33,0,36,40;39,24,0,0,21,31,0,0,0,13;36,23,0,32,39,0,0,28,0,0
0,12,0,0,0,0,-12,0,0,0
------------- End of Scenario k = 9 -------
0,66,80,21,45,30,0,78,0,52;0,0,80,0,53,0,48,22,46,38;0,0,0,80,0,0,0,48,0,38;0,42,65,0,62,70,0,0,0,0;25,0,26,79,0,80,71,35,0,0;31,71,29,41,0,0,26,50,0,35;0,0,69,20,46,71,0,0,0,0;52,24,37,21,0,0,80,0,42,61;29,34,0,0,73,72,0,0,0,80;41,69,0,32,20,0,0,77,0,0
0,21,24,28,29,22,0,20,0,29;0,0,27,0,40,0,39,34,21,30;0,0,0,36,0,0,0,33,0,35;0,24,20,0,33,32,0,0,0,0;30,0,28,26,0,33,36,40,0,0;34,30,26,24,0,0,27,37,0,30;0,0,36,24,38,38,0,0,0,0;31,28,21,40,0,0,37,0,29,31;32,36,0,0,23,27,0,0,0,34;20,28,0,24,24,0,0,29,0,0
0,25,0,0,0,0,-25,0,0,0
------------- End of Scenario k = 10 -------
0,71,36,58,25,40,0,57,0,63;0,0,32,0,58,0,63,58,25,25;0,0,0,76,0,0,0,39,0,75;0,66,65,0,72,48,0,0,0,0;68,0,74,64,0,80,73,69,0,0;43,51,72,54,0,0,60,36,0,68;0,0,31,30,40,38,0,0,0,0;62,33,70,23,0,0,27,0,80,61;60,24,0,0,64,22,0,0,0,80;50,71,0,21,53,0,0,61,0,0
0,33,39,32,23,36,0,31,0,26;0,0,39,0,27,0,21,26,29,27;0,0,0,36,0,0,0,35,0,31;0,32,29,0,33,25,0,0,0,0;38,0,36,32,0,38,28,29,0,0;36,33,38,30,0,0,26,27,0,37;0,0,20,21,39,22,0,0,0,0;38,23,40,33,0,0,31,0,35,27;27,38,0,0,38,24,0,0,0,35;28,23,0,24,38,0,0,35,0,0
0,26,0,0,0,0,-26,0,0,0
------------- End of Scenario k = 11 -------
0,74,60,24,29,63,0,36,0,73;0,0,66,0,27,0,41,41,76,49;0,0,0,80,0,0,0,30,0,47;0,47,62,0,80,35,0,0,0,0;52,0,58,40,0,72,70,37,0,0;51,39,80,66,0,0,71,80,0,68;0,0,28,61,31,50,0,0,0,0;51,43,75,59,0,0,80,0,80,79;57,80,0,0,26,71,0,0,0,37;41,61,0,49,24,0,0,31,0,0
0,31,21,34,22,32,0,38,0,31;0,0,25,0,22,0,40,27,22,24;0,0,0,38,0,0,0,27,0,31;0,37,34,0,22,26,0,0,0,0;36,0,27,31,0,31,32,39,0,0;38,24,32,39,0,0,39,32,0,31;0,0,39,32,21,40,0,0,0,0;40,30,37,36,0,0,35,0,37,32;38,40,0,0,22,28,0,0,0,32;35,22,0,40,37,0,0,24,0,0
0,20,0,0,0,0,-20,0,0,0
------------- End of Scenario k = 12 -------
0,52,23,29,57,76,0,29,0,62;0,0,80,0,47,0,43,39,75,21;0,0,0,80,0,0,0,41,0,68;0,23,22,0,44,47,0,0,0,0;67,0,64,38,0,25,35,30,0,0;51,43,68,33,0,0,38,72,0,37;0,0,45,21,43,48,0,0,0,0;40,55,26,41,0,0,80,0,80,34;71,77,0,0,77,20,0,0,0,47;26,74,0,78,69,0,0,80,0,0
0,38,23,39,40,37,0,27,0,26;0,0,30,0,40,0,31,37,22,26;0,0,0,35,0,0,0,33,0,24;0,22,38,0,21,28,0,0,0,0;39,0,30,30,0,23,30,31,0,0;27,38,22,35,0,0,38,36,0,38;0,0,36,25,26,28,0,0,0,0;28,25,40,38,0,0,29,0,23,31;24,25,0,0,24,37,0,0,0,21;36,31,0,22,25,0,0,32,0,0
0,18,0,0,0,0,-18,0,0,0
------------- End of Scenario k = 13 -------
0,60,75,51,23,75,0,54,0,69;0,0,80,0,46,0,65,30,63,61;0,0,0,80,0,0,0,27,0,24;0,66,36,0,33,24,0,0,0,0;73,0,79,67,0,80,29,67,0,0;46,25,22,45,0,0,55,80,0,72;0,0,68,30,55,61,0,0,0,0;71,70,22,35,0,0,76,0,74,22;44,43,0,0,47,62,0,0,0,46;64,61,0,59,31,0,0,41,0,0
0,25,20,29,31,25,0,36,0,23;0,0,39,0,21,0,29,20,28,35;0,0,0,36,0,0,0,25,0,30;0,22,24,0,14,23,0,0,0,0;40,0,21,35,0,32,34,32,0,0;32,20,24,27,0,0,39,17,0,36;0,0,24,40,29,31,0,0,0,0;22,21,20,39,0,0,17,0,21,29;37,38,0,0,38,20,0,0,0,26;39,24,0,30,29,0,0,36,0,0
0,12,0,0,0,0,-12,0,0,0
------------- End of Scenario k = 14 -------
0,34,79,35,38,30,0,69,0,51;0,0,80,0,21,0,52,78,79,78;0,0,0,38,0,0,0,66,0,65;0,75,52,0,65,76,0,0,0,0;34,0,58,76,0,80,53,45,0,0;23,52,48,62,0,0,26,80,0,29;0,0,57,33,60,42,0,0,0,0;59,21,38,65,0,0,74,0,80,42;25,70,0,0,55,26,0,0,0,80;63,42,0,78,39,0,0,25,0,0
0,23,39,38,31,22,0,31,0,35;0,0,22,0,22,0,24,33,31,38;0,0,0,28,0,0,0,25,0,20;0,37,26,0,32,25,0,0,0,0;26,0,33,24,0,32,26,40,0,0;32,33,21,40,0,0,22,37,0,31;0,0,25,27,37,36,0,0,0,0;27,34,33,36,0,0,29,0,36,22;40,35,0,0,38,28,0,0,0,35;29,36,0,24,22,0,0,33,0,0
0,22,0,0,0,0,-22,0,0,0
------------- End of Scenario k = 15 -------
0,66,29,79,77,31,0,21,0,37;0,0,43,0,52,0,53,28,60,51;0,0,0,80,0,0,0,64,0,74;0,58,41,0,37,49,0,0,0,0;78,0,31,80,0,52,57,73,0,0;47,26,23,40,0,0,28,80,0,36;0,0,38,22,25,68,0,0,0,0;30,29,71,54,0,0,70,0,79,23;46,27,0,0,20,72,0,0,0,77;79,71,0,54,38,0,0,58,0,0
0,40,33,34,23,40,0,21,0,20;0,0,34,0,23,0,31,20,32,40;0,0,0,35,0,0,0,31,0,25;0,21,35,0,34,28,0,0,0,0;32,0,39,27,0,28,26,22,0,0;40,37,33,31,0,0,35,26,0,29;0,0,29,35,20,23,0,0,0,0;23,38,31,34,0,0,30,0,21,40;36,20,0,0,29,26,0,0,0,27;40,35,0,38,38,0,0,25,0,0
0,21,0,0,0,0,-21,0,0,0
------------- End of Scenario k = 16 -------
0,24,38,60,56,76,0,28,0,59;0,0,80,0,41,0,76,29,47,64;0,0,0,26,0,0,0,70,0,71;0,24,50,0,80,43,0,0,0,0;59,0,67,59,0,41,45,50,0,0;41,54,71,27,0,0,70,80,0,35;0,0,72,40,75,59,0,0,0,0;79,34,74,60,0,0,67,0,80,51;52,31,0,0,63,68,0,0,0,80;31,51,0,32,76,0,0,35,0,0
0,32,25,28,34,37,0,36,0,30;0,0,39,0,39,0,33,26,23,39;0,0,0,33,0,0,0,31,0,27;0,26,24,0,21,27,0,0,0,0;36,0,32,40,0,35,21,29,0,0;30,23,26,24,0,0,37,27,0,30;0,0,23,36,39,25,0,0,0,0;39,26,26,28,0,0,21,0,30,34;37,30,0,0,28,33,0,0,0,21;24,25,0,31,39,0,0,26,0,0
0,20,0,0,0,0,-20,0,0,0
------------- End of Scenario k = 17 -------
0,58,32,21,52,41,0,67,0,77;0,0,77,0,41,0,51,77,26,20;0,0,0,80,0,0,0,72,0,45;0,25,67,0,66,66,0,0,0,0;23,0,26,54,0,80,77,24,0,0;68,26,46,62,0,0,73,31,0,23;0,0,77,53,51,79,0,0,0,0;62,23,56,61,0,0,80,0,80,47;71,22,0,0,22,24,0,0,0,59;35,40,0,78,27,0,0,46,0,0
0,32,22,37,35,27,0,20,0,37;0,0,27,0,28,0,31,40,34,24;0,0,0,28,0,0,0,25,0,30;0,31,33,0,24,28,0,0,0,0;29,0,37,34,0,30,37,23,0,0;32,34,32,21,0,0,33,27,0,37;0,0,31,21,23,20,0,0,0,0;33,23,38,33,0,0,28,0,14,21;34,40,0,0,25,33,0,0,0,24;37,40,0,25,35,0,0,27,0,0
0,12,0,0,0,0,-12,0,0,0
------------- End of Scenario k = 18 -------
0,68,35,69,55,40,0,79,0,39;0,0,25,0,78,0,28,46,74,68;0,0,0,80,0,0,0,66,0,24;0,79,71,0,76,35,0,0,0,0;70,0,21,50,0,80,62,58,0,0;69,38,68,25,0,0,75,51,0,40;0,0,49,32,20,24,0,0,0,0;24,55,69,56,0,0,80,0,80,70;60,28,0,0,62,78,0,0,0,80;52,32,0,77,42,0,0,48,0,0
0,30,34,30,24,25,0,24,0,27;0,0,40,0,34,0,35,22,20,39;0,0,0,26,0,0,0,26,0,24;0,29,23,0,25,31,0,0,0,0;37,0,28,24,0,40,38,32,0,0;27,30,35,35,0,0,32,34,0,31;0,0,35,39,26,23,0,0,0,0;37,35,36,40,0,0,23,0,33,37;37,25,0,0,23,24,0,0,0,35;36,25,0,38,25,0,0,24,0,0
0,23,0,0,0,0,-23,0,0,0
------------- End of Scenario k = 19 -------
