/ -------------------------------------------------------------------------
An instance of the stochastic Fixed - charge Network Flow Problem using NETGEN.
/ -------------------------------------------------------------------------
Number of Nodes (no Dummy node is added), n
Graph Density, density
The fixed cost to variable cost ratio, f
Adjacency Matrix, A
Fixed Cost Matrix, c
Number of scenarios, K
Scenario Probabilities, p
----The following three rows will be repeated K times.----
Var Cost Matrix, d
Capacity, u
demand, b
/ -------------------------------------------------------------------------
+
10
0.3
200
0,0,0,1,0,0,1,1,0,0;1,0,1,0,1,0,0,0,0,0;1,0,0,1,0,0,1,0,0,0;1,0,0,0,1,0,0,0,0,0;1,1,0,0,0,1,0,0,0,0;0,0,0,1,0,0,0,1,0,0;0,0,0,0,0,0,0,1,0,0;1,0,0,0,1,0,0,0,1,1;1,0,0,1,0,0,1,0,0,0;0,1,0,1,0,0,0,1,0,0
0,0,0,9250,0,0,9230,9990,0,0;13919,0,11910,0,12819,0,0,0,0,0;10910,0,0,11210,0,0,9200,0,0,0;10700,0,0,0,12400,0,0,0,0,0;10480,9980,0,0,0,10250,0,0,0,0;0,0,0,12670,0,0,0,12200,0,0;0,0,0,0,0,0,0,12160,0,0;10270,0,0,0,13869,0,0,0,9980,12150;13850,0,0,10700,0,0,12930,0,0,0;0,10530,0,9580,0,0,0,8890,0,0
20
0.02,0.02,0.1,0.07,0.07,0.05,0.02,0.07,0.02,0.02,0.1,0.02,0.02,0.02,0.02,0.02,0.02,0.05,0.1,0.17
--Scenarios--
0,0,0,26,0,0,45,52,0,0;51,0,28,0,80,0,0,0,0,0;69,0,0,48,0,0,76,0,0,0;77,0,0,0,80,0,0,0,0,0;63,60,0,0,0,56,0,0,0,0;0,0,0,80,0,0,0,70,0,0;0,0,0,0,0,0,0,40,0,0;44,0,0,0,80,0,0,0,56,21;80,0,0,57,0,0,79,0,0,0;0,28,0,50,0,0,0,56,0,0
0,0,0,33,0,0,22,23,0,0;38,0,39,0,24,0,0,0,0,0;20,0,0,38,0,0,38,0,0,0;33,0,0,0,23,0,0,0,0,0;23,24,0,0,0,34,0,0,0,0;0,0,0,34,0,0,0,27,0,0;0,0,0,0,0,0,0,37,0,0;32,0,0,0,35,0,0,0,34,37;32,0,0,29,0,0,32,0,0,0;0,38,0,35,0,0,0,27,0,0
-30,19,0,0,-37,20,0,0,28,0
------------- End of Scenario k = 0 -------
0,0,0,74,0,0,76,26,0,0;55,0,31,0,32,0,0,0,0,0;52,0,0,39,0,0,37,0,0,0;79,0,0,0,37,0,0,0,0,0;48,42,0,0,0,76,0,0,0,0;0,0,0,40,0,0,0,50,0,0;0,0,0,0,0,0,0,80,0,0;78,0,0,0,80,0,0,0,58,80;80,0,0,28,0,0,22,0,0,0;0,45,0,22,0,0,0,23,0,0
0,0,0,33,0,0,23,30,0,0;35,0,37,0,27,0,0,0,0,0;32,0,0,27,0,0,34,0,0,0;40,0,0,0,36,0,0,0,0,0;37,32,0,0,0,25,0,0,0,0;0,0,0,39,0,0,0,29,0,0;0,0,0,0,0,0,0,17,0,0;21,0,0,0,24,0,0,0,32,23;34,0,0,29,0,0,26,0,0,0;0,32,0,36,0,0,0,29,0,0
-21,26,0,0,-38,19,0,0,14,0
------------- End of Scenario k = 1 -------
0,0,0,29,0,0,26,33,0,0;80,0,63,0,80,0,0,0,0,0;31,0,0,70,0,0,35,0,0,0;32,0,0,0,80,0,0,0,0,0;62,51,0,0,0,57,0,0,0,0;0,0,0,80,0,0,0,66,0,0;0,0,0,0,0,0,0,58,0,0;55,0,0,0,80,0,0,0,37,40;80,0,0,45,0,0,80,0,0,0;0,71,0,65,0,0,0,56,0,0
0,0,0,34,0,0,28,40,0,0;38,0,39,0,32,0,0,0,0,0;27,0,0,33,0,0,38,0,0,0;22,0,0,0,32,0,0,0,0,0;36,37,0,0,0,39,0,0,0,0;0,0,0,33,0,0,0,31,0,0;0,0,0,0,0,0,0,25,0,0;32,0,0,0,38,0,0,0,24,40;31,0,0,32,0,0,17,0,0,0;0,39,0,27,0,0,0,33,0,0
-14,26,0,0,-48,26,0,0,10,0
------------- End of Scenario k = 2 -------
0,0,0,59,0,0,32,72,0,0;80,0,26,0,44,0,0,0,0,0;51,0,0,74,0,0,51,0,0,0;41,0,0,0,80,0,0,0,0,0;57,78,0,0,0,77,0,0,0,0;0,0,0,46,0,0,0,78,0,0;0,0,0,0,0,0,0,22,0,0;57,0,0,0,67,0,0,0,29,48;80,0,0,53,0,0,80,0,0,0;0,46,0,44,0,0,0,25,0,0
0,0,0,21,0,0,24,22,0,0;27,0,29,0,34,0,0,0,0,0;28,0,0,25,0,0,30,0,0,0;33,0,0,0,37,0,0,0,0,0;38,40,0,0,0,34,0,0,0,0;0,0,0,31,0,0,0,40,0,0;0,0,0,0,0,0,0,31,0,0;20,0,0,0,22,0,0,0,29,39;32,0,0,33,0,0,26,0,0,0;0,30,0,40,0,0,0,30,0,0
-16,11,0,0,-44,30,0,0,19,0
------------- End of Scenario k = 3 -------
0,0,0,22,0,0,67,70,0,0;80,0,80,0,80,0,0,0,0,0;76,0,0,80,0,0,39,0,0,0;67,0,0,0,80,0,0,0,0,0;30,74,0,0,0,31,0,0,0,0;0,0,0,80,0,0,0,36,0,0;0,0,0,0,0,0,0,80,0,0;33,0,0,0,32,0,0,0,80,80;79,0,0,46,0,0,30,0,0,0;0,47,0,35,0,0,0,40,0,0
0,0,0,38,0,0,36,37,0,0;28,0,24,0,39,0,0,0,0,0;25,0,0,32,0,0,34,0,0,0;38,0,0,0,27,0,0,0,0,0;26,24,0,0,0,21,0,0,0,0;0,0,0,35,0,0,0,25,0,0;0,0,0,0,0,0,0,26,0,0;35,0,0,0,40,0,0,0,37,32;39,0,0,27,0,0,33,0,0,0;0,29,0,26,0,0,0,21,0,0
-11,14,0,0,-34,16,0,0,15,0
------------- End of Scenario k = 4 -------
0,0,0,41,0,0,55,39,0,0;80,0,53,0,21,0,0,0,0,0;67,0,0,75,0,0,23,0,0,0;69,0,0,0,39,0,0,0,0,0;43,23,0,0,0,42,0,0,0,0;0,0,0,45,0,0,0,53,0,0;0,0,0,0,0,0,0,80,0,0;55,0,0,0,80,0,0,0,44,61;80,0,0,63,0,0,80,0,0,0;0,40,0,32,0,0,0,39,0,0
0,0,0,29,0,0,24,35,0,0;36,0,28,0,30,0,0,0,0,0;33,0,0,26,0,0,33,0,0,0;31,0,0,0,40,0,0,0,0,0;33,38,0,0,0,38,0,0,0,0;0,0,0,34,0,0,0,20,0,0;0,0,0,0,0,0,0,26,0,0;32,0,0,0,20,0,0,0,33,30;17,0,0,23,0,0,22,0,0,0;0,29,0,26,0,0,0,34,0,0
-40,25,0,0,-21,19,0,0,17,0
------------- End of Scenario k = 5 -------
0,0,0,68,0,0,26,71,0,0;77,0,80,0,75,0,0,0,0,0;71,0,0,59,0,0,20,0,0,0;63,0,0,0,65,0,0,0,0,0;53,38,0,0,0,66,0,0,0,0;0,0,0,20,0,0,0,45,0,0;0,0,0,0,0,0,0,80,0,0;48,0,0,0,80,0,0,0,22,80;35,0,0,78,0,0,80,0,0,0;0,27,0,28,0,0,0,44,0,0
0,0,0,28,0,0,26,27,0,0;18,0,29,0,34,0,0,0,0,0;34,0,0,34,0,0,36,0,0,0;20,0,0,0,21,0,0,0,0,0;27,21,0,0,0,40,0,0,0,0;0,0,0,34,0,0,0,35,0,0;0,0,0,0,0,0,0,24,0,0;29,0,0,0,18,0,0,0,26,24;21,0,0,32,0,0,26,0,0,0;0,20,0,32,0,0,0,39,0,0
-13,17,0,0,-41,21,0,0,16,0
------------- End of Scenario k = 6 -------
0,0,0,47,0,0,59,44,0,0;28,0,80,0,50,0,0,0,0,0;67,0,0,27,0,0,25,0,0,0;23,0,0,0,80,0,0,0,0,0;66,48,0,0,0,26,0,0,0,0;0,0,0,80,0,0,0,22,0,0;0,0,0,0,0,0,0,31,0,0;71,0,0,0,50,0,0,0,64,42;80,0,0,40,0,0,69,0,0,0;0,78,0,75,0,0,0,38,0,0
0,0,0,40,0,0,33,34,0,0;32,0,35,0,21,0,0,0,0,0;35,0,0,37,0,0,38,0,0,0;30,0,0,0,15,0,0,0,0,0;24,20,0,0,0,27,0,0,0,0;0,0,0,38,0,0,0,40,0,0;0,0,0,0,0,0,0,24,0,0;29,0,0,0,40,0,0,0,36,17;40,0,0,34,0,0,35,0,0,0;0,24,0,32,0,0,0,30,0,0
-16,12,0,0,-27,14,0,0,17,0
------------- End of Scenario k = 7 -------
0,0,0,65,0,0,60,47,0,0;37,0,71,0,80,0,0,0,0,0;72,0,0,38,0,0,32,0,0,0;68,0,0,0,58,0,0,0,0,0;64,48,0,0,0,55,0,0,0,0;0,0,0,80,0,0,0,61,0,0;0,0,0,0,0,0,0,61,0,0;30,0,0,0,80,0,0,0,78,23;80,0,0,41,0,0,26,0,0,0;0,66,0,59,0,0,0,42,0,0
0,0,0,38,0,0,27,24,0,0;33,0,27,0,38,0,0,0,0,0;36,0,0,39,0,0,20,0,0,0;26,0,0,0,36,0,0,0,0,0;29,30,0,0,0,36,0,0,0,0;0,0,0,37,0,0,0,28,0,0;0,0,0,0,0,0,0,19,0,0;30,0,0,0,26,0,0,0,23,40;39,0,0,27,0,0,21,0,0,0;0,34,0,40,0,0,0,38,0,0
-33,26,0,0,-29,20,0,0,16,0
------------- End of Scenario k = 8 -------
0,0,0,25,0,0,37,36,0,0;80,0,80,0,80,0,0,0,0,0;38,0,0,22,0,0,54,0,0,0;62,0,0,0,65,0,0,0,0,0;71,24,0,0,0,21,0,0,0,0;0,0,0,72,0,0,0,55,0,0;0,0,0,0,0,0,0,80,0,0;50,0,0,0,80,0,0,0,51,61;25,0,0,38,0,0,26,0,0,0;0,79,0,42,0,0,0,61,0,0
0,0,0,29,0,0,20,25,0,0;38,0,34,0,36,0,0,0,0,0;27,0,0,23,0,0,29,0,0,0;35,0,0,0,40,0,0,0,0,0;39,25,0,0,0,33,0,0,0,0;0,0,0,32,0,0,0,25,0,0;0,0,0,0,0,0,0,27,0,0;34,0,0,0,32,0,0,0,20,32;32,0,0,20,0,0,19,0,0,0;0,30,0,25,0,0,0,24,0,0
-15,25,0,0,-50,28,0,0,12,0
------------- End of Scenario k = 9 -------
0,0,0,33,0,0,48,48,0,0;80,0,38,0,80,0,0,0,0,0;27,0,0,77,0,0,25,0,0,0;46,0,0,0,53,0,0,0,0,0;48,40,0,0,0,54,0,0,0,0;0,0,0,80,0,0,0,79,0,0;0,0,0,0,0,0,0,80,0,0;60,0,0,0,80,0,0,0,40,80;80,0,0,78,0,0,80,0,0,0;0,80,0,75,0,0,0,44,0,0
0,0,0,34,0,0,34,32,0,0;21,0,26,0,25,0,0,0,0,0;22,0,0,33,0,0,36,0,0,0;23,0,0,0,37,0,0,0,0,0;34,36,0,0,0,20,0,0,0,0;0,0,0,34,0,0,0,33,0,0;0,0,0,0,0,0,0,40,0,0;38,0,0,0,40,0,0,0,40,37;39,0,0,24,0,0,36,0,0,0;0,31,0,39,0,0,0,30,0,0
-25,14,0,0,-44,27,0,0,28,0
------------- End of Scenario k = 10 -------
0,0,0,67,0,0,43,56,0,0;69,0,80,0,80,0,0,0,0,0;38,0,0,57,0,0,43,0,0,0;28,0,0,0,23,0,0,0,0,0;78,32,0,0,0,75,0,0,0,0;0,0,0,80,0,0,0,50,0,0;0,0,0,0,0,0,0,64,0,0;25,0,0,0,80,0,0,0,20,80;39,0,0,32,0,0,78,0,0,0;0,26,0,34,0,0,0,33,0,0
0,0,0,27,0,0,28,22,0,0;33,0,39,0,23,0,0,0,0,0;28,0,0,35,0,0,25,0,0,0;38,0,0,0,32,0,0,0,0,0;38,38,0,0,0,21,0,0,0,0;0,0,0,35,0,0,0,37,0,0;0,0,0,0,0,0,0,19,0,0;27,0,0,0,31,0,0,0,25,34;24,0,0,35,0,0,33,0,0,0;0,40,0,22,0,0,0,34,0,0
-14,19,0,0,-42,24,0,0,13,0
------------- End of Scenario k = 11 -------
0,0,0,23,0,0,35,37,0,0;80,0,46,0,51,0,0,0,0,0;55,0,0,60,0,0,54,0,0,0;54,0,0,0,80,0,0,0,0,0;32,27,0,0,0,37,0,0,0,0;0,0,0,80,0,0,0,71,0,0;0,0,0,0,0,0,0,33,0,0;56,0,0,0,68,0,0,0,53,80;36,0,0,45,0,0,68,0,0,0;0,64,0,59,0,0,0,56,0,0
0,0,0,20,0,0,24,29,0,0;24,0,15,0,22,0,0,0,0,0;36,0,0,34,0,0,24,0,0,0;30,0,0,0,38,0,0,0,0,0;36,27,0,0,0,27,0,0,0,0;0,0,0,15,0,0,0,23,0,0;0,0,0,0,0,0,0,26,0,0;40,0,0,0,39,0,0,0,31,30;28,0,0,20,0,0,38,0,0,0;0,26,0,32,0,0,0,37,0,0
-15,12,0,0,-34,12,0,0,25,0
------------- End of Scenario k = 12 -------
0,0,0,70,0,0,43,66,0,0;80,0,80,0,22,0,0,0,0,0;30,0,0,74,0,0,39,0,0,0;22,0,0,0,80,0,0,0,0,0;60,71,0,0,0,45,0,0,0,0;0,0,0,65,0,0,0,71,0,0;0,0,0,0,0,0,0,29,0,0;60,0,0,0,48,0,0,0,30,80;80,0,0,46,0,0,57,0,0,0;0,80,0,30,0,0,0,43,0,0
0,0,0,34,0,0,21,37,0,0;33,0,40,0,29,0,0,0,0,0;28,0,0,22,0,0,24,0,0,0;26,0,0,0,39,0,0,0,0,0;33,24,0,0,0,39,0,0,0,0;0,0,0,40,0,0,0,33,0,0;0,0,0,0,0,0,0,36,0,0;35,0,0,0,35,0,0,0,29,39;37,0,0,38,0,0,31,0,0,0;0,23,0,21,0,0,0,31,0,0
-35,29,0,0,-46,26,0,0,26,0
------------- End of Scenario k = 13 -------
0,0,0,31,0,0,59,57,0,0;80,0,53,0,80,0,0,0,0,0;67,0,0,39,0,0,75,0,0,0;66,0,0,0,47,0,0,0,0,0;60,50,0,0,0,38,0,0,0,0;0,0,0,80,0,0,0,80,0,0;0,0,0,0,0,0,0,80,0,0;42,0,0,0,80,0,0,0,32,80;80,0,0,53,0,0,80,0,0,0;0,24,0,24,0,0,0,51,0,0
0,0,0,37,0,0,26,31,0,0;34,0,33,0,26,0,0,0,0,0;37,0,0,21,0,0,24,0,0,0;33,0,0,0,29,0,0,0,0,0;27,30,0,0,0,31,0,0,0,0;0,0,0,28,0,0,0,31,0,0;0,0,0,0,0,0,0,27,0,0;32,0,0,0,19,0,0,0,35,28;39,0,0,29,0,0,36,0,0,0;0,28,0,38,0,0,0,22,0,0
-12,17,0,0,-42,18,0,0,19,0
------------- End of Scenario k = 14 -------
0,0,0,23,0,0,39,65,0,0;80,0,80,0,80,0,0,0,0,0;32,0,0,76,0,0,47,0,0,0;78,0,0,0,80,0,0,0,0,0;30,74,0,0,0,20,0,0,0,0;0,0,0,37,0,0,0,79,0,0;0,0,0,0,0,0,0,29,0,0;74,0,0,0,48,0,0,0,80,80;80,0,0,70,0,0,80,0,0,0;0,33,0,80,0,0,0,41,0,0
0,0,0,21,0,0,35,33,0,0;29,0,29,0,34,0,0,0,0,0;40,0,0,24,0,0,33,0,0,0;25,0,0,0,39,0,0,0,0,0;38,40,0,0,0,34,0,0,0,0;0,0,0,40,0,0,0,23,0,0;0,0,0,0,0,0,0,19,0,0;37,0,0,0,38,0,0,0,28,22;18,0,0,35,0,0,18,0,0,0;0,38,0,39,0,0,0,23,0,0
-21,25,0,0,-42,22,0,0,16,0
------------- End of Scenario k = 15 -------
0,0,0,34,0,0,63,42,0,0;42,0,67,0,80,0,0,0,0,0;61,0,0,44,0,0,65,0,0,0;34,0,0,0,67,0,0,0,0,0;70,65,0,0,0,67,0,0,0,0;0,0,0,35,0,0,0,80,0,0;0,0,0,0,0,0,0,49,0,0;67,0,0,0,80,0,0,0,60,53;51,0,0,52,0,0,80,0,0,0;0,40,0,55,0,0,0,43,0,0
0,0,0,39,0,0,40,35,0,0;17,0,11,0,11,0,0,0,0,0;31,0,0,27,0,0,22,0,0,0;27,0,0,0,35,0,0,0,0,0;25,31,0,0,0,34,0,0,0,0;0,0,0,33,0,0,0,38,0,0;0,0,0,0,0,0,0,24,0,0;25,0,0,0,33,0,0,0,31,32;26,0,0,20,0,0,33,0,0,0;0,36,0,37,0,0,0,27,0,0
-11,10,0,0,-34,11,0,0,24,0
------------- End of Scenario k = 16 -------
0,0,0,37,0,0,47,61,0,0;80,0,54,0,27,0,0,0,0,0;80,0,0,80,0,0,80,0,0,0;64,0,0,0,80,0,0,0,0,0;34,57,0,0,0,53,0,0,0,0;0,0,0,49,0,0,0,68,0,0;0,0,0,0,0,0,0,80,0,0;70,0,0,0,80,0,0,0,36,72;80,0,0,75,0,0,38,0,0,0;0,72,0,66,0,0,0,57,0,0
0,0,0,32,0,0,36,36,0,0;22,0,25,0,27,0,0,0,0,0;26,0,0,40,0,0,37,0,0,0;21,0,0,0,26,0,0,0,0,0;23,32,0,0,0,25,0,0,0,0;0,0,0,30,0,0,0,20,0,0;0,0,0,0,0,0,0,31,0,0;24,0,0,0,18,0,0,0,27,17;39,0,0,32,0,0,35,0,0,0;0,32,0,29,0,0,0,27,0,0
-9,17,0,0,-43,23,0,0,12,0
------------- End of Scenario k = 17 -------
0,0,0,72,0,0,22,51,0,0;80,0,80,0,80,0,0,0,0,0;64,0,0,55,0,0,23,0,0,0;77,0,0,0,30,0,0,0,0,0;58,44,0,0,0,58,0,0,0,0;0,0,0,80,0,0,0,48,0,0;0,0,0,0,0,0,0,80,0,0;27,0,0,0,80,0,0,0,61,27;80,0,0,58,0,0,80,0,0,0;0,27,0,27,0,0,0,44,0,0
0,0,0,26,0,0,28,20,0,0;40,0,18,0,32,0,0,0,0,0;38,0,0,34,0,0,31,0,0,0;35,0,0,0,30,0,0,0,0,0;29,32,0,0,0,33,0,0,0,0;0,0,0,37,0,0,0,27,0,0;0,0,0,0,0,0,0,21,0,0;30,0,0,0,30,0,0,0,32,24;39,0,0,34,0,0,18,0,0,0;0,28,0,40,0,0,0,20,0,0
-21,13,0,0,-35,26,0,0,17,0
------------- End of Scenario k = 18 -------
0,0,0,79,0,0,41,26,0,0;73,0,21,0,80,0,0,0,0,0;43,0,0,27,0,0,77,0,0,0;20,0,0,0,36,0,0,0,0,0;21,52,0,0,0,71,0,0,0,0;0,0,0,58,0,0,0,58,0,0;0,0,0,0,0,0,0,80,0,0;25,0,0,0,34,0,0,0,67,47;80,0,0,72,0,0,80,0,0,0;0,80,0,56,0,0,0,53,0,0
0,0,0,38,0,0,24,35,0,0;17,0,33,0,20,0,0,0,0,0;25,0,0,38,0,0,35,0,0,0;29,0,0,0,34,0,0,0,0,0;36,40,0,0,0,32,0,0,0,0;0,0,0,27,0,0,0,30,0,0;0,0,0,0,0,0,0,23,0,0;32,0,0,0,26,0,0,0,24,21;29,0,0,27,0,0,30,0,0,0;0,31,0,39,0,0,0,36,0,0
-6,16,0,0,-47,24,0,0,13,0
------------- End of Scenario k = 19 -------
