/ -------------------------------------------------------------------------
An instance of the stochastic Fixed - charge Network Flow Problem using NETGEN.
/ -------------------------------------------------------------------------
Number of Nodes (no Dummy node is added), n
Graph Density, density
The fixed cost to variable cost ratio, f
Adjacency Matrix, A
Fixed Cost Matrix, c
Number of scenarios, K
Scenario Probabilities, p
----The following three rows will be repeated K times.----
Var Cost Matrix, d
Capacity, u
demand, b
/ -------------------------------------------------------------------------
+
30
0.3
200
0,0,0,0,1,0,0,0,0,1,1,0,0,0,0,0,0,0,0,0,0,1,1,0,1,0,0,0,0,1;0,0,1,1,0,1,0,0,0,1,0,0,1,0,0,1,0,0,1,1,0,0,0,1,1,0,0,1,0,0;0,1,0,0,0,1,0,1,0,0,1,0,0,0,0,0,1,0,0,0,0,0,1,0,0,1,0,0,1,0;1,0,1,0,1,1,1,0,0,0,1,0,1,0,0,1,1,0,1,0,1,0,0,1,0,1,0,0,1,1;0,0,1,0,0,0,0,0,1,0,0,1,1,0,1,0,1,1,1,0,0,1,0,0,1,1,0,1,1,0;0,0,0,0,0,0,1,0,0,0,0,1,1,0,1,0,0,0,1,0,0,1,0,0,0,0,0,1,1,0;0,0,0,0,0,1,0,0,0,0,0,0,0,0,0,0,0,0,0,0,1,0,0,0,0,0,0,0,1,0;1,0,0,0,0,1,1,0,0,1,0,0,0,0,1,0,1,0,0,1,0,0,0,0,0,0,1,0,1,0;1,0,0,0,0,0,0,1,0,0,0,0,0,0,0,0,0,0,1,0,0,0,0,0,1,1,0,0,0,0;0,0,1,0,1,0,1,0,1,0,1,0,0,0,0,0,1,0,1,0,0,0,1,0,1,0,0,0,0,1;1,0,0,1,0,0,0,0,0,0,0,0,1,1,0,0,0,0,0,0,1,0,0,1,0,0,0,1,0,0;0,1,0,0,0,0,0,0,0,0,0,0,1,0,1,0,0,0,1,1,1,0,0,1,1,0,1,1,0,0;0,1,0,0,0,0,0,0,0,1,0,1,0,1,1,0,0,0,0,0,0,0,0,0,0,0,0,0,0,1;0,0,0,0,0,0,0,0,0,0,0,0,1,0,0,1,0,0,0,0,1,1,0,1,0,1,1,0,0,0;1,0,1,0,1,0,1,0,0,0,1,1,1,0,0,0,0,1,0,1,1,0,0,1,0,0,1,0,0,0;0,0,0,0,0,0,0,0,0,1,0,0,0,0,0,0,0,0,0,0,0,0,0,0,0,0,1,0,0,1;0,0,0,0,0,0,0,0,0,0,0,0,0,0,0,0,0,1,0,1,1,1,1,0,0,0,1,0,0,1;0,0,1,0,0,0,0,0,1,0,0,0,1,0,0,1,0,0,1,1,0,0,0,0,0,1,0,1,1,0;1,0,0,0,0,0,1,1,0,0,0,0,0,1,0,1,0,0,0,0,0,0,0,0,0,0,1,0,0,1;0,0,0,1,1,1,0,0,0,0,0,0,0,1,0,0,0,0,1,0,0,1,0,1,1,0,0,0,0,1;0,0,0,0,0,0,0,0,0,0,1,0,1,0,0,1,1,0,1,0,0,1,0,0,1,1,0,0,1,0;0,0,0,1,0,0,1,0,1,0,0,0,0,0,0,1,0,1,0,0,0,0,0,1,0,1,0,1,0,1;0,0,0,1,0,0,0,0,1,0,0,0,1,0,0,0,0,0,0,0,0,0,0,0,1,0,1,0,0,0;1,0,0,1,1,1,0,0,1,0,0,0,1,0,1,0,1,0,1,0,0,0,0,0,0,1,0,1,0,0;1,1,1,0,0,0,1,1,1,0,0,1,0,0,1,0,0,0,0,0,0,0,0,1,0,0,0,1,0,0;0,0,0,0,1,0,0,0,0,0,1,0,1,0,0,1,0,1,1,0,0,0,0,0,1,0,0,0,0,0;0,0,0,1,0,0,0,0,1,0,1,1,0,0,0,1,0,1,1,0,0,0,1,1,0,1,0,0,1,1;1,1,0,0,0,0,0,0,0,0,0,1,0,0,1,0,0,0,0,0,0,1,1,0,1,0,0,0,0,0;0,0,0,0,0,0,0,1,0,0,0,0,0,1,0,1,1,0,0,0,0,0,0,0,0,0,0,0,0,0;1,0,1,0,0,0,1,0,0,1,0,0,1,0,0,0,1,0,0,0,0,1,0,0,1,0,0,1,0,0
0,0,0,0,11140,0,0,0,0,9520,11660,0,0,0,0,0,0,0,0,0,0,8620,10560,0,8700,0,0,0,0,10340;0,0,12800,9420,0,10900,0,0,0,12700,0,0,9640,0,0,14219,0,0,11880,9060,0,0,0,12720,10780,0,0,10460,0,0;0,9500,0,0,0,11100,0,10800,0,0,11340,0,0,0,0,0,13140,0,0,0,0,0,9540,0,0,9460,0,0,9720,0;12540,0,10940,0,12880,9280,8920,0,0,0,8320,0,12760,0,0,11600,13900,0,11900,0,8220,0,0,13000,0,10260,0,0,10500,11140;0,0,9200,0,0,0,0,0,11340,0,0,9800,9900,0,9340,0,10360,9380,8800,0,0,10800,0,0,15860,12520,0,10680,12040,0;0,0,0,0,0,0,11260,0,0,0,0,10360,9960,0,9840,0,0,0,10120,0,0,7980,0,0,0,0,0,9720,11000,0;0,0,0,0,0,9980,0,0,0,0,0,0,0,0,0,0,0,0,0,0,8620,0,0,0,0,0,0,0,9440,0;8840,0,0,0,0,13380,11180,0,0,10480,0,0,0,0,10140,0,9900,0,0,11540,0,0,0,0,0,0,9280,0,12600,0;9420,0,0,0,0,0,0,10220,0,0,0,0,0,0,0,0,0,0,11000,0,0,0,0,0,10560,10460,0,0,0,0;0,0,10760,0,10520,0,14240,0,12620,0,8520,0,0,0,0,0,10140,0,9780,0,0,0,7120,0,10520,0,0,0,0,9960;12060,0,0,10000,0,0,0,0,0,0,0,0,13400,13240,0,0,0,0,0,0,11120,0,0,10680,0,0,0,10220,0,0;0,9540,0,0,0,0,0,0,0,0,0,0,10360,0,13119,0,0,0,12380,10580,13100,0,0,10080,9840,0,7680,8820,0,0;0,12880,0,0,0,0,0,0,0,10380,0,9800,0,10860,9920,0,0,0,0,0,0,0,0,0,0,0,0,0,0,11120;0,0,0,0,0,0,0,0,0,0,0,0,9860,0,0,11600,0,0,0,0,9520,11820,0,13080,0,13960,11640,0,0,0;12040,0,12220,0,8620,0,10520,0,0,0,11180,9800,11420,0,0,0,0,10120,0,10100,8840,0,0,10780,0,0,8240,0,0,0;0,0,0,0,0,0,0,0,0,8700,0,0,0,0,0,0,0,0,0,0,0,0,0,0,0,0,8440,0,0,7759;0,0,0,0,0,0,0,0,0,0,0,0,0,0,0,0,0,10680,0,7820,10080,8820,9660,0,0,0,10240,0,0,8040;0,0,9500,0,0,0,0,0,14360,0,0,0,12640,0,0,10320,0,0,11560,10740,0,0,0,0,0,9500,0,12000,9860,0;10480,0,0,0,0,0,9820,12120,0,0,0,0,0,10540,0,9660,0,0,0,0,0,0,0,0,0,0,10920,0,0,10440;0,0,0,10560,7880,9800,0,0,0,0,0,0,0,11560,0,0,0,0,12940,0,0,10220,0,9740,10500,0,0,0,0,9280;0,0,0,0,0,0,0,0,0,0,8320,0,12360,0,0,10260,14280,0,11140,0,0,13940,0,0,11280,9800,0,0,9520,0;0,0,0,8080,0,0,12840,0,10100,0,0,0,0,0,0,14180,0,9560,0,0,0,0,0,12000,0,12800,0,10740,0,12480;0,0,0,8960,0,0,0,0,9820,0,0,0,9080,0,0,0,0,0,0,0,0,0,0,0,11840,0,10780,0,0,0;14400,0,0,11300,8360,9200,0,0,10700,0,0,0,13540,0,10840,0,13419,0,9940,0,0,0,0,0,0,9240,0,9480,0,0;10080,10280,8940,0,0,0,8200,11980,9380,0,0,9520,0,0,10260,0,0,0,0,0,0,0,0,8840,0,0,0,9660,0,0;0,0,0,0,8840,0,0,0,0,0,11300,0,11380,0,0,9380,0,10960,7300,0,0,0,0,0,8140,0,0,0,0,0;0,0,0,10660,0,0,0,0,9340,0,9080,8620,0,0,0,13640,0,9300,13719,0,0,0,13060,13080,0,11540,0,0,13519,11820;10260,10700,0,0,0,0,0,0,0,0,0,10580,0,0,9700,0,0,0,0,0,0,8300,11200,0,11300,0,0,0,0,0;0,0,0,0,0,0,0,11360,0,0,0,0,0,11460,0,10080,11440,0,0,0,0,0,0,0,0,0,0,0,0,0;9720,0,9260,0,0,0,9880,0,0,10900,0,0,9580,0,0,0,10520,0,0,0,0,10060,0,0,10420,0,0,10880,0,0
10
0.05,0.15,0.05,0.05,0.15,0.05,0.1,0.2,0.15,0.05
--Scenarios--
0,0,0,0,60,0,0,0,0,46,60,0,0,0,0,0,0,0,0,0,0,24,72,0,70,0,0,0,0,26;0,0,80,67,0,30,0,0,0,71,0,0,36,0,0,80,0,0,70,39,0,0,0,80,39,0,0,35,0,0;0,47,0,0,0,60,0,24,0,0,66,0,0,0,0,0,80,0,0,0,0,0,26,0,0,65,0,0,43,0;76,0,39,0,80,64,38,0,0,0,55,0,80,0,0,80,66,0,80,0,41,0,0,80,0,58,0,0,37,75;0,0,55,0,0,0,0,0,44,0,0,71,54,0,22,0,44,31,78,0,0,39,0,0,73,30,0,64,80,0;0,0,0,0,0,0,53,0,0,0,0,35,57,0,33,0,0,0,45,0,0,44,0,0,0,0,0,22,48,0;0,0,0,0,0,69,0,0,0,0,0,0,0,0,0,0,0,0,0,0,24,0,0,0,0,0,0,0,51,0;35,0,0,0,0,80,63,0,0,65,0,0,0,0,42,0,68,0,0,24,0,0,0,0,0,0,28,0,54,0;50,0,0,0,0,0,0,33,0,0,0,0,0,0,0,0,0,0,26,0,0,0,0,0,62,51,0,0,0,0;0,0,33,0,35,0,54,0,80,0,42,0,0,0,0,0,77,0,42,0,0,0,37,0,41,0,0,0,0,47;21,0,0,39,0,0,0,0,0,0,0,0,80,80,0,0,0,0,0,0,78,0,0,20,0,0,0,55,0,0;0,49,0,0,0,0,0,0,0,0,0,0,61,0,22,0,0,0,57,41,55,0,0,75,79,0,44,37,0,0;0,59,0,0,0,0,0,0,0,22,0,60,0,51,77,0,0,0,0,0,0,0,0,0,0,0,0,0,0,29;0,0,0,0,0,0,0,0,0,0,0,0,68,0,0,66,0,0,0,0,31,75,0,64,0,72,42,0,0,0;59,0,79,0,64,0,54,0,0,0,57,45,69,0,0,0,0,73,0,80,66,0,0,66,0,0,63,0,0,0;0,0,0,0,0,0,0,0,0,34,0,0,0,0,0,0,0,0,0,0,0,0,0,0,0,0,76,0,0,23;0,0,0,0,0,0,0,0,0,0,0,0,0,0,0,0,0,48,0,22,40,28,29,0,0,0,77,0,0,33;0,0,30,0,0,0,0,0,80,0,0,0,40,0,0,21,0,0,74,48,0,0,0,0,0,61,0,75,40,0;39,0,0,0,0,0,64,39,0,0,0,0,0,78,0,50,0,0,0,0,0,0,0,0,0,0,30,0,0,51;0,0,0,66,31,32,0,0,0,0,0,0,0,50,0,0,0,0,46,0,0,54,0,80,73,0,0,0,0,25;0,0,0,0,0,0,0,0,0,0,21,0,80,0,0,75,80,0,80,0,0,80,0,0,80,61,0,0,70,0;0,0,0,21,0,0,70,0,50,0,0,0,0,0,0,80,0,24,0,0,0,0,0,34,0,80,0,61,0,63;0,0,0,46,0,0,0,0,48,0,0,0,61,0,0,0,0,0,0,0,0,0,0,0,78,0,75,0,0,0;74,0,0,54,58,39,0,0,31,0,0,0,64,0,49,0,80,0,71,0,0,0,0,0,0,49,0,68,0,0;32,29,64,0,0,0,27,52,31,0,0,23,0,0,58,0,0,0,0,0,0,0,0,62,0,0,0,27,0,0;0,0,0,0,48,0,0,0,0,0,47,0,57,0,0,74,0,72,45,0,0,0,0,0,35,0,0,0,0,0;0,0,0,79,0,0,0,0,40,0,36,31,0,0,0,61,0,71,80,0,0,0,80,80,0,34,0,0,80,21;52,69,0,0,0,0,0,0,0,0,0,61,0,0,47,0,0,0,0,0,0,29,28,0,68,0,0,0,0,0;0,0,0,0,0,0,0,80,0,0,0,0,0,35,0,77,76,0,0,0,0,0,0,0,0,0,0,0,0,0;36,0,47,0,0,0,64,0,0,43,0,0,74,0,0,0,80,0,0,0,0,40,0,0,55,0,0,40,0,0
0,0,0,0,39,0,0,0,0,20,25,0,0,0,0,0,0,0,0,0,0,31,30,0,38,0,0,0,0,38;0,0,33,26,0,20,0,0,0,40,0,0,39,0,0,27,0,0,35,28,0,0,0,39,37,0,0,34,0,0;0,29,0,0,0,24,0,37,0,0,27,0,0,0,0,0,25,0,0,0,0,0,36,0,0,27,0,0,31,0;25,0,21,0,32,33,28,0,0,0,38,0,26,0,0,29,20,0,34,0,20,0,0,31,0,26,0,0,38,29;0,0,32,0,0,0,0,0,36,0,0,23,23,0,24,0,30,35,34,0,0,34,0,0,37,26,0,21,32,0;0,0,0,0,0,0,27,0,0,0,0,25,28,0,29,0,0,0,34,0,0,38,0,0,0,0,0,39,25,0;0,0,0,0,0,22,0,0,0,0,0,0,0,0,0,0,0,0,0,0,23,0,0,0,0,0,0,0,31,0;25,0,0,0,0,34,27,0,0,32,0,0,0,0,36,0,24,0,0,38,0,0,0,0,0,0,31,0,23,0;23,0,0,0,0,0,0,25,0,0,0,0,0,0,0,0,0,0,28,0,0,0,0,0,29,38,0,0,0,0;0,0,24,0,23,0,26,0,32,0,26,0,0,0,0,0,31,0,28,0,0,0,23,0,31,0,0,0,0,23;32,0,0,28,0,0,0,0,0,0,0,0,25,14,0,0,0,0,0,0,33,0,0,34,0,0,0,26,0,0;0,24,0,0,0,0,0,0,0,0,0,0,40,0,33,0,0,0,28,30,40,0,0,27,22,0,40,30,0,0;0,27,0,0,0,0,0,0,0,22,0,20,0,32,21,0,0,0,0,0,0,0,0,0,0,0,0,0,0,40;0,0,0,0,0,0,0,0,0,0,0,0,35,0,0,28,0,0,0,0,39,27,0,21,0,19,28,0,0,0;37,0,25,0,31,0,26,0,0,0,24,23,37,0,0,0,0,33,0,37,31,0,0,29,0,0,39,0,0,0;0,0,0,0,0,0,0,0,0,37,0,0,0,0,0,0,0,0,0,0,0,0,0,0,0,0,27,0,0,40;0,0,0,0,0,0,0,0,0,0,0,0,0,0,0,0,0,21,0,29,21,20,35,0,0,0,24,0,0,36;0,0,37,0,0,0,0,0,28,0,0,0,32,0,0,39,0,0,31,37,0,0,0,0,0,36,0,34,36,0;36,0,0,0,0,0,30,21,0,0,0,0,0,34,0,21,0,0,0,0,0,0,0,0,0,0,31,0,0,33;0,0,0,38,20,27,0,0,0,0,0,0,0,26,0,0,0,0,35,0,0,36,0,21,40,0,0,0,0,38;0,0,0,0,0,0,0,0,0,0,29,0,39,0,0,35,27,0,35,0,0,39,0,0,32,22,0,0,36,0;0,0,0,37,0,0,32,0,35,0,0,0,0,0,0,33,0,26,0,0,0,0,0,27,0,32,0,40,0,27;0,0,0,40,0,0,0,0,32,0,0,0,26,0,0,0,0,0,0,0,0,0,0,0,29,0,38,0,0,0;33,0,0,24,40,30,0,0,24,0,0,0,30,0,36,0,38,0,29,0,0,0,0,0,0,25,0,25,0,0;24,25,29,0,0,0,38,37,37,0,0,38,0,0,32,0,0,0,0,0,0,0,0,27,0,0,0,33,0,0;0,0,0,0,21,0,0,0,0,0,25,0,25,0,0,40,0,36,23,0,0,0,0,0,38,0,0,0,0,0;0,0,0,29,0,0,0,0,28,0,29,22,0,0,0,40,0,34,31,0,0,0,39,38,0,36,0,0,30,40;28,21,0,0,0,0,0,0,0,0,0,27,0,0,29,0,0,0,0,0,0,38,28,0,34,0,0,0,0,0;0,0,0,0,0,0,0,38,0,0,0,0,0,32,0,24,26,0,0,0,0,0,0,0,0,0,0,0,0,0;24,0,31,0,0,0,23,0,0,40,0,0,30,0,0,0,31,0,0,0,0,28,0,0,24,0,0,39,0,0
-13,24,0,15,0,0,0,12,-38,26,13,28,-49,0,0,-12,-14,27,-24,0,20,0,0,-44,-4,-3,30,26,-17,-3
------------- End of Scenario k = 0 -------
0,0,0,0,55,0,0,0,0,48,64,0,0,0,0,0,0,0,0,0,0,52,49,0,56,0,0,0,0,69;0,0,55,56,0,77,0,0,0,74,0,0,52,0,0,80,0,0,67,32,0,0,0,55,27,0,0,66,0,0;0,43,0,0,0,51,0,62,0,0,80,0,0,0,0,0,80,0,0,0,0,0,69,0,0,32,0,0,36,0;80,0,61,0,80,45,31,0,0,0,30,0,80,0,0,80,80,0,80,0,23,0,0,80,0,76,0,0,31,20;0,0,31,0,0,0,0,0,80,0,0,43,57,0,75,0,72,34,22,0,0,39,0,0,80,22,0,66,80,0;0,0,0,0,0,0,77,0,0,0,0,64,34,0,55,0,0,0,66,0,0,32,0,0,0,0,0,53,64,0;0,0,0,0,0,25,0,0,0,0,0,0,0,0,0,0,0,0,0,0,41,0,0,0,0,0,0,0,39,0;30,0,0,0,0,80,40,0,0,52,0,0,0,0,76,0,43,0,0,44,0,0,0,0,0,0,65,0,80,0;67,0,0,0,0,0,0,23,0,0,0,0,0,0,0,0,0,0,26,0,0,0,0,0,66,51,0,0,0,0;0,0,36,0,65,0,64,0,77,0,59,0,0,0,0,0,27,0,21,0,0,0,38,0,24,0,0,0,0,22;74,0,0,58,0,0,0,0,0,0,0,0,66,23,0,0,0,0,0,0,72,0,0,58,0,0,0,53,0,0;0,59,0,0,0,0,0,0,0,0,0,0,46,0,77,0,0,0,40,73,77,0,0,25,27,0,28,40,0,0;0,80,0,0,0,0,0,0,0,42,0,56,0,66,68,0,0,0,0,0,0,0,0,0,0,0,0,0,0,33;0,0,0,0,0,0,0,0,0,0,0,0,66,0,0,48,0,0,0,0,67,75,0,80,0,80,62,0,0,0;20,0,63,0,23,0,80,0,0,0,34,75,29,0,0,0,0,27,0,60,42,0,0,69,0,0,31,0,0,0;0,0,0,0,0,0,0,0,0,53,0,0,0,0,0,0,0,0,0,0,0,0,0,0,0,0,42,0,0,21;0,0,0,0,0,0,0,0,0,0,0,0,0,0,0,0,0,51,0,34,48,55,41,0,0,0,34,0,0,47;0,0,35,0,0,0,0,0,71,0,0,0,57,0,0,78,0,0,29,29,0,0,0,0,0,43,0,80,47,0;37,0,0,0,0,0,33,62,0,0,0,0,0,36,0,50,0,0,0,0,0,0,0,0,0,0,63,0,0,64;0,0,0,79,36,74,0,0,0,0,0,0,0,61,0,0,0,0,30,0,0,60,0,27,68,0,0,0,0,48;0,0,0,0,0,0,0,0,0,0,63,0,24,0,0,34,76,0,24,0,0,48,0,0,80,21,0,0,56,0;0,0,0,49,0,0,72,0,61,0,0,0,0,0,0,80,0,60,0,0,0,0,0,53,0,53,0,45,0,57;0,0,0,32,0,0,0,0,30,0,0,0,23,0,0,0,0,0,0,0,0,0,0,0,41,0,32,0,0,0;72,0,0,63,22,44,0,0,58,0,0,0,28,0,62,0,80,0,21,0,0,0,0,0,0,52,0,41,0,0;73,75,41,0,0,0,21,36,63,0,0,50,0,0,54,0,0,0,0,0,0,0,0,76,0,0,0,75,0,0;0,0,0,0,59,0,0,0,0,0,41,0,43,0,0,25,0,80,23,0,0,0,0,0,58,0,0,0,0,0;0,0,0,78,0,0,0,0,33,0,32,48,0,0,0,50,0,24,26,0,0,0,80,23,0,32,0,0,80,57;45,50,0,0,0,0,0,0,0,0,0,54,0,0,25,0,0,0,0,0,0,54,63,0,44,0,0,0,0,0;0,0,0,0,0,0,0,75,0,0,0,0,0,60,0,22,41,0,0,0,0,0,0,0,0,0,0,0,0,0;80,0,80,0,0,0,47,0,0,78,0,0,32,0,0,0,54,0,0,0,0,39,0,0,80,0,0,63,0,0
0,0,0,0,25,0,0,0,0,33,24,0,0,0,0,0,0,0,0,0,0,22,25,0,35,0,0,0,0,23;0,0,12,32,0,35,0,0,0,26,0,0,39,0,0,40,0,0,22,23,0,0,0,25,32,0,0,21,0,0;0,30,0,0,0,25,0,23,0,0,36,0,0,0,0,0,12,0,0,0,0,0,33,0,0,34,0,0,27,0;26,0,36,0,30,34,37,0,0,0,33,0,32,0,0,33,40,0,25,0,39,0,0,35,0,31,0,0,22,33;0,0,22,0,0,0,0,0,30,0,0,23,34,0,28,0,22,31,35,0,0,38,0,0,21,24,0,33,36,0;0,0,0,0,0,0,35,0,0,0,0,39,25,0,28,0,0,0,34,0,0,32,0,0,0,0,0,30,21,0;0,0,0,0,0,36,0,0,0,0,0,0,0,0,0,0,0,0,0,0,21,0,0,0,0,0,0,0,31,0;25,0,0,0,0,21,39,0,0,20,0,0,0,0,39,0,25,0,0,33,0,0,0,0,0,0,30,0,38,0;26,0,0,0,0,0,0,39,0,0,0,0,0,0,0,0,0,0,37,0,0,0,0,0,39,30,0,0,0,0;0,0,29,0,29,0,32,0,39,0,29,0,0,0,0,0,32,0,22,0,0,0,34,0,32,0,0,0,0,39;27,0,0,40,0,0,0,0,0,0,0,0,26,22,0,0,0,0,0,0,26,0,0,35,0,0,0,39,0,0;0,33,0,0,0,0,0,0,0,0,0,0,38,0,27,0,0,0,28,26,36,0,0,20,22,0,22,37,0,0;0,32,0,0,0,0,0,0,0,34,0,28,0,37,23,0,0,0,0,0,0,0,0,0,0,0,0,0,0,40;0,0,0,0,0,0,0,0,0,0,0,0,21,0,0,35,0,0,0,0,23,30,0,26,0,20,35,0,0,0;32,0,30,0,31,0,33,0,0,0,23,27,30,0,0,0,0,40,0,28,31,0,0,31,0,0,26,0,0,0;0,0,0,0,0,0,0,0,0,32,0,0,0,0,0,0,0,0,0,0,0,0,0,0,0,0,40,0,0,34;0,0,0,0,0,0,0,0,0,0,0,0,0,0,0,0,0,28,0,36,33,27,28,0,0,0,21,0,0,30;0,0,40,0,0,0,0,0,37,0,0,0,32,0,0,33,0,0,28,39,0,0,0,0,0,35,0,33,23,0;26,0,0,0,0,0,36,30,0,0,0,0,0,36,0,33,0,0,0,0,0,0,0,0,0,0,26,0,0,31;0,0,0,20,34,28,0,0,0,0,0,0,0,37,0,0,0,0,38,0,0,36,0,20,21,0,0,0,0,24;0,0,0,0,0,0,0,0,0,0,33,0,35,0,0,34,39,0,23,0,0,32,0,0,22,32,0,0,31,0;0,0,0,27,0,0,36,0,36,0,0,0,0,0,0,29,0,36,0,0,0,0,0,40,0,26,0,36,0,33;0,0,0,38,0,0,0,0,26,0,0,0,30,0,0,0,0,0,0,0,0,0,0,0,37,0,36,0,0,0;36,0,0,39,20,38,0,0,22,0,0,0,26,0,31,0,37,0,26,0,0,0,0,0,0,38,0,29,0,0;28,40,33,0,0,0,40,29,34,0,0,28,0,0,24,0,0,0,0,0,0,0,0,22,0,0,0,38,0,0;0,0,0,0,20,0,0,0,0,0,22,0,21,0,0,36,0,34,35,0,0,0,0,0,24,0,0,0,0,0;0,0,0,37,0,0,0,0,37,0,37,28,0,0,0,37,0,31,33,0,0,0,36,19,0,16,0,0,32,22;38,25,0,0,0,0,0,0,0,0,0,39,0,0,25,0,0,0,0,0,0,20,36,0,29,0,0,0,0,0;0,0,0,0,0,0,0,26,0,0,0,0,0,34,0,27,22,0,0,0,0,0,0,0,0,0,0,0,0,0;38,0,24,0,0,0,36,0,0,22,0,0,32,0,0,0,24,0,0,0,0,20,0,0,26,0,0,39,0,0
-21,10,0,21,0,0,0,15,-30,20,14,24,-32,0,0,-12,-11,30,-16,0,21,0,0,-19,-13,-2,15,12,-19,-7
------------- End of Scenario k = 1 -------
0,0,0,0,51,0,0,0,0,46,39,0,0,0,0,0,0,0,0,0,0,20,48,0,29,0,0,0,0,31;0,0,69,43,0,48,0,0,0,61,0,0,48,0,0,80,0,0,80,44,0,0,0,80,38,0,0,34,0,0;0,22,0,0,0,75,0,52,0,0,33,0,0,0,0,0,60,0,0,0,0,0,37,0,0,61,0,0,65,0;68,0,39,0,23,22,31,0,0,0,34,0,80,0,0,20,70,0,39,0,28,0,0,56,0,45,0,0,30,80;0,0,80,0,0,0,0,0,80,0,0,76,69,0,24,0,52,32,39,0,0,75,0,0,80,80,0,44,21,0;0,0,0,0,0,0,58,0,0,0,0,51,31,0,78,0,0,0,27,0,0,21,0,0,0,0,0,31,57,0;0,0,0,0,0,57,0,0,0,0,0,0,0,0,0,0,0,0,0,0,37,0,0,0,0,0,0,0,38,0;67,0,0,0,0,68,64,0,0,44,0,0,0,0,35,0,23,0,0,50,0,0,0,0,0,0,24,0,46,0;25,0,0,0,0,0,0,23,0,0,0,0,0,0,0,0,0,0,77,0,0,0,0,0,74,61,0,0,0,0;0,0,43,0,52,0,70,0,80,0,46,0,0,0,0,0,35,0,48,0,0,0,70,0,64,0,0,0,0,80;80,0,0,55,0,0,0,0,0,0,0,0,80,70,0,0,0,0,0,0,49,0,0,33,0,0,0,21,0,0;0,37,0,0,0,0,0,0,0,0,0,0,80,0,80,0,0,0,20,77,60,0,0,76,53,0,32,32,0,0;0,47,0,0,0,0,0,0,0,69,0,30,0,55,42,0,0,0,0,0,0,0,0,0,0,0,0,0,0,66;0,0,0,0,0,0,0,0,0,0,0,0,37,0,0,69,0,0,0,0,66,45,0,80,0,80,60,0,0,0;71,0,45,0,61,0,44,0,0,0,59,36,67,0,0,0,0,24,0,73,22,0,0,56,0,0,29,0,0,0;0,0,0,0,0,0,0,0,0,30,0,0,0,0,0,0,0,0,0,0,0,0,0,0,0,0,30,0,0,34;0,0,0,0,0,0,0,0,0,0,0,0,0,0,0,0,0,79,0,48,68,35,58,0,0,0,21,0,0,41;0,0,46,0,0,0,0,0,80,0,0,0,50,0,0,73,0,0,66,20,0,0,0,0,0,43,0,38,42,0;57,0,0,0,0,0,31,75,0,0,0,0,0,61,0,41,0,0,0,0,0,0,0,0,0,0,33,0,0,73;0,0,0,34,59,62,0,0,0,0,0,0,0,25,0,0,0,0,38,0,0,52,0,26,51,0,0,0,0,74;0,0,0,0,0,0,0,0,0,0,27,0,80,0,0,74,74,0,26,0,0,80,0,0,46,22,0,0,44,0;0,0,0,30,0,0,70,0,78,0,0,0,0,0,0,69,0,67,0,0,0,0,0,60,0,43,0,20,0,49;0,0,0,22,0,0,0,0,61,0,0,0,29,0,0,0,0,0,0,0,0,0,0,0,75,0,22,0,0,0;35,0,0,77,57,20,0,0,62,0,0,0,62,0,25,0,66,0,31,0,0,0,0,0,0,34,0,70,0,0;47,50,40,0,0,0,75,62,45,0,0,55,0,0,34,0,0,0,0,0,0,0,0,42,0,0,0,39,0,0;0,0,0,0,21,0,0,0,0,0,55,0,26,0,0,65,0,23,44,0,0,0,0,0,45,0,0,0,0,0;0,0,0,74,0,0,0,0,78,0,60,38,0,0,0,80,0,64,80,0,0,0,26,80,0,42,0,0,47,73;60,30,0,0,0,0,0,0,0,0,0,54,0,0,61,0,0,0,0,0,0,65,71,0,29,0,0,0,0,0;0,0,0,0,0,0,0,27,0,0,0,0,0,61,0,52,68,0,0,0,0,0,0,0,0,0,0,0,0,0;44,0,38,0,0,0,42,0,0,75,0,0,42,0,0,0,57,0,0,0,0,73,0,0,58,0,0,57,0,0
0,0,0,0,26,0,0,0,0,35,24,0,0,0,0,0,0,0,0,0,0,26,33,0,39,0,0,0,0,29;0,0,39,40,0,36,0,0,0,31,0,0,24,0,0,39,0,0,34,40,0,0,0,40,37,0,0,29,0,0;0,25,0,0,0,37,0,21,0,0,22,0,0,0,0,0,38,0,0,0,0,0,30,0,0,32,0,0,27,0;34,0,35,0,24,37,33,0,0,0,27,0,27,0,0,25,35,0,20,0,31,0,0,23,0,29,0,0,36,36;0,0,39,0,0,0,0,0,33,0,0,25,37,0,33,0,39,24,27,0,0,30,0,0,34,38,0,23,25,0;0,0,0,0,0,0,32,0,0,0,0,28,33,0,20,0,0,0,23,0,0,20,0,0,0,0,0,39,38,0;0,0,0,0,0,34,0,0,0,0,0,0,0,0,0,0,0,0,0,0,22,0,0,0,0,0,0,0,34,0;38,0,0,0,0,28,39,0,0,29,0,0,0,0,24,0,20,0,0,33,0,0,0,0,0,0,34,0,40,0;35,0,0,0,0,0,0,22,0,0,0,0,0,0,0,0,0,0,33,0,0,0,0,0,38,34,0,0,0,0;0,0,28,0,34,0,29,0,39,0,24,0,0,0,0,0,20,0,40,0,0,0,24,0,29,0,0,0,0,26;28,0,0,26,0,0,0,0,0,0,0,0,39,22,0,0,0,0,0,0,37,0,0,32,0,0,0,31,0,0;0,21,0,0,0,0,0,0,0,0,0,0,37,0,20,0,0,0,22,21,21,0,0,40,21,0,34,26,0,0;0,32,0,0,0,0,0,0,0,38,0,22,0,23,27,0,0,0,0,0,0,0,0,0,0,0,0,0,0,31;0,0,0,0,0,0,0,0,0,0,0,0,34,0,0,23,0,0,0,0,36,25,0,39,0,20,35,0,0,0;24,0,22,0,20,0,32,0,0,0,36,33,34,0,0,0,0,36,0,30,24,0,0,35,0,0,40,0,0,0;0,0,0,0,0,0,0,0,0,25,0,0,0,0,0,0,0,0,0,0,0,0,0,0,0,0,22,0,0,23;0,0,0,0,0,0,0,0,0,0,0,0,0,0,0,0,0,26,0,38,34,32,25,0,0,0,38,0,0,22;0,0,21,0,0,0,0,0,27,0,0,0,33,0,0,40,0,0,25,39,0,0,0,0,0,27,0,20,27,0;33,0,0,0,0,0,27,35,0,0,0,0,0,38,0,40,0,0,0,0,0,0,0,0,0,0,23,0,0,31;0,0,0,26,35,40,0,0,0,0,0,0,0,23,0,0,0,0,32,0,0,38,0,37,20,0,0,0,0,22;0,0,0,0,0,0,0,0,0,0,37,0,37,0,0,34,35,0,34,0,0,27,0,0,29,21,0,0,32,0;0,0,0,28,0,0,32,0,29,0,0,0,0,0,0,40,0,21,0,0,0,0,0,24,0,36,0,40,0,39;0,0,0,40,0,0,0,0,25,0,0,0,36,0,0,0,0,0,0,0,0,0,0,0,30,0,30,0,0,0;23,0,0,32,30,24,0,0,25,0,0,0,20,0,20,0,26,0,22,0,0,0,0,0,0,35,0,25,0,0;25,34,24,0,0,0,29,25,31,0,0,27,0,0,22,0,0,0,0,0,0,0,0,29,0,0,0,37,0,0;0,0,0,0,20,0,0,0,0,0,21,0,24,0,0,24,0,34,23,0,0,0,0,0,39,0,0,0,0,0;0,0,0,23,0,0,0,0,26,0,37,23,0,0,0,23,0,28,26,0,0,0,34,19,0,33,0,0,35,17;26,23,0,0,0,0,0,0,0,0,0,28,0,0,25,0,0,0,0,0,0,23,25,0,35,0,0,0,0,0;0,0,0,0,0,0,0,20,0,0,0,0,0,35,0,30,28,0,0,0,0,0,0,0,0,0,0,0,0,0;20,0,25,0,0,0,37,0,0,32,0,0,33,0,0,0,26,0,0,0,0,38,0,0,39,0,0,26,0,0
-8,30,0,20,0,0,0,24,-19,24,17,10,-29,0,0,-11,-8,19,-13,0,27,0,0,-34,-36,-2,14,20,-30,-15
------------- End of Scenario k = 2 -------
0,0,0,0,45,0,0,0,0,21,71,0,0,0,0,0,0,0,0,0,0,52,20,0,51,0,0,0,0,70;0,0,32,71,0,36,0,0,0,68,0,0,38,0,0,73,0,0,57,55,0,0,0,80,62,0,0,69,0,0;0,53,0,0,0,43,0,45,0,0,51,0,0,0,0,0,47,0,0,0,0,0,57,0,0,30,0,0,75,0;54,0,46,0,80,20,53,0,0,0,21,0,68,0,0,71,55,0,80,0,67,0,0,80,0,52,0,0,54,44;0,0,25,0,0,0,0,0,80,0,0,20,23,0,43,0,27,57,39,0,0,43,0,0,80,80,0,61,71,0;0,0,0,0,0,0,52,0,0,0,0,42,50,0,27,0,0,0,23,0,0,39,0,0,0,0,0,41,47,0;0,0,0,0,0,46,0,0,0,0,0,0,0,0,0,0,0,0,0,0,42,0,0,0,0,0,0,0,35,0;47,0,0,0,0,80,70,0,0,36,0,0,0,0,20,0,27,0,0,80,0,0,0,0,0,0,63,0,80,0;68,0,0,0,0,0,0,37,0,0,0,0,0,0,0,0,0,0,22,0,0,0,0,0,59,33,0,0,0,0;0,0,63,0,63,0,47,0,80,0,54,0,0,0,0,0,46,0,49,0,0,0,30,0,80,0,0,0,0,71;80,0,0,49,0,0,0,0,0,0,0,0,80,80,0,0,0,0,0,0,32,0,0,64,0,0,0,52,0,0;0,40,0,0,0,0,0,0,0,0,0,0,45,0,52,0,0,0,80,67,79,0,0,70,63,0,44,49,0,0;0,42,0,0,0,0,0,0,0,39,0,33,0,68,28,0,0,0,0,0,0,0,0,0,0,0,0,0,0,65;0,0,0,0,0,0,0,0,0,0,0,0,40,0,0,45,0,0,0,0,39,79,0,80,0,80,72,0,0,0;80,0,71,0,23,0,47,0,0,0,77,26,54,0,0,0,0,80,0,61,41,0,0,67,0,0,37,0,0,0;0,0,0,0,0,0,0,0,0,59,0,0,0,0,0,0,0,0,0,0,0,0,0,0,0,0,20,0,0,26;0,0,0,0,0,0,0,0,0,0,0,0,0,0,0,0,0,49,0,44,68,38,37,0,0,0,33,0,0,57;0,0,40,0,0,0,0,0,34,0,0,0,56,0,0,61,0,0,64,80,0,0,0,0,0,53,0,33,66,0;66,0,0,0,0,0,67,68,0,0,0,0,0,67,0,71,0,0,0,0,0,0,0,0,0,0,27,0,0,38;0,0,0,29,20,26,0,0,0,0,0,0,0,78,0,0,0,0,80,0,0,66,0,78,78,0,0,0,0,57;0,0,0,0,0,0,0,0,0,0,40,0,80,0,0,34,80,0,80,0,0,80,0,0,22,70,0,0,25,0;0,0,0,57,0,0,64,0,25,0,0,0,0,0,0,52,0,75,0,0,0,0,0,79,0,78,0,70,0,37;0,0,0,38,0,0,0,0,59,0,0,0,73,0,0,0,0,0,0,0,0,0,0,0,45,0,51,0,0,0;80,0,0,42,56,78,0,0,37,0,0,0,79,0,49,0,80,0,38,0,0,0,0,0,0,44,0,32,0,0;23,64,45,0,0,0,56,65,66,0,0,55,0,0,62,0,0,0,0,0,0,0,0,48,0,0,0,34,0,0;0,0,0,0,74,0,0,0,0,0,44,0,63,0,0,55,0,73,37,0,0,0,0,0,75,0,0,0,0,0;0,0,0,53,0,0,0,0,45,0,49,40,0,0,0,80,0,34,70,0,0,0,80,80,0,55,0,0,80,66;67,61,0,0,0,0,0,0,0,0,0,71,0,0,63,0,0,0,0,0,0,35,62,0,42,0,0,0,0,0;0,0,0,0,0,0,0,30,0,0,0,0,0,72,0,25,63,0,0,0,0,0,0,0,0,0,0,0,0,0;38,0,29,0,0,0,55,0,0,33,0,0,30,0,0,0,57,0,0,0,0,58,0,0,74,0,0,50,0,0
0,0,0,0,22,0,0,0,0,36,24,0,0,0,0,0,0,0,0,0,0,33,30,0,40,0,0,0,0,32;0,0,26,23,0,36,0,0,0,26,0,0,24,0,0,16,0,0,38,30,0,0,0,21,32,0,0,38,0,0;0,24,0,0,0,32,0,23,0,0,36,0,0,0,0,0,23,0,0,0,0,0,21,0,0,27,0,0,31,0;28,0,23,0,12,39,36,0,0,0,26,0,14,0,0,31,36,0,13,0,20,0,0,19,0,33,0,0,37,15;0,0,31,0,0,0,0,0,29,0,0,24,33,0,35,0,21,40,29,0,0,34,0,0,24,28,0,28,28,0;0,0,0,0,0,0,31,0,0,0,0,32,21,0,34,0,0,0,31,0,0,23,0,0,0,0,0,39,35,0;0,0,0,0,0,22,0,0,0,0,0,0,0,0,0,0,0,0,0,0,24,0,0,0,0,0,0,0,33,0;33,0,0,0,0,22,20,0,0,34,0,0,0,0,26,0,27,0,0,31,0,0,0,0,0,0,40,0,38,0;39,0,0,0,0,0,0,30,0,0,0,0,0,0,0,0,0,0,34,0,0,0,0,0,36,39,0,0,0,0;0,0,34,0,39,0,22,0,22,0,22,0,0,0,0,0,29,0,22,0,0,0,29,0,29,0,0,0,0,24;24,0,0,34,0,0,0,0,0,0,0,0,29,24,0,0,0,0,0,0,20,0,0,33,0,0,0,27,0,0;0,30,0,0,0,0,0,0,0,0,0,0,30,0,20,0,0,0,40,40,36,0,0,22,31,0,33,35,0,0;0,28,0,0,0,0,0,0,0,25,0,29,0,21,36,0,0,0,0,0,0,0,0,0,0,0,0,0,0,32;0,0,0,0,0,0,0,0,0,0,0,0,30,0,0,35,0,0,0,0,27,24,0,36,0,33,21,0,0,0;23,0,29,0,40,0,24,0,0,0,26,21,37,0,0,0,0,36,0,25,24,0,0,31,0,0,22,0,0,0;0,0,0,0,0,0,0,0,0,37,0,0,0,0,0,0,0,0,0,0,0,0,0,0,0,0,22,0,0,20;0,0,0,0,0,0,0,0,0,0,0,0,0,0,0,0,0,36,0,38,22,27,27,0,0,0,28,0,0,33;0,0,23,0,0,0,0,0,26,0,0,0,23,0,0,33,0,0,31,23,0,0,0,0,0,28,0,38,25,0;20,0,0,0,0,0,29,39,0,0,0,0,0,31,0,36,0,0,0,0,0,0,0,0,0,0,38,0,0,35;0,0,0,21,26,28,0,0,0,0,0,0,0,26,0,0,0,0,36,0,0,23,0,30,38,0,0,0,0,27;0,0,0,0,0,0,0,0,0,0,31,0,39,0,0,35,35,0,28,0,0,32,0,0,32,25,0,0,23,0;0,0,0,32,0,0,32,0,35,0,0,0,0,0,0,28,0,29,0,0,0,0,0,34,0,36,0,27,0,35;0,0,0,20,0,0,0,0,22,0,0,0,30,0,0,0,0,0,0,0,0,0,0,0,39,0,29,0,0,0;33,0,0,37,33,20,0,0,38,0,0,0,37,0,30,0,34,0,32,0,0,0,0,0,0,30,0,37,0,0;40,31,30,0,0,0,26,35,24,0,0,24,0,0,26,0,0,0,0,0,0,0,0,32,0,0,0,20,0,0;0,0,0,0,20,0,0,0,0,0,35,0,36,0,0,37,0,27,38,0,0,0,0,0,39,0,0,0,0,0;0,0,0,36,0,0,0,0,29,0,31,28,0,0,0,32,0,29,33,0,0,0,40,31,0,32,0,0,38,40;38,26,0,0,0,0,0,0,0,0,0,30,0,0,39,0,0,0,0,0,0,27,24,0,35,0,0,0,0,0;0,0,0,0,0,0,0,29,0,0,0,0,0,26,0,33,20,0,0,0,0,0,0,0,0,0,0,0,0,0;40,0,26,0,0,0,21,0,0,32,0,0,38,0,0,0,27,0,0,0,0,23,0,0,28,0,0,39,0,0
-15,15,0,10,0,0,0,14,-7,13,23,17,-16,0,0,-11,-13,19,-22,0,26,0,0,-50,-15,-5,29,18,-16,-14
------------- End of Scenario k = 3 -------
0,0,0,0,37,0,0,0,0,47,74,0,0,0,0,0,0,0,0,0,0,46,72,0,61,0,0,0,0,35;0,0,29,25,0,64,0,0,0,57,0,0,66,0,0,80,0,0,45,26,0,0,0,80,80,0,0,57,0,0;0,49,0,0,0,59,0,44,0,0,63,0,0,0,0,0,80,0,0,0,0,0,69,0,0,24,0,0,36,0;80,0,50,0,37,53,40,0,0,0,68,0,80,0,0,39,80,0,44,0,35,0,0,70,0,26,0,0,75,44;0,0,21,0,0,0,0,0,80,0,0,52,70,0,75,0,55,69,56,0,0,66,0,0,80,80,0,48,68,0;0,0,0,0,0,0,63,0,0,0,0,66,68,0,75,0,0,0,74,0,0,50,0,0,0,0,0,51,40,0;0,0,0,0,0,75,0,0,0,0,0,0,0,0,0,0,0,0,0,0,47,0,0,0,0,0,0,0,55,0;20,0,0,0,0,65,61,0,0,52,0,0,0,0,63,0,70,0,0,62,0,0,0,0,0,0,73,0,80,0;48,0,0,0,0,0,0,72,0,0,0,0,0,0,0,0,0,0,79,0,0,0,0,0,47,71,0,0,0,0;0,0,43,0,46,0,80,0,80,0,58,0,0,0,0,0,34,0,56,0,0,0,31,0,50,0,0,0,0,73;24,0,0,52,0,0,0,0,0,0,0,0,80,31,0,0,0,0,0,0,30,0,0,77,0,0,0,76,0,0;0,41,0,0,0,0,0,0,0,0,0,0,56,0,55,0,0,0,80,41,80,0,0,72,28,0,25,65,0,0;0,75,0,0,0,0,0,0,0,37,0,57,0,25,56,0,0,0,0,0,0,0,0,0,0,0,0,0,0,24;0,0,0,0,0,0,0,0,0,0,0,0,53,0,0,75,0,0,0,0,65,58,0,76,0,72,57,0,0,0;56,0,75,0,32,0,26,0,0,0,80,57,20,0,0,0,0,74,0,37,54,0,0,31,0,0,28,0,0,0;0,0,0,0,0,0,0,0,0,29,0,0,0,0,0,0,0,0,0,0,0,0,0,0,0,0,24,0,0,33;0,0,0,0,0,0,0,0,0,0,0,0,0,0,0,0,0,29,0,22,77,26,28,0,0,0,65,0,0,45;0,0,56,0,0,0,0,0,80,0,0,0,38,0,0,60,0,0,54,39,0,0,0,0,0,35,0,75,25,0;66,0,0,0,0,0,51,68,0,0,0,0,0,53,0,57,0,0,0,0,0,0,0,0,0,0,71,0,0,52;0,0,0,58,27,52,0,0,0,0,0,0,0,33,0,0,0,0,80,0,0,54,0,72,43,0,0,0,0,34;0,0,0,0,0,0,0,0,0,0,34,0,80,0,0,50,80,0,43,0,0,41,0,0,61,30,0,0,71,0;0,0,0,49,0,0,58,0,38,0,0,0,0,0,0,51,0,56,0,0,0,0,0,70,0,79,0,72,0,74;0,0,0,32,0,0,0,0,24,0,0,0,31,0,0,0,0,0,0,0,0,0,0,0,70,0,47,0,0,0;80,0,0,60,32,29,0,0,66,0,0,0,80,0,76,0,57,0,54,0,0,0,0,0,0,49,0,58,0,0;25,35,39,0,0,0,59,77,76,0,0,20,0,0,66,0,0,0,0,0,0,0,0,32,0,0,0,44,0,0;0,0,0,0,40,0,0,0,0,0,80,0,39,0,0,53,0,36,28,0,0,0,0,0,48,0,0,0,0,0;0,0,0,21,0,0,0,0,61,0,38,59,0,0,0,80,0,40,80,0,0,0,80,65,0,80,0,0,80,55;69,23,0,0,0,0,0,0,0,0,0,42,0,0,53,0,0,0,0,0,0,33,78,0,53,0,0,0,0,0;0,0,0,0,0,0,0,74,0,0,0,0,0,31,0,77,67,0,0,0,0,0,0,0,0,0,0,0,0,0;34,0,35,0,0,0,40,0,0,76,0,0,25,0,0,0,57,0,0,0,0,29,0,0,47,0,0,45,0,0
0,0,0,0,33,0,0,0,0,23,33,0,0,0,0,0,0,0,0,0,0,25,23,0,38,0,0,0,0,38;0,0,32,21,0,31,0,0,0,32,0,0,32,0,0,29,0,0,34,32,0,0,0,40,38,0,0,24,0,0;0,30,0,0,0,39,0,28,0,0,25,0,0,0,0,0,29,0,0,0,0,0,30,0,0,22,0,0,37,0;32,0,23,0,39,37,25,0,0,0,26,0,37,0,0,14,35,0,25,0,23,0,0,23,0,32,0,0,28,37;0,0,30,0,0,0,0,0,36,0,0,28,22,0,30,0,38,38,35,0,0,40,0,0,29,37,0,24,22,0;0,0,0,0,0,0,38,0,0,0,0,26,36,0,32,0,0,0,27,0,0,36,0,0,0,0,0,40,28,0;0,0,0,0,0,37,0,0,0,0,0,0,0,0,0,0,0,0,0,0,39,0,0,0,0,0,0,0,33,0;32,0,0,0,0,28,40,0,0,28,0,0,0,0,40,0,20,0,0,38,0,0,0,0,0,0,20,0,27,0;32,0,0,0,0,0,0,30,0,0,0,0,0,0,0,0,0,0,39,0,0,0,0,0,31,26,0,0,0,0;0,0,39,0,33,0,33,0,34,0,31,0,0,0,0,0,26,0,22,0,0,0,37,0,23,0,0,0,0,30;38,0,0,39,0,0,0,0,0,0,0,0,35,33,0,0,0,0,0,0,34,0,0,24,0,0,0,24,0,0;0,31,0,0,0,0,0,0,0,0,0,0,24,0,16,0,0,0,12,36,36,0,0,39,36,0,32,28,0,0;0,28,0,0,0,0,0,0,0,30,0,40,0,27,40,0,0,0,0,0,0,0,0,0,0,0,0,0,0,25;0,0,0,0,0,0,0,0,0,0,0,0,36,0,0,23,0,0,0,0,38,35,0,37,0,31,39,0,0,0;34,0,25,0,34,0,23,0,0,0,39,29,29,0,0,0,0,23,0,20,32,0,0,39,0,0,35,0,0,0;0,0,0,0,0,0,0,0,0,40,0,0,0,0,0,0,0,0,0,0,0,0,0,0,0,0,25,0,0,35;0,0,0,0,0,0,0,0,0,0,0,0,0,0,0,0,0,32,0,36,39,40,21,0,0,0,22,0,0,35;0,0,26,0,0,0,0,0,26,0,0,0,15,0,0,22,0,0,39,23,0,0,0,0,0,36,0,28,31,0;35,0,0,0,0,0,22,21,0,0,0,0,0,31,0,30,0,0,0,0,0,0,0,0,0,0,26,0,0,37;0,0,0,27,28,35,0,0,0,0,0,0,0,40,0,0,0,0,29,0,0,25,0,31,21,0,0,0,0,26;0,0,0,0,0,0,0,0,0,0,26,0,34,0,0,24,28,0,27,0,0,28,0,0,23,35,0,0,28,0;0,0,0,32,0,0,36,0,35,0,0,0,0,0,0,40,0,40,0,0,0,0,0,23,0,21,0,34,0,36;0,0,0,29,0,0,0,0,27,0,0,0,31,0,0,0,0,0,0,0,0,0,0,0,20,0,30,0,0,0;40,0,0,25,37,21,0,0,37,0,0,0,27,0,23,0,32,0,36,0,0,0,0,0,0,32,0,25,0,0;30,34,36,0,0,0,27,28,21,0,0,21,0,0,30,0,0,0,0,0,0,0,0,36,0,0,0,22,0,0;0,0,0,0,26,0,0,0,0,0,29,0,37,0,0,29,0,40,38,0,0,0,0,0,36,0,0,0,0,0;0,0,0,21,0,0,0,0,34,0,38,28,0,0,0,37,0,38,21,0,0,0,39,39,0,36,0,0,22,36;37,29,0,0,0,0,0,0,0,0,0,22,0,0,36,0,0,0,0,0,0,26,23,0,21,0,0,0,0,0;0,0,0,0,0,0,0,38,0,0,0,0,0,26,0,22,29,0,0,0,0,0,0,0,0,0,0,0,0,0;24,0,33,0,0,0,29,0,0,32,0,0,23,0,0,0,33,0,0,0,0,25,0,0,23,0,0,27,0,0
-20,27,0,14,0,0,0,23,-15,14,19,11,-20,0,0,-7,-15,10,-10,0,23,0,0,-41,-13,-8,20,22,-25,-9
------------- End of Scenario k = 4 -------
0,0,0,0,75,0,0,0,0,47,57,0,0,0,0,0,0,0,0,0,0,52,28,0,43,0,0,0,0,75;0,0,80,43,0,67,0,0,0,32,0,0,52,0,0,80,0,0,49,77,0,0,0,34,53,0,0,39,0,0;0,51,0,0,0,65,0,72,0,0,40,0,0,0,0,0,80,0,0,0,0,0,41,0,0,54,0,0,40,0;80,0,38,0,80,61,38,0,0,0,38,0,80,0,0,30,76,0,24,0,41,0,0,71,0,48,0,0,62,49;0,0,59,0,0,0,0,0,80,0,0,37,36,0,44,0,68,44,24,0,0,25,0,0,80,80,0,76,80,0;0,0,0,0,0,0,58,0,0,0,0,43,69,0,32,0,0,0,54,0,0,24,0,0,0,0,0,74,60,0;0,0,0,0,0,67,0,0,0,0,0,0,0,0,0,0,0,0,0,0,43,0,0,0,0,0,0,0,48,0;44,0,0,0,0,80,62,0,0,79,0,0,0,0,70,0,57,0,0,77,0,0,0,0,0,0,35,0,53,0;63,0,0,0,0,0,0,52,0,0,0,0,0,0,0,0,0,0,53,0,0,0,0,0,28,80,0,0,0,0;0,0,33,0,67,0,80,0,37,0,28,0,0,0,0,0,70,0,71,0,0,0,30,0,31,0,0,0,0,32;29,0,0,76,0,0,0,0,0,0,0,0,21,80,0,0,0,0,0,0,73,0,0,58,0,0,0,60,0,0;0,79,0,0,0,0,0,0,0,0,0,0,44,0,50,0,0,0,80,39,44,0,0,22,32,0,33,35,0,0;0,38,0,0,0,0,0,0,0,72,0,68,0,35,56,0,0,0,0,0,0,0,0,0,0,0,0,0,0,67;0,0,0,0,0,0,0,0,0,0,0,0,73,0,0,46,0,0,0,0,39,26,0,80,0,24,79,0,0,0;54,0,45,0,27,0,27,0,0,0,45,80,77,0,0,0,0,55,0,22,38,0,0,42,0,0,25,0,0,0;0,0,0,0,0,0,0,0,0,76,0,0,0,0,0,0,0,0,0,0,0,0,0,0,0,0,21,0,0,76;0,0,0,0,0,0,0,0,0,0,0,0,0,0,0,0,0,47,0,66,20,27,78,0,0,0,75,0,0,20;0,0,54,0,0,0,0,0,80,0,0,0,80,0,0,48,0,0,45,38,0,0,0,0,0,59,0,76,74,0;62,0,0,0,0,0,64,75,0,0,0,0,0,35,0,60,0,0,0,0,0,0,0,0,0,0,70,0,0,61;0,0,0,76,52,32,0,0,0,0,0,0,0,49,0,0,0,0,80,0,0,41,0,78,42,0,0,0,0,38;0,0,0,0,0,0,0,0,0,0,55,0,80,0,0,71,80,0,80,0,0,80,0,0,80,25,0,0,22,0;0,0,0,75,0,0,67,0,69,0,0,0,0,0,0,80,0,38,0,0,0,0,0,47,0,47,0,46,0,48;0,0,0,40,0,0,0,0,77,0,0,0,31,0,0,0,0,0,0,0,0,0,0,0,24,0,55,0,0,0;80,0,0,36,20,45,0,0,62,0,0,0,80,0,58,0,22,0,53,0,0,0,0,0,0,49,0,36,0,0;50,50,44,0,0,0,26,65,29,0,0,79,0,0,55,0,0,0,0,0,0,0,0,29,0,0,0,67,0,0;0,0,0,0,50,0,0,0,0,0,65,0,76,0,0,68,0,54,72,0,0,0,0,0,33,0,0,0,0,0;0,0,0,51,0,0,0,0,39,0,22,20,0,0,0,80,0,67,32,0,0,0,80,80,0,80,0,0,61,51;44,69,0,0,0,0,0,0,0,0,0,41,0,0,31,0,0,0,0,0,0,31,76,0,80,0,0,0,0,0;0,0,0,0,0,0,0,71,0,0,0,0,0,71,0,48,36,0,0,0,0,0,0,0,0,0,0,0,0,0;38,0,66,0,0,0,41,0,0,51,0,0,60,0,0,0,27,0,0,0,0,38,0,0,26,0,0,65,0,0
0,0,0,0,36,0,0,0,0,35,38,0,0,0,0,0,0,0,0,0,0,24,27,0,24,0,0,0,0,31;0,0,32,33,0,29,0,0,0,29,0,0,34,0,0,40,0,0,37,33,0,0,0,39,31,0,0,23,0,0;0,39,0,0,0,29,0,36,0,0,35,0,0,0,0,0,37,0,0,0,0,0,28,0,0,32,0,0,30,0;13,0,27,0,30,32,35,0,0,0,28,0,19,0,0,38,29,0,30,0,40,0,0,21,0,35,0,0,26,28;0,0,31,0,0,0,0,0,26,0,0,28,21,0,36,0,26,20,24,0,0,31,0,0,16,38,0,24,15,0;0,0,0,0,0,0,26,0,0,0,0,20,37,0,26,0,0,0,35,0,0,23,0,0,0,0,0,26,27,0;0,0,0,0,0,37,0,0,0,0,0,0,0,0,0,0,0,0,0,0,25,0,0,0,0,0,0,0,40,0;26,0,0,0,0,29,31,0,0,38,0,0,0,0,30,0,33,0,0,36,0,0,0,0,0,0,31,0,17,0;36,0,0,0,0,0,0,30,0,0,0,0,0,0,0,0,0,0,23,0,0,0,0,0,39,20,0,0,0,0;0,0,37,0,27,0,24,0,36,0,39,0,0,0,0,0,34,0,22,0,0,0,22,0,34,0,0,0,0,21;26,0,0,27,0,0,0,0,0,0,0,0,28,26,0,0,0,0,0,0,29,0,0,30,0,0,0,27,0,0;0,25,0,0,0,0,0,0,0,0,0,0,22,0,33,0,0,0,23,30,25,0,0,36,40,0,20,23,0,0;0,28,0,0,0,0,0,0,0,38,0,38,0,27,21,0,0,0,0,0,0,0,0,0,0,0,0,0,0,36;0,0,0,0,0,0,0,0,0,0,0,0,31,0,0,31,0,0,0,0,35,36,0,28,0,33,25,0,0,0;23,0,28,0,38,0,38,0,0,0,25,22,20,0,0,0,0,34,0,20,23,0,0,25,0,0,28,0,0,0;0,0,0,0,0,0,0,0,0,40,0,0,0,0,0,0,0,0,0,0,0,0,0,0,0,0,38,0,0,28;0,0,0,0,0,0,0,0,0,0,0,0,0,0,0,0,0,33,0,40,35,26,23,0,0,0,20,0,0,33;0,0,38,0,0,0,0,0,29,0,0,0,33,0,0,30,0,0,28,36,0,0,0,0,0,25,0,39,32,0;29,0,0,0,0,0,27,24,0,0,0,0,0,35,0,34,0,0,0,0,0,0,0,0,0,0,37,0,0,33;0,0,0,31,33,37,0,0,0,0,0,0,0,36,0,0,0,0,29,0,0,25,0,28,36,0,0,0,0,35;0,0,0,0,0,0,0,0,0,0,38,0,36,0,0,26,33,0,36,0,0,35,0,0,34,27,0,0,36,0;0,0,0,20,0,0,36,0,32,0,0,0,0,0,0,40,0,21,0,0,0,0,0,24,0,36,0,31,0,26;0,0,0,29,0,0,0,0,22,0,0,0,22,0,0,0,0,0,0,0,0,0,0,0,39,0,38,0,0,0;29,0,0,21,23,39,0,0,28,0,0,0,28,0,40,0,36,0,22,0,0,0,0,0,0,25,0,29,0,0;24,38,26,0,0,0,39,30,23,0,0,39,0,0,25,0,0,0,0,0,0,0,0,36,0,0,0,35,0,0;0,0,0,0,32,0,0,0,0,0,28,0,27,0,0,30,0,25,37,0,0,0,0,0,22,0,0,0,0,0;0,0,0,33,0,0,0,0,23,0,31,25,0,0,0,38,0,38,15,0,0,0,16,13,0,31,0,0,39,36;33,23,0,0,0,0,0,0,0,0,0,25,0,0,24,0,0,0,0,0,0,28,22,0,31,0,0,0,0,0;0,0,0,0,0,0,0,26,0,0,0,0,0,30,0,27,40,0,0,0,0,0,0,0,0,0,0,0,0,0;24,0,32,0,0,0,25,0,0,25,0,0,22,0,0,0,32,0,0,0,0,29,0,0,35,0,0,34,0,0
-27,30,0,11,0,0,0,14,-27,23,25,22,-32,0,0,-11,-6,18,-23,0,26,0,0,-21,-23,-10,13,25,-22,-5
------------- End of Scenario k = 5 -------
0,0,0,0,73,0,0,0,0,65,52,0,0,0,0,0,0,0,0,0,0,40,52,0,25,0,0,0,0,35;0,0,55,61,0,37,0,0,0,80,0,0,28,0,0,80,0,0,55,75,0,0,0,67,50,0,0,27,0,0;0,47,0,0,0,73,0,70,0,0,60,0,0,0,0,0,80,0,0,0,0,0,29,0,0,25,0,0,58,0;30,0,80,0,80,28,62,0,0,0,27,0,28,0,0,80,39,0,24,0,28,0,0,80,0,60,0,0,68,73;0,0,58,0,0,0,0,0,37,0,0,57,69,0,59,0,50,23,67,0,0,78,0,0,80,80,0,30,25,0;0,0,0,0,0,0,39,0,0,0,0,79,33,0,48,0,0,0,80,0,0,53,0,0,0,0,0,76,60,0;0,0,0,0,0,20,0,0,0,0,0,0,0,0,0,0,0,0,0,0,50,0,0,0,0,0,0,0,56,0;55,0,0,0,0,28,68,0,0,59,0,0,0,0,35,0,53,0,0,55,0,0,0,0,0,0,63,0,24,0;42,0,0,0,0,0,0,76,0,0,0,0,0,0,0,0,0,0,57,0,0,0,0,0,69,61,0,0,0,0;0,0,76,0,62,0,80,0,53,0,23,0,0,0,0,0,49,0,73,0,0,0,35,0,80,0,0,0,0,29;80,0,0,32,0,0,0,0,0,0,0,0,80,73,0,0,0,0,0,0,69,0,0,73,0,0,0,21,0,0;0,53,0,0,0,0,0,0,0,0,0,0,80,0,80,0,0,0,80,46,74,0,0,26,77,0,46,72,0,0;0,72,0,0,0,0,0,0,0,67,0,39,0,55,45,0,0,0,0,0,0,0,0,0,0,0,0,0,0,79;0,0,0,0,0,0,0,0,0,0,0,0,72,0,0,74,0,0,0,0,49,65,0,80,0,80,71,0,0,0;80,0,74,0,69,0,72,0,0,0,58,33,60,0,0,0,0,25,0,58,28,0,0,20,0,0,72,0,0,0;0,0,0,0,0,0,0,0,0,50,0,0,0,0,0,0,0,0,0,0,0,0,0,0,0,0,24,0,0,23;0,0,0,0,0,0,0,0,0,0,0,0,0,0,0,0,0,72,0,22,26,79,51,0,0,0,74,0,0,59;0,0,53,0,0,0,0,0,53,0,0,0,80,0,0,36,0,0,34,43,0,0,0,0,0,29,0,55,30,0;67,0,0,0,0,0,79,62,0,0,0,0,0,57,0,27,0,0,0,0,0,0,0,0,0,0,74,0,0,39;0,0,0,64,47,21,0,0,0,0,0,0,0,75,0,0,0,0,53,0,0,55,0,37,38,0,0,0,0,71;0,0,0,0,0,0,0,0,0,0,41,0,32,0,0,53,31,0,68,0,0,48,0,0,52,68,0,0,35,0;0,0,0,23,0,0,72,0,50,0,0,0,0,0,0,57,0,26,0,0,0,0,0,45,0,74,0,73,0,80;0,0,0,62,0,0,0,0,45,0,0,0,35,0,0,0,0,0,0,0,0,0,0,0,70,0,50,0,0,0;68,0,0,65,48,48,0,0,62,0,0,0,73,0,21,0,80,0,79,0,0,0,0,0,0,47,0,26,0,0;75,51,40,0,0,0,44,29,26,0,0,46,0,0,63,0,0,0,0,0,0,0,0,38,0,0,0,32,0,0;0,0,0,0,21,0,0,0,0,0,36,0,78,0,0,52,0,54,24,0,0,0,0,0,31,0,0,0,0,0;0,0,0,52,0,0,0,0,32,0,69,47,0,0,0,56,0,23,80,0,0,0,80,25,0,79,0,0,28,80;24,78,0,0,0,0,0,0,0,0,0,76,0,0,39,0,0,0,0,0,0,32,62,0,73,0,0,0,0,0;0,0,0,0,0,0,0,33,0,0,0,0,0,62,0,50,68,0,0,0,0,0,0,0,0,0,0,0,0,0;59,0,26,0,0,0,37,0,0,33,0,0,49,0,0,0,56,0,0,0,0,66,0,0,37,0,0,76,0,0
0,0,0,0,39,0,0,0,0,40,27,0,0,0,0,0,0,0,0,0,0,24,21,0,35,0,0,0,0,25;0,0,35,22,0,22,0,0,0,21,0,0,29,0,0,34,0,0,32,22,0,0,0,29,38,0,0,20,0,0;0,24,0,0,0,23,0,39,0,0,27,0,0,0,0,0,40,0,0,0,0,0,30,0,0,29,0,0,32,0;39,0,22,0,34,26,36,0,0,0,23,0,32,0,0,24,35,0,40,0,25,0,0,38,0,22,0,0,32,37;0,0,35,0,0,0,0,0,30,0,0,20,34,0,26,0,21,27,28,0,0,37,0,0,36,36,0,33,25,0;0,0,0,0,0,0,31,0,0,0,0,27,40,0,24,0,0,0,24,0,0,23,0,0,0,0,0,25,35,0;0,0,0,0,0,35,0,0,0,0,0,0,0,0,0,0,0,0,0,0,20,0,0,0,0,0,0,0,21,0;26,0,0,0,0,30,24,0,0,35,0,0,0,0,39,0,20,0,0,25,0,0,0,0,0,0,20,0,22,0;20,0,0,0,0,0,0,22,0,0,0,0,0,0,0,0,0,0,36,0,0,0,0,0,25,21,0,0,0,0;0,0,28,0,21,0,31,0,40,0,36,0,0,0,0,0,34,0,36,0,0,0,37,0,40,0,0,0,0,29;35,0,0,40,0,0,0,0,0,0,0,0,25,31,0,0,0,0,0,0,40,0,0,37,0,0,0,29,0,0;0,31,0,0,0,0,0,0,0,0,0,0,31,0,34,0,0,0,28,31,28,0,0,22,23,0,24,35,0,0;0,24,0,0,0,0,0,0,0,26,0,34,0,23,23,0,0,0,0,0,0,0,0,0,0,0,0,0,0,29;0,0,0,0,0,0,0,0,0,0,0,0,37,0,0,35,0,0,0,0,39,40,0,35,0,40,24,0,0,0;29,0,37,0,34,0,33,0,0,0,40,29,33,0,0,0,0,35,0,33,20,0,0,37,0,0,23,0,0,0;0,0,0,0,0,0,0,0,0,38,0,0,0,0,0,0,0,0,0,0,0,0,0,0,0,0,36,0,0,23;0,0,0,0,0,0,0,0,0,0,0,0,0,0,0,0,0,26,0,28,33,36,30,0,0,0,32,0,0,40;0,0,20,0,0,0,0,0,36,0,0,0,40,0,0,32,0,0,32,33,0,0,0,0,0,27,0,36,24,0;22,0,0,0,0,0,40,26,0,0,0,0,0,20,0,40,0,0,0,0,0,0,0,0,0,0,22,0,0,37;0,0,0,28,20,34,0,0,0,0,0,0,0,35,0,0,0,0,31,0,0,31,0,22,25,0,0,0,0,30;0,0,0,0,0,0,0,0,0,0,28,0,23,0,0,22,21,0,38,0,0,27,0,0,25,38,0,0,39,0;0,0,0,40,0,0,35,0,31,0,0,0,0,0,0,40,0,27,0,0,0,0,0,26,0,29,0,31,0,35;0,0,0,29,0,0,0,0,21,0,0,0,35,0,0,0,0,0,0,0,0,0,0,0,33,0,29,0,0,0;24,0,0,35,34,27,0,0,23,0,0,0,24,0,24,0,28,0,31,0,0,0,0,0,0,32,0,22,0,0;31,34,29,0,0,0,36,28,25,0,0,23,0,0,28,0,0,0,0,0,0,0,0,35,0,0,0,39,0,0;0,0,0,0,35,0,0,0,0,0,29,0,40,0,0,20,0,29,24,0,0,0,0,0,38,0,0,0,0,0;0,0,0,33,0,0,0,0,31,0,37,36,0,0,0,35,0,25,21,0,0,0,29,26,0,32,0,0,32,31;28,39,0,0,0,0,0,0,0,0,0,37,0,0,40,0,0,0,0,0,0,22,26,0,37,0,0,0,0,0;0,0,0,0,0,0,0,39,0,0,0,0,0,25,0,28,32,0,0,0,0,0,0,0,0,0,0,0,0,0;27,0,24,0,0,0,23,0,0,23,0,0,21,0,0,0,20,0,0,0,0,39,0,0,33,0,0,31,0,0
-11,22,0,24,0,0,0,18,-36,29,25,27,-32,0,0,-5,-16,30,-46,0,20,0,0,-26,-18,-17,13,30,-22,-9
------------- End of Scenario k = 6 -------
0,0,0,0,58,0,0,0,0,55,52,0,0,0,0,0,0,0,0,0,0,77,77,0,42,0,0,0,0,55;0,0,80,36,0,60,0,0,0,71,0,0,74,0,0,80,0,0,68,25,0,0,0,52,57,0,0,70,0,0;0,46,0,0,0,67,0,80,0,0,66,0,0,0,0,0,80,0,0,0,0,0,32,0,0,80,0,0,68,0;80,0,70,0,80,41,20,0,0,0,45,0,46,0,0,43,80,0,80,0,72,0,0,25,0,74,0,0,44,32;0,0,21,0,0,0,0,0,27,0,0,43,36,0,40,0,43,52,32,0,0,66,0,0,80,67,0,40,44,0;0,0,0,0,0,0,29,0,0,0,0,26,58,0,53,0,0,0,29,0,0,45,0,0,0,0,0,33,27,0;0,0,0,0,0,43,0,0,0,0,0,0,0,0,0,0,0,0,0,0,38,0,0,0,0,0,0,0,50,0;41,0,0,0,0,80,47,0,0,36,0,0,0,0,78,0,20,0,0,80,0,0,0,0,0,0,39,0,53,0;33,0,0,0,0,0,0,78,0,0,0,0,0,0,0,0,0,0,69,0,0,0,0,0,32,37,0,0,0,0;0,0,57,0,56,0,80,0,23,0,32,0,0,0,0,0,23,0,38,0,0,0,25,0,62,0,0,0,0,62;55,0,0,72,0,0,0,0,0,0,0,0,80,65,0,0,0,0,0,0,51,0,0,75,0,0,0,50,0,0;0,27,0,0,0,0,0,0,0,0,0,0,43,0,80,0,0,0,80,40,80,0,0,31,45,0,52,49,0,0;0,72,0,0,0,0,0,0,0,77,0,70,0,45,21,0,0,0,0,0,0,0,0,0,0,0,0,0,0,69;0,0,0,0,0,0,0,0,0,0,0,0,42,0,0,26,0,0,0,0,25,36,0,34,0,80,34,0,0,0;80,0,30,0,46,0,46,0,0,0,21,34,76,0,0,0,0,79,0,25,40,0,0,75,0,0,25,0,0,0;0,0,0,0,0,0,0,0,0,28,0,0,0,0,0,0,0,0,0,0,0,0,0,0,0,0,73,0,0,64;0,0,0,0,0,0,0,0,0,0,0,0,0,0,0,0,0,75,0,30,44,37,53,0,0,0,22,0,0,53;0,0,52,0,0,0,0,0,80,0,0,0,71,0,0,27,0,0,64,80,0,0,0,0,0,73,0,77,67,0;23,0,0,0,0,0,40,26,0,0,0,0,0,73,0,20,0,0,0,0,0,0,0,0,0,0,32,0,0,24;0,0,0,27,28,44,0,0,0,0,0,0,0,53,0,0,0,0,80,0,0,56,0,27,52,0,0,0,0,40;0,0,0,0,0,0,0,0,0,0,32,0,30,0,0,35,53,0,79,0,0,80,0,0,80,65,0,0,72,0;0,0,0,26,0,0,69,0,33,0,0,0,0,0,0,80,0,51,0,0,0,0,0,72,0,55,0,33,0,56;0,0,0,80,0,0,0,0,60,0,0,0,49,0,0,0,0,0,0,0,0,0,0,0,69,0,80,0,0,0;80,0,0,47,46,63,0,0,52,0,0,0,51,0,62,0,63,0,41,0,0,0,0,0,0,48,0,44,0,0;44,55,57,0,0,0,32,65,58,0,0,50,0,0,36,0,0,0,0,0,0,0,0,22,0,0,0,49,0,0;0,0,0,0,74,0,0,0,0,0,70,0,34,0,0,25,0,22,26,0,0,0,0,0,38,0,0,0,0,0;0,0,0,20,0,0,0,0,32,0,26,60,0,0,0,56,0,27,80,0,0,0,32,68,0,71,0,0,80,80;61,35,0,0,0,0,0,0,0,0,0,29,0,0,68,0,0,0,0,0,0,50,68,0,35,0,0,0,0,0;0,0,0,0,0,0,0,73,0,0,0,0,0,56,0,50,61,0,0,0,0,0,0,0,0,0,0,0,0,0;29,0,66,0,0,0,73,0,0,69,0,0,42,0,0,0,57,0,0,0,0,24,0,0,75,0,0,43,0,0
0,0,0,0,21,0,0,0,0,22,27,0,0,0,0,0,0,0,0,0,0,28,20,0,36,0,0,0,0,22;0,0,40,24,0,31,0,0,0,34,0,0,38,0,0,39,0,0,36,39,0,0,0,36,37,0,0,39,0,0;0,22,0,0,0,27,0,36,0,0,36,0,0,0,0,0,31,0,0,0,0,0,31,0,0,27,0,0,39,0;22,0,33,0,37,39,25,0,0,0,25,0,32,0,0,35,37,0,34,0,37,0,0,30,0,28,0,0,32,31;0,0,32,0,0,0,0,0,28,0,0,31,28,0,30,0,40,25,39,0,0,20,0,0,29,32,0,39,28,0;0,0,0,0,0,0,35,0,0,0,0,24,22,0,27,0,0,0,22,0,0,29,0,0,0,0,0,23,20,0;0,0,0,0,0,34,0,0,0,0,0,0,0,0,0,0,0,0,0,0,29,0,0,0,0,0,0,0,37,0;27,0,0,0,0,30,30,0,0,26,0,0,0,0,39,0,24,0,0,26,0,0,0,0,0,0,27,0,35,0;38,0,0,0,0,0,0,24,0,0,0,0,0,0,0,0,0,0,20,0,0,0,0,0,36,36,0,0,0,0;0,0,37,0,35,0,26,0,33,0,29,0,0,0,0,0,33,0,35,0,0,0,30,0,32,0,0,0,0,39;33,0,0,30,0,0,0,0,0,0,0,0,34,35,0,0,0,0,0,0,28,0,0,24,0,0,0,38,0,0;0,20,0,0,0,0,0,0,0,0,0,0,33,0,32,0,0,0,37,38,22,0,0,25,24,0,25,33,0,0;0,23,0,0,0,0,0,0,0,37,0,40,0,23,27,0,0,0,0,0,0,0,0,0,0,0,0,0,0,38;0,0,0,0,0,0,0,0,0,0,0,0,31,0,0,34,0,0,0,0,20,29,0,29,0,37,37,0,0,0;28,0,33,0,28,0,30,0,0,0,34,32,26,0,0,0,0,23,0,28,38,0,0,29,0,0,35,0,0,0;0,0,0,0,0,0,0,0,0,33,0,0,0,0,0,0,0,0,0,0,0,0,0,0,0,0,30,0,0,38;0,0,0,0,0,0,0,0,0,0,0,0,0,0,0,0,0,33,0,23,30,35,26,0,0,0,35,0,0,38;0,0,23,0,0,0,0,0,29,0,0,0,40,0,0,34,0,0,28,37,0,0,0,0,0,30,0,29,32,0;32,0,0,0,0,0,25,21,0,0,0,0,0,28,0,40,0,0,0,0,0,0,0,0,0,0,28,0,0,30;0,0,0,22,21,33,0,0,0,0,0,0,0,37,0,0,0,0,36,0,0,36,0,27,37,0,0,0,0,24;0,0,0,0,0,0,0,0,0,0,31,0,37,0,0,24,35,0,30,0,0,29,0,0,28,24,0,0,36,0;0,0,0,31,0,0,26,0,34,0,0,0,0,0,0,26,0,37,0,0,0,0,0,32,0,38,0,26,0,37;0,0,0,21,0,0,0,0,23,0,0,0,23,0,0,0,0,0,0,0,0,0,0,0,37,0,28,0,0,0;26,0,0,32,36,21,0,0,36,0,0,0,25,0,40,0,40,0,26,0,0,0,0,0,0,22,0,40,0,0;21,36,22,0,0,0,40,35,32,0,0,38,0,0,33,0,0,0,0,0,0,0,0,23,0,0,0,22,0,0;0,0,0,0,39,0,0,0,0,0,39,0,34,0,0,32,0,27,40,0,0,0,0,0,30,0,0,0,0,0;0,0,0,39,0,0,0,0,40,0,20,35,0,0,0,23,0,23,32,0,0,0,16,27,0,38,0,0,28,35;40,25,0,0,0,0,0,0,0,0,0,25,0,0,38,0,0,0,0,0,0,27,22,0,25,0,0,0,0,0;0,0,0,0,0,0,0,32,0,0,0,0,0,40,0,35,30,0,0,0,0,0,0,0,0,0,0,0,0,0;36,0,25,0,0,0,38,0,0,36,0,0,30,0,0,0,22,0,0,0,0,38,0,0,39,0,0,37,0,0
-20,30,0,22,0,0,0,26,-11,20,28,27,-38,0,0,-8,-10,28,-65,0,20,0,0,-27,-19,-10,11,29,-29,-4
------------- End of Scenario k = 7 -------
0,0,0,0,26,0,0,0,0,53,38,0,0,0,0,0,0,0,0,0,0,33,80,0,38,0,0,0,0,58;0,0,80,46,0,47,0,0,0,72,0,0,51,0,0,46,0,0,23,50,0,0,0,28,80,0,0,59,0,0;0,56,0,0,0,39,0,35,0,0,38,0,0,0,0,0,25,0,0,0,0,0,60,0,0,42,0,0,38,0;58,0,45,0,24,70,55,0,0,0,75,0,33,0,0,80,80,0,80,0,39,0,0,80,0,25,0,0,46,60;0,0,73,0,0,0,0,0,29,0,0,65,28,0,43,0,54,78,50,0,0,66,0,0,80,80,0,35,80,0;0,0,0,0,0,0,63,0,0,0,0,69,34,0,54,0,0,0,43,0,0,30,0,0,0,0,0,65,68,0;0,0,0,0,0,73,0,0,0,0,0,0,0,0,0,0,0,0,0,0,76,0,0,0,0,0,0,0,21,0;36,0,0,0,0,80,52,0,0,33,0,0,0,0,32,0,64,0,0,31,0,0,0,0,0,0,47,0,80,0;36,0,0,0,0,0,0,47,0,0,0,0,0,0,0,0,0,0,67,0,0,0,0,0,57,21,0,0,0,0;0,0,80,0,38,0,77,0,80,0,27,0,0,0,0,0,78,0,44,0,0,0,29,0,49,0,0,0,0,28;80,0,0,23,0,0,0,0,0,0,0,0,69,80,0,0,0,0,0,0,26,0,0,31,0,0,0,52,0,0;0,48,0,0,0,0,0,0,0,0,0,0,35,0,80,0,0,0,80,79,67,0,0,64,67,0,24,37,0,0;0,79,0,0,0,0,0,0,0,70,0,35,0,64,55,0,0,0,0,0,0,0,0,0,0,0,0,0,0,63;0,0,0,0,0,0,0,0,0,0,0,0,20,0,0,64,0,0,0,0,59,70,0,46,0,80,44,0,0,0;47,0,73,0,64,0,52,0,0,0,76,37,39,0,0,0,0,21,0,55,38,0,0,51,0,0,56,0,0,0;0,0,0,0,0,0,0,0,0,20,0,0,0,0,0,0,0,0,0,0,0,0,0,0,0,0,54,0,0,46;0,0,0,0,0,0,0,0,0,0,0,0,0,0,0,0,0,54,0,58,45,73,44,0,0,0,41,0,0,20;0,0,52,0,0,0,0,0,80,0,0,0,80,0,0,69,0,0,76,80,0,0,0,0,0,48,0,20,64,0;80,0,0,0,0,0,33,71,0,0,0,0,0,27,0,63,0,0,0,0,0,0,0,0,0,0,80,0,0,71;0,0,0,42,49,69,0,0,0,0,0,0,0,78,0,0,0,0,80,0,0,28,0,35,33,0,0,0,0,28;0,0,0,0,0,0,0,0,0,0,28,0,52,0,0,53,80,0,53,0,0,80,0,0,28,58,0,0,44,0;0,0,0,47,0,0,21,0,41,0,0,0,0,0,0,80,0,46,0,0,0,0,0,71,0,77,0,59,0,80;0,0,0,53,0,0,0,0,42,0,0,0,52,0,0,0,0,0,0,0,0,0,0,0,59,0,76,0,0,0;71,0,0,74,56,72,0,0,35,0,0,0,80,0,65,0,80,0,43,0,0,0,0,0,0,24,0,39,0,0;80,78,28,0,0,0,28,69,43,0,0,69,0,0,49,0,0,0,0,0,0,0,0,47,0,0,0,79,0,0;0,0,0,0,22,0,0,0,0,0,48,0,74,0,0,21,0,74,32,0,0,0,0,0,20,0,0,0,0,0;0,0,0,31,0,0,0,0,41,0,43,34,0,0,0,80,0,59,78,0,0,0,80,80,0,24,0,0,60,80;22,68,0,0,0,0,0,0,0,0,0,58,0,0,30,0,0,0,0,0,0,46,28,0,61,0,0,0,0,0;0,0,0,0,0,0,0,39,0,0,0,0,0,71,0,40,58,0,0,0,0,0,0,0,0,0,0,0,0,0;67,0,46,0,0,0,72,0,0,44,0,0,51,0,0,0,35,0,0,0,0,76,0,0,44,0,0,40,0,0
0,0,0,0,29,0,0,0,0,33,24,0,0,0,0,0,0,0,0,0,0,34,32,0,36,0,0,0,0,35;0,0,19,27,0,20,0,0,0,33,0,0,35,0,0,23,0,0,29,35,0,0,0,17,14,0,0,28,0,0;0,31,0,0,0,32,0,25,0,0,23,0,0,0,0,0,32,0,0,0,0,0,34,0,0,22,0,0,28,0;39,0,31,0,36,27,29,0,0,0,31,0,31,0,0,40,39,0,38,0,29,0,0,29,0,27,0,0,35,31;0,0,34,0,0,0,0,0,29,0,0,27,31,0,26,0,40,31,22,0,0,32,0,0,39,21,0,34,36,0;0,0,0,0,0,0,24,0,0,0,0,24,31,0,34,0,0,0,36,0,0,38,0,0,0,0,0,38,32,0;0,0,0,0,0,27,0,0,0,0,0,0,0,0,0,0,0,0,0,0,22,0,0,0,0,0,0,0,30,0;22,0,0,0,0,16,31,0,0,26,0,0,0,0,29,0,25,0,0,24,0,0,0,0,0,0,22,0,39,0;26,0,0,0,0,0,0,21,0,0,0,0,0,0,0,0,0,0,24,0,0,0,0,0,34,20,0,0,0,0;0,0,28,0,30,0,35,0,22,0,25,0,0,0,0,0,36,0,21,0,0,0,20,0,40,0,0,0,0,34;21,0,0,36,0,0,0,0,0,0,0,0,26,27,0,0,0,0,0,0,30,0,0,30,0,0,0,23,0,0;0,26,0,0,0,0,0,0,0,0,0,0,36,0,38,0,0,0,32,23,34,0,0,20,30,0,36,40,0,0;0,23,0,0,0,0,0,0,0,21,0,33,0,27,36,0,0,0,0,0,0,0,0,0,0,0,0,0,0,35;0,0,0,0,0,0,0,0,0,0,0,0,40,0,0,31,0,0,0,0,36,26,0,37,0,26,37,0,0,0;28,0,29,0,31,0,39,0,0,0,34,29,26,0,0,0,0,27,0,39,38,0,0,23,0,0,30,0,0,0;0,0,0,0,0,0,0,0,0,36,0,0,0,0,0,0,0,0,0,0,0,0,0,0,0,0,35,0,0,24;0,0,0,0,0,0,0,0,0,0,0,0,0,0,0,0,0,27,0,24,36,39,31,0,0,0,34,0,0,26;0,0,37,0,0,0,0,0,23,0,0,0,39,0,0,28,0,0,29,40,0,0,0,0,0,26,0,39,27,0;23,0,0,0,0,0,35,25,0,0,0,0,0,25,0,24,0,0,0,0,0,0,0,0,0,0,35,0,0,31;0,0,0,31,26,28,0,0,0,0,0,0,0,36,0,0,0,0,38,0,0,40,0,29,36,0,0,0,0,25;0,0,0,0,0,0,0,0,0,0,23,0,36,0,0,22,36,0,26,0,0,32,0,0,35,27,0,0,35,0;0,0,0,29,0,0,27,0,35,0,0,0,0,0,0,26,0,37,0,0,0,0,0,26,0,36,0,24,0,31;0,0,0,24,0,0,0,0,40,0,0,0,40,0,0,0,0,0,0,0,0,0,0,0,24,0,29,0,0,0;22,0,0,39,31,20,0,0,30,0,0,0,33,0,24,0,16,0,29,0,0,0,0,0,0,20,0,22,0,0;21,34,20,0,0,0,21,21,22,0,0,31,0,0,39,0,0,0,0,0,0,0,0,36,0,0,0,40,0,0;0,0,0,0,23,0,0,0,0,0,39,0,28,0,0,29,0,31,30,0,0,0,0,0,26,0,0,0,0,0;0,0,0,35,0,0,0,0,31,0,36,31,0,0,0,31,0,22,23,0,0,0,34,23,0,18,0,0,28,39;21,39,0,0,0,0,0,0,0,0,0,40,0,0,24,0,0,0,0,0,0,24,25,0,22,0,0,0,0,0;0,0,0,0,0,0,0,36,0,0,0,0,0,34,0,21,23,0,0,0,0,0,0,0,0,0,0,0,0,0;36,0,24,0,0,0,22,0,0,40,0,0,31,0,0,0,35,0,0,0,0,39,0,0,21,0,0,33,0,0
-4,10,0,21,0,0,0,16,-25,22,19,17,-17,0,0,-17,-18,22,-26,0,24,0,0,-26,-18,-9,15,26,-25,-7
------------- End of Scenario k = 8 -------
0,0,0,0,77,0,0,0,0,48,76,0,0,0,0,0,0,0,0,0,0,35,30,0,20,0,0,0,0,63;0,0,80,23,0,79,0,0,0,49,0,0,37,0,0,32,0,0,80,30,0,0,0,80,53,0,0,67,0,0;0,61,0,0,0,23,0,56,0,0,70,0,0,0,0,0,45,0,0,0,0,0,57,0,0,60,0,0,27,0;21,0,79,0,80,60,78,0,0,0,23,0,63,0,0,57,69,0,64,0,37,0,0,28,0,49,0,0,78,80;0,0,37,0,0,0,0,0,30,0,0,26,53,0,42,0,53,49,33,0,0,43,0,0,80,27,0,70,53,0;0,0,0,0,0,0,71,0,0,0,0,43,64,0,37,0,0,0,65,0,0,61,0,0,0,0,0,40,79,0;0,0,0,0,0,24,0,0,0,0,0,0,0,0,0,0,0,0,0,0,33,0,0,0,0,0,0,0,79,0;67,0,0,0,0,28,32,0,0,68,0,0,0,0,56,0,70,0,0,74,0,0,0,0,0,0,27,0,80,0;39,0,0,0,0,0,0,70,0,0,0,0,0,0,0,0,0,0,74,0,0,0,0,0,34,57,0,0,0,0;0,0,74,0,42,0,80,0,41,0,57,0,0,0,0,0,68,0,47,0,0,0,31,0,45,0,0,0,0,54;80,0,0,44,0,0,0,0,0,0,0,0,34,80,0,0,0,0,0,0,76,0,0,45,0,0,0,71,0,0;0,44,0,0,0,0,0,0,0,0,0,0,28,0,80,0,0,0,22,26,39,0,0,43,21,0,56,25,0,0;0,80,0,0,0,0,0,0,0,24,0,42,0,79,48,0,0,0,0,0,0,0,0,0,0,0,0,0,0,61;0,0,0,0,0,0,0,0,0,0,0,0,22,0,0,67,0,0,0,0,36,62,0,34,0,50,61,0,0,0;55,0,56,0,22,0,78,0,0,0,52,67,80,0,0,0,0,48,0,34,73,0,0,62,0,0,46,0,0,0;0,0,0,0,0,0,0,0,0,56,0,0,0,0,0,0,0,0,0,0,0,0,0,0,0,0,58,0,0,42;0,0,0,0,0,0,0,0,0,0,0,0,0,0,0,0,0,30,0,45,68,43,64,0,0,0,70,0,0,27;0,0,57,0,0,0,0,0,80,0,0,0,80,0,0,43,0,0,72,80,0,0,0,0,0,31,0,71,38,0;27,0,0,0,0,0,29,60,0,0,0,0,0,40,0,44,0,0,0,0,0,0,0,0,0,0,66,0,0,49;0,0,0,53,45,78,0,0,0,0,0,0,0,76,0,0,0,0,80,0,0,45,0,27,47,0,0,0,0,49;0,0,0,0,0,0,0,0,0,0,75,0,80,0,0,34,80,0,24,0,0,80,0,0,35,70,0,0,37,0;0,0,0,27,0,0,79,0,60,0,0,0,0,0,0,80,0,35,0,0,0,0,0,69,0,54,0,58,0,80;0,0,0,43,0,0,0,0,45,0,0,0,70,0,0,0,0,0,0,0,0,0,0,0,61,0,51,0,0,0;80,0,0,47,23,22,0,0,70,0,0,0,80,0,75,0,63,0,66,0,0,0,0,0,0,66,0,60,0,0;55,27,49,0,0,0,42,79,32,0,0,29,0,0,36,0,0,0,0,0,0,0,0,46,0,0,0,37,0,0;0,0,0,0,33,0,0,0,0,0,79,0,79,0,0,31,0,60,34,0,0,0,0,0,24,0,0,0,0,0;0,0,0,74,0,0,0,0,66,0,79,54,0,0,0,59,0,56,80,0,0,0,35,73,0,80,0,0,80,28;69,52,0,0,0,0,0,0,0,0,0,43,0,0,68,0,0,0,0,0,0,40,24,0,80,0,0,0,0,0;0,0,0,0,0,0,0,66,0,0,0,0,0,54,0,63,34,0,0,0,0,0,0,0,0,0,0,0,0,0;61,0,30,0,0,0,23,0,0,43,0,0,74,0,0,0,46,0,0,0,0,60,0,0,25,0,0,65,0,0
0,0,0,0,32,0,0,0,0,26,24,0,0,0,0,0,0,0,0,0,0,23,38,0,23,0,0,0,0,30;0,0,32,25,0,35,0,0,0,33,0,0,30,0,0,28,0,0,27,30,0,0,0,31,31,0,0,28,0,0;0,32,0,0,0,31,0,25,0,0,32,0,0,0,0,0,34,0,0,0,0,0,32,0,0,21,0,0,34,0;19,0,36,0,28,36,28,0,0,0,30,0,17,0,0,30,38,0,34,0,36,0,0,33,0,38,0,0,31,26;0,0,21,0,0,0,0,0,35,0,0,25,40,0,21,0,40,38,33,0,0,38,0,0,23,39,0,23,25,0;0,0,0,0,0,0,29,0,0,0,0,24,29,0,35,0,0,0,24,0,0,33,0,0,0,0,0,29,30,0;0,0,0,0,0,31,0,0,0,0,0,0,0,0,0,0,0,0,0,0,22,0,0,0,0,0,0,0,26,0;28,0,0,0,0,28,34,0,0,35,0,0,0,0,39,0,23,0,0,27,0,0,0,0,0,0,20,0,35,0;40,0,0,0,0,0,0,26,0,0,0,0,0,0,0,0,0,0,20,0,0,0,0,0,40,21,0,0,0,0;0,0,40,0,34,0,35,0,30,0,21,0,0,0,0,0,25,0,30,0,0,0,27,0,37,0,0,0,0,40;40,0,0,20,0,0,0,0,0,0,0,0,38,28,0,0,0,0,0,0,34,0,0,30,0,0,0,38,0,0;0,31,0,0,0,0,0,0,0,0,0,0,21,0,38,0,0,0,36,27,38,0,0,30,25,0,28,32,0,0;0,32,0,0,0,0,0,0,0,36,0,32,0,22,28,0,0,0,0,0,0,0,0,0,0,0,0,0,0,29;0,0,0,0,0,0,0,0,0,0,0,0,38,0,0,27,0,0,0,0,32,23,0,32,0,34,40,0,0,0;24,0,34,0,37,0,28,0,0,0,27,39,21,0,0,0,0,35,0,30,24,0,0,31,0,0,29,0,0,0;0,0,0,0,0,0,0,0,0,40,0,0,0,0,0,0,0,0,0,0,0,0,0,0,0,0,22,0,0,31;0,0,0,0,0,0,0,0,0,0,0,0,0,0,0,0,0,24,0,21,31,26,39,0,0,0,23,0,0,20;0,0,40,0,0,0,0,0,38,0,0,0,39,0,0,25,0,0,29,37,0,0,0,0,0,29,0,29,29,0;40,0,0,0,0,0,26,27,0,0,0,0,0,35,0,24,0,0,0,0,0,0,0,0,0,0,22,0,0,28;0,0,0,22,34,25,0,0,0,0,0,0,0,33,0,0,0,0,28,0,0,28,0,21,25,0,0,0,0,20;0,0,0,0,0,0,0,0,0,0,27,0,22,0,0,27,28,0,34,0,0,31,0,0,28,35,0,0,25,0;0,0,0,40,0,0,21,0,24,0,0,0,0,0,0,14,0,26,0,0,0,0,0,21,0,23,0,33,0,17;0,0,0,22,0,0,0,0,38,0,0,0,37,0,0,0,0,0,0,0,0,0,0,0,36,0,38,0,0,0;22,0,0,35,27,23,0,0,29,0,0,0,35,0,27,0,37,0,39,0,0,0,0,0,0,36,0,33,0,0;32,21,40,0,0,0,30,22,28,0,0,38,0,0,30,0,0,0,0,0,0,0,0,38,0,0,0,22,0,0;0,0,0,0,21,0,0,0,0,0,34,0,21,0,0,40,0,28,37,0,0,0,0,0,27,0,0,0,0,0;0,0,0,30,0,0,0,0,21,0,39,39,0,0,0,22,0,23,23,0,0,0,38,25,0,27,0,0,37,27;39,37,0,0,0,0,0,0,0,0,0,20,0,0,33,0,0,0,0,0,0,21,34,0,20,0,0,0,0,0;0,0,0,0,0,0,0,34,0,0,0,0,0,32,0,26,32,0,0,0,0,0,0,0,0,0,0,0,0,0;33,0,20,0,0,0,21,0,0,25,0,0,26,0,0,0,39,0,0,0,0,21,0,0,36,0,0,26,0,0
-25,27,0,13,0,0,0,16,-16,10,23,19,-34,0,0,-16,-7,27,-21,0,12,0,0,-31,-9,-4,20,18,-18,-4
------------- End of Scenario k = 9 -------
