/ -------------------------------------------------------------------------
An instance of the stochastic Fixed - charge Network Flow Problem using NETGEN.
/ -------------------------------------------------------------------------
Number of Nodes (no Dummy node is added), n
Graph Density, density
The fixed cost to variable cost ratio, f
Adjacency Matrix, A
Fixed Cost Matrix, c
Number of scenarios, K
Scenario Probabilities, p
----The following three rows will be repeated K times.----
Var Cost Matrix, d
Capacity, u
demand, b
/ -------------------------------------------------------------------------
+
10
0.3
200
0,1,0,0,0,0,0,0,0,0;1,0,1,1,1,1,0,1,0,0;1,0,0,1,0,0,1,0,1,0;0,0,0,0,1,1,0,0,1,0;0,0,1,0,0,0,1,0,0,0;0,1,0,0,0,0,1,1,0,1;1,1,0,1,0,0,0,1,0,0;0,0,0,0,0,0,0,0,0,1;1,0,0,0,0,0,0,0,0,0;0,0,0,0,0,1,0,0,0,0
0,11106,0,0,0,0,0,0,0,0;10206,0,13480,9866,9873,10326,0,9220,0,0;10020,0,0,13366,0,0,10126,0,10460,0;0,0,0,0,13019,12446,0,0,10273,0;0,0,10320,0,0,0,9660,0,0,0;0,9813,0,0,0,0,12633,10713,0,11393;9966,9486,0,11386,0,0,0,13900,0,0;0,0,0,0,0,0,0,0,0,12646;9826,0,0,0,0,0,0,0,0,0;0,0,0,0,0,9940,0,0,0,0
30
0.05,0.01,0.05,0.05,0.03,0.01,0.03,0.01,0.01,0.05,0.01,0.01,0.03,0.05,0.03,0.01,0.03,0.01,0.01,0.01,0.05,0.01,0.01,0.01,0.01,0.2,0.01,0.01,0.05,0.14
--Scenarios--
0,73,0,0,0,0,0,0,0,0;26,0,80,69,37,74,0,62,0,0;32,0,0,80,0,0,39,0,42,0;0,0,0,0,80,80,0,0,37,0;0,0,63,0,0,0,33,0,0,0;0,22,0,0,0,0,29,79,0,75;48,70,0,38,0,0,0,80,0,0;0,0,0,0,0,0,0,0,0,80;32,0,0,0,0,0,0,0,0,0;0,0,0,0,0,33,0,0,0,0
0,38,0,0,0,0,0,0,0,0;21,0,24,25,40,31,0,32,0,0;22,0,0,21,0,0,27,0,23,0;0,0,0,0,29,26,0,0,27,0;0,0,24,0,0,0,39,0,0,0;0,28,0,0,0,0,28,23,0,27;21,21,0,35,0,0,0,32,0,0;0,0,0,0,0,0,0,0,0,26;40,0,0,0,0,0,0,0,0,0;0,0,0,0,0,29,0,0,0,0
0,21,0,0,-21,0,0,0,0,0
------------- End of Scenario k = 0 -------
0,58,0,0,0,0,0,0,0,0;25,0,80,77,33,48,0,34,0,0;42,0,0,42,0,0,43,0,66,0;0,0,0,0,74,35,0,0,47,0;0,0,22,0,0,0,22,0,0,0;0,77,0,0,0,0,80,80,0,71;56,79,0,40,0,0,0,39,0,0;0,0,0,0,0,0,0,0,0,46;69,0,0,0,0,0,0,0,0,0;0,0,0,0,0,54,0,0,0,0
0,23,0,0,0,0,0,0,0,0;27,0,24,28,40,37,0,39,0,0;40,0,0,31,0,0,20,0,34,0;0,0,0,0,38,32,0,0,39,0;0,0,21,0,0,0,28,0,0,0;0,37,0,0,0,0,27,20,0,32;31,24,0,30,0,0,0,32,0,0;0,0,0,0,0,0,0,0,0,35;38,0,0,0,0,0,0,0,0,0;0,0,0,0,0,37,0,0,0,0
0,21,0,0,-21,0,0,0,0,0
------------- End of Scenario k = 1 -------
0,59,0,0,0,0,0,0,0,0;39,0,80,77,71,66,0,69,0,0;69,0,0,48,0,0,71,0,33,0;0,0,0,0,23,70,0,0,22,0;0,0,55,0,0,0,55,0,0,0;0,76,0,0,0,0,24,66,0,74;55,75,0,62,0,0,0,80,0,0;0,0,0,0,0,0,0,0,0,80;75,0,0,0,0,0,0,0,0,0;0,0,0,0,0,75,0,0,0,0
0,27,0,0,0,0,0,0,0,0;31,0,32,26,37,22,0,29,0,0;29,0,0,39,0,0,34,0,37,0;0,0,0,0,33,36,0,0,24,0;0,0,31,0,0,0,25,0,0,0;0,23,0,0,0,0,40,28,0,40;36,23,0,21,0,0,0,39,0,0;0,0,0,0,0,0,0,0,0,32;27,0,0,0,0,0,0,0,0,0;0,0,0,0,0,23,0,0,0,0
0,26,0,0,-26,0,0,0,0,0
------------- End of Scenario k = 2 -------
0,76,0,0,0,0,0,0,0,0;56,0,80,54,55,60,0,54,0,0;63,0,0,75,0,0,41,0,58,0;0,0,0,0,43,74,0,0,80,0;0,0,52,0,0,0,76,0,0,0;0,54,0,0,0,0,24,28,0,54;66,69,0,80,0,0,0,22,0,0;0,0,0,0,0,0,0,0,0,80;69,0,0,0,0,0,0,0,0,0;0,0,0,0,0,51,0,0,0,0
0,33,0,0,0,0,0,0,0,0;22,0,35,29,30,32,0,38,0,0;35,0,0,31,0,0,36,0,26,0;0,0,0,0,37,33,0,0,37,0;0,0,33,0,0,0,26,0,0,0;0,25,0,0,0,0,40,35,0,31;27,31,0,38,0,0,0,39,0,0;0,0,0,0,0,0,0,0,0,33;23,0,0,0,0,0,0,0,0,0;0,0,0,0,0,33,0,0,0,0
0,30,0,0,-30,0,0,0,0,0
------------- End of Scenario k = 3 -------
0,48,0,0,0,0,0,0,0,0;79,0,80,51,66,59,0,20,0,0;76,0,0,80,0,0,65,0,63,0;0,0,0,0,76,59,0,0,45,0;0,0,65,0,0,0,23,0,0,0;0,40,0,0,0,0,50,52,0,48;69,65,0,76,0,0,0,27,0,0;0,0,0,0,0,0,0,0,0,80;74,0,0,0,0,0,0,0,0,0;0,0,0,0,0,20,0,0,0,0
0,20,0,0,0,0,0,0,0,0;25,0,11,32,27,35,0,20,0,0;40,0,0,18,0,0,30,0,29,0;0,0,0,0,17,14,0,0,36,0;0,0,36,0,0,0,21,0,0,0;0,27,0,0,0,0,24,26,0,22;37,23,0,21,0,0,0,14,0,0;0,0,0,0,0,0,0,0,0,35;30,0,0,0,0,0,0,0,0,0;0,0,0,0,0,34,0,0,0,0
0,11,0,0,-11,0,0,0,0,0
------------- End of Scenario k = 4 -------
0,43,0,0,0,0,0,0,0,0;21,0,80,60,64,52,0,44,0,0;58,0,0,61,0,0,21,0,79,0;0,0,0,0,80,23,0,0,76,0;0,0,66,0,0,0,71,0,0,0;0,22,0,0,0,0,80,28,0,78;77,36,0,63,0,0,0,67,0,0;0,0,0,0,0,0,0,0,0,80;70,0,0,0,0,0,0,0,0,0;0,0,0,0,0,35,0,0,0,0
0,23,0,0,0,0,0,0,0,0;23,0,13,29,36,24,0,33,0,0;32,0,0,37,0,0,40,0,39,0;0,0,0,0,16,24,0,0,32,0;0,0,23,0,0,0,29,0,0,0;0,22,0,0,0,0,30,28,0,26;24,35,0,39,0,0,0,15,0,0;0,0,0,0,0,0,0,0,0,38;28,0,0,0,0,0,0,0,0,0;0,0,0,0,0,24,0,0,0,0
0,13,0,0,-13,0,0,0,0,0
------------- End of Scenario k = 5 -------
0,45,0,0,0,0,0,0,0,0;59,0,42,33,73,57,0,50,0,0;51,0,0,78,0,0,68,0,60,0;0,0,0,0,31,70,0,0,51,0;0,0,40,0,0,0,61,0,0,0;0,74,0,0,0,0,80,69,0,67;22,21,0,45,0,0,0,80,0,0;0,0,0,0,0,0,0,0,0,80;75,0,0,0,0,0,0,0,0,0;0,0,0,0,0,57,0,0,0,0
0,40,0,0,0,0,0,0,0,0;22,0,35,32,23,26,0,24,0,0;34,0,0,34,0,0,29,0,37,0;0,0,0,0,33,34,0,0,34,0;0,0,28,0,0,0,35,0,0,0;0,20,0,0,0,0,31,28,0,34;28,27,0,26,0,0,0,30,0,0;0,0,0,0,0,0,0,0,0,27;37,0,0,0,0,0,0,0,0,0;0,0,0,0,0,37,0,0,0,0
0,25,0,0,-25,0,0,0,0,0
------------- End of Scenario k = 6 -------
0,78,0,0,0,0,0,0,0,0;47,0,80,59,24,32,0,25,0,0;63,0,0,80,0,0,62,0,24,0;0,0,0,0,69,80,0,0,25,0;0,0,77,0,0,0,58,0,0,0;0,49,0,0,0,0,67,73,0,75;36,36,0,67,0,0,0,80,0,0;0,0,0,0,0,0,0,0,0,80;62,0,0,0,0,0,0,0,0,0;0,0,0,0,0,56,0,0,0,0
0,20,0,0,0,0,0,0,0,0;35,0,22,33,29,30,0,36,0,0;31,0,0,32,0,0,39,0,30,0;0,0,0,0,28,19,0,0,23,0;0,0,25,0,0,0,25,0,0,0;0,27,0,0,0,0,29,36,0,26;35,40,0,38,0,0,0,34,0,0;0,0,0,0,0,0,0,0,0,35;27,0,0,0,0,0,0,0,0,0;0,0,0,0,0,22,0,0,0,0
0,18,0,0,-18,0,0,0,0,0
------------- End of Scenario k = 7 -------
0,58,0,0,0,0,0,0,0,0;46,0,58,21,65,37,0,26,0,0;73,0,0,27,0,0,57,0,74,0;0,0,0,0,33,80,0,0,73,0;0,0,39,0,0,0,74,0,0,0;0,32,0,0,0,0,44,50,0,32;64,35,0,58,0,0,0,64,0,0;0,0,0,0,0,0,0,0,0,44;72,0,0,0,0,0,0,0,0,0;0,0,0,0,0,20,0,0,0,0
0,25,0,0,0,0,0,0,0,0;29,0,36,31,21,22,0,20,0,0;32,0,0,29,0,0,32,0,33,0;0,0,0,0,27,26,0,0,26,0;0,0,32,0,0,0,30,0,0,0;0,38,0,0,0,0,33,24,0,20;27,34,0,24,0,0,0,36,0,0;0,0,0,0,0,0,0,0,0,25;22,0,0,0,0,0,0,0,0,0;0,0,0,0,0,33,0,0,0,0
0,25,0,0,-25,0,0,0,0,0
------------- End of Scenario k = 8 -------
0,33,0,0,0,0,0,0,0,0;37,0,80,35,44,21,0,61,0,0;20,0,0,80,0,0,27,0,42,0;0,0,0,0,80,29,0,0,58,0;0,0,41,0,0,0,67,0,0,0;0,57,0,0,0,0,68,56,0,48;62,41,0,26,0,0,0,80,0,0;0,0,0,0,0,0,0,0,0,80;37,0,0,0,0,0,0,0,0,0;0,0,0,0,0,59,0,0,0,0
0,24,0,0,0,0,0,0,0,0;29,0,38,40,40,38,0,32,0,0;37,0,0,36,0,0,20,0,40,0;0,0,0,0,23,27,0,0,31,0;0,0,20,0,0,0,37,0,0,0;0,31,0,0,0,0,25,24,0,29;23,23,0,24,0,0,0,36,0,0;0,0,0,0,0,0,0,0,0,39;25,0,0,0,0,0,0,0,0,0;0,0,0,0,0,40,0,0,0,0
0,22,0,0,-22,0,0,0,0,0
------------- End of Scenario k = 9 -------
0,50,0,0,0,0,0,0,0,0;48,0,49,54,67,66,0,41,0,0;32,0,0,80,0,0,29,0,66,0;0,0,0,0,80,42,0,0,73,0;0,0,80,0,0,0,57,0,0,0;0,25,0,0,0,0,61,65,0,34;75,78,0,45,0,0,0,80,0,0;0,0,0,0,0,0,0,0,0,41;75,0,0,0,0,0,0,0,0,0;0,0,0,0,0,52,0,0,0,0
0,21,0,0,0,0,0,0,0,0;40,0,33,37,26,33,0,29,0,0;29,0,0,37,0,0,25,0,40,0;0,0,0,0,20,38,0,0,35,0;0,0,37,0,0,0,40,0,0,0;0,34,0,0,0,0,20,27,0,39;24,32,0,36,0,0,0,28,0,0;0,0,0,0,0,0,0,0,0,36;38,0,0,0,0,0,0,0,0,0;0,0,0,0,0,32,0,0,0,0
0,18,0,0,-18,0,0,0,0,0
------------- End of Scenario k = 10 -------
0,73,0,0,0,0,0,0,0,0;51,0,80,21,46,40,0,57,0,0;79,0,0,80,0,0,33,0,78,0;0,0,0,0,80,80,0,0,45,0;0,0,62,0,0,0,29,0,0,0;0,51,0,0,0,0,80,51,0,47;31,36,0,24,0,0,0,80,0,0;0,0,0,0,0,0,0,0,0,80;28,0,0,0,0,0,0,0,0,0;0,0,0,0,0,21,0,0,0,0
0,22,0,0,0,0,0,0,0,0;40,0,37,31,22,27,0,24,0,0;36,0,0,33,0,0,24,0,20,0;0,0,0,0,34,20,0,0,29,0;0,0,32,0,0,0,34,0,0,0;0,30,0,0,0,0,25,33,0,28;37,24,0,31,0,0,0,40,0,0;0,0,0,0,0,0,0,0,0,26;23,0,0,0,0,0,0,0,0,0;0,0,0,0,0,36,0,0,0,0
0,17,0,0,-17,0,0,0,0,0
------------- End of Scenario k = 11 -------
0,68,0,0,0,0,0,0,0,0;20,0,80,39,38,56,0,28,0,0;57,0,0,57,0,0,49,0,59,0;0,0,0,0,62,80,0,0,23,0;0,0,59,0,0,0,47,0,0,0;0,25,0,0,0,0,55,45,0,70;55,59,0,80,0,0,0,76,0,0;0,0,0,0,0,0,0,0,0,80;59,0,0,0,0,0,0,0,0,0;0,0,0,0,0,23,0,0,0,0
0,22,0,0,0,0,0,0,0,0;36,0,40,28,33,20,0,37,0,0;23,0,0,32,0,0,32,0,28,0;0,0,0,0,34,36,0,0,27,0;0,0,22,0,0,0,40,0,0,0;0,35,0,0,0,0,33,33,0,30;24,32,0,34,0,0,0,40,0,0;0,0,0,0,0,0,0,0,0,30;40,0,0,0,0,0,0,0,0,0;0,0,0,0,0,22,0,0,0,0
0,30,0,0,-30,0,0,0,0,0
------------- End of Scenario k = 12 -------
0,27,0,0,0,0,0,0,0,0;70,0,26,47,51,42,0,23,0,0;34,0,0,80,0,0,72,0,59,0;0,0,0,0,80,31,0,0,60,0;0,0,60,0,0,0,33,0,0,0;0,36,0,0,0,0,69,79,0,74;53,60,0,69,0,0,0,80,0,0;0,0,0,0,0,0,0,0,0,80;75,0,0,0,0,0,0,0,0,0;0,0,0,0,0,79,0,0,0,0
0,37,0,0,0,0,0,0,0,0;36,0,33,27,39,34,0,25,0,0;25,0,0,26,0,0,32,0,20,0;0,0,0,0,30,28,0,0,30,0;0,0,34,0,0,0,21,0,0,0;0,33,0,0,0,0,25,26,0,39;27,25,0,28,0,0,0,22,0,0;0,0,0,0,0,0,0,0,0,40;37,0,0,0,0,0,0,0,0,0;0,0,0,0,0,39,0,0,0,0
0,14,0,0,-14,0,0,0,0,0
------------- End of Scenario k = 13 -------
0,73,0,0,0,0,0,0,0,0;77,0,61,41,45,47,0,49,0,0;53,0,0,80,0,0,49,0,53,0;0,0,0,0,40,44,0,0,65,0;0,0,44,0,0,0,27,0,0,0;0,60,0,0,0,0,58,45,0,58;34,51,0,77,0,0,0,58,0,0;0,0,0,0,0,0,0,0,0,65;32,0,0,0,0,0,0,0,0,0;0,0,0,0,0,21,0,0,0,0
0,28,0,0,0,0,0,0,0,0;26,0,24,24,38,32,0,29,0,0;20,0,0,32,0,0,27,0,20,0;0,0,0,0,31,32,0,0,40,0;0,0,39,0,0,0,28,0,0,0;0,20,0,0,0,0,40,27,0,29;30,36,0,36,0,0,0,30,0,0;0,0,0,0,0,0,0,0,0,34;29,0,0,0,0,0,0,0,0,0;0,0,0,0,0,25,0,0,0,0
0,22,0,0,-22,0,0,0,0,0
------------- End of Scenario k = 14 -------
0,38,0,0,0,0,0,0,0,0;75,0,40,50,20,59,0,23,0,0;73,0,0,76,0,0,48,0,44,0;0,0,0,0,72,80,0,0,23,0;0,0,56,0,0,0,57,0,0,0;0,53,0,0,0,0,80,43,0,60;29,26,0,27,0,0,0,80,0,0;0,0,0,0,0,0,0,0,0,58;55,0,0,0,0,0,0,0,0,0;0,0,0,0,0,53,0,0,0,0
0,28,0,0,0,0,0,0,0,0;40,0,39,33,24,26,0,34,0,0;40,0,0,40,0,0,26,0,24,0;0,0,0,0,29,34,0,0,40,0;0,0,30,0,0,0,34,0,0,0;0,38,0,0,0,0,30,31,0,30;34,22,0,23,0,0,0,33,0,0;0,0,0,0,0,0,0,0,0,35;28,0,0,0,0,0,0,0,0,0;0,0,0,0,0,33,0,0,0,0
0,22,0,0,-22,0,0,0,0,0
------------- End of Scenario k = 15 -------
0,51,0,0,0,0,0,0,0,0;64,0,29,55,53,34,0,54,0,0;54,0,0,70,0,0,28,0,52,0;0,0,0,0,66,41,0,0,65,0;0,0,47,0,0,0,22,0,0,0;0,63,0,0,0,0,63,65,0,45;72,35,0,23,0,0,0,80,0,0;0,0,0,0,0,0,0,0,0,77;47,0,0,0,0,0,0,0,0,0;0,0,0,0,0,32,0,0,0,0
0,35,0,0,0,0,0,0,0,0;34,0,18,39,24,35,0,20,0,0;20,0,0,30,0,0,27,0,21,0;0,0,0,0,18,28,0,0,35,0;0,0,34,0,0,0,26,0,0,0;0,26,0,0,0,0,23,27,0,37;28,40,0,38,0,0,0,35,0,0;0,0,0,0,0,0,0,0,0,20;23,0,0,0,0,0,0,0,0,0;0,0,0,0,0,23,0,0,0,0
0,18,0,0,-18,0,0,0,0,0
------------- End of Scenario k = 16 -------
0,72,0,0,0,0,0,0,0,0;43,0,80,44,62,69,0,50,0,0;32,0,0,49,0,0,64,0,45,0;0,0,0,0,80,51,0,0,27,0;0,0,64,0,0,0,55,0,0,0;0,68,0,0,0,0,65,30,0,56;57,43,0,49,0,0,0,80,0,0;0,0,0,0,0,0,0,0,0,53;60,0,0,0,0,0,0,0,0,0;0,0,0,0,0,73,0,0,0,0
0,40,0,0,0,0,0,0,0,0;38,0,34,29,29,32,0,20,0,0;40,0,0,16,0,0,26,0,28,0;0,0,0,0,29,24,0,0,29,0;0,0,40,0,0,0,29,0,0,0;0,36,0,0,0,0,16,22,0,27;38,32,0,32,0,0,0,17,0,0;0,0,0,0,0,0,0,0,0,30;39,0,0,0,0,0,0,0,0,0;0,0,0,0,0,29,0,0,0,0
0,15,0,0,-15,0,0,0,0,0
------------- End of Scenario k = 17 -------
0,24,0,0,0,0,0,0,0,0;73,0,80,24,31,53,0,31,0,0;55,0,0,80,0,0,56,0,75,0;0,0,0,0,80,80,0,0,70,0;0,0,45,0,0,0,79,0,0,0;0,57,0,0,0,0,80,59,0,66;37,50,0,67,0,0,0,30,0,0;0,0,0,0,0,0,0,0,0,21;27,0,0,0,0,0,0,0,0,0;0,0,0,0,0,41,0,0,0,0
0,32,0,0,0,0,0,0,0,0;37,0,37,24,26,38,0,36,0,0;39,0,0,39,0,0,38,0,38,0;0,0,0,0,28,40,0,0,28,0;0,0,23,0,0,0,34,0,0,0;0,30,0,0,0,0,39,28,0,34;38,24,0,34,0,0,0,27,0,0;0,0,0,0,0,0,0,0,0,30;20,0,0,0,0,0,0,0,0,0;0,0,0,0,0,23,0,0,0,0
0,26,0,0,-26,0,0,0,0,0
------------- End of Scenario k = 18 -------
0,48,0,0,0,0,0,0,0,0;39,0,80,58,73,74,0,72,0,0;42,0,0,48,0,0,69,0,21,0;0,0,0,0,32,64,0,0,57,0;0,0,22,0,0,0,57,0,0,0;0,44,0,0,0,0,80,71,0,51;49,59,0,78,0,0,0,79,0,0;0,0,0,0,0,0,0,0,0,60;30,0,0,0,0,0,0,0,0,0;0,0,0,0,0,33,0,0,0,0
0,36,0,0,0,0,0,0,0,0;38,0,22,34,33,38,0,28,0,0;28,0,0,25,0,0,33,0,26,0;0,0,0,0,20,25,0,0,34,0;0,0,25,0,0,0,20,0,0,0;0,32,0,0,0,0,16,20,0,39;21,33,0,20,0,0,0,28,0,0;0,0,0,0,0,0,0,0,0,34;23,0,0,0,0,0,0,0,0,0;0,0,0,0,0,30,0,0,0,0
0,16,0,0,-16,0,0,0,0,0
------------- End of Scenario k = 19 -------
0,61,0,0,0,0,0,0,0,0;52,0,80,44,29,46,0,21,0,0;24,0,0,80,0,0,49,0,45,0;0,0,0,0,80,44,0,0,72,0;0,0,76,0,0,0,74,0,0,0;0,39,0,0,0,0,72,78,0,53;70,34,0,80,0,0,0,80,0,0;0,0,0,0,0,0,0,0,0,63;43,0,0,0,0,0,0,0,0,0;0,0,0,0,0,25,0,0,0,0
0,22,0,0,0,0,0,0,0,0;25,0,28,27,30,26,0,27,0,0;38,0,0,35,0,0,23,0,38,0;0,0,0,0,37,39,0,0,25,0;0,0,31,0,0,0,35,0,0,0;0,38,0,0,0,0,28,27,0,20;38,27,0,38,0,0,0,35,0,0;0,0,0,0,0,0,0,0,0,40;34,0,0,0,0,0,0,0,0,0;0,0,0,0,0,27,0,0,0,0
0,27,0,0,-27,0,0,0,0,0
------------- End of Scenario k = 20 -------
0,63,0,0,0,0,0,0,0,0;26,0,52,70,34,61,0,41,0,0;49,0,0,38,0,0,78,0,76,0;0,0,0,0,80,80,0,0,43,0;0,0,38,0,0,0,25,0,0,0;0,51,0,0,0,0,80,34,0,64;24,45,0,73,0,0,0,52,0,0;0,0,0,0,0,0,0,0,0,28;29,0,0,0,0,0,0,0,0,0;0,0,0,0,0,75,0,0,0,0
0,22,0,0,0,0,0,0,0,0;33,0,28,39,37,37,0,36,0,0;24,0,0,16,0,0,35,0,35,0;0,0,0,0,19,27,0,0,27,0;0,0,39,0,0,0,21,0,0,0;0,29,0,0,0,0,36,40,0,34;22,34,0,40,0,0,0,28,0,0;0,0,0,0,0,0,0,0,0,19;31,0,0,0,0,0,0,0,0,0;0,0,0,0,0,32,0,0,0,0
0,10,0,0,-10,0,0,0,0,0
------------- End of Scenario k = 21 -------
0,63,0,0,0,0,0,0,0,0;40,0,42,25,46,27,0,48,0,0;40,0,0,80,0,0,32,0,47,0;0,0,0,0,80,80,0,0,71,0;0,0,31,0,0,0,30,0,0,0;0,22,0,0,0,0,23,20,0,51;50,22,0,58,0,0,0,80,0,0;0,0,0,0,0,0,0,0,0,80;23,0,0,0,0,0,0,0,0,0;0,0,0,0,0,61,0,0,0,0
0,20,0,0,0,0,0,0,0,0;32,0,37,33,22,36,0,28,0,0;37,0,0,40,0,0,34,0,25,0;0,0,0,0,38,34,0,0,26,0;0,0,23,0,0,0,25,0,0,0;0,29,0,0,0,0,38,34,0,33;30,25,0,29,0,0,0,33,0,0;0,0,0,0,0,0,0,0,0,40;37,0,0,0,0,0,0,0,0,0;0,0,0,0,0,21,0,0,0,0
0,30,0,0,-30,0,0,0,0,0
------------- End of Scenario k = 22 -------
0,46,0,0,0,0,0,0,0,0;39,0,80,47,45,76,0,76,0,0;68,0,0,50,0,0,33,0,48,0;0,0,0,0,32,80,0,0,26,0;0,0,33,0,0,0,36,0,0,0;0,66,0,0,0,0,80,57,0,63;56,38,0,52,0,0,0,80,0,0;0,0,0,0,0,0,0,0,0,67;43,0,0,0,0,0,0,0,0,0;0,0,0,0,0,73,0,0,0,0
0,22,0,0,0,0,0,0,0,0;29,0,34,32,27,21,0,22,0,0;38,0,0,33,0,0,28,0,34,0;0,0,0,0,29,28,0,0,26,0;0,0,24,0,0,0,31,0,0,0;0,24,0,0,0,0,38,23,0,34;22,25,0,37,0,0,0,28,0,0;0,0,0,0,0,0,0,0,0,30;40,0,0,0,0,0,0,0,0,0;0,0,0,0,0,35,0,0,0,0
0,27,0,0,-27,0,0,0,0,0
------------- End of Scenario k = 23 -------
0,53,0,0,0,0,0,0,0,0;61,0,80,72,55,77,0,71,0,0;22,0,0,69,0,0,71,0,26,0;0,0,0,0,74,33,0,0,57,0;0,0,39,0,0,0,21,0,0,0;0,67,0,0,0,0,80,61,0,77;68,50,0,28,0,0,0,80,0,0;0,0,0,0,0,0,0,0,0,30;34,0,0,0,0,0,0,0,0,0;0,0,0,0,0,47,0,0,0,0
0,26,0,0,0,0,0,0,0,0;20,0,29,27,32,40,0,23,0,0;39,0,0,36,0,0,32,0,22,0;0,0,0,0,33,35,0,0,25,0;0,0,36,0,0,0,40,0,0,0;0,36,0,0,0,0,40,34,0,39;29,29,0,34,0,0,0,37,0,0;0,0,0,0,0,0,0,0,0,24;24,0,0,0,0,0,0,0,0,0;0,0,0,0,0,26,0,0,0,0
0,23,0,0,-23,0,0,0,0,0
------------- End of Scenario k = 24 -------
0,36,0,0,0,0,0,0,0,0;43,0,80,52,40,31,0,22,0,0;26,0,0,80,0,0,23,0,64,0;0,0,0,0,38,62,0,0,57,0;0,0,73,0,0,0,55,0,0,0;0,32,0,0,0,0,80,68,0,46;25,44,0,75,0,0,0,80,0,0;0,0,0,0,0,0,0,0,0,49;41,0,0,0,0,0,0,0,0,0;0,0,0,0,0,80,0,0,0,0
0,35,0,0,0,0,0,0,0,0;36,0,18,22,25,30,0,34,0,0;27,0,0,26,0,0,31,0,37,0;0,0,0,0,31,26,0,0,31,0;0,0,27,0,0,0,35,0,0,0;0,22,0,0,0,0,32,31,0,24;28,20,0,34,0,0,0,13,0,0;0,0,0,0,0,0,0,0,0,19;36,0,0,0,0,0,0,0,0,0;0,0,0,0,0,28,0,0,0,0
0,11,0,0,-11,0,0,0,0,0
------------- End of Scenario k = 25 -------
0,68,0,0,0,0,0,0,0,0;73,0,80,53,55,24,0,57,0,0;55,0,0,61,0,0,59,0,36,0;0,0,0,0,80,70,0,0,71,0;0,0,40,0,0,0,77,0,0,0;0,42,0,0,0,0,80,32,0,47;51,23,0,58,0,0,0,80,0,0;0,0,0,0,0,0,0,0,0,61;43,0,0,0,0,0,0,0,0,0;0,0,0,0,0,48,0,0,0,0
0,34,0,0,0,0,0,0,0,0;36,0,39,40,36,39,0,39,0,0;25,0,0,36,0,0,24,0,25,0;0,0,0,0,32,38,0,0,31,0;0,0,30,0,0,0,30,0,0,0;0,23,0,0,0,0,35,31,0,20;35,21,0,32,0,0,0,33,0,0;0,0,0,0,0,0,0,0,0,39;31,0,0,0,0,0,0,0,0,0;0,0,0,0,0,36,0,0,0,0
0,30,0,0,-30,0,0,0,0,0
------------- End of Scenario k = 26 -------
0,29,0,0,0,0,0,0,0,0;55,0,80,38,38,66,0,54,0,0;52,0,0,70,0,0,70,0,31,0;0,0,0,0,80,65,0,0,71,0;0,0,77,0,0,0,60,0,0,0;0,60,0,0,0,0,80,36,0,43;47,69,0,57,0,0,0,80,0,0;0,0,0,0,0,0,0,0,0,59;27,0,0,0,0,0,0,0,0,0;0,0,0,0,0,42,0,0,0,0
0,23,0,0,0,0,0,0,0,0;28,0,20,38,40,21,0,36,0,0;26,0,0,39,0,0,26,0,24,0;0,0,0,0,25,39,0,0,40,0;0,0,20,0,0,0,36,0,0,0;0,24,0,0,0,0,26,35,0,31;26,33,0,37,0,0,0,26,0,0;0,0,0,0,0,0,0,0,0,33;24,0,0,0,0,0,0,0,0,0;0,0,0,0,0,35,0,0,0,0
0,16,0,0,-16,0,0,0,0,0
------------- End of Scenario k = 27 -------
0,75,0,0,0,0,0,0,0,0;76,0,68,34,47,22,0,67,0,0;76,0,0,80,0,0,41,0,57,0;0,0,0,0,68,80,0,0,23,0;0,0,56,0,0,0,29,0,0,0;0,34,0,0,0,0,37,67,0,53;27,36,0,77,0,0,0,80,0,0;0,0,0,0,0,0,0,0,0,35;28,0,0,0,0,0,0,0,0,0;0,0,0,0,0,74,0,0,0,0
0,28,0,0,0,0,0,0,0,0;28,0,32,28,27,40,0,24,0,0;30,0,0,30,0,0,31,0,27,0;0,0,0,0,40,32,0,0,38,0;0,0,25,0,0,0,33,0,0,0;0,20,0,0,0,0,29,23,0,32;23,21,0,27,0,0,0,32,0,0;0,0,0,0,0,0,0,0,0,39;36,0,0,0,0,0,0,0,0,0;0,0,0,0,0,28,0,0,0,0
0,27,0,0,-27,0,0,0,0,0
------------- End of Scenario k = 28 -------
0,77,0,0,0,0,0,0,0,0;71,0,35,76,74,73,0,53,0,0;33,0,0,46,0,0,72,0,46,0;0,0,0,0,80,80,0,0,28,0;0,0,26,0,0,0,39,0,0,0;0,74,0,0,0,0,46,20,0,29;30,38,0,56,0,0,0,51,0,0;0,0,0,0,0,0,0,0,0,80;40,0,0,0,0,0,0,0,0,0;0,0,0,0,0,78,0,0,0,0
0,32,0,0,0,0,0,0,0,0;30,0,33,30,21,27,0,24,0,0;26,0,0,36,0,0,35,0,38,0;0,0,0,0,38,25,0,0,23,0;0,0,22,0,0,0,25,0,0,0;0,23,0,0,0,0,34,24,0,20;21,32,0,32,0,0,0,24,0,0;0,0,0,0,0,0,0,0,0,33;22,0,0,0,0,0,0,0,0,0;0,0,0,0,0,29,0,0,0,0
0,21,0,0,-21,0,0,0,0,0
------------- End of Scenario k = 29 -------
