/ -------------------------------------------------------------------------
An instance of the stochastic Fixed - charge Network Flow Problem using NETGEN.
/ -------------------------------------------------------------------------
Number of Nodes (no Dummy node is added), n
Graph Density, density
The fixed cost to variable cost ratio, f
Adjacency Matrix, A
Fixed Cost Matrix, c
Number of scenarios, K
Scenario Probabilities, p
----The following three rows will be repeated K times.----
Var Cost Matrix, d
Capacity, u
demand, b
/ -------------------------------------------------------------------------
+
10
0.3
200
0,0,0,1,0,0,1,0,1,0;0,0,1,0,1,0,1,0,0,0;0,0,0,0,1,0,0,0,0,0;0,0,0,0,1,0,1,0,1,0;0,0,0,0,0,1,0,0,0,0;1,0,1,0,0,0,0,0,0,0;1,1,0,0,0,1,0,1,1,0;1,0,1,0,1,0,0,0,0,0;1,0,0,0,0,1,0,0,0,1;0,0,0,0,1,0,0,1,1,0
0,0,0,9800,0,0,10620,0,9566,0;0,0,13486,0,11306,0,11000,0,0,0;0,0,0,0,13480,0,0,0,0,0;0,0,0,0,9780,0,13580,0,8626,0;0,0,0,0,0,14300,0,0,0,0;13240,0,9393,0,0,0,0,0,0,0;9546,9166,0,0,0,9546,0,12760,10666,0;13986,0,11120,0,10120,0,0,0,0,0;11893,0,0,0,0,9800,0,0,0,9753;0,0,0,0,10133,0,0,10040,13733,0
30
0.05,0.01,0.01,0.13,0.03,0.03,0.01,0.01,0.01,0.05,0.01,0.01,0.01,0.01,0.03,0.03,0.05,0.05,0.01,0.08,0.06,0.05,0.01,0.03,0.01,0.01,0.01,0.03,0.01,0.15
--Scenarios--
0,0,0,73,0,0,78,0,46,0;0,0,80,0,61,0,64,0,0,0;0,0,0,0,80,0,0,0,0,0;0,0,0,0,25,0,73,0,32,0;0,0,0,0,0,80,0,0,0,0;80,0,49,0,0,0,0,0,0,0;42,38,0,0,0,22,0,80,20,0;46,0,39,0,79,0,0,0,0,0;48,0,0,0,0,28,0,0,0,41;0,0,0,0,54,0,0,46,73,0
0,0,0,29,0,0,23,0,34,0;0,0,30,0,29,0,30,0,0,0;0,0,0,0,25,0,0,0,0,0;0,0,0,0,37,0,39,0,40,0;0,0,0,0,0,30,0,0,0,0;27,0,37,0,0,0,0,0,0,0;30,33,0,0,0,26,0,33,36,0;28,0,28,0,40,0,0,0,0,0;33,0,0,0,0,33,0,0,0,31;0,0,0,0,25,0,0,27,24,0
-51,10,0,19,0,0,0,0,0,22
------------- End of Scenario k = 0 -------
0,0,0,75,0,0,69,0,34,0;0,0,80,0,65,0,53,0,0,0;0,0,0,0,80,0,0,0,0,0;0,0,0,0,20,0,80,0,27,0;0,0,0,0,0,35,0,0,0,0;80,0,20,0,0,0,0,0,0,0;53,67,0,0,0,48,0,80,64,0;80,0,40,0,33,0,0,0,0,0;65,0,0,0,0,75,0,0,0,25;0,0,0,0,43,0,0,53,77,0
0,0,0,27,0,0,40,0,25,0;0,0,28,0,20,0,33,0,0,0;0,0,0,0,20,0,0,0,0,0;0,0,0,0,39,0,31,0,26,0;0,0,0,0,0,26,0,0,0,0;33,0,38,0,0,0,0,0,0,0;29,26,0,0,0,27,0,23,23,0;31,0,20,0,39,0,0,0,0,0;40,0,0,0,0,32,0,0,0,24;0,0,0,0,29,0,0,26,34,0
-64,16,0,18,0,0,0,0,0,30
------------- End of Scenario k = 1 -------
0,0,0,24,0,0,53,0,27,0;0,0,80,0,37,0,64,0,0,0;0,0,0,0,80,0,0,0,0,0;0,0,0,0,30,0,76,0,45,0;0,0,0,0,0,80,0,0,0,0;80,0,45,0,0,0,0,0,0,0;74,62,0,0,0,50,0,80,50,0;70,0,29,0,68,0,0,0,0,0;80,0,0,0,0,73,0,0,0,21;0,0,0,0,66,0,0,70,80,0
0,0,0,36,0,0,29,0,37,0;0,0,19,0,34,0,22,0,0,0;0,0,0,0,30,0,0,0,0,0;0,0,0,0,38,0,35,0,26,0;0,0,0,0,0,29,0,0,0,0;25,0,25,0,0,0,0,0,0,0;33,20,0,0,0,30,0,40,28,0;34,0,25,0,28,0,0,0,0,0;26,0,0,0,0,35,0,0,0,33;0,0,0,0,38,0,0,31,39,0
-56,15,0,22,0,0,0,0,0,19
------------- End of Scenario k = 2 -------
0,0,0,45,0,0,38,0,51,0;0,0,80,0,61,0,36,0,0,0;0,0,0,0,71,0,0,0,0,0;0,0,0,0,55,0,80,0,78,0;0,0,0,0,0,63,0,0,0,0;21,0,78,0,0,0,0,0,0,0;32,43,0,0,0,70,0,80,21,0;80,0,57,0,76,0,0,0,0,0;80,0,0,0,0,32,0,0,0,47;0,0,0,0,74,0,0,35,80,0
0,0,0,40,0,0,21,0,32,0;0,0,26,0,27,0,34,0,0,0;0,0,0,0,19,0,0,0,0,0;0,0,0,0,25,0,29,0,20,0;0,0,0,0,0,23,0,0,0,0;39,0,35,0,0,0,0,0,0,0;38,22,0,0,0,26,0,30,31,0;26,0,24,0,24,0,0,0,0,0;27,0,0,0,0,28,0,0,0,39;0,0,0,0,35,0,0,23,17,0
-57,18,0,25,0,0,0,0,0,14
------------- End of Scenario k = 3 -------
0,0,0,74,0,0,29,0,32,0;0,0,80,0,60,0,78,0,0,0;0,0,0,0,25,0,0,0,0,0;0,0,0,0,67,0,80,0,66,0;0,0,0,0,0,80,0,0,0,0;80,0,66,0,0,0,0,0,0,0;44,33,0,0,0,53,0,62,66,0;80,0,60,0,25,0,0,0,0,0;46,0,0,0,0,34,0,0,0,40;0,0,0,0,80,0,0,71,80,0
0,0,0,32,0,0,29,0,28,0;0,0,30,0,28,0,37,0,0,0;0,0,0,0,39,0,0,0,0,0;0,0,0,0,39,0,19,0,33,0;0,0,0,0,0,30,0,0,0,0;26,0,30,0,0,0,0,0,0,0;22,26,0,0,0,32,0,30,29,0;39,0,34,0,34,0,0,0,0,0;18,0,0,0,0,23,0,0,0,33;0,0,0,0,22,0,0,33,37,0
-55,24,0,17,0,0,0,0,0,14
------------- End of Scenario k = 4 -------
0,0,0,74,0,0,77,0,45,0;0,0,80,0,59,0,21,0,0,0;0,0,0,0,32,0,0,0,0,0;0,0,0,0,34,0,80,0,25,0;0,0,0,0,0,80,0,0,0,0;80,0,21,0,0,0,0,0,0,0;57,66,0,0,0,61,0,33,78,0;80,0,79,0,44,0,0,0,0,0;69,0,0,0,0,47,0,0,0,28;0,0,0,0,59,0,0,43,38,0
0,0,0,29,0,0,32,0,20,0;0,0,10,0,24,0,35,0,0,0;0,0,0,0,27,0,0,0,0,0;0,0,0,0,28,0,30,0,29,0;0,0,0,0,0,19,0,0,0,0;23,0,40,0,0,0,0,0,0,0;28,28,0,0,0,23,0,30,25,0;39,0,33,0,31,0,0,0,0,0;32,0,0,0,0,25,0,0,0,27;0,0,0,0,21,0,0,20,28,0
-45,10,0,25,0,0,0,0,0,10
------------- End of Scenario k = 5 -------
0,0,0,56,0,0,78,0,34,0;0,0,80,0,73,0,45,0,0,0;0,0,0,0,74,0,0,0,0,0;0,0,0,0,35,0,80,0,21,0;0,0,0,0,0,75,0,0,0,0;80,0,42,0,0,0,0,0,0,0;40,31,0,0,0,46,0,48,53,0;65,0,55,0,68,0,0,0,0,0;39,0,0,0,0,21,0,0,0,24;0,0,0,0,28,0,0,24,23,0
0,0,0,35,0,0,34,0,38,0;0,0,40,0,35,0,20,0,0,0;0,0,0,0,31,0,0,0,0,0;0,0,0,0,21,0,32,0,37,0;0,0,0,0,0,28,0,0,0,0;29,0,40,0,0,0,0,0,0,0;34,30,0,0,0,37,0,33,21,0;31,0,32,0,26,0,0,0,0,0;28,0,0,0,0,26,0,0,0,31;0,0,0,0,27,0,0,25,29,0
-74,22,0,25,0,0,0,0,0,27
------------- End of Scenario k = 6 -------
0,0,0,65,0,0,66,0,48,0;0,0,48,0,47,0,57,0,0,0;0,0,0,0,80,0,0,0,0,0;0,0,0,0,28,0,80,0,25,0;0,0,0,0,0,80,0,0,0,0;80,0,68,0,0,0,0,0,0,0;26,45,0,0,0,69,0,80,61,0;49,0,76,0,24,0,0,0,0,0;80,0,0,0,0,36,0,0,0,66;0,0,0,0,57,0,0,40,80,0
0,0,0,22,0,0,37,0,33,0;0,0,24,0,32,0,32,0,0,0;0,0,0,0,32,0,0,0,0,0;0,0,0,0,36,0,34,0,25,0;0,0,0,0,0,36,0,0,0,0;36,0,33,0,0,0,0,0,0,0;33,29,0,0,0,40,0,27,36,0;36,0,24,0,22,0,0,0,0,0;28,0,0,0,0,35,0,0,0,36;0,0,0,0,25,0,0,29,37,0
-77,22,0,27,0,0,0,0,0,28
------------- End of Scenario k = 7 -------
0,0,0,29,0,0,29,0,58,0;0,0,80,0,37,0,54,0,0,0;0,0,0,0,80,0,0,0,0,0;0,0,0,0,66,0,68,0,37,0;0,0,0,0,0,80,0,0,0,0;22,0,61,0,0,0,0,0,0,0;64,46,0,0,0,57,0,44,51,0;66,0,73,0,39,0,0,0,0,0;65,0,0,0,0,75,0,0,0,62;0,0,0,0,48,0,0,70,80,0
0,0,0,36,0,0,34,0,39,0;0,0,40,0,29,0,37,0,0,0;0,0,0,0,37,0,0,0,0,0;0,0,0,0,30,0,33,0,21,0;0,0,0,0,0,29,0,0,0,0;25,0,25,0,0,0,0,0,0,0;34,26,0,0,0,36,0,37,39,0;38,0,26,0,26,0,0,0,0,0;33,0,0,0,0,38,0,0,0,23;0,0,0,0,38,0,0,20,33,0
-60,19,0,18,0,0,0,0,0,23
------------- End of Scenario k = 8 -------
0,0,0,77,0,0,45,0,69,0;0,0,44,0,80,0,21,0,0,0;0,0,0,0,53,0,0,0,0,0;0,0,0,0,44,0,80,0,20,0;0,0,0,0,0,34,0,0,0,0;80,0,26,0,0,0,0,0,0,0;25,22,0,0,0,55,0,80,73,0;40,0,59,0,22,0,0,0,0,0;80,0,0,0,0,36,0,0,0,58;0,0,0,0,69,0,0,49,31,0
0,0,0,34,0,0,27,0,37,0;0,0,39,0,35,0,24,0,0,0;0,0,0,0,39,0,0,0,0,0;0,0,0,0,21,0,34,0,34,0;0,0,0,0,0,38,0,0,0,0;33,0,26,0,0,0,0,0,0,0;40,30,0,0,0,38,0,37,23,0;36,0,27,0,21,0,0,0,0,0;30,0,0,0,0,21,0,0,0,36;0,0,0,0,27,0,0,28,20,0
-75,28,0,29,0,0,0,0,0,18
------------- End of Scenario k = 9 -------
0,0,0,74,0,0,76,0,40,0;0,0,47,0,56,0,47,0,0,0;0,0,0,0,77,0,0,0,0,0;0,0,0,0,80,0,80,0,59,0;0,0,0,0,0,80,0,0,0,0;67,0,34,0,0,0,0,0,0,0;44,48,0,0,0,64,0,80,24,0;79,0,78,0,36,0,0,0,0,0;38,0,0,0,0,43,0,0,0,38;0,0,0,0,77,0,0,35,80,0
0,0,0,28,0,0,22,0,33,0;0,0,38,0,25,0,33,0,0,0;0,0,0,0,34,0,0,0,0,0;0,0,0,0,21,0,11,0,22,0;0,0,0,0,0,36,0,0,0,0;32,0,25,0,0,0,0,0,0,0;25,38,0,0,0,35,0,25,27,0;23,0,35,0,24,0,0,0,0,0;40,0,0,0,0,26,0,0,0,32;0,0,0,0,39,0,0,24,23,0
-45,19,0,10,0,0,0,0,0,16
------------- End of Scenario k = 10 -------
0,0,0,59,0,0,77,0,40,0;0,0,29,0,63,0,73,0,0,0;0,0,0,0,80,0,0,0,0,0;0,0,0,0,67,0,22,0,48,0;0,0,0,0,0,69,0,0,0,0;41,0,22,0,0,0,0,0,0,0;51,40,0,0,0,46,0,62,34,0;80,0,60,0,25,0,0,0,0,0;49,0,0,0,0,76,0,0,0,27;0,0,0,0,34,0,0,77,72,0
0,0,0,25,0,0,23,0,30,0;0,0,32,0,36,0,37,0,0,0;0,0,0,0,33,0,0,0,0,0;0,0,0,0,25,0,28,0,40,0;0,0,0,0,0,40,0,0,0,0;34,0,28,0,0,0,0,0,0,0;36,27,0,0,0,28,0,28,31,0;35,0,34,0,37,0,0,0,0,0;22,0,0,0,0,37,0,0,0,21;0,0,0,0,30,0,0,26,24,0
-74,30,0,28,0,0,0,0,0,16
------------- End of Scenario k = 11 -------
0,0,0,72,0,0,48,0,64,0;0,0,22,0,53,0,64,0,0,0;0,0,0,0,44,0,0,0,0,0;0,0,0,0,58,0,58,0,43,0;0,0,0,0,0,73,0,0,0,0;80,0,58,0,0,0,0,0,0,0;65,35,0,0,0,75,0,75,60,0;80,0,61,0,52,0,0,0,0,0;39,0,0,0,0,53,0,0,0,58;0,0,0,0,70,0,0,45,65,0
0,0,0,23,0,0,20,0,40,0;0,0,20,0,36,0,27,0,0,0;0,0,0,0,25,0,0,0,0,0;0,0,0,0,29,0,32,0,37,0;0,0,0,0,0,25,0,0,0,0;39,0,30,0,0,0,0,0,0,0;38,20,0,0,0,23,0,22,24,0;40,0,40,0,26,0,0,0,0,0;19,0,0,0,0,29,0,0,0,34;0,0,0,0,40,0,0,21,39,0
-50,17,0,14,0,0,0,0,0,19
------------- End of Scenario k = 12 -------
0,0,0,32,0,0,27,0,51,0;0,0,80,0,53,0,73,0,0,0;0,0,0,0,65,0,0,0,0,0;0,0,0,0,38,0,34,0,65,0;0,0,0,0,0,80,0,0,0,0;80,0,20,0,0,0,0,0,0,0;45,57,0,0,0,30,0,80,44,0;80,0,74,0,58,0,0,0,0,0;20,0,0,0,0,21,0,0,0,77;0,0,0,0,30,0,0,66,80,0
0,0,0,35,0,0,36,0,26,0;0,0,22,0,36,0,37,0,0,0;0,0,0,0,36,0,0,0,0,0;0,0,0,0,35,0,38,0,36,0;0,0,0,0,0,40,0,0,0,0;36,0,20,0,0,0,0,0,0,0;36,20,0,0,0,33,0,31,25,0;39,0,33,0,23,0,0,0,0,0;27,0,0,0,0,21,0,0,0,23;0,0,0,0,32,0,0,23,15,0
-58,20,0,23,0,0,0,0,0,15
------------- End of Scenario k = 13 -------
0,0,0,25,0,0,37,0,51,0;0,0,48,0,46,0,66,0,0,0;0,0,0,0,80,0,0,0,0,0;0,0,0,0,43,0,80,0,66,0;0,0,0,0,0,80,0,0,0,0;80,0,32,0,0,0,0,0,0,0;39,28,0,0,0,74,0,24,66,0;80,0,26,0,77,0,0,0,0,0;20,0,0,0,0,73,0,0,0,57;0,0,0,0,30,0,0,66,80,0
0,0,0,21,0,0,21,0,32,0;0,0,35,0,20,0,37,0,0,0;0,0,0,0,27,0,0,0,0,0;0,0,0,0,30,0,33,0,23,0;0,0,0,0,0,40,0,0,0,0;30,0,34,0,0,0,0,0,0,0;32,23,0,0,0,22,0,39,21,0;31,0,27,0,29,0,0,0,0,0;35,0,0,0,0,39,0,0,0,36;0,0,0,0,20,0,0,40,22,0
-62,23,0,29,0,0,0,0,0,10
------------- End of Scenario k = 14 -------
0,0,0,26,0,0,79,0,43,0;0,0,78,0,58,0,31,0,0,0;0,0,0,0,62,0,0,0,0,0;0,0,0,0,57,0,80,0,27,0;0,0,0,0,0,80,0,0,0,0;80,0,27,0,0,0,0,0,0,0;67,67,0,0,0,21,0,70,52,0;75,0,47,0,45,0,0,0,0,0;80,0,0,0,0,32,0,0,0,32;0,0,0,0,46,0,0,23,80,0
0,0,0,22,0,0,29,0,22,0;0,0,34,0,22,0,20,0,0,0;0,0,0,0,36,0,0,0,0,0;0,0,0,0,30,0,27,0,28,0;0,0,0,0,0,32,0,0,0,0;29,0,36,0,0,0,0,0,0,0;28,24,0,0,0,34,0,14,35,0;16,0,32,0,39,0,0,0,0,0;31,0,0,0,0,38,0,0,0,32;0,0,0,0,25,0,0,31,27,0
-62,25,0,14,0,0,0,0,0,23
------------- End of Scenario k = 15 -------
0,0,0,37,0,0,78,0,65,0;0,0,80,0,68,0,61,0,0,0;0,0,0,0,58,0,0,0,0,0;0,0,0,0,64,0,80,0,46,0;0,0,0,0,0,32,0,0,0,0;21,0,69,0,0,0,0,0,0,0;27,55,0,0,0,34,0,80,67,0;80,0,51,0,79,0,0,0,0,0;43,0,0,0,0,68,0,0,0,41;0,0,0,0,51,0,0,77,80,0
0,0,0,25,0,0,30,0,37,0;0,0,39,0,40,0,29,0,0,0;0,0,0,0,39,0,0,0,0,0;0,0,0,0,20,0,25,0,38,0;0,0,0,0,0,30,0,0,0,0;39,0,29,0,0,0,0,0,0,0;36,32,0,0,0,33,0,38,39,0;31,0,32,0,22,0,0,0,0,0;22,0,0,0,0,20,0,0,0,28;0,0,0,0,40,0,0,24,27,0
-56,29,0,15,0,0,0,0,0,12
------------- End of Scenario k = 16 -------
0,0,0,62,0,0,37,0,61,0;0,0,76,0,55,0,64,0,0,0;0,0,0,0,31,0,0,0,0,0;0,0,0,0,73,0,50,0,33,0;0,0,0,0,0,80,0,0,0,0;26,0,25,0,0,0,0,0,0,0;26,36,0,0,0,70,0,80,61,0;70,0,46,0,76,0,0,0,0,0;38,0,0,0,0,30,0,0,0,63;0,0,0,0,55,0,0,78,80,0
0,0,0,29,0,0,25,0,31,0;0,0,22,0,26,0,28,0,0,0;0,0,0,0,36,0,0,0,0,0;0,0,0,0,21,0,27,0,34,0;0,0,0,0,0,37,0,0,0,0;30,0,31,0,0,0,0,0,0,0;34,31,0,0,0,29,0,33,26,0;31,0,33,0,36,0,0,0,0,0;27,0,0,0,0,28,0,0,0,35;0,0,0,0,20,0,0,34,38,0
-37,12,0,10,0,0,0,0,0,15
------------- End of Scenario k = 17 -------
0,0,0,20,0,0,76,0,52,0;0,0,80,0,40,0,69,0,0,0;0,0,0,0,80,0,0,0,0,0;0,0,0,0,61,0,80,0,50,0;0,0,0,0,0,80,0,0,0,0;80,0,58,0,0,0,0,0,0,0;48,72,0,0,0,49,0,29,68,0;80,0,50,0,50,0,0,0,0,0;72,0,0,0,0,32,0,0,0,50;0,0,0,0,35,0,0,62,34,0
0,0,0,36,0,0,23,0,34,0;0,0,27,0,23,0,38,0,0,0;0,0,0,0,39,0,0,0,0,0;0,0,0,0,32,0,39,0,23,0;0,0,0,0,0,26,0,0,0,0;40,0,27,0,0,0,0,0,0,0;39,23,0,0,0,24,0,37,35,0;37,0,36,0,22,0,0,0,0,0;20,0,0,0,0,22,0,0,0,34;0,0,0,0,36,0,0,34,37,0
-66,24,0,30,0,0,0,0,0,12
------------- End of Scenario k = 18 -------
0,0,0,73,0,0,27,0,57,0;0,0,38,0,29,0,75,0,0,0;0,0,0,0,80,0,0,0,0,0;0,0,0,0,29,0,76,0,60,0;0,0,0,0,0,59,0,0,0,0;80,0,79,0,0,0,0,0,0,0;23,30,0,0,0,59,0,80,69,0;80,0,45,0,41,0,0,0,0,0;80,0,0,0,0,22,0,0,0,44;0,0,0,0,24,0,0,47,62,0
0,0,0,34,0,0,21,0,37,0;0,0,25,0,28,0,33,0,0,0;0,0,0,0,23,0,0,0,0,0;0,0,0,0,39,0,30,0,38,0;0,0,0,0,0,25,0,0,0,0;39,0,26,0,0,0,0,0,0,0;37,37,0,0,0,31,0,33,33,0;38,0,20,0,35,0,0,0,0,0;20,0,0,0,0,26,0,0,0,27;0,0,0,0,22,0,0,32,26,0
-66,23,0,25,0,0,0,0,0,18
------------- End of Scenario k = 19 -------
0,0,0,37,0,0,46,0,40,0;0,0,80,0,42,0,49,0,0,0;0,0,0,0,48,0,0,0,0,0;0,0,0,0,20,0,32,0,41,0;0,0,0,0,0,80,0,0,0,0;72,0,28,0,0,0,0,0,0,0;22,29,0,0,0,20,0,80,64,0;80,0,61,0,51,0,0,0,0,0;79,0,0,0,0,56,0,0,0,69;0,0,0,0,28,0,0,23,80,0
0,0,0,32,0,0,35,0,27,0;0,0,34,0,28,0,21,0,0,0;0,0,0,0,40,0,0,0,0,0;0,0,0,0,30,0,23,0,34,0;0,0,0,0,0,38,0,0,0,0;30,0,25,0,0,0,0,0,0,0;27,32,0,0,0,22,0,27,24,0;25,0,28,0,40,0,0,0,0,0;26,0,0,0,0,40,0,0,0,20;0,0,0,0,29,0,0,25,29,0
-75,30,0,20,0,0,0,0,0,25
------------- End of Scenario k = 20 -------
0,0,0,24,0,0,72,0,75,0;0,0,80,0,54,0,77,0,0,0;0,0,0,0,80,0,0,0,0,0;0,0,0,0,68,0,36,0,69,0;0,0,0,0,0,68,0,0,0,0;80,0,64,0,0,0,0,0,0,0;61,69,0,0,0,30,0,50,61,0;80,0,65,0,31,0,0,0,0,0;78,0,0,0,0,72,0,0,0,75;0,0,0,0,43,0,0,51,80,0
0,0,0,36,0,0,39,0,40,0;0,0,33,0,23,0,29,0,0,0;0,0,0,0,34,0,0,0,0,0;0,0,0,0,38,0,35,0,27,0;0,0,0,0,0,27,0,0,0,0;17,0,27,0,0,0,0,0,0,0;23,32,0,0,0,34,0,29,21,0;31,0,20,0,21,0,0,0,0,0;27,0,0,0,0,30,0,0,0,24;0,0,0,0,26,0,0,21,22,0
-64,16,0,26,0,0,0,0,0,22
------------- End of Scenario k = 21 -------
0,0,0,66,0,0,48,0,27,0;0,0,29,0,76,0,69,0,0,0;0,0,0,0,22,0,0,0,0,0;0,0,0,0,35,0,80,0,34,0;0,0,0,0,0,80,0,0,0,0;80,0,34,0,0,0,0,0,0,0;35,21,0,0,0,39,0,57,71,0;41,0,60,0,78,0,0,0,0,0;80,0,0,0,0,26,0,0,0,67;0,0,0,0,72,0,0,35,80,0
0,0,0,36,0,0,34,0,28,0;0,0,28,0,39,0,29,0,0,0;0,0,0,0,38,0,0,0,0,0;0,0,0,0,36,0,33,0,34,0;0,0,0,0,0,25,0,0,0,0;38,0,25,0,0,0,0,0,0,0;25,36,0,0,0,21,0,39,32,0;27,0,26,0,29,0,0,0,0,0;40,0,0,0,0,24,0,0,0,33;0,0,0,0,36,0,0,39,21,0
-56,24,0,18,0,0,0,0,0,14
------------- End of Scenario k = 22 -------
0,0,0,70,0,0,48,0,38,0;0,0,80,0,46,0,30,0,0,0;0,0,0,0,80,0,0,0,0,0;0,0,0,0,37,0,80,0,31,0;0,0,0,0,0,80,0,0,0,0;80,0,44,0,0,0,0,0,0,0;70,68,0,0,0,62,0,37,26,0;52,0,77,0,31,0,0,0,0,0;21,0,0,0,0,77,0,0,0,79;0,0,0,0,68,0,0,75,70,0
0,0,0,21,0,0,23,0,30,0;0,0,37,0,22,0,32,0,0,0;0,0,0,0,13,0,0,0,0,0;0,0,0,0,36,0,29,0,30,0;0,0,0,0,0,39,0,0,0,0;25,0,31,0,0,0,0,0,0,0;29,24,0,0,0,25,0,35,31,0;29,0,27,0,24,0,0,0,0,0;33,0,0,0,0,22,0,0,0,31;0,0,0,0,26,0,0,36,27,0
-62,13,0,29,0,0,0,0,0,20
------------- End of Scenario k = 23 -------
0,0,0,34,0,0,58,0,46,0;0,0,80,0,64,0,52,0,0,0;0,0,0,0,80,0,0,0,0,0;0,0,0,0,54,0,80,0,31,0;0,0,0,0,0,61,0,0,0,0;54,0,40,0,0,0,0,0,0,0;59,37,0,0,0,31,0,80,53,0;34,0,76,0,79,0,0,0,0,0;80,0,0,0,0,64,0,0,0,50;0,0,0,0,32,0,0,21,52,0
0,0,0,39,0,0,35,0,26,0;0,0,31,0,40,0,22,0,0,0;0,0,0,0,30,0,0,0,0,0;0,0,0,0,28,0,36,0,21,0;0,0,0,0,0,37,0,0,0,0;36,0,32,0,0,0,0,0,0,0;21,24,0,0,0,38,0,31,30,0;27,0,36,0,23,0,0,0,0,0;29,0,0,0,0,25,0,0,0,24;0,0,0,0,21,0,0,33,26,0
-78,30,0,26,0,0,0,0,0,22
------------- End of Scenario k = 24 -------
0,0,0,32,0,0,25,0,70,0;0,0,80,0,54,0,77,0,0,0;0,0,0,0,80,0,0,0,0,0;0,0,0,0,50,0,38,0,44,0;0,0,0,0,0,80,0,0,0,0;80,0,43,0,0,0,0,0,0,0;77,37,0,0,0,51,0,80,37,0;80,0,36,0,24,0,0,0,0,0;80,0,0,0,0,64,0,0,0,78;0,0,0,0,49,0,0,53,80,0
0,0,0,33,0,0,37,0,25,0;0,0,32,0,28,0,40,0,0,0;0,0,0,0,30,0,0,0,0,0;0,0,0,0,21,0,17,0,32,0;0,0,0,0,0,26,0,0,0,0;37,0,37,0,0,0,0,0,0,0;21,24,0,0,0,40,0,36,39,0;23,0,38,0,40,0,0,0,0,0;40,0,0,0,0,28,0,0,0,28;0,0,0,0,20,0,0,28,34,0
-62,20,0,14,0,0,0,0,0,28
------------- End of Scenario k = 25 -------
0,0,0,33,0,0,64,0,53,0;0,0,62,0,60,0,40,0,0,0;0,0,0,0,80,0,0,0,0,0;0,0,0,0,77,0,72,0,30,0;0,0,0,0,0,80,0,0,0,0;23,0,80,0,0,0,0,0,0,0;53,75,0,0,0,20,0,25,47,0;65,0,28,0,51,0,0,0,0,0;47,0,0,0,0,70,0,0,0,21;0,0,0,0,22,0,0,27,80,0
0,0,0,25,0,0,22,0,35,0;0,0,36,0,32,0,39,0,0,0;0,0,0,0,37,0,0,0,0,0;0,0,0,0,35,0,29,0,38,0;0,0,0,0,0,27,0,0,0,0;38,0,36,0,0,0,0,0,0,0;34,35,0,0,0,23,0,25,40,0;31,0,28,0,20,0,0,0,0,0;25,0,0,0,0,31,0,0,0,28;0,0,0,0,35,0,0,31,37,0
-77,27,0,25,0,0,0,0,0,25
------------- End of Scenario k = 26 -------
0,0,0,30,0,0,39,0,20,0;0,0,80,0,55,0,45,0,0,0;0,0,0,0,80,0,0,0,0,0;0,0,0,0,46,0,80,0,24,0;0,0,0,0,0,80,0,0,0,0;39,0,70,0,0,0,0,0,0,0;32,30,0,0,0,43,0,64,57,0;66,0,74,0,64,0,0,0,0,0;28,0,0,0,0,34,0,0,0,41;0,0,0,0,61,0,0,38,80,0
0,0,0,28,0,0,32,0,27,0;0,0,31,0,34,0,34,0,0,0;0,0,0,0,37,0,0,0,0,0;0,0,0,0,27,0,24,0,40,0;0,0,0,0,0,35,0,0,0,0;28,0,25,0,0,0,0,0,0,0;33,39,0,0,0,31,0,20,22,0;23,0,26,0,30,0,0,0,0,0;33,0,0,0,0,39,0,0,0,31;0,0,0,0,35,0,0,21,37,0
-60,26,0,18,0,0,0,0,0,16
------------- End of Scenario k = 27 -------
0,0,0,39,0,0,45,0,45,0;0,0,62,0,77,0,30,0,0,0;0,0,0,0,80,0,0,0,0,0;0,0,0,0,32,0,58,0,74,0;0,0,0,0,0,56,0,0,0,0;80,0,40,0,0,0,0,0,0,0;78,32,0,0,0,44,0,38,24,0;80,0,21,0,67,0,0,0,0,0;80,0,0,0,0,37,0,0,0,39;0,0,0,0,36,0,0,50,23,0
0,0,0,28,0,0,31,0,20,0;0,0,20,0,31,0,40,0,0,0;0,0,0,0,29,0,0,0,0,0;0,0,0,0,34,0,21,0,34,0;0,0,0,0,0,35,0,0,0,0;40,0,22,0,0,0,0,0,0,0;26,35,0,0,0,27,0,26,27,0;17,0,34,0,32,0,0,0,0,0;23,0,0,0,0,38,0,0,0,40;0,0,0,0,30,0,0,32,32,0
-49,20,0,17,0,0,0,0,0,12
------------- End of Scenario k = 28 -------
0,0,0,33,0,0,24,0,53,0;0,0,80,0,67,0,65,0,0,0;0,0,0,0,80,0,0,0,0,0;0,0,0,0,74,0,64,0,43,0;0,0,0,0,0,80,0,0,0,0;80,0,66,0,0,0,0,0,0,0;53,56,0,0,0,39,0,76,78,0;80,0,65,0,25,0,0,0,0,0;80,0,0,0,0,63,0,0,0,45;0,0,0,0,79,0,0,56,80,0
0,0,0,21,0,0,35,0,32,0;0,0,18,0,35,0,40,0,0,0;0,0,0,0,21,0,0,0,0,0;0,0,0,0,31,0,37,0,23,0;0,0,0,0,0,20,0,0,0,0;31,0,24,0,0,0,0,0,0,0;36,36,0,0,0,20,0,37,35,0;10,0,36,0,33,0,0,0,0,0;28,0,0,0,0,27,0,0,0,36;0,0,0,0,25,0,0,30,37,0
-54,16,0,10,0,0,0,0,0,28
------------- End of Scenario k = 29 -------
