/ -------------------------------------------------------------------------
An instance of the stochastic Fixed - charge Network Flow Problem using NETGEN.
/ -------------------------------------------------------------------------
Number of Nodes (no Dummy node is added), n
Graph Density, density
The fixed cost to variable cost ratio, f
Adjacency Matrix, A
Fixed Cost Matrix, c
Number of scenarios, K
Scenario Probabilities, p
----The following three rows will be repeated K times.----
Var Cost Matrix, d
Capacity, u
demand, b
/ -------------------------------------------------------------------------
+
10
0.3
200
0,0,0,0,1,0,0,0,0,0;0,0,1,1,0,0,0,1,0,1;0,0,0,1,0,0,0,0,0,0;1,0,0,0,1,0,1,0,1,0;0,0,0,0,0,0,1,0,0,0;1,1,0,0,0,0,0,1,0,0;0,1,1,1,0,0,0,1,0,0;0,1,0,0,0,0,1,0,0,1;0,0,1,1,0,1,1,0,0,0;0,0,1,0,0,0,0,1,0,0
0,0,0,0,10233,0,0,0,0,0;0,0,12606,9926,0,0,0,10880,0,10820;0,0,0,13586,0,0,0,0,0,0;10246,0,0,0,11800,0,9373,0,13606,0;0,0,0,0,0,0,13680,0,0,0;12286,10066,0,0,0,0,0,11760,0,0;0,10280,9293,7893,0,0,0,10073,0,0;0,11406,0,0,0,0,10493,0,0,13093;0,0,9133,10613,0,10520,10500,0,0,0;0,0,10873,0,0,0,0,9053,0,0
30
0.01,0.01,0.01,0.01,0.03,0.01,0.05,0.05,0.05,0.01,0.03,0.06,0.03,0.01,0.01,0.03,0.05,0.01,0.03,0.11,0.01,0.03,0.01,0.03,0.01,0.01,0.01,0.08,0.01,0.19
--Scenarios--
0,0,0,0,30,0,0,0,0,0;0,0,21,42,0,0,0,80,0,61;0,0,0,80,0,0,0,0,0,0;55,0,0,0,80,0,75,0,80,0;0,0,0,0,0,0,80,0,0,0;80,61,0,0,0,0,0,71,0,0;0,29,72,34,0,0,0,77,0,0;0,71,0,0,0,0,43,0,0,80;0,0,23,68,0,77,25,0,0,0;0,0,48,0,0,0,0,44,0,0
0,0,0,0,35,0,0,0,0,0;0,0,34,35,0,0,0,33,0,23;0,0,0,19,0,0,0,0,0,0;23,0,0,0,23,0,30,0,14,0;0,0,0,0,0,0,16,0,0,0;27,23,0,0,0,0,0,29,0,0;0,20,38,34,0,0,0,26,0,0;0,37,0,0,0,0,26,0,0,38;0,0,35,26,0,39,38,0,0,0;0,0,24,0,0,0,0,38,0,0
-27,10,0,0,0,27,0,0,-10,0
------------- End of Scenario k = 0 -------
0,0,0,0,77,0,0,0,0,0;0,0,25,61,0,0,0,25,0,40;0,0,0,80,0,0,0,0,0,0;65,0,0,0,45,0,41,0,80,0;0,0,0,0,0,0,63,0,0,0;66,57,0,0,0,0,0,56,0,0;0,50,79,22,0,0,0,55,0,0;0,71,0,0,0,0,31,0,0,61;0,0,69,58,0,74,65,0,0,0;0,0,60,0,0,0,0,63,0,0
0,0,0,0,34,0,0,0,0,0;0,0,34,30,0,0,0,35,0,40;0,0,0,27,0,0,0,0,0,0;37,0,0,0,34,0,25,0,22,0;0,0,0,0,0,0,26,0,0,0;27,22,0,0,0,0,0,33,0,0;0,23,37,32,0,0,0,40,0,0;0,23,0,0,0,0,32,0,0,24;0,0,23,36,0,33,32,0,0,0;0,0,28,0,0,0,0,26,0,0
-22,22,0,0,0,22,0,0,-22,0
------------- End of Scenario k = 1 -------
0,0,0,0,39,0,0,0,0,0;0,0,80,70,0,0,0,78,0,76;0,0,0,80,0,0,0,0,0,0;39,0,0,0,49,0,43,0,28,0;0,0,0,0,0,0,80,0,0,0;39,25,0,0,0,0,0,80,0,0;0,51,30,70,0,0,0,48,0,0;0,54,0,0,0,0,23,0,0,80;0,0,27,42,0,67,44,0,0,0;0,0,55,0,0,0,0,49,0,0
0,0,0,0,31,0,0,0,0,0;0,0,29,36,0,0,0,29,0,26;0,0,0,32,0,0,0,0,0,0;34,0,0,0,36,0,22,0,23,0;0,0,0,0,0,0,23,0,0,0;33,40,0,0,0,0,0,34,0,0;0,34,33,39,0,0,0,38,0,0;0,32,0,0,0,0,22,0,0,12;0,0,23,28,0,25,28,0,0,0;0,0,24,0,0,0,0,22,0,0
-12,20,0,0,0,12,0,0,-20,0
------------- End of Scenario k = 2 -------
0,0,0,0,78,0,0,0,0,0;0,0,80,24,0,0,0,30,0,74;0,0,0,80,0,0,0,0,0,0;55,0,0,0,25,0,34,0,68,0;0,0,0,0,0,0,60,0,0,0;80,74,0,0,0,0,0,50,0,0;0,29,24,36,0,0,0,80,0,0;0,26,0,0,0,0,63,0,0,27;0,0,48,74,0,74,64,0,0,0;0,0,32,0,0,0,0,45,0,0
0,0,0,0,37,0,0,0,0,0;0,0,38,23,0,0,0,23,0,21;0,0,0,29,0,0,0,0,0,0;32,0,0,0,38,0,32,0,37,0;0,0,0,0,0,0,33,0,0,0;28,24,0,0,0,0,0,24,0,0;0,22,37,29,0,0,0,29,0,0;0,31,0,0,0,0,33,0,0,31;0,0,23,25,0,27,35,0,0,0;0,0,27,0,0,0,0,34,0,0
-23,29,0,0,0,23,0,0,-29,0
------------- End of Scenario k = 3 -------
0,0,0,0,20,0,0,0,0,0;0,0,73,39,0,0,0,76,0,24;0,0,0,26,0,0,0,0,0,0;71,0,0,0,33,0,80,0,62,0;0,0,0,0,0,0,80,0,0,0;80,63,0,0,0,0,0,80,0,0;0,73,41,34,0,0,0,38,0,0;0,42,0,0,0,0,76,0,0,80;0,0,21,71,0,23,38,0,0,0;0,0,76,0,0,0,0,38,0,0
0,0,0,0,20,0,0,0,0,0;0,0,35,30,0,0,0,26,0,22;0,0,0,34,0,0,0,0,0,0;32,0,0,0,25,0,22,0,24,0;0,0,0,0,0,0,21,0,0,0;28,26,0,0,0,0,0,37,0,0;0,35,30,33,0,0,0,40,0,0;0,32,0,0,0,0,39,0,0,13;0,0,37,24,0,32,21,0,0,0;0,0,23,0,0,0,0,35,0,0
-10,13,0,0,0,10,0,0,-13,0
------------- End of Scenario k = 4 -------
0,0,0,0,60,0,0,0,0,0;0,0,50,64,0,0,0,75,0,49;0,0,0,42,0,0,0,0,0,0;61,0,0,0,31,0,29,0,80,0;0,0,0,0,0,0,80,0,0,0;32,66,0,0,0,0,0,40,0,0;0,70,56,63,0,0,0,40,0,0;0,64,0,0,0,0,76,0,0,80;0,0,58,34,0,48,67,0,0,0;0,0,58,0,0,0,0,36,0,0
0,0,0,0,24,0,0,0,0,0;0,0,27,36,0,0,0,38,0,40;0,0,0,32,0,0,0,0,0,0;24,0,0,0,32,0,26,0,27,0;0,0,0,0,0,0,31,0,0,0;33,36,0,0,0,0,0,19,0,0;0,26,33,24,0,0,0,34,0,0;0,33,0,0,0,0,35,0,0,38;0,0,30,21,0,20,26,0,0,0;0,0,23,0,0,0,0,33,0,0
-16,26,0,0,0,16,0,0,-26,0
------------- End of Scenario k = 5 -------
0,0,0,0,37,0,0,0,0,0;0,0,80,75,0,0,0,36,0,34;0,0,0,80,0,0,0,0,0,0;69,0,0,0,52,0,78,0,49,0;0,0,0,0,0,0,80,0,0,0;31,22,0,0,0,0,0,45,0,0;0,27,75,20,0,0,0,44,0,0;0,52,0,0,0,0,40,0,0,80;0,0,35,60,0,79,62,0,0,0;0,0,50,0,0,0,0,30,0,0
0,0,0,0,26,0,0,0,0,0;0,0,31,38,0,0,0,27,0,27;0,0,0,36,0,0,0,0,0,0;25,0,0,0,27,0,24,0,28,0;0,0,0,0,0,0,34,0,0,0;14,33,0,0,0,0,0,28,0,0;0,31,24,28,0,0,0,39,0,0;0,37,0,0,0,0,29,0,0,24;0,0,31,30,0,38,40,0,0,0;0,0,23,0,0,0,0,24,0,0
-14,21,0,0,0,14,0,0,-21,0
------------- End of Scenario k = 6 -------
0,0,0,0,74,0,0,0,0,0;0,0,60,47,0,0,0,77,0,46;0,0,0,80,0,0,0,0,0,0;68,0,0,0,80,0,47,0,80,0;0,0,0,0,0,0,80,0,0,0;80,41,0,0,0,0,0,36,0,0;0,20,57,54,0,0,0,71,0,0;0,63,0,0,0,0,22,0,0,80;0,0,58,72,0,53,78,0,0,0;0,0,63,0,0,0,0,23,0,0
0,0,0,0,30,0,0,0,0,0;0,0,32,24,0,0,0,29,0,26;0,0,0,21,0,0,0,0,0,0;32,0,0,0,12,0,21,0,23,0;0,0,0,0,0,0,35,0,0,0;28,35,0,0,0,0,0,35,0,0;0,31,35,23,0,0,0,28,0,0;0,33,0,0,0,0,26,0,0,38;0,0,40,34,0,21,31,0,0,0;0,0,38,0,0,0,0,30,0,0
-22,10,0,0,0,22,0,0,-10,0
------------- End of Scenario k = 7 -------
0,0,0,0,64,0,0,0,0,0;0,0,24,77,0,0,0,71,0,40;0,0,0,80,0,0,0,0,0,0;48,0,0,0,49,0,30,0,68,0;0,0,0,0,0,0,80,0,0,0;34,75,0,0,0,0,0,45,0,0;0,22,25,31,0,0,0,25,0,0;0,26,0,0,0,0,66,0,0,39;0,0,24,68,0,36,42,0,0,0;0,0,76,0,0,0,0,41,0,0
0,0,0,0,37,0,0,0,0,0;0,0,34,21,0,0,0,20,0,32;0,0,0,35,0,0,0,0,0,0;30,0,0,0,24,0,35,0,35,0;0,0,0,0,0,0,35,0,0,0;19,29,0,0,0,0,0,20,0,0;0,30,23,35,0,0,0,27,0,0;0,30,0,0,0,0,38,0,0,35;0,0,34,33,0,28,38,0,0,0;0,0,39,0,0,0,0,20,0,0
-19,24,0,0,0,19,0,0,-24,0
------------- End of Scenario k = 8 -------
0,0,0,0,46,0,0,0,0,0;0,0,80,77,0,0,0,21,0,72;0,0,0,21,0,0,0,0,0,0;66,0,0,0,80,0,60,0,80,0;0,0,0,0,0,0,80,0,0,0;80,77,0,0,0,0,0,80,0,0;0,71,50,29,0,0,0,57,0,0;0,66,0,0,0,0,40,0,0,35;0,0,26,30,0,53,55,0,0,0;0,0,58,0,0,0,0,66,0,0
0,0,0,0,20,0,0,0,0,0;0,0,28,30,0,0,0,35,0,23;0,0,0,35,0,0,0,0,0,0;25,0,0,0,33,0,40,0,29,0;0,0,0,0,0,0,33,0,0,0;37,31,0,0,0,0,0,21,0,0;0,40,36,35,0,0,0,34,0,0;0,38,0,0,0,0,39,0,0,36;0,0,21,31,0,36,36,0,0,0;0,0,23,0,0,0,0,24,0,0
-17,18,0,0,0,17,0,0,-18,0
------------- End of Scenario k = 9 -------
0,0,0,0,45,0,0,0,0,0;0,0,80,37,0,0,0,28,0,60;0,0,0,80,0,0,0,0,0,0;78,0,0,0,80,0,47,0,54,0;0,0,0,0,0,0,71,0,0,0;80,51,0,0,0,0,0,66,0,0;0,68,56,35,0,0,0,49,0,0;0,64,0,0,0,0,69,0,0,80;0,0,61,57,0,41,28,0,0,0;0,0,72,0,0,0,0,54,0,0
0,0,0,0,21,0,0,0,0,0;0,0,27,20,0,0,0,37,0,36;0,0,0,27,0,0,0,0,0,0;27,0,0,0,26,0,22,0,40,0;0,0,0,0,0,0,23,0,0,0;20,20,0,0,0,0,0,26,0,0;0,23,33,35,0,0,0,30,0,0;0,33,0,0,0,0,21,0,0,27;0,0,24,30,0,35,24,0,0,0;0,0,33,0,0,0,0,35,0,0
-17,21,0,0,0,17,0,0,-21,0
------------- End of Scenario k = 10 -------
0,0,0,0,58,0,0,0,0,0;0,0,73,37,0,0,0,61,0,28;0,0,0,80,0,0,0,0,0,0;28,0,0,0,80,0,36,0,73,0;0,0,0,0,0,0,27,0,0,0;80,22,0,0,0,0,0,80,0,0;0,78,65,52,0,0,0,23,0,0;0,27,0,0,0,0,73,0,0,63;0,0,48,55,0,27,33,0,0,0;0,0,67,0,0,0,0,55,0,0
0,0,0,0,29,0,0,0,0,0;0,0,20,21,0,0,0,36,0,40;0,0,0,40,0,0,0,0,0,0;26,0,0,0,40,0,24,0,19,0;0,0,0,0,0,0,34,0,0,0;29,35,0,0,0,0,0,23,0,0;0,22,27,20,0,0,0,33,0,0;0,28,0,0,0,0,23,0,0,28;0,0,38,40,0,38,27,0,0,0;0,0,20,0,0,0,0,36,0,0
-23,14,0,0,0,23,0,0,-14,0
------------- End of Scenario k = 11 -------
0,0,0,0,63,0,0,0,0,0;0,0,20,24,0,0,0,40,0,63;0,0,0,80,0,0,0,0,0,0;32,0,0,0,51,0,47,0,76,0;0,0,0,0,0,0,27,0,0,0;35,45,0,0,0,0,0,39,0,0;0,23,24,79,0,0,0,32,0,0;0,65,0,0,0,0,49,0,0,80;0,0,26,34,0,67,74,0,0,0;0,0,66,0,0,0,0,37,0,0
0,0,0,0,35,0,0,0,0,0;0,0,36,28,0,0,0,29,0,34;0,0,0,34,0,0,0,0,0,0;34,0,0,0,27,0,37,0,39,0;0,0,0,0,0,0,38,0,0,0;27,21,0,0,0,0,0,23,0,0;0,27,36,25,0,0,0,32,0,0;0,24,0,0,0,0,20,0,0,39;0,0,33,31,0,30,22,0,0,0;0,0,37,0,0,0,0,31,0,0
-17,25,0,0,0,17,0,0,-25,0
------------- End of Scenario k = 12 -------
0,0,0,0,47,0,0,0,0,0;0,0,80,20,0,0,0,26,0,79;0,0,0,80,0,0,0,0,0,0;50,0,0,0,42,0,29,0,62,0;0,0,0,0,0,0,34,0,0,0;78,41,0,0,0,0,0,80,0,0;0,66,54,23,0,0,0,34,0,0;0,77,0,0,0,0,56,0,0,45;0,0,66,73,0,24,73,0,0,0;0,0,24,0,0,0,0,68,0,0
0,0,0,0,37,0,0,0,0,0;0,0,30,38,0,0,0,21,0,20;0,0,0,34,0,0,0,0,0,0;34,0,0,0,28,0,24,0,30,0;0,0,0,0,0,0,22,0,0,0;32,27,0,0,0,0,0,29,0,0;0,29,20,40,0,0,0,36,0,0;0,22,0,0,0,0,40,0,0,33;0,0,38,25,0,35,31,0,0,0;0,0,36,0,0,0,0,26,0,0
-20,11,0,0,0,20,0,0,-11,0
------------- End of Scenario k = 13 -------
0,0,0,0,47,0,0,0,0,0;0,0,80,40,0,0,0,57,0,56;0,0,0,80,0,0,0,0,0,0;78,0,0,0,80,0,28,0,61,0;0,0,0,0,0,0,35,0,0,0;58,76,0,0,0,0,0,35,0,0;0,29,46,39,0,0,0,45,0,0;0,77,0,0,0,0,79,0,0,74;0,0,50,77,0,52,34,0,0,0;0,0,48,0,0,0,0,71,0,0
0,0,0,0,20,0,0,0,0,0;0,0,12,29,0,0,0,21,0,31;0,0,0,25,0,0,0,0,0,0;22,0,0,0,36,0,22,0,23,0;0,0,0,0,0,0,36,0,0,0;36,26,0,0,0,0,0,31,0,0;0,40,28,37,0,0,0,37,0,0;0,25,0,0,0,0,24,0,0,37;0,0,30,36,0,21,29,0,0,0;0,0,37,0,0,0,0,34,0,0
-23,10,0,0,0,23,0,0,-10,0
------------- End of Scenario k = 14 -------
0,0,0,0,36,0,0,0,0,0;0,0,80,68,0,0,0,44,0,57;0,0,0,80,0,0,0,0,0,0;49,0,0,0,75,0,30,0,44,0;0,0,0,0,0,0,77,0,0,0;47,22,0,0,0,0,0,43,0,0;0,62,72,51,0,0,0,47,0,0;0,70,0,0,0,0,50,0,0,46;0,0,71,60,0,44,74,0,0,0;0,0,79,0,0,0,0,27,0,0
0,0,0,0,26,0,0,0,0,0;0,0,25,23,0,0,0,30,0,35;0,0,0,34,0,0,0,0,0,0;27,0,0,0,28,0,21,0,35,0;0,0,0,0,0,0,32,0,0,0;40,35,0,0,0,0,0,23,0,0;0,29,31,38,0,0,0,28,0,0;0,27,0,0,0,0,23,0,0,25;0,0,29,31,0,39,20,0,0,0;0,0,39,0,0,0,0,20,0,0
-20,24,0,0,0,20,0,0,-24,0
------------- End of Scenario k = 15 -------
0,0,0,0,52,0,0,0,0,0;0,0,80,46,0,0,0,34,0,40;0,0,0,22,0,0,0,0,0,0;40,0,0,0,73,0,37,0,44,0;0,0,0,0,0,0,80,0,0,0;80,31,0,0,0,0,0,80,0,0;0,75,26,23,0,0,0,50,0,0;0,24,0,0,0,0,71,0,0,40;0,0,32,40,0,75,35,0,0,0;0,0,25,0,0,0,0,36,0,0
0,0,0,0,34,0,0,0,0,0;0,0,27,25,0,0,0,29,0,24;0,0,0,40,0,0,0,0,0,0;23,0,0,0,39,0,33,0,28,0;0,0,0,0,0,0,40,0,0,0;36,26,0,0,0,0,0,21,0,0;0,25,33,40,0,0,0,37,0,0;0,24,0,0,0,0,37,0,0,34;0,0,31,38,0,37,37,0,0,0;0,0,31,0,0,0,0,33,0,0
-20,26,0,0,0,20,0,0,-26,0
------------- End of Scenario k = 16 -------
0,0,0,0,60,0,0,0,0,0;0,0,22,38,0,0,0,72,0,76;0,0,0,80,0,0,0,0,0,0;40,0,0,0,80,0,77,0,80,0;0,0,0,0,0,0,64,0,0,0;80,29,0,0,0,0,0,31,0,0;0,74,22,31,0,0,0,34,0,0;0,73,0,0,0,0,32,0,0,80;0,0,55,79,0,30,49,0,0,0;0,0,47,0,0,0,0,31,0,0
0,0,0,0,34,0,0,0,0,0;0,0,35,30,0,0,0,37,0,35;0,0,0,34,0,0,0,0,0,0;23,0,0,0,36,0,34,0,38,0;0,0,0,0,0,0,34,0,0,0;14,29,0,0,0,0,0,24,0,0;0,27,39,39,0,0,0,24,0,0;0,30,0,0,0,0,29,0,0,31;0,0,35,29,0,26,21,0,0,0;0,0,30,0,0,0,0,32,0,0
-12,30,0,0,0,12,0,0,-30,0
------------- End of Scenario k = 17 -------
0,0,0,0,51,0,0,0,0,0;0,0,80,67,0,0,0,40,0,43;0,0,0,80,0,0,0,0,0,0;53,0,0,0,20,0,80,0,80,0;0,0,0,0,0,0,80,0,0,0;67,24,0,0,0,0,0,73,0,0;0,66,21,62,0,0,0,75,0,0;0,80,0,0,0,0,23,0,0,27;0,0,58,52,0,39,76,0,0,0;0,0,32,0,0,0,0,39,0,0
0,0,0,0,26,0,0,0,0,0;0,0,30,39,0,0,0,31,0,31;0,0,0,26,0,0,0,0,0,0;37,0,0,0,25,0,20,0,35,0;0,0,0,0,0,0,25,0,0,0;40,32,0,0,0,0,0,28,0,0;0,21,37,39,0,0,0,27,0,0;0,33,0,0,0,0,24,0,0,34;0,0,22,40,0,37,32,0,0,0;0,0,27,0,0,0,0,31,0,0
-20,23,0,0,0,20,0,0,-23,0
------------- End of Scenario k = 18 -------
0,0,0,0,33,0,0,0,0,0;0,0,62,42,0,0,0,79,0,32;0,0,0,36,0,0,0,0,0,0;36,0,0,0,38,0,27,0,80,0;0,0,0,0,0,0,71,0,0,0;80,77,0,0,0,0,0,36,0,0;0,28,27,21,0,0,0,59,0,0;0,75,0,0,0,0,71,0,0,80;0,0,66,20,0,49,79,0,0,0;0,0,57,0,0,0,0,66,0,0
0,0,0,0,26,0,0,0,0,0;0,0,21,36,0,0,0,26,0,26;0,0,0,36,0,0,0,0,0,0;39,0,0,0,33,0,25,0,26,0;0,0,0,0,0,0,24,0,0,0;32,22,0,0,0,0,0,29,0,0;0,33,26,37,0,0,0,20,0,0;0,33,0,0,0,0,35,0,0,35;0,0,28,35,0,38,34,0,0,0;0,0,29,0,0,0,0,27,0,0
-28,17,0,0,0,28,0,0,-17,0
------------- End of Scenario k = 19 -------
0,0,0,0,37,0,0,0,0,0;0,0,80,40,0,0,0,62,0,73;0,0,0,41,0,0,0,0,0,0;46,0,0,0,80,0,44,0,80,0;0,0,0,0,0,0,80,0,0,0;28,49,0,0,0,0,0,33,0,0;0,72,42,66,0,0,0,30,0,0;0,75,0,0,0,0,69,0,0,80;0,0,70,44,0,78,76,0,0,0;0,0,30,0,0,0,0,62,0,0
0,0,0,0,21,0,0,0,0,0;0,0,38,27,0,0,0,33,0,38;0,0,0,40,0,0,0,0,0,0;39,0,0,0,31,0,31,0,28,0;0,0,0,0,0,0,22,0,0,0;37,29,0,0,0,0,0,22,0,0;0,22,30,32,0,0,0,27,0,0;0,29,0,0,0,0,38,0,0,22;0,0,24,38,0,27,30,0,0,0;0,0,39,0,0,0,0,26,0,0
-13,20,0,0,0,13,0,0,-20,0
------------- End of Scenario k = 20 -------
0,0,0,0,77,0,0,0,0,0;0,0,42,74,0,0,0,45,0,64;0,0,0,80,0,0,0,0,0,0;61,0,0,0,32,0,26,0,80,0;0,0,0,0,0,0,39,0,0,0;68,64,0,0,0,0,0,80,0,0;0,40,29,51,0,0,0,45,0,0;0,80,0,0,0,0,34,0,0,80;0,0,35,41,0,45,32,0,0,0;0,0,46,0,0,0,0,47,0,0
0,0,0,0,30,0,0,0,0,0;0,0,36,26,0,0,0,40,0,21;0,0,0,39,0,0,0,0,0,0;35,0,0,0,32,0,20,0,35,0;0,0,0,0,0,0,28,0,0,0;33,35,0,0,0,0,0,15,0,0;0,31,28,36,0,0,0,30,0,0;0,36,0,0,0,0,24,0,0,40;0,0,23,30,0,32,39,0,0,0;0,0,25,0,0,0,0,30,0,0
-14,28,0,0,0,14,0,0,-28,0
------------- End of Scenario k = 21 -------
0,0,0,0,36,0,0,0,0,0;0,0,72,53,0,0,0,57,0,30;0,0,0,56,0,0,0,0,0,0;73,0,0,0,80,0,67,0,78,0;0,0,0,0,0,0,80,0,0,0;80,64,0,0,0,0,0,80,0,0;0,70,60,25,0,0,0,34,0,0;0,53,0,0,0,0,49,0,0,46;0,0,24,42,0,54,57,0,0,0;0,0,69,0,0,0,0,64,0,0
0,0,0,0,24,0,0,0,0,0;0,0,31,26,0,0,0,35,0,33;0,0,0,35,0,0,0,0,0,0;27,0,0,0,35,0,26,0,30,0;0,0,0,0,0,0,29,0,0,0;36,32,0,0,0,0,0,39,0,0;0,31,26,39,0,0,0,37,0,0;0,23,0,0,0,0,34,0,0,37;0,0,20,35,0,36,27,0,0,0;0,0,31,0,0,0,0,21,0,0
-27,29,0,0,0,27,0,0,-29,0
------------- End of Scenario k = 22 -------
0,0,0,0,38,0,0,0,0,0;0,0,72,70,0,0,0,30,0,34;0,0,0,80,0,0,0,0,0,0;42,0,0,0,80,0,72,0,80,0;0,0,0,0,0,0,80,0,0,0;32,30,0,0,0,0,0,41,0,0;0,26,53,39,0,0,0,66,0,0;0,58,0,0,0,0,57,0,0,80;0,0,60,53,0,30,63,0,0,0;0,0,70,0,0,0,0,66,0,0
0,0,0,0,34,0,0,0,0,0;0,0,38,21,0,0,0,30,0,39;0,0,0,38,0,0,0,0,0,0;21,0,0,0,36,0,27,0,28,0;0,0,0,0,0,0,27,0,0,0;25,31,0,0,0,0,0,32,0,0;0,29,39,33,0,0,0,22,0,0;0,40,0,0,0,0,27,0,0,32;0,0,22,25,0,28,30,0,0,0;0,0,31,0,0,0,0,31,0,0
-20,24,0,0,0,20,0,0,-24,0
------------- End of Scenario k = 23 -------
0,0,0,0,50,0,0,0,0,0;0,0,80,73,0,0,0,62,0,61;0,0,0,59,0,0,0,0,0,0;45,0,0,0,51,0,54,0,80,0;0,0,0,0,0,0,80,0,0,0;27,52,0,0,0,0,0,80,0,0;0,77,65,40,0,0,0,51,0,0;0,42,0,0,0,0,60,0,0,80;0,0,55,28,0,62,28,0,0,0;0,0,61,0,0,0,0,26,0,0
0,0,0,0,30,0,0,0,0,0;0,0,28,27,0,0,0,27,0,23;0,0,0,39,0,0,0,0,0,0;20,0,0,0,35,0,28,0,40,0;0,0,0,0,0,0,20,0,0,0;33,29,0,0,0,0,0,38,0,0;0,40,37,28,0,0,0,36,0,0;0,38,0,0,0,0,20,0,0,39;0,0,31,36,0,22,32,0,0,0;0,0,36,0,0,0,0,31,0,0
-27,19,0,0,0,27,0,0,-19,0
------------- End of Scenario k = 24 -------
0,0,0,0,44,0,0,0,0,0;0,0,36,23,0,0,0,77,0,68;0,0,0,80,0,0,0,0,0,0;21,0,0,0,37,0,69,0,78,0;0,0,0,0,0,0,80,0,0,0;80,76,0,0,0,0,0,80,0,0;0,30,43,34,0,0,0,53,0,0;0,46,0,0,0,0,47,0,0,80;0,0,72,49,0,68,53,0,0,0;0,0,56,0,0,0,0,63,0,0
0,0,0,0,29,0,0,0,0,0;0,0,32,23,0,0,0,36,0,34;0,0,0,29,0,0,0,0,0,0;29,0,0,0,27,0,23,0,39,0;0,0,0,0,0,0,18,0,0,0;19,36,0,0,0,0,0,24,0,0;0,27,37,38,0,0,0,24,0,0;0,34,0,0,0,0,20,0,0,39;0,0,30,20,0,29,34,0,0,0;0,0,40,0,0,0,0,37,0,0
-17,17,0,0,0,17,0,0,-17,0
------------- End of Scenario k = 25 -------
0,0,0,0,75,0,0,0,0,0;0,0,80,60,0,0,0,77,0,55;0,0,0,64,0,0,0,0,0,0;45,0,0,0,56,0,26,0,45,0;0,0,0,0,0,0,80,0,0,0;80,78,0,0,0,0,0,80,0,0;0,67,40,36,0,0,0,48,0,0;0,28,0,0,0,0,23,0,0,80;0,0,40,52,0,65,68,0,0,0;0,0,30,0,0,0,0,24,0,0
0,0,0,0,30,0,0,0,0,0;0,0,40,35,0,0,0,26,0,21;0,0,0,28,0,0,0,0,0,0;40,0,0,0,20,0,23,0,27,0;0,0,0,0,0,0,20,0,0,0;29,34,0,0,0,0,0,19,0,0;0,32,29,26,0,0,0,23,0,0;0,30,0,0,0,0,28,0,0,19;0,0,21,40,0,20,30,0,0,0;0,0,36,0,0,0,0,28,0,0
-16,20,0,0,0,16,0,0,-20,0
------------- End of Scenario k = 26 -------
0,0,0,0,42,0,0,0,0,0;0,0,80,39,0,0,0,43,0,65;0,0,0,80,0,0,0,0,0,0;52,0,0,0,51,0,32,0,71,0;0,0,0,0,0,0,80,0,0,0;21,61,0,0,0,0,0,44,0,0;0,60,41,28,0,0,0,79,0,0;0,61,0,0,0,0,65,0,0,80;0,0,21,51,0,68,32,0,0,0;0,0,76,0,0,0,0,21,0,0
0,0,0,0,33,0,0,0,0,0;0,0,37,26,0,0,0,35,0,34;0,0,0,36,0,0,0,0,0,0;30,0,0,0,36,0,33,0,34,0;0,0,0,0,0,0,33,0,0,0;39,38,0,0,0,0,0,29,0,0;0,22,32,20,0,0,0,29,0,0;0,30,0,0,0,0,34,0,0,34;0,0,34,34,0,29,37,0,0,0;0,0,38,0,0,0,0,36,0,0
-18,28,0,0,0,18,0,0,-28,0
------------- End of Scenario k = 27 -------
0,0,0,0,57,0,0,0,0,0;0,0,39,29,0,0,0,73,0,60;0,0,0,71,0,0,0,0,0,0;36,0,0,0,80,0,34,0,80,0;0,0,0,0,0,0,44,0,0,0;60,31,0,0,0,0,0,20,0,0;0,51,40,24,0,0,0,44,0,0;0,35,0,0,0,0,43,0,0,80;0,0,37,51,0,32,47,0,0,0;0,0,20,0,0,0,0,25,0,0
0,0,0,0,38,0,0,0,0,0;0,0,40,25,0,0,0,30,0,24;0,0,0,30,0,0,0,0,0,0;38,0,0,0,31,0,24,0,34,0;0,0,0,0,0,0,30,0,0,0;21,40,0,0,0,0,0,26,0,0;0,31,40,40,0,0,0,40,0,0;0,33,0,0,0,0,27,0,0,32;0,0,37,24,0,25,21,0,0,0;0,0,25,0,0,0,0,23,0,0
-15,26,0,0,0,15,0,0,-26,0
------------- End of Scenario k = 28 -------
0,0,0,0,62,0,0,0,0,0;0,0,80,33,0,0,0,56,0,63;0,0,0,80,0,0,0,0,0,0;35,0,0,0,80,0,27,0,40,0;0,0,0,0,0,0,80,0,0,0;80,26,0,0,0,0,0,80,0,0;0,38,59,32,0,0,0,78,0,0;0,66,0,0,0,0,74,0,0,21;0,0,34,57,0,44,24,0,0,0;0,0,80,0,0,0,0,41,0,0
0,0,0,0,28,0,0,0,0,0;0,0,35,31,0,0,0,31,0,34;0,0,0,33,0,0,0,0,0,0;25,0,0,0,25,0,40,0,38,0;0,0,0,0,0,0,26,0,0,0;37,30,0,0,0,0,0,34,0,0;0,33,24,28,0,0,0,40,0,0;0,29,0,0,0,0,20,0,0,32;0,0,31,30,0,28,31,0,0,0;0,0,21,0,0,0,0,36,0,0
-28,23,0,0,0,28,0,0,-23,0
------------- End of Scenario k = 29 -------
