/ -------------------------------------------------------------------------
An instance of the stochastic Fixed - charge Network Flow Problem using NETGEN.
/ -------------------------------------------------------------------------
Number of Nodes (no Dummy node is added), n
Graph Density, density
The fixed cost to variable cost ratio, f
Adjacency Matrix, A
Fixed Cost Matrix, c
Number of scenarios, K
Scenario Probabilities, p
----The following three rows will be repeated K times.----
Var Cost Matrix, d
Capacity, u
demand, b
/ -------------------------------------------------------------------------
+
10
0.6
200
0,0,0,0,1,1,0,0,1,0;1,0,1,1,0,0,0,1,0,1;0,0,0,1,0,1,0,1,0,1;1,0,1,0,1,0,1,0,0,1;0,0,1,1,0,1,0,0,1,1;0,0,0,1,1,0,1,1,1,0;1,1,1,1,1,1,0,1,1,1;1,1,1,1,0,1,1,0,1,1;1,0,1,0,1,1,0,1,0,1;1,1,0,0,1,0,0,1,0,0
0,0,0,0,9773,9786,0,0,10733,0;9273,0,13193,8906,0,0,0,10020,0,9913;0,0,0,12580,0,10893,0,9633,0,9260;11060,0,10226,0,11353,0,10720,0,0,9020;0,0,9293,9946,0,13153,0,0,10033,10573;0,0,0,9760,9786,0,12080,11040,10926,0;13706,10046,9260,9113,11466,9466,0,13800,9540,10026;10140,9980,11033,10700,0,10500,9993,0,12780,11326;9393,0,9573,0,8686,9453,0,10766,0,13606;11020,11100,0,0,9566,0,0,10620,0,0
30
0.01,0.03,0.01,0.01,0.01,0.01,0.01,0.01,0.01,0.01,0.01,0.03,0.1,0.05,0.03,0.03,0.13,0.03,0.01,0.01,0.01,0.01,0.01,0.06,0.08,0.03,0.06,0.01,0.01,0.17
--Scenarios--
0,0,0,0,68,51,0,0,79,0;47,0,80,47,0,0,0,74,0,69;0,0,0,40,0,79,0,59,0,63;78,0,56,0,66,0,52,0,0,52;0,0,51,76,0,23,0,0,75,44;0,0,0,49,25,0,61,34,75,0;80,38,40,70,74,35,0,44,78,55;75,61,48,37,0,26,70,0,44,69;42,0,68,0,34,44,0,62,0,80;54,53,0,0,56,0,0,67,0,0
0,0,0,0,28,29,0,0,32,0;32,0,32,33,0,0,0,25,0,26;0,0,0,32,0,38,0,36,0,37;26,0,30,0,27,0,21,0,0,38;0,0,24,23,0,38,0,0,35,32;0,0,0,30,30,0,32,31,34,0;34,23,20,31,28,24,0,27,26,29;29,22,30,40,0,30,31,0,39,20;40,0,40,0,27,30,0,30,0,30;25,26,0,0,38,0,0,27,0,0
-27,27,0,0,0,0,0,0,0,0
------------- End of Scenario k = 0 -------
0,0,0,0,21,46,0,0,46,0;66,0,80,48,0,0,0,76,0,71;0,0,0,80,0,40,0,53,0,58;52,0,64,0,64,0,57,0,0,60;0,0,79,66,0,65,0,0,50,42;0,0,0,57,22,0,80,62,65,0;80,21,54,73,76,29,0,29,31,39;49,31,62,30,0,47,53,0,47,42;42,0,52,0,26,55,0,69,0,46;50,75,0,0,68,0,0,55,0,0
0,0,0,0,40,30,0,0,22,0;40,0,27,40,0,0,0,23,0,27;0,0,0,29,0,26,0,40,0,39;25,0,26,0,38,0,28,0,0,23;0,0,34,37,0,32,0,0,30,28;0,0,0,32,30,0,35,28,39,0;36,34,29,30,38,29,0,15,21,22;31,20,33,34,0,24,33,0,40,34;37,0,37,0,33,23,0,40,0,40;22,27,0,0,23,0,0,39,0,0
-15,15,0,0,0,0,0,0,0,0
------------- End of Scenario k = 1 -------
0,0,0,0,62,43,0,0,30,0;56,0,80,45,0,0,0,73,0,49;0,0,0,80,0,79,0,34,0,55;39,0,28,0,80,0,79,0,0,28;0,0,47,77,0,49,0,0,21,66;0,0,0,24,27,0,73,36,21,0;80,61,45,26,75,57,0,80,24,39;39,31,78,77,0,72,33,0,64,79;24,0,73,0,58,20,0,67,0,80;47,36,0,0,39,0,0,57,0,0
0,0,0,0,39,26,0,0,38,0;22,0,38,28,0,0,0,37,0,30;0,0,0,39,0,20,0,33,0,20;23,0,38,0,37,0,39,0,0,35;0,0,31,38,0,29,0,0,21,24;0,0,0,38,27,0,40,37,38,0;36,33,29,39,21,30,0,40,29,22;33,26,21,25,0,26,28,0,33,23;24,0,31,0,40,30,0,21,0,30;28,35,0,0,36,0,0,22,0,0
-28,28,0,0,0,0,0,0,0,0
------------- End of Scenario k = 2 -------
0,0,0,0,80,43,0,0,68,0;77,0,32,23,0,0,0,57,0,36;0,0,0,80,0,55,0,44,0,27;59,0,58,0,60,0,20,0,0,39;0,0,45,40,0,57,0,0,37,57;0,0,0,66,70,0,76,62,67,0;74,75,30,22,33,80,0,71,46,47;33,74,42,72,0,38,79,0,56,79;52,0,48,0,45,34,0,63,0,80;23,47,0,0,61,0,0,58,0,0
0,0,0,0,39,37,0,0,27,0;20,0,32,28,0,0,0,25,0,36;0,0,0,33,0,30,0,29,0,33;20,0,21,0,38,0,30,0,0,36;0,0,21,22,0,31,0,0,34,27;0,0,0,34,37,0,35,24,36,0;37,27,27,31,32,26,0,31,35,34;21,36,40,30,0,39,38,0,32,30;37,0,26,0,37,37,0,40,0,30;38,31,0,0,38,0,0,24,0,0
-28,28,0,0,0,0,0,0,0,0
------------- End of Scenario k = 3 -------
0,0,0,0,33,31,0,0,62,0;29,0,80,31,0,0,0,20,0,67;0,0,0,71,0,67,0,26,0,23;73,0,34,0,67,0,73,0,0,51;0,0,34,48,0,65,0,0,50,40;0,0,0,29,29,0,80,48,66,0;53,78,62,43,79,64,0,32,24,65;59,50,61,41,0,77,80,0,58,70;64,0,42,0,29,72,0,44,0,28;45,67,0,0,67,0,0,47,0,0
0,0,0,0,23,29,0,0,34,0;34,0,22,25,0,0,0,29,0,35;0,0,0,21,0,22,0,35,0,29;33,0,26,0,17,0,20,0,0,37;0,0,32,33,0,28,0,0,36,24;0,0,0,36,23,0,36,29,32,0;37,20,22,28,35,33,0,26,39,20;33,33,24,32,0,22,33,0,27,40;22,0,36,0,32,37,0,22,0,19;27,30,0,0,40,0,0,21,0,0
-17,17,0,0,0,0,0,0,0,0
------------- End of Scenario k = 4 -------
0,0,0,0,39,32,0,0,61,0;70,0,80,44,0,0,0,76,0,24;0,0,0,80,0,44,0,72,0,69;24,0,34,0,29,0,50,0,0,22;0,0,78,62,0,80,0,0,73,31;0,0,0,33,52,0,52,72,78,0;80,75,62,28,27,42,0,50,55,56;52,26,62,73,0,45,66,0,42,34;69,0,38,0,39,75,0,28,0,80;32,30,0,0,28,0,0,74,0,0
0,0,0,0,40,37,0,0,20,0;33,0,34,23,0,0,0,33,0,35;0,0,0,30,0,37,0,25,0,31;28,0,34,0,22,0,27,0,0,25;0,0,32,23,0,28,0,0,31,28;0,0,0,32,33,0,27,23,39,0;26,25,39,31,29,26,0,16,28,31;20,26,28,28,0,40,28,0,31,29;26,0,39,0,24,26,0,24,0,26;38,28,0,0,27,0,0,22,0,0
-14,14,0,0,0,0,0,0,0,0
------------- End of Scenario k = 5 -------
0,0,0,0,40,63,0,0,41,0;53,0,80,27,0,0,0,66,0,74;0,0,0,80,0,49,0,61,0,26;76,0,55,0,28,0,32,0,0,37;0,0,63,32,0,45,0,0,43,62;0,0,0,20,38,0,54,75,77,0;66,73,32,61,63,32,0,80,23,39;53,41,23,65,0,34,53,0,76,66;66,0,30,0,71,28,0,59,0,53;60,43,0,0,37,0,0,35,0,0
0,0,0,0,20,30,0,0,22,0;37,0,35,25,0,0,0,29,0,27;0,0,0,31,0,25,0,32,0,23;36,0,30,0,23,0,29,0,0,33;0,0,33,30,0,30,0,0,27,24;0,0,0,35,39,0,35,23,26,0;33,31,21,21,40,37,0,24,22,31;34,36,32,25,0,32,30,0,35,28;31,0,23,0,38,21,0,30,0,28;27,36,0,0,21,0,0,33,0,0
-22,22,0,0,0,0,0,0,0,0
------------- End of Scenario k = 6 -------
0,0,0,0,20,78,0,0,77,0;34,0,32,47,0,0,0,42,0,22;0,0,0,23,0,56,0,70,0,38;34,0,57,0,60,0,75,0,0,46;0,0,70,80,0,80,0,0,32,25;0,0,0,68,56,0,80,38,29,0;41,77,20,77,46,33,0,80,26,22;72,39,57,29,0,68,73,0,52,77;67,0,43,0,35,43,0,59,0,50;52,62,0,0,31,0,0,42,0,0
0,0,0,0,21,32,0,0,31,0;25,0,39,32,0,0,0,32,0,35;0,0,0,39,0,34,0,23,0,35;39,0,37,0,34,0,20,0,0,21;0,0,23,28,0,26,0,0,37,24;0,0,0,38,38,0,26,38,28,0;31,31,21,23,24,25,0,30,22,38;29,38,30,24,0,20,24,0,36,21;25,0,35,0,25,33,0,27,0,35;25,20,0,0,34,0,0,29,0,0
-25,25,0,0,0,0,0,0,0,0
------------- End of Scenario k = 7 -------
0,0,0,0,60,56,0,0,23,0;20,0,80,48,0,0,0,58,0,64;0,0,0,80,0,74,0,59,0,60;57,0,43,0,80,0,72,0,0,35;0,0,32,52,0,80,0,0,29,80;0,0,0,27,73,0,21,74,53,0;80,33,65,53,21,53,0,42,28,75;42,25,52,30,0,49,69,0,80,42;63,0,47,0,73,53,0,60,0,80;41,80,0,0,26,0,0,35,0,0
0,0,0,0,29,35,0,0,22,0;36,0,34,37,0,0,0,40,0,37;0,0,0,39,0,40,0,31,0,31;24,0,31,0,26,0,39,0,0,29;0,0,20,29,0,35,0,0,31,21;0,0,0,37,21,0,26,27,22,0;32,29,21,34,28,32,0,29,36,37;36,26,30,37,0,28,29,0,34,26;31,0,28,0,23,32,0,30,0,22;22,27,0,0,22,0,0,34,0,0
-20,20,0,0,0,0,0,0,0,0
------------- End of Scenario k = 8 -------
0,0,0,0,38,47,0,0,78,0;37,0,76,22,0,0,0,36,0,67;0,0,0,20,0,29,0,59,0,65;64,0,37,0,80,0,62,0,0,35;0,0,20,38,0,80,0,0,56,63;0,0,0,54,37,0,48,29,32,0;36,51,52,67,38,45,0,75,49,48;47,31,41,45,0,58,57,0,80,20;58,0,32,0,27,57,0,61,0,80;61,57,0,0,78,0,0,45,0,0
0,0,0,0,20,39,0,0,26,0;20,0,23,39,0,0,0,37,0,28;0,0,0,16,0,34,0,40,0,26;24,0,38,0,22,0,37,0,0,23;0,0,38,27,0,19,0,0,28,38;0,0,0,34,22,0,11,27,27,0;36,39,29,31,37,21,0,20,33,40;40,38,22,40,0,35,35,0,14,32;40,0,40,0,26,35,0,40,0,26;25,38,0,0,28,0,0,34,0,0
-10,10,0,0,0,0,0,0,0,0
------------- End of Scenario k = 9 -------
0,0,0,0,52,64,0,0,31,0;35,0,55,31,0,0,0,27,0,45;0,0,0,80,0,78,0,57,0,46;80,0,79,0,80,0,77,0,0,70;0,0,44,20,0,72,0,0,63,32;0,0,0,74,29,0,27,79,76,0;80,25,42,32,43,40,0,80,43,73;28,34,56,60,0,77,45,0,80,72;43,0,57,0,41,70,0,59,0,47;71,45,0,0,24,0,0,75,0,0
0,0,0,0,26,37,0,0,39,0;27,0,30,26,0,0,0,37,0,33;0,0,0,33,0,39,0,31,0,22;22,0,36,0,31,0,32,0,0,40;0,0,33,21,0,32,0,0,35,36;0,0,0,32,23,0,34,32,35,0;38,34,23,20,29,28,0,36,28,21;39,22,22,24,0,27,35,0,38,38;40,0,40,0,37,32,0,26,0,38;40,26,0,0,31,0,0,26,0,0
-26,26,0,0,0,0,0,0,0,0
------------- End of Scenario k = 10 -------
0,0,0,0,33,77,0,0,21,0;70,0,80,55,0,0,0,31,0,32;0,0,0,80,0,49,0,60,0,44;69,0,45,0,80,0,45,0,0,32;0,0,34,34,0,80,0,0,54,60;0,0,0,22,68,0,75,46,62,0;80,59,70,50,45,31,0,40,56,42;77,66,72,22,0,57,26,0,55,50;80,0,38,0,32,66,0,53,0,30;55,63,0,0,60,0,0,58,0,0
0,0,0,0,21,36,0,0,22,0;24,0,35,33,0,0,0,33,0,32;0,0,0,37,0,29,0,38,0,20;25,0,36,0,33,0,37,0,0,32;0,0,26,33,0,35,0,0,34,30;0,0,0,40,32,0,31,28,27,0;37,37,36,25,24,37,0,35,33,36;20,28,24,31,0,21,33,0,30,24;22,0,29,0,38,31,0,34,0,40;28,37,0,0,32,0,0,23,0,0
-30,30,0,0,0,0,0,0,0,0
------------- End of Scenario k = 11 -------
0,0,0,0,61,70,0,0,78,0;64,0,23,64,0,0,0,52,0,27;0,0,0,31,0,54,0,45,0,46;71,0,28,0,24,0,56,0,0,62;0,0,21,22,0,75,0,0,29,80;0,0,0,38,69,0,52,61,65,0;52,61,20,20,61,56,0,80,39,61;36,79,34,29,0,56,28,0,48,77;49,0,29,0,49,47,0,42,0,59;37,79,0,0,27,0,0,52,0,0
0,0,0,0,34,27,0,0,27,0;23,0,24,40,0,0,0,31,0,25;0,0,0,32,0,20,0,39,0,32;29,0,26,0,24,0,33,0,0,35;0,0,23,30,0,34,0,0,25,34;0,0,0,30,27,0,24,22,21,0;29,28,38,22,26,36,0,18,21,40;38,25,36,26,0,39,25,0,32,21;35,0,29,0,30,25,0,25,0,32;29,33,0,0,40,0,0,40,0,0
-17,17,0,0,0,0,0,0,0,0
------------- End of Scenario k = 12 -------
0,0,0,0,22,23,0,0,24,0;62,0,51,32,0,0,0,53,0,46;0,0,0,51,0,67,0,72,0,72;68,0,73,0,80,0,24,0,0,47;0,0,66,60,0,35,0,0,74,42;0,0,0,37,47,0,47,75,63,0;44,47,35,47,44,31,0,80,66,35;42,62,76,79,0,62,41,0,46,71;20,0,70,0,27,65,0,35,0,80;40,67,0,0,80,0,0,68,0,0
0,0,0,0,29,25,0,0,33,0;20,0,32,27,0,0,0,35,0,38;0,0,0,36,0,23,0,40,0,24;25,0,22,0,33,0,24,0,0,31;0,0,35,27,0,38,0,0,24,37;0,0,0,30,35,0,36,36,36,0;29,32,30,24,31,26,0,34,38,23;21,34,27,37,0,20,37,0,31,38;30,0,27,0,32,37,0,25,0,40;35,24,0,0,27,0,0,30,0,0
-28,28,0,0,0,0,0,0,0,0
------------- End of Scenario k = 13 -------
0,0,0,0,72,37,0,0,24,0;43,0,30,72,0,0,0,38,0,23;0,0,0,48,0,21,0,22,0,22;48,0,52,0,80,0,42,0,0,56;0,0,77,20,0,80,0,0,62,66;0,0,0,78,30,0,80,65,51,0;73,44,27,45,58,70,0,80,63,71;24,49,42,34,0,79,34,0,80,53;37,0,65,0,29,37,0,72,0,80;74,66,0,0,55,0,0,42,0,0
0,0,0,0,21,39,0,0,27,0;34,0,39,24,0,0,0,36,0,21;0,0,0,25,0,23,0,22,0,25;29,0,36,0,21,0,25,0,0,39;0,0,28,29,0,17,0,0,32,40;0,0,0,37,23,0,25,28,32,0;21,36,37,20,25,37,0,26,26,28;23,35,22,28,0,38,34,0,35,30;37,0,35,0,33,23,0,26,0,34;31,27,0,0,33,0,0,40,0,0
-13,13,0,0,0,0,0,0,0,0
------------- End of Scenario k = 14 -------
0,0,0,0,48,23,0,0,22,0;41,0,80,60,0,0,0,50,0,60;0,0,0,36,0,53,0,34,0,46;35,0,63,0,22,0,40,0,0,33;0,0,59,72,0,20,0,0,53,74;0,0,0,31,66,0,23,75,79,0;38,54,48,20,72,71,0,80,24,24;46,33,77,56,0,20,80,0,80,78;41,0,26,0,28,23,0,68,0,80;71,26,0,0,29,0,0,31,0,0
0,0,0,0,24,33,0,0,27,0;21,0,29,24,0,0,0,28,0,28;0,0,0,21,0,38,0,24,0,40;21,0,22,0,24,0,21,0,0,28;0,0,35,29,0,34,0,0,39,20;0,0,0,26,25,0,22,40,26,0;23,35,24,20,31,40,0,39,35,40;37,39,33,33,0,20,31,0,35,38;25,0,31,0,36,35,0,35,0,34;26,35,0,0,23,0,0,27,0,0
-21,21,0,0,0,0,0,0,0,0
------------- End of Scenario k = 15 -------
0,0,0,0,44,30,0,0,63,0;23,0,80,32,0,0,0,54,0,30;0,0,0,54,0,26,0,41,0,65;56,0,47,0,80,0,54,0,0,31;0,0,34,37,0,80,0,0,64,50;0,0,0,79,60,0,80,80,39,0;80,79,69,66,56,53,0,80,46,43;54,42,20,65,0,74,66,0,52,35;26,0,61,0,25,32,0,79,0,80;80,55,0,0,78,0,0,49,0,0
0,0,0,0,40,33,0,0,30,0;31,0,13,31,0,0,0,22,0,36;0,0,0,28,0,25,0,31,0,32;26,0,34,0,38,0,25,0,0,22;0,0,22,32,0,30,0,0,24,38;0,0,0,33,35,0,21,36,20,0;22,32,24,22,33,40,0,38,27,25;25,23,32,35,0,26,25,0,15,30;21,0,24,0,37,25,0,24,0,22;21,35,0,0,25,0,0,20,0,0
-11,11,0,0,0,0,0,0,0,0
------------- End of Scenario k = 16 -------
0,0,0,0,64,41,0,0,60,0;52,0,80,20,0,0,0,20,0,26;0,0,0,80,0,69,0,51,0,26;47,0,78,0,42,0,43,0,0,31;0,0,43,74,0,80,0,0,37,80;0,0,0,54,44,0,65,50,33,0;80,25,37,41,73,52,0,50,29,60;76,35,23,57,0,29,27,0,79,40;48,0,42,0,68,22,0,36,0,23;41,55,0,0,60,0,0,59,0,0
0,0,0,0,39,29,0,0,31,0;33,0,21,27,0,0,0,26,0,40;0,0,0,36,0,36,0,36,0,29;20,0,26,0,36,0,40,0,0,40;0,0,36,27,0,20,0,0,27,30;0,0,0,30,35,0,35,28,29,0;32,21,26,38,21,30,0,36,35,40;24,30,26,26,0,21,34,0,20,27;23,0,20,0,36,36,0,23,0,21;33,21,0,0,27,0,0,36,0,0
-19,19,0,0,0,0,0,0,0,0
------------- End of Scenario k = 17 -------
0,0,0,0,60,42,0,0,36,0;25,0,75,48,0,0,0,23,0,61;0,0,0,80,0,70,0,47,0,51;44,0,57,0,80,0,65,0,0,29;0,0,29,39,0,80,0,0,47,22;0,0,0,72,30,0,80,48,60,0;80,31,47,32,34,73,0,80,45,41;25,78,39,26,0,65,78,0,80,66;45,0,62,0,38,53,0,44,0,80;76,28,0,0,35,0,0,47,0,0
0,0,0,0,29,38,0,0,22,0;31,0,40,34,0,0,0,28,0,39;0,0,0,33,0,30,0,35,0,35;38,0,31,0,37,0,20,0,0,35;0,0,26,20,0,40,0,0,36,38;0,0,0,40,34,0,35,27,26,0;40,22,22,39,39,22,0,38,34,21;28,20,20,26,0,27,30,0,35,29;35,0,36,0,31,27,0,21,0,30;33,24,0,0,31,0,0,38,0,0
-29,29,0,0,0,0,0,0,0,0
------------- End of Scenario k = 18 -------
0,0,0,0,44,74,0,0,52,0;25,0,38,37,0,0,0,71,0,78;0,0,0,24,0,29,0,33,0,48;60,0,22,0,35,0,36,0,0,55;0,0,68,47,0,80,0,0,76,32;0,0,0,55,79,0,80,71,45,0;80,54,38,29,69,68,0,74,55,72;68,55,68,68,0,35,41,0,61,51;49,0,44,0,54,64,0,27,0,71;46,75,0,0,32,0,0,63,0,0
0,0,0,0,33,28,0,0,29,0;20,0,38,27,0,0,0,34,0,36;0,0,0,29,0,35,0,39,0,31;20,0,28,0,29,0,39,0,0,28;0,0,35,27,0,29,0,0,20,21;0,0,0,22,22,0,34,22,40,0;32,35,35,36,25,40,0,30,33,26;31,20,25,33,0,40,22,0,35,33;32,0,39,0,35,21,0,37,0,28;32,37,0,0,28,0,0,37,0,0
-28,28,0,0,0,0,0,0,0,0
------------- End of Scenario k = 19 -------
0,0,0,0,31,71,0,0,66,0;26,0,77,20,0,0,0,70,0,71;0,0,0,34,0,71,0,56,0,61;80,0,73,0,22,0,74,0,0,41;0,0,34,42,0,80,0,0,24,61;0,0,0,29,61,0,80,36,69,0;80,78,38,37,80,38,0,80,62,73;69,44,77,41,0,64,68,0,80,26;27,0,33,0,39,23,0,61,0,80;68,25,0,0,66,0,0,66,0,0
0,0,0,0,26,25,0,0,22,0;20,0,34,29,0,0,0,27,0,28;0,0,0,32,0,25,0,31,0,29;29,0,25,0,31,0,20,0,0,27;0,0,28,29,0,36,0,0,36,20;0,0,0,21,28,0,36,35,28,0;37,34,26,21,20,26,0,40,31,24;21,32,28,28,0,23,21,0,34,33;33,0,37,0,33,29,0,29,0,36;23,28,0,0,39,0,0,21,0,0
-30,30,0,0,0,0,0,0,0,0
------------- End of Scenario k = 20 -------
0,0,0,0,73,69,0,0,57,0;70,0,80,39,0,0,0,67,0,43;0,0,0,80,0,75,0,58,0,34;66,0,41,0,46,0,76,0,0,21;0,0,28,57,0,80,0,0,39,69;0,0,0,31,24,0,80,77,52,0;32,52,60,48,69,71,0,65,44,38;67,42,38,78,0,35,23,0,23,71;54,0,42,0,32,59,0,68,0,80;53,45,0,0,26,0,0,72,0,0
0,0,0,0,38,25,0,0,39,0;25,0,25,27,0,0,0,38,0,39;0,0,0,17,0,36,0,38,0,34;27,0,20,0,21,0,25,0,0,31;0,0,25,39,0,36,0,0,21,33;0,0,0,22,39,0,25,24,38,0;26,34,31,22,38,23,0,35,22,24;28,38,39,31,0,38,24,0,16,32;39,0,28,0,40,35,0,29,0,36;31,22,0,0,20,0,0,40,0,0
-15,15,0,0,0,0,0,0,0,0
------------- End of Scenario k = 21 -------
0,0,0,0,61,31,0,0,70,0;57,0,80,42,0,0,0,27,0,25;0,0,0,63,0,26,0,76,0,28;78,0,30,0,44,0,58,0,0,20;0,0,56,69,0,80,0,0,49,73;0,0,0,64,75,0,24,57,39,0;80,45,52,33,65,74,0,80,57,78;55,36,58,71,0,31,29,0,80,57;30,0,45,0,46,30,0,73,0,80;72,80,0,0,68,0,0,32,0,0
0,0,0,0,25,40,0,0,33,0;24,0,14,29,0,0,0,38,0,35;0,0,0,40,0,31,0,21,0,32;30,0,20,0,38,0,20,0,0,40;0,0,39,22,0,13,0,0,34,26;0,0,0,31,24,0,25,24,40,0;23,31,27,38,33,28,0,30,38,29;32,33,36,30,0,35,40,0,17,26;23,0,40,0,37,31,0,33,0,39;25,22,0,0,35,0,0,30,0,0
-13,13,0,0,0,0,0,0,0,0
------------- End of Scenario k = 22 -------
0,0,0,0,39,30,0,0,76,0;26,0,65,79,0,0,0,32,0,80;0,0,0,80,0,41,0,68,0,31;31,0,45,0,30,0,36,0,0,55;0,0,77,54,0,80,0,0,57,34;0,0,0,63,46,0,47,58,27,0;55,28,33,26,73,26,0,58,59,34;38,76,77,62,0,49,62,0,71,62;70,0,74,0,52,46,0,41,0,80;80,72,0,0,69,0,0,76,0,0
0,0,0,0,29,31,0,0,24,0;39,0,30,21,0,0,0,20,0,31;0,0,0,38,0,32,0,25,0,27;37,0,22,0,34,0,28,0,0,30;0,0,30,24,0,39,0,0,29,26;0,0,0,36,22,0,28,39,38,0;29,33,21,33,30,34,0,28,26,38;32,40,21,37,0,23,38,0,35,28;33,0,22,0,30,39,0,39,0,38;36,34,0,0,39,0,0,25,0,0
-26,26,0,0,0,0,0,0,0,0
------------- End of Scenario k = 23 -------
0,0,0,0,53,76,0,0,64,0;56,0,80,74,0,0,0,39,0,38;0,0,0,80,0,77,0,25,0,46;21,0,43,0,80,0,68,0,0,62;0,0,28,46,0,80,0,0,43,72;0,0,0,36,25,0,20,44,32,0;76,67,33,41,60,27,0,80,73,70;69,74,22,79,0,52,51,0,22,43;23,0,28,0,44,63,0,37,0,62;53,78,0,0,28,0,0,74,0,0
0,0,0,0,20,21,0,0,33,0;38,0,24,39,0,0,0,28,0,20;0,0,0,24,0,32,0,29,0,26;22,0,33,0,22,0,26,0,0,29;0,0,24,20,0,19,0,0,36,37;0,0,0,34,25,0,33,35,22,0;26,34,22,25,38,40,0,29,23,26;24,35,29,37,0,30,40,0,27,34;31,0,25,0,24,20,0,32,0,39;22,38,0,0,32,0,0,21,0,0
-19,19,0,0,0,0,0,0,0,0
------------- End of Scenario k = 24 -------
0,0,0,0,35,55,0,0,73,0;65,0,80,77,0,0,0,23,0,43;0,0,0,80,0,45,0,37,0,48;62,0,59,0,60,0,35,0,0,75;0,0,51,50,0,75,0,0,22,63;0,0,0,45,67,0,65,22,49,0;56,36,57,70,80,48,0,80,37,21;39,54,79,36,0,70,20,0,80,60;38,0,52,0,28,55,0,40,0,72;72,49,0,0,42,0,0,64,0,0
0,0,0,0,32,31,0,0,39,0;30,0,37,36,0,0,0,25,0,20;0,0,0,29,0,29,0,37,0,39;29,0,22,0,21,0,33,0,0,37;0,0,39,29,0,35,0,0,24,26;0,0,0,36,38,0,40,36,28,0;32,21,30,33,38,29,0,24,22,37;40,23,38,23,0,30,33,0,39,20;34,0,25,0,37,30,0,22,0,26;32,38,0,0,21,0,0,36,0,0
-16,16,0,0,0,0,0,0,0,0
------------- End of Scenario k = 25 -------
0,0,0,0,49,45,0,0,54,0;31,0,68,30,0,0,0,23,0,28;0,0,0,33,0,30,0,29,0,50;21,0,45,0,61,0,65,0,0,60;0,0,24,44,0,25,0,0,31,43;0,0,0,52,67,0,80,29,67,0;80,22,45,77,42,52,0,80,66,57;68,64,73,51,0,43,25,0,61,78;62,0,42,0,71,39,0,24,0,80;54,53,0,0,48,0,0,22,0,0
0,0,0,0,33,40,0,0,22,0;24,0,32,33,0,0,0,33,0,31;0,0,0,34,0,34,0,25,0,26;30,0,31,0,30,0,36,0,0,26;0,0,29,33,0,40,0,0,33,22;0,0,0,24,33,0,36,25,24,0;30,33,20,38,40,23,0,35,36,35;22,26,40,24,0,34,22,0,32,21;20,0,29,0,31,28,0,22,0,34;31,28,0,0,29,0,0,24,0,0
-30,30,0,0,0,0,0,0,0,0
------------- End of Scenario k = 26 -------
0,0,0,0,29,30,0,0,40,0;49,0,23,64,0,0,0,79,0,77;0,0,0,79,0,68,0,21,0,57;51,0,36,0,28,0,80,0,0,58;0,0,23,45,0,24,0,0,80,27;0,0,0,53,35,0,80,74,60,0;80,22,61,31,56,25,0,80,67,64;50,49,60,68,0,65,76,0,80,60;34,0,47,0,71,35,0,71,0,80;60,71,0,0,29,0,0,56,0,0
0,0,0,0,31,20,0,0,34,0;25,0,10,27,0,0,0,23,0,32;0,0,0,10,0,20,0,35,0,26;25,0,27,0,24,0,24,0,0,21;0,0,20,39,0,25,0,0,32,29;0,0,0,22,20,0,39,30,40,0;13,35,26,40,39,32,0,12,20,34;20,27,25,30,0,31,32,0,40,35;22,0,38,0,33,30,0,38,0,23;38,38,0,0,25,0,0,39,0,0
-10,10,0,0,0,0,0,0,0,0
------------- End of Scenario k = 27 -------
0,0,0,0,69,52,0,0,70,0;20,0,80,45,0,0,0,75,0,64;0,0,0,80,0,78,0,55,0,50;65,0,75,0,48,0,35,0,0,75;0,0,20,52,0,63,0,0,73,70;0,0,0,78,52,0,22,29,73,0;80,46,53,25,70,23,0,80,75,40;26,67,73,65,0,47,22,0,80,50;32,0,33,0,35,76,0,36,0,80;34,57,0,0,55,0,0,27,0,0
0,0,0,0,23,21,0,0,30,0;27,0,34,21,0,0,0,29,0,31;0,0,0,39,0,38,0,22,0,30;28,0,33,0,36,0,33,0,0,40;0,0,28,40,0,38,0,0,32,39;0,0,0,25,39,0,35,37,39,0;32,39,20,28,24,40,0,29,22,20;28,33,29,24,0,35,26,0,31,26;26,0,27,0,32,38,0,34,0,38;37,39,0,0,22,0,0,35,0,0
-28,28,0,0,0,0,0,0,0,0
------------- End of Scenario k = 28 -------
0,0,0,0,66,38,0,0,64,0;62,0,54,33,0,0,0,71,0,47;0,0,0,80,0,35,0,21,0,34;50,0,77,0,67,0,27,0,0,35;0,0,59,37,0,80,0,0,62,26;0,0,0,46,65,0,80,50,35,0;80,50,62,77,38,21,0,80,41,22;43,49,65,59,0,51,24,0,80,21;54,0,73,0,57,32,0,77,0,60;51,26,0,0,33,0,0,45,0,0
0,0,0,0,39,25,0,0,22,0;32,0,35,20,0,0,0,27,0,39;0,0,0,37,0,32,0,39,0,30;26,0,29,0,30,0,30,0,0,25;0,0,23,22,0,35,0,0,25,21;0,0,0,24,25,0,40,25,24,0;26,39,31,26,25,38,0,32,40,26;28,26,21,33,0,24,39,0,32,21;31,0,28,0,38,29,0,22,0,38;30,24,0,0,21,0,0,40,0,0
-26,26,0,0,0,0,0,0,0,0
------------- End of Scenario k = 29 -------
