/ -------------------------------------------------------------------------
An instance of the stochastic Fixed - charge Network Flow Problem using NETGEN.
/ -------------------------------------------------------------------------
Number of Nodes (no Dummy node is added), n
Graph Density, density
The fixed cost to variable cost ratio, f
Adjacency Matrix, A
Fixed Cost Matrix, c
Number of scenarios, K
Scenario Probabilities, p
----The following three rows will be repeated K times.----
Var Cost Matrix, d
Capacity, u
demand, b
/ -------------------------------------------------------------------------
+
10
0.6
200
0,1,0,1,1,1,0,1,1,1;1,0,1,0,0,1,1,1,1,0;1,1,0,1,1,0,1,1,0,0;0,1,0,0,1,1,1,0,1,0;0,1,1,0,0,1,1,0,0,0;1,1,0,1,0,0,0,1,1,1;1,0,1,0,1,1,0,1,0,0;0,0,0,1,1,1,1,0,1,1;1,0,1,1,1,1,0,0,0,0;0,1,1,0,0,0,1,0,1,0
0,9573,0,8920,10606,10026,0,10653,10360,10113;9680,0,14333,0,0,10173,9666,9633,9286,0;10153,9660,0,9326,13906,0,11273,11033,0,0;0,11266,0,0,9006,9446,9013,0,10146,0;0,9793,9333,0,0,12806,10620,0,0,0;13440,9406,0,12026,0,0,0,13740,10686,8886;10993,0,9273,0,9933,9946,0,9313,0,0;0,0,0,9966,10253,11226,9533,0,13993,12300;10366,0,10933,9633,9333,10913,0,0,0,0;0,9846,9333,0,0,0,9933,0,9380,0
30
0.01,0.01,0.03,0.03,0.06,0.06,0.16,0.01,0.01,0.01,0.03,0.01,0.01,0.01,0.05,0.01,0.05,0.01,0.01,0.01,0.03,0.06,0.01,0.01,0.05,0.01,0.01,0.01,0.03,0.19
--Scenarios--
0,35,0,20,66,48,0,43,37,78;58,0,71,0,0,64,67,42,42,0;45,21,0,44,80,0,35,23,0,0;0,34,0,0,50,54,49,0,47,0;0,78,37,0,0,77,56,0,0,0;80,64,0,22,0,0,0,80,57,48;77,0,72,0,26,54,0,26,0,0;0,0,0,62,49,70,44,0,80,49;53,0,55,50,76,41,0,0,0,0;0,58,20,0,0,0,30,0,36,0
0,21,0,32,23,39,0,26,20,35;38,0,36,0,0,22,34,29,24,0;21,29,0,20,24,0,23,23,0,0;0,39,0,0,25,32,39,0,37,0;0,20,38,0,0,24,36,0,0,0;30,36,0,37,0,0,0,29,31,39;28,0,26,0,35,20,0,40,0,0;0,0,0,25,33,23,25,0,30,31;33,0,38,20,32,35,0,0,0,0;0,20,21,0,0,0,26,0,37,0
-17,21,0,-2,0,0,-1,0,-1,0
------------- End of Scenario k = 0 -------
0,55,0,30,58,20,0,80,55,42;26,0,80,0,0,34,53,29,75,0;23,23,0,63,80,0,80,63,0,0;0,45,0,0,23,33,38,0,52,0;0,69,51,0,0,74,47,0,0,0;68,60,0,44,0,0,0,38,68,29;64,0,74,0,29,24,0,71,0,0;0,0,0,61,80,61,45,0,80,80;48,0,72,21,32,47,0,0,0,0;0,33,62,0,0,0,59,0,53,0
0,30,0,21,36,21,0,40,36,35;24,0,24,0,0,23,27,40,40,0;38,39,0,32,32,0,35,21,0,0;0,29,0,0,33,28,22,0,25,0;0,27,29,0,0,24,23,0,0,0;23,34,0,35,0,0,0,22,23,28;20,0,26,0,27,40,0,28,0,0;0,0,0,35,34,37,37,0,26,28;25,0,29,32,38,34,0,0,0,0;0,23,32,0,0,0,29,0,33,0
-9,21,0,-1,0,0,-3,0,-8,0
------------- End of Scenario k = 1 -------
0,21,0,32,74,40,0,46,38,22;50,0,80,0,0,66,60,33,42,0;67,70,0,22,74,0,54,60,0,0;0,59,0,0,45,32,33,0,73,0;0,74,31,0,0,52,71,0,0,0;80,62,0,74,0,0,0,80,51,26;40,0,37,0,57,57,0,41,0,0;0,0,0,65,50,42,54,0,67,74;48,0,23,63,58,38,0,0,0,0;0,69,54,0,0,0,62,0,51,0
0,36,0,24,37,28,0,30,25,33;26,0,40,0,0,29,29,29,21,0;23,39,0,40,35,0,36,38,0,0;0,25,0,0,27,33,25,0,32,0;0,25,38,0,0,35,32,0,0,0;38,35,0,29,0,0,0,35,22,26;31,0,29,0,39,24,0,21,0,0;0,0,0,36,38,40,32,0,28,38;36,0,31,31,22,30,0,0,0,0;0,21,38,0,0,0,30,0,29,0
-6,28,0,-14,0,0,-1,0,-7,0
------------- End of Scenario k = 2 -------
0,25,0,35,55,65,0,58,43,38;38,0,80,0,0,38,25,77,27,0;35,75,0,61,80,0,80,31,0,0;0,58,0,0,25,24,26,0,40,0;0,66,75,0,0,80,66,0,0,0;80,80,0,69,0,0,0,61,74,21;41,0,74,0,52,30,0,24,0,0;0,0,0,65,73,28,35,0,80,34;76,0,74,44,30,28,0,0,0,0;0,29,36,0,0,0,29,0,55,0
0,29,0,24,32,26,0,20,30,32;33,0,12,0,0,26,22,28,34,0;29,37,0,34,32,0,16,39,0,0;0,34,0,0,37,39,37,0,38,0;0,37,35,0,0,33,39,0,0,0;11,21,0,26,0,0,0,19,29,33;36,0,35,0,22,28,0,35,0,0;0,0,0,39,25,38,40,0,14,32;28,0,31,32,36,27,0,0,0,0;0,29,21,0,0,0,23,0,36,0
-1,11,0,-4,0,0,-3,0,-3,0
------------- End of Scenario k = 3 -------
0,22,0,62,74,48,0,71,53,36;58,0,57,0,0,25,33,56,29,0;29,35,0,20,80,0,21,58,0,0;0,72,0,0,41,70,36,0,42,0;0,71,29,0,0,80,58,0,0,0;51,24,0,80,0,0,0,80,33,20;57,0,33,0,63,43,0,24,0,0;0,0,0,61,25,77,50,0,80,80;68,0,79,62,54,65,0,0,0,0;0,51,22,0,0,0,52,0,45,0
0,25,0,27,38,38,0,25,29,40;30,0,13,0,0,36,28,32,30,0;25,22,0,23,14,0,31,39,0,0;0,32,0,0,23,25,38,0,40,0;0,29,31,0,0,35,32,0,0,0;31,21,0,22,0,0,0,37,38,39;26,0,33,0,31,39,0,26,0,0;0,0,0,25,25,28,28,0,34,25;30,0,38,35,33,40,0,0,0,0;0,20,23,0,0,0,29,0,35,0
-5,13,0,-1,0,0,0,0,-7,0
------------- End of Scenario k = 4 -------
0,80,0,73,55,43,0,34,54,44;24,0,80,0,0,44,26,66,69,0;61,54,0,62,80,0,21,33,0,0;0,47,0,0,79,48,73,0,45,0;0,29,30,0,0,80,51,0,0,0;80,42,0,80,0,0,0,80,59,52;31,0,31,0,64,26,0,72,0,0;0,0,0,24,56,33,35,0,50,32;30,0,60,55,25,71,0,0,0,0;0,56,34,0,0,0,72,0,37,0
0,33,0,23,38,34,0,36,23,31;27,0,35,0,0,28,38,31,34,0;25,35,0,36,31,0,39,32,0,0;0,20,0,0,24,38,34,0,21,0;0,28,36,0,0,36,32,0,0,0;40,39,0,40,0,0,0,28,37,23;25,0,39,0,28,31,0,21,0,0;0,0,0,32,36,24,29,0,27,30;37,0,29,27,40,31,0,0,0,0;0,29,22,0,0,0,36,0,38,0
-11,24,0,-4,0,0,-5,0,-4,0
------------- End of Scenario k = 5 -------
0,54,0,53,56,32,0,61,28,78;69,0,80,0,0,40,47,26,35,0;74,24,0,24,51,0,80,73,0,0;0,32,0,0,26,44,51,0,55,0;0,42,36,0,0,80,67,0,0,0;31,39,0,63,0,0,0,59,27,46;48,0,49,0,26,80,0,48,0,0;0,0,0,28,66,61,72,0,80,33;27,0,25,22,61,50,0,0,0,0;0,79,57,0,0,0,53,0,38,0
0,30,0,30,34,23,0,22,36,37;21,0,32,0,0,34,20,32,30,0;29,32,0,20,29,0,33,25,0,0;0,28,0,0,39,32,21,0,36,0;0,22,23,0,0,30,29,0,0,0;36,27,0,14,0,0,0,35,29,23;25,0,32,0,33,36,0,35,0,0;0,0,0,23,35,36,26,0,27,11;39,0,23,25,32,24,0,0,0,0;0,38,36,0,0,0,39,0,36,0
-1,10,0,-4,0,0,0,0,-5,0
------------- End of Scenario k = 6 -------
0,78,0,80,34,61,0,36,44,28;74,0,29,0,0,56,34,31,48,0;74,41,0,52,80,0,39,58,0,0;0,42,0,0,63,71,62,0,80,0;0,57,37,0,0,61,54,0,0,0;29,75,0,51,0,0,0,80,74,63;24,0,45,0,60,23,0,50,0,0;0,0,0,72,72,54,80,0,80,61;35,0,51,63,35,75,0,0,0,0;0,29,33,0,0,0,79,0,40,0
0,20,0,28,36,39,0,36,25,35;35,0,31,0,0,30,35,31,34,0;33,35,0,35,25,0,36,25,0,0;0,25,0,0,38,38,34,0,38,0;0,21,26,0,0,29,37,0,0,0;22,27,0,40,0,0,0,22,28,20;36,0,21,0,32,28,0,32,0,0;0,0,0,38,30,26,37,0,31,40;23,0,21,25,34,32,0,0,0,0;0,22,40,0,0,0,39,0,38,0
-7,22,0,-3,0,0,-11,0,-1,0
------------- End of Scenario k = 7 -------
0,48,0,28,20,64,0,62,44,25;78,0,80,0,0,68,32,33,58,0;76,80,0,30,80,0,48,62,0,0;0,20,0,0,25,36,21,0,59,0;0,57,77,0,0,35,38,0,0,0;20,73,0,80,0,0,0,80,44,38;28,0,29,0,48,80,0,77,0,0;0,0,0,25,63,27,72,0,33,27;23,0,58,26,80,41,0,0,0,0;0,72,42,0,0,0,20,0,23,0
0,27,0,22,26,20,0,36,23,25;23,0,34,0,0,20,32,21,27,0;37,21,0,21,34,0,28,24,0,0;0,27,0,0,40,37,37,0,24,0;0,35,37,0,0,29,32,0,0,0;24,40,0,22,0,0,0,30,25,20;24,0,39,0,26,33,0,23,0,0;0,0,0,23,28,23,34,0,40,36;35,0,24,29,28,35,0,0,0,0;0,26,25,0,0,0,21,0,23,0
-11,21,0,-4,0,0,-2,0,-4,0
------------- End of Scenario k = 8 -------
0,36,0,38,51,28,0,62,48,72;25,0,80,0,0,72,80,60,73,0;60,79,0,25,80,0,33,74,0,0;0,65,0,0,59,40,67,0,26,0;0,38,70,0,0,26,28,0,0,0;80,29,0,40,0,0,0,80,46,44;76,0,57,0,39,74,0,27,0,0;0,0,0,49,73,57,29,0,51,80;55,0,59,39,67,63,0,0,0,0;0,51,79,0,0,0,46,0,41,0
0,20,0,27,37,30,0,20,36,39;37,0,25,0,0,26,35,36,38,0;24,36,0,26,34,0,24,37,0,0;0,28,0,0,40,25,36,0,30,0;0,21,36,0,0,25,24,0,0,0;35,33,0,19,0,0,0,29,38,30;21,0,30,0,37,22,0,39,0,0;0,0,0,21,25,31,38,0,17,24;37,0,21,28,32,31,0,0,0,0;0,27,25,0,0,0,20,0,39,0
-10,14,0,-1,0,0,-2,0,-1,0
------------- End of Scenario k = 9 -------
0,59,0,24,61,32,0,59,68,44;45,0,80,0,0,36,22,48,49,0;40,79,0,65,80,0,52,40,0,0;0,69,0,0,80,50,32,0,60,0;0,23,25,0,0,56,62,0,0,0;66,21,0,75,0,0,0,80,57,37;72,0,25,0,55,50,0,54,0,0;0,0,0,64,43,64,64,0,80,80;43,0,76,26,52,69,0,0,0,0;0,49,73,0,0,0,58,0,79,0
0,37,0,25,35,35,0,35,26,34;26,0,37,0,0,22,31,24,33,0;37,35,0,28,37,0,30,22,0,0;0,34,0,0,34,32,23,0,30,0;0,34,38,0,0,34,32,0,0,0;36,34,0,29,0,0,0,35,25,26;21,0,38,0,30,28,0,32,0,0;0,0,0,33,35,39,25,0,36,31;29,0,35,24,29,32,0,0,0,0;0,25,29,0,0,0,35,0,23,0
-12,29,0,-9,0,0,-4,0,-4,0
------------- End of Scenario k = 10 -------
0,31,0,25,62,20,0,41,47,68;38,0,53,0,0,30,71,78,39,0;21,55,0,65,80,0,74,78,0,0;0,63,0,0,33,58,38,0,42,0;0,42,70,0,0,80,75,0,0,0;80,33,0,79,0,0,0,80,67,28;63,0,30,0,78,51,0,27,0,0;0,0,0,56,77,26,25,0,80,80;32,0,75,26,45,56,0,0,0,0;0,78,40,0,0,0,33,0,76,0
0,37,0,32,40,26,0,29,22,22;28,0,25,0,0,33,39,38,31,0;33,39,0,24,33,0,18,27,0,0;0,30,0,0,21,38,26,0,22,0;0,35,32,0,0,33,31,0,0,0;24,39,0,35,0,0,0,38,34,28;35,0,29,0,20,36,0,32,0,0;0,0,0,24,35,31,30,0,32,26;38,0,40,34,40,40,0,0,0,0;0,26,35,0,0,0,40,0,21,0
-1,17,0,-6,0,0,-6,0,-4,0
------------- End of Scenario k = 11 -------
0,20,0,80,63,60,0,66,24,57;39,0,80,0,0,27,22,64,74,0;63,71,0,79,31,0,60,48,0,0;0,57,0,0,68,37,20,0,46,0;0,64,31,0,0,80,73,0,0,0;70,24,0,80,0,0,0,80,80,53;77,0,46,0,80,65,0,56,0,0;0,0,0,80,32,62,27,0,80,52;39,0,63,67,24,42,0,0,0,0;0,27,47,0,0,0,42,0,44,0
0,20,0,28,38,28,0,40,38,29;26,0,39,0,0,40,22,37,37,0;35,36,0,39,23,0,33,30,0,0;0,22,0,0,28,25,35,0,26,0;0,30,27,0,0,12,25,0,0,0;16,22,0,23,0,0,0,18,21,35;21,0,24,0,33,24,0,23,0,0;0,0,0,40,39,31,38,0,20,32;34,0,32,38,23,39,0,0,0,0;0,24,20,0,0,0,26,0,24,0
-2,12,0,-5,0,0,-3,0,-2,0
------------- End of Scenario k = 12 -------
0,69,0,35,70,66,0,74,29,67;21,0,80,0,0,34,27,40,72,0;65,33,0,61,80,0,80,57,0,0;0,68,0,0,33,57,33,0,47,0;0,45,31,0,0,80,72,0,0,0;80,42,0,53,0,0,0,80,65,77;49,0,78,0,26,80,0,31,0,0;0,0,0,24,39,45,51,0,59,28;59,0,72,42,39,57,0,0,0,0;0,65,62,0,0,0,35,0,33,0
0,36,0,31,22,33,0,28,31,35;22,0,28,0,0,24,21,39,20,0;27,24,0,34,36,0,28,21,0,0;0,20,0,0,39,33,28,0,20,0;0,34,30,0,0,34,27,0,0,0;29,26,0,25,0,0,0,32,34,34;23,0,23,0,32,32,0,32,0,0;0,0,0,22,26,40,34,0,23,24;22,0,20,30,32,20,0,0,0,0;0,22,36,0,0,0,28,0,40,0
-2,21,0,-2,0,0,-12,0,-5,0
------------- End of Scenario k = 13 -------
0,27,0,25,75,79,0,39,80,33;60,0,80,0,0,37,40,79,25,0;46,35,0,34,39,0,80,58,0,0;0,52,0,0,58,34,42,0,55,0;0,58,22,0,0,23,41,0,0,0;50,73,0,80,0,0,0,24,31,32;64,0,58,0,54,46,0,23,0,0;0,0,0,62,70,72,33,0,80,39;54,0,37,62,33,63,0,0,0,0;0,67,66,0,0,0,60,0,62,0
0,34,0,24,25,20,0,20,23,21;33,0,38,0,0,21,28,20,30,0;20,35,0,31,27,0,37,37,0,0;0,25,0,0,24,21,37,0,29,0;0,22,20,0,0,25,37,0,0,0;20,35,0,27,0,0,0,25,37,25;26,0,32,0,22,29,0,31,0,0;0,0,0,33,30,26,26,0,34,31;30,0,24,22,31,37,0,0,0,0;0,21,29,0,0,0,37,0,37,0
-4,18,0,-4,0,0,-5,0,-5,0
------------- End of Scenario k = 14 -------
0,80,0,62,55,79,0,45,61,58;69,0,80,0,0,46,79,33,26,0;45,31,0,61,80,0,38,76,0,0;0,44,0,0,20,45,20,0,71,0;0,62,38,0,0,80,73,0,0,0;80,41,0,29,0,0,0,41,77,47;65,0,46,0,51,46,0,54,0,0;0,0,0,53,30,71,54,0,80,31;78,0,49,77,78,40,0,0,0,0;0,41,24,0,0,0,20,0,39,0
0,23,0,39,25,32,0,25,27,30;34,0,28,0,0,22,26,39,38,0;23,39,0,40,28,0,35,37,0,0;0,20,0,0,36,22,29,0,33,0;0,20,23,0,0,29,24,0,0,0;33,29,0,16,0,0,0,36,24,28;22,0,36,0,40,28,0,28,0,0;0,0,0,35,34,32,30,0,14,32;39,0,38,37,27,22,0,0,0,0;0,29,34,0,0,0,20,0,24,0
-3,14,0,-2,0,0,-2,0,-7,0
------------- End of Scenario k = 15 -------
0,26,0,57,37,54,0,45,52,39;55,0,80,0,0,71,77,21,39,0;20,29,0,23,80,0,25,75,0,0;0,32,0,0,39,69,30,0,68,0;0,27,65,0,0,67,28,0,0,0;80,40,0,80,0,0,0,45,47,75;32,0,53,0,36,42,0,30,0,0;0,0,0,46,69,58,77,0,80,80;60,0,49,65,21,53,0,0,0,0;0,33,51,0,0,0,39,0,49,0
0,30,0,28,24,32,0,31,27,37;35,0,37,0,0,32,20,30,36,0;37,32,0,21,30,0,29,40,0,0;0,22,0,0,29,40,34,0,26,0;0,35,35,0,0,29,32,0,0,0;33,20,0,32,0,0,0,38,24,30;28,0,40,0,34,23,0,40,0,0;0,0,0,20,28,39,20,0,36,38;35,0,32,27,40,24,0,0,0,0;0,40,27,0,0,0,25,0,29,0
-8,28,0,-14,0,0,-1,0,-5,0
------------- End of Scenario k = 16 -------
0,51,0,21,25,51,0,76,72,74;24,0,80,0,0,64,53,24,44,0;54,78,0,21,80,0,57,44,0,0;0,69,0,0,26,49,25,0,59,0;0,61,58,0,0,80,58,0,0,0;80,37,0,61,0,0,0,80,38,35;71,0,56,0,59,60,0,44,0,0;0,0,0,49,40,74,55,0,80,80;54,0,28,58,69,61,0,0,0,0;0,65,47,0,0,0,46,0,56,0
0,29,0,34,36,35,0,26,23,22;37,0,38,0,0,38,25,20,22,0;28,20,0,27,25,0,37,25,0,0;0,31,0,0,20,28,33,0,37,0;0,37,40,0,0,34,24,0,0,0;33,40,0,39,0,0,0,31,27,38;30,0,30,0,38,29,0,21,0,0;0,0,0,40,39,38,21,0,37,32;20,0,24,26,30,37,0,0,0,0;0,31,31,0,0,0,24,0,40,0
-4,25,0,-5,0,0,-12,0,-4,0
------------- End of Scenario k = 17 -------
0,76,0,20,50,45,0,58,74,41;33,0,80,0,0,60,71,37,60,0;69,41,0,77,38,0,51,49,0,0;0,70,0,0,20,42,38,0,35,0;0,36,62,0,0,80,48,0,0,0;80,38,0,80,0,0,0,80,40,50;80,0,46,0,20,27,0,51,0,0;0,0,0,54,26,31,22,0,80,45;80,0,68,63,64,76,0,0,0,0;0,31,55,0,0,0,67,0,50,0
0,30,0,25,31,37,0,34,39,22;28,0,23,0,0,26,34,24,25,0;39,35,0,22,35,0,21,33,0,0;0,34,0,0,31,37,39,0,32,0;0,33,31,0,0,17,27,0,0,0;28,38,0,27,0,0,0,33,24,27;32,0,24,0,28,40,0,40,0,0;0,0,0,23,21,23,30,0,38,32;28,0,36,31,36,27,0,0,0,0;0,37,22,0,0,0,39,0,30,0
-2,16,0,-10,0,0,-1,0,-3,0
------------- End of Scenario k = 18 -------
0,69,0,35,80,34,0,53,49,41;42,0,80,0,0,46,63,20,57,0;43,57,0,58,80,0,80,54,0,0;0,62,0,0,39,39,64,0,26,0;0,28,48,0,0,80,70,0,0,0;80,23,0,29,0,0,0,52,69,23;73,0,42,0,45,48,0,49,0,0;0,0,0,46,62,79,75,0,50,80;62,0,22,67,22,64,0,0,0,0;0,41,77,0,0,0,73,0,39,0
0,34,0,33,32,38,0,36,27,34;31,0,40,0,0,31,36,29,27,0;40,37,0,31,27,0,30,25,0,0;0,40,0,0,36,34,20,0,21,0;0,27,37,0,0,37,21,0,0,0;27,25,0,37,0,0,0,30,26,27;40,0,22,0,33,26,0,36,0,0;0,0,0,33,39,31,36,0,37,40;30,0,37,28,25,26,0,0,0,0;0,23,33,0,0,0,24,0,38,0
-7,24,0,-4,0,0,-3,0,-10,0
------------- End of Scenario k = 19 -------
0,73,0,65,28,58,0,80,53,35;56,0,62,0,0,58,53,43,50,0;78,36,0,24,80,0,80,71,0,0;0,77,0,0,42,62,73,0,27,0;0,30,34,0,0,43,54,0,0,0;80,64,0,80,0,0,0,80,72,56;39,0,26,0,79,60,0,24,0,0;0,0,0,25,61,54,44,0,47,78;55,0,45,20,49,72,0,0,0,0;0,58,30,0,0,0,52,0,70,0
0,27,0,36,28,40,0,38,26,40;29,0,24,0,0,38,27,23,24,0;31,31,0,27,26,0,38,24,0,0;0,26,0,0,40,20,21,0,22,0;0,39,26,0,0,31,33,0,0,0;24,24,0,25,0,0,0,26,34,38;26,0,39,0,25,26,0,34,0,0;0,0,0,36,26,40,33,0,29,24;38,0,36,23,36,35,0,0,0,0;0,26,25,0,0,0,22,0,25,0
-6,24,0,-15,0,0,-1,0,-2,0
------------- End of Scenario k = 20 -------
0,54,0,64,68,39,0,36,24,65;50,0,80,0,0,77,24,69,39,0;23,49,0,80,37,0,66,36,0,0;0,68,0,0,70,26,79,0,62,0;0,41,56,0,0,31,59,0,0,0;80,75,0,80,0,0,0,77,25,27;51,0,80,0,48,33,0,54,0,0;0,0,0,31,36,78,49,0,30,80;73,0,79,70,51,56,0,0,0,0;0,50,26,0,0,0,28,0,32,0
0,38,0,24,38,35,0,22,36,40;31,0,32,0,0,37,31,36,30,0;29,24,0,36,19,0,31,32,0,0;0,31,0,0,32,30,24,0,33,0;0,31,28,0,0,22,38,0,0,0;27,36,0,17,0,0,0,23,20,34;40,0,25,0,39,34,0,34,0,0;0,0,0,39,37,20,35,0,26,38;22,0,25,34,39,20,0,0,0,0;0,38,31,0,0,0,28,0,32,0
-1,14,0,-2,0,0,-10,0,-1,0
------------- End of Scenario k = 21 -------
0,64,0,21,30,72,0,62,56,79;55,0,80,0,0,72,39,73,29,0;21,68,0,73,80,0,31,58,0,0;0,75,0,0,68,44,20,0,32,0;0,51,44,0,0,80,67,0,0,0;80,33,0,24,0,0,0,80,35,73;71,0,64,0,47,77,0,48,0,0;0,0,0,53,25,56,29,0,80,60;44,0,46,27,24,38,0,0,0,0;0,24,79,0,0,0,74,0,78,0
0,21,0,35,32,39,0,33,26,30;34,0,38,0,0,37,27,24,30,0;28,20,0,32,22,0,28,28,0,0;0,38,0,0,30,20,31,0,37,0;0,23,39,0,0,21,25,0,0,0;40,35,0,21,0,0,0,18,28,39;29,0,30,0,40,36,0,20,0,0;0,0,0,40,35,40,33,0,30,23;34,0,25,28,31,35,0,0,0,0;0,36,31,0,0,0,21,0,34,0
-4,17,0,-3,0,0,0,0,-10,0
------------- End of Scenario k = 22 -------
0,78,0,41,57,70,0,24,63,49;70,0,55,0,0,44,29,54,43,0;72,22,0,24,80,0,80,80,0,0;0,61,0,0,69,40,45,0,77,0;0,35,22,0,0,80,29,0,0,0;48,59,0,80,0,0,0,80,22,45;35,0,55,0,47,39,0,70,0,0;0,0,0,20,50,69,26,0,80,47;78,0,55,32,23,67,0,0,0,0;0,57,65,0,0,0,64,0,49,0
0,38,0,35,39,31,0,38,24,38;23,0,37,0,0,33,30,40,35,0;36,40,0,40,40,0,40,37,0,0;0,34,0,0,22,20,27,0,23,0;0,33,29,0,0,36,20,0,0,0;29,28,0,35,0,0,0,31,29,39;21,0,22,0,39,28,0,22,0,0;0,0,0,24,25,34,36,0,27,26;26,0,38,36,22,36,0,0,0,0;0,32,30,0,0,0,30,0,25,0
-4,26,0,-6,0,0,-12,0,-4,0
------------- End of Scenario k = 23 -------
0,39,0,68,70,63,0,55,71,34;56,0,23,0,0,77,63,48,66,0;49,36,0,48,70,0,51,73,0,0;0,58,0,0,35,61,35,0,38,0;0,66,32,0,0,80,29,0,0,0;44,44,0,39,0,0,0,73,57,54;31,0,27,0,70,42,0,49,0,0;0,0,0,37,32,58,56,0,55,49;38,0,32,73,33,37,0,0,0,0;0,53,58,0,0,0,70,0,40,0
0,23,0,27,24,34,0,25,40,34;24,0,27,0,0,20,20,31,34,0;40,32,0,31,39,0,27,36,0,0;0,27,0,0,26,31,40,0,24,0;0,34,34,0,0,40,22,0,0,0;21,31,0,37,0,0,0,36,23,29;33,0,38,0,29,36,0,28,0,0;0,0,0,40,23,25,20,0,34,31;37,0,40,24,39,37,0,0,0,0;0,30,36,0,0,0,36,0,39,0
-3,14,0,-4,0,0,-6,0,-1,0
------------- End of Scenario k = 24 -------
0,42,0,54,23,23,0,78,75,30;46,0,58,0,0,45,56,60,26,0;73,40,0,48,80,0,80,44,0,0;0,52,0,0,70,68,57,0,20,0;0,21,80,0,0,58,46,0,0,0;80,61,0,26,0,0,0,80,72,80;48,0,29,0,20,58,0,53,0,0;0,0,0,66,63,65,22,0,69,66;49,0,41,58,63,58,0,0,0,0;0,54,47,0,0,0,46,0,40,0
0,34,0,37,25,24,0,31,33,30;33,0,40,0,0,27,29,38,28,0;25,39,0,35,35,0,26,34,0,0;0,25,0,0,24,28,30,0,36,0;0,34,38,0,0,32,36,0,0,0;38,33,0,34,0,0,0,33,35,39;21,0,40,0,33,32,0,22,0,0;0,0,0,25,26,36,32,0,26,28;20,0,24,29,31,20,0,0,0,0;0,38,38,0,0,0,30,0,30,0
-1,25,0,-2,0,0,-19,0,-3,0
------------- End of Scenario k = 25 -------
0,22,0,37,44,62,0,53,77,37;62,0,80,0,0,38,34,30,50,0;34,60,0,41,80,0,63,44,0,0;0,50,0,0,25,63,57,0,49,0;0,49,39,0,0,30,28,0,0,0;60,38,0,22,0,0,0,51,47,62;47,0,24,0,56,59,0,50,0,0;0,0,0,50,65,35,71,0,80,80;39,0,59,21,55,40,0,0,0,0;0,22,41,0,0,0,42,0,38,0
0,34,0,21,37,37,0,27,37,26;39,0,37,0,0,34,29,39,20,0;27,21,0,26,39,0,38,28,0,0;0,39,0,0,30,23,23,0,39,0;0,28,31,0,0,35,28,0,0,0;34,29,0,30,0,0,0,33,32,27;40,0,37,0,32,33,0,27,0,0;0,0,0,25,37,24,28,0,38,39;26,0,32,33,27,26,0,0,0,0;0,30,20,0,0,0,40,0,26,0
-3,30,0,-5,0,0,-7,0,-15,0
------------- End of Scenario k = 26 -------
0,43,0,38,55,25,0,45,34,79;38,0,80,0,0,20,54,71,23,0;67,22,0,59,36,0,72,47,0,0;0,63,0,0,31,78,69,0,66,0;0,68,58,0,0,53,35,0,0,0;80,30,0,78,0,0,0,80,48,20;80,0,53,0,53,37,0,51,0,0;0,0,0,43,36,69,39,0,80,80;40,0,39,39,40,71,0,0,0,0;0,66,28,0,0,0,34,0,39,0
0,35,0,34,29,36,0,36,40,34;25,0,38,0,0,25,33,40,31,0;26,21,0,28,27,0,29,39,0,0;0,36,0,0,30,33,30,0,29,0;0,33,31,0,0,22,26,0,0,0;16,26,0,27,0,0,0,39,33,36;30,0,31,0,32,24,0,34,0,0;0,0,0,23,20,23,37,0,16,17;22,0,22,20,39,22,0,0,0,0;0,40,33,0,0,0,27,0,30,0
-2,13,0,-3,0,0,0,0,-8,0
------------- End of Scenario k = 27 -------
0,20,0,40,64,71,0,24,26,60;31,0,80,0,0,79,78,62,23,0;40,74,0,24,59,0,40,57,0,0;0,56,0,0,32,23,70,0,63,0;0,20,59,0,0,35,55,0,0,0;39,59,0,46,0,0,0,20,46,40;73,0,28,0,70,49,0,73,0,0;0,0,0,45,27,73,73,0,80,80;65,0,72,73,70,44,0,0,0,0;0,21,24,0,0,0,28,0,38,0
0,30,0,35,21,24,0,22,34,29;25,0,40,0,0,31,39,39,35,0;21,35,0,33,36,0,32,31,0,0;0,36,0,0,26,29,36,0,38,0;0,29,26,0,0,30,25,0,0,0;17,39,0,21,0,0,0,35,27,36;26,0,37,0,40,24,0,33,0,0;0,0,0,22,29,28,40,0,40,26;23,0,25,39,32,36,0,0,0,0;0,26,35,0,0,0,31,0,26,0
-10,16,0,-3,0,0,0,0,-3,0
------------- End of Scenario k = 28 -------
0,39,0,75,31,52,0,32,75,64;62,0,62,0,0,58,38,38,61,0;56,31,0,31,51,0,40,31,0,0;0,70,0,0,57,20,49,0,60,0;0,61,53,0,0,80,55,0,0,0;80,28,0,80,0,0,0,80,75,32;42,0,24,0,32,32,0,46,0,0;0,0,0,79,48,35,22,0,68,80;50,0,77,34,27,54,0,0,0,0;0,48,21,0,0,0,77,0,37,0
0,33,0,26,22,40,0,36,22,22;25,0,35,0,0,35,22,30,34,0;38,38,0,39,39,0,37,27,0,0;0,40,0,0,35,38,25,0,21,0;0,31,37,0,0,39,31,0,0,0;27,34,0,29,0,0,0,25,36,33;39,0,35,0,28,23,0,26,0,0;0,0,0,40,37,27,32,0,31,32;33,0,38,39,35,38,0,0,0,0;0,29,21,0,0,0,23,0,22,0
-5,25,0,-6,0,0,-10,0,-4,0
------------- End of Scenario k = 29 -------
