/ -------------------------------------------------------------------------
An instance of the stochastic Fixed - charge Network Flow Problem using NETGEN.
/ -------------------------------------------------------------------------
Number of Nodes (no Dummy node is added), n
Graph Density, density
The fixed cost to variable cost ratio, f
Adjacency Matrix, A
Fixed Cost Matrix, c
Number of scenarios, K
Scenario Probabilities, p
----The following three rows will be repeated K times.----
Var Cost Matrix, d
Capacity, u
demand, b
/ -------------------------------------------------------------------------
+
10
0.3
200
0,0,0,0,1,0,0,0,1,0;1,0,1,1,0,0,0,1,1,0;0,0,0,0,0,0,0,0,0,0;1,0,1,0,0,0,0,0,1,0;0,0,1,0,0,1,0,1,0,0;0,0,1,0,0,0,0,1,0,0;1,1,0,1,0,1,0,0,0,0;1,0,1,0,0,0,1,0,1,0;1,0,0,0,0,0,0,0,0,0;0,0,1,0,1,1,0,0,0,0
0,0,0,0,10400,0,0,0,10180,0;12646,0,12293,9886,0,0,0,9946,10513,0;0,0,0,0,0,0,0,0,0,0;9340,0,10500,0,0,0,0,0,8766,0;0,0,9746,0,0,12520,0,9320,0,0;0,0,9560,0,0,0,0,12960,0,0;12580,10613,0,12273,0,10240,0,0,0,0;13453,0,9313,0,0,0,11113,0,11940,0;10286,0,0,0,0,0,0,0,0,0;0,0,9360,0,12973,10893,0,0,0,0
30
0.03,0.05,0.01,0.03,0.03,0.05,0.01,0.01,0.06,0.01,0.03,0.03,0.06,0.01,0.01,0.05,0.06,0.01,0.01,0.01,0.03,0.06,0.05,0.03,0.03,0.01,0.03,0.01,0.03,0.15
--Scenarios--
0,0,0,0,75,0,0,0,57,0;74,0,66,38,0,0,0,72,35,0;0,0,0,0,0,0,0,0,0,0;50,0,48,0,0,0,0,0,40,0;0,0,27,0,0,80,0,29,0,0;0,0,40,0,0,0,0,80,0,0;80,73,0,38,0,31,0,0,0,0;80,0,57,0,0,0,73,0,52,0;56,0,0,0,0,0,0,0,0,0;0,0,20,0,69,70,0,0,0,0
0,0,0,0,27,0,0,0,20,0;17,0,39,24,0,0,0,34,28,0;0,0,0,0,0,0,0,0,0,0;27,0,31,0,0,0,0,0,24,0;0,0,36,0,0,27,0,38,0,0;0,0,38,0,0,0,0,20,0,0;34,34,0,40,0,40,0,0,0,0;26,0,20,0,0,0,26,0,21,0;30,0,0,0,0,0,0,0,0,0;0,0,20,0,15,31,0,0,0,0
-47,10,0,0,0,0,24,0,0,13
------------- End of Scenario k = 0 -------
0,0,0,0,49,0,0,0,52,0;33,0,58,32,0,0,0,53,22,0;0,0,0,0,0,0,0,0,0,0;79,0,71,0,0,0,0,0,70,0;0,0,69,0,0,34,0,33,0,0;0,0,37,0,0,0,0,24,0,0;48,63,0,80,0,77,0,0,0,0;80,0,44,0,0,0,40,0,80,0;32,0,0,0,0,0,0,0,0,0;0,0,45,0,80,71,0,0,0,0
0,0,0,0,25,0,0,0,40,0;40,0,29,27,0,0,0,32,29,0;0,0,0,0,0,0,0,0,0,0;26,0,31,0,0,0,0,0,27,0;0,0,23,0,0,32,0,23,0,0;0,0,39,0,0,0,0,31,0,0;30,33,0,36,0,22,0,0,0,0;28,0,23,0,0,0,21,0,27,0;26,0,0,0,0,0,0,0,0,0;0,0,27,0,40,37,0,0,0,0
-83,29,0,0,0,0,28,0,0,26
------------- End of Scenario k = 1 -------
0,0,0,0,57,0,0,0,28,0;34,0,40,71,0,0,0,63,72,0;0,0,0,0,0,0,0,0,0,0;56,0,28,0,0,0,0,0,29,0;0,0,59,0,0,57,0,25,0,0;0,0,65,0,0,0,0,80,0,0;80,33,0,25,0,64,0,0,0,0;80,0,39,0,0,0,55,0,50,0;36,0,0,0,0,0,0,0,0,0;0,0,28,0,24,43,0,0,0,0
0,0,0,0,27,0,0,0,21,0;34,0,33,31,0,0,0,26,39,0;0,0,0,0,0,0,0,0,0,0;25,0,40,0,0,0,0,0,31,0;0,0,25,0,0,28,0,38,0,0;0,0,36,0,0,0,0,37,0,0;27,35,0,23,0,37,0,0,0,0;38,0,24,0,0,0,33,0,36,0;39,0,0,0,0,0,0,0,0,0;0,0,34,0,35,39,0,0,0,0
-66,28,0,0,0,0,19,0,0,19
------------- End of Scenario k = 2 -------
0,0,0,0,32,0,0,0,56,0;24,0,80,68,0,0,0,27,62,0;0,0,0,0,0,0,0,0,0,0;57,0,66,0,0,0,0,0,42,0;0,0,71,0,0,80,0,46,0,0;0,0,49,0,0,0,0,80,0,0;80,31,0,24,0,30,0,0,0,0;68,0,46,0,0,0,57,0,22,0;37,0,0,0,0,0,0,0,0,0;0,0,47,0,80,50,0,0,0,0
0,0,0,0,23,0,0,0,36,0;29,0,39,20,0,0,0,25,25,0;0,0,0,0,0,0,0,0,0,0;34,0,39,0,0,0,0,0,29,0;0,0,39,0,0,22,0,26,0,0;0,0,34,0,0,0,0,29,0,0;31,40,0,30,0,37,0,0,0,0;27,0,24,0,0,0,24,0,32,0;32,0,0,0,0,0,0,0,0,0;0,0,32,0,21,29,0,0,0,0
-70,27,0,0,0,0,27,0,0,16
------------- End of Scenario k = 3 -------
0,0,0,0,39,0,0,0,66,0;34,0,80,48,0,0,0,74,61,0;0,0,0,0,0,0,0,0,0,0;29,0,73,0,0,0,0,0,23,0;0,0,34,0,0,71,0,53,0,0;0,0,76,0,0,0,0,80,0,0;59,79,0,80,0,52,0,0,0,0;63,0,25,0,0,0,69,0,80,0;64,0,0,0,0,0,0,0,0,0;0,0,68,0,40,59,0,0,0,0
0,0,0,0,20,0,0,0,40,0;28,0,33,37,0,0,0,22,30,0;0,0,0,0,0,0,0,0,0,0;21,0,26,0,0,0,0,0,27,0;0,0,23,0,0,26,0,40,0,0;0,0,27,0,0,0,0,38,0,0;33,24,0,37,0,37,0,0,0,0;26,0,37,0,0,0,38,0,38,0;28,0,0,0,0,0,0,0,0,0;0,0,39,0,26,32,0,0,0,0
-67,13,0,0,0,0,28,0,0,26
------------- End of Scenario k = 4 -------
0,0,0,0,20,0,0,0,76,0;35,0,80,29,0,0,0,46,66,0;0,0,0,0,0,0,0,0,0,0;33,0,57,0,0,0,0,0,42,0;0,0,46,0,0,80,0,42,0,0;0,0,29,0,0,0,0,80,0,0;59,23,0,45,0,74,0,0,0,0;31,0,45,0,0,0,40,0,48,0;80,0,0,0,0,0,0,0,0,0;0,0,27,0,80,69,0,0,0,0
0,0,0,0,28,0,0,0,29,0;39,0,27,38,0,0,0,29,25,0;0,0,0,0,0,0,0,0,0,0;23,0,35,0,0,0,0,0,35,0;0,0,26,0,0,33,0,31,0,0;0,0,23,0,0,0,0,32,0,0;33,25,0,28,0,34,0,0,0,0;32,0,37,0,0,0,32,0,37,0;24,0,0,0,0,0,0,0,0,0;0,0,25,0,26,40,0,0,0,0
-66,27,0,0,0,0,23,0,0,16
------------- End of Scenario k = 5 -------
0,0,0,0,64,0,0,0,47,0;80,0,29,76,0,0,0,60,42,0;0,0,0,0,0,0,0,0,0,0;59,0,80,0,0,0,0,0,52,0;0,0,56,0,0,80,0,36,0,0;0,0,37,0,0,0,0,80,0,0;80,45,0,80,0,61,0,0,0,0;80,0,68,0,0,0,26,0,80,0;24,0,0,0,0,0,0,0,0,0;0,0,39,0,54,51,0,0,0,0
0,0,0,0,29,0,0,0,22,0;21,0,21,28,0,0,0,26,27,0;0,0,0,0,0,0,0,0,0,0;27,0,27,0,0,0,0,0,27,0;0,0,34,0,0,26,0,23,0,0;0,0,32,0,0,0,0,37,0,0;32,36,0,40,0,39,0,0,0,0;38,0,21,0,0,0,40,0,28,0;37,0,0,0,0,0,0,0,0,0;0,0,27,0,40,27,0,0,0,0
-62,10,0,0,0,0,29,0,0,23
------------- End of Scenario k = 6 -------
0,0,0,0,47,0,0,0,24,0;50,0,80,27,0,0,0,31,66,0;0,0,0,0,0,0,0,0,0,0;22,0,77,0,0,0,0,0,54,0;0,0,41,0,0,37,0,23,0,0;0,0,30,0,0,0,0,79,0,0;52,72,0,20,0,44,0,0,0,0;69,0,39,0,0,0,56,0,80,0;21,0,0,0,0,0,0,0,0,0;0,0,61,0,80,45,0,0,0,0
0,0,0,0,39,0,0,0,21,0;32,0,36,34,0,0,0,24,38,0;0,0,0,0,0,0,0,0,0,0;27,0,34,0,0,0,0,0,34,0;0,0,21,0,0,35,0,38,0,0;0,0,38,0,0,0,0,32,0,0;32,28,0,37,0,20,0,0,0,0;36,0,21,0,0,0,24,0,32,0;29,0,0,0,0,0,0,0,0,0;0,0,21,0,35,28,0,0,0,0
-77,29,0,0,0,0,19,0,0,29
------------- End of Scenario k = 7 -------
0,0,0,0,32,0,0,0,69,0;80,0,49,63,0,0,0,31,80,0;0,0,0,0,0,0,0,0,0,0;36,0,24,0,0,0,0,0,57,0;0,0,43,0,0,80,0,63,0,0;0,0,51,0,0,0,0,65,0,0;80,57,0,45,0,63,0,0,0,0;21,0,70,0,0,0,31,0,38,0;36,0,0,0,0,0,0,0,0,0;0,0,51,0,49,41,0,0,0,0
0,0,0,0,40,0,0,0,27,0;37,0,35,25,0,0,0,22,33,0;0,0,0,0,0,0,0,0,0,0;29,0,36,0,0,0,0,0,22,0;0,0,40,0,0,14,0,21,0,0;0,0,33,0,0,0,0,20,0,0;36,20,0,27,0,28,0,0,0,0;38,0,33,0,0,0,33,0,19,0;30,0,0,0,0,0,0,0,0,0;0,0,40,0,40,32,0,0,0,0
-62,29,0,0,0,0,21,0,0,12
------------- End of Scenario k = 8 -------
0,0,0,0,80,0,0,0,58,0;64,0,80,30,0,0,0,51,67,0;0,0,0,0,0,0,0,0,0,0;35,0,41,0,0,0,0,0,29,0;0,0,43,0,0,58,0,56,0,0;0,0,33,0,0,0,0,80,0,0;80,21,0,46,0,49,0,0,0,0;80,0,69,0,0,0,72,0,80,0;20,0,0,0,0,0,0,0,0,0;0,0,70,0,37,77,0,0,0,0
0,0,0,0,34,0,0,0,38,0;38,0,38,40,0,0,0,39,37,0;0,0,0,0,0,0,0,0,0,0;32,0,23,0,0,0,0,0,28,0;0,0,37,0,0,32,0,34,0,0;0,0,32,0,0,0,0,32,0,0;40,21,0,26,0,27,0,0,0,0;34,0,30,0,0,0,34,0,37,0;37,0,0,0,0,0,0,0,0,0;0,0,22,0,33,24,0,0,0,0
-68,20,0,0,0,0,23,0,0,25
------------- End of Scenario k = 9 -------
0,0,0,0,57,0,0,0,65,0;34,0,80,22,0,0,0,80,39,0;0,0,0,0,0,0,0,0,0,0;61,0,24,0,0,0,0,0,35,0;0,0,62,0,0,70,0,79,0,0;0,0,73,0,0,0,0,80,0,0;80,66,0,80,0,30,0,0,0,0;80,0,41,0,0,0,55,0,31,0;31,0,0,0,0,0,0,0,0,0;0,0,35,0,63,38,0,0,0,0
0,0,0,0,36,0,0,0,35,0;32,0,16,23,0,0,0,31,25,0;0,0,0,0,0,0,0,0,0,0;38,0,28,0,0,0,0,0,24,0;0,0,31,0,0,23,0,35,0,0;0,0,33,0,0,0,0,32,0,0;39,25,0,37,0,25,0,0,0,0;21,0,35,0,0,0,32,0,28,0;20,0,0,0,0,0,0,0,0,0;0,0,40,0,32,29,0,0,0,0
-43,10,0,0,0,0,15,0,0,18
------------- End of Scenario k = 10 -------
0,0,0,0,47,0,0,0,73,0;80,0,80,25,0,0,0,44,37,0;0,0,0,0,0,0,0,0,0,0;40,0,48,0,0,0,0,0,35,0;0,0,22,0,0,27,0,41,0,0;0,0,36,0,0,0,0,80,0,0;80,49,0,67,0,35,0,0,0,0;80,0,38,0,0,0,72,0,20,0;70,0,0,0,0,0,0,0,0,0;0,0,69,0,23,20,0,0,0,0
0,0,0,0,23,0,0,0,32,0;27,0,30,29,0,0,0,21,33,0;0,0,0,0,0,0,0,0,0,0;26,0,20,0,0,0,0,0,25,0;0,0,23,0,0,31,0,31,0,0;0,0,24,0,0,0,0,17,0,0;33,27,0,36,0,39,0,0,0,0;36,0,34,0,0,0,24,0,24,0;32,0,0,0,0,0,0,0,0,0;0,0,25,0,15,36,0,0,0,0
-63,19,0,0,0,0,29,0,0,15
------------- End of Scenario k = 11 -------
0,0,0,0,50,0,0,0,35,0;80,0,32,67,0,0,0,76,65,0;0,0,0,0,0,0,0,0,0,0;46,0,58,0,0,0,0,0,45,0;0,0,61,0,0,53,0,37,0,0;0,0,49,0,0,0,0,80,0,0;56,72,0,80,0,78,0,0,0,0;80,0,32,0,0,0,45,0,56,0;32,0,0,0,0,0,0,0,0,0;0,0,30,0,80,71,0,0,0,0
0,0,0,0,26,0,0,0,31,0;26,0,36,38,0,0,0,31,40,0;0,0,0,0,0,0,0,0,0,0;25,0,34,0,0,0,0,0,20,0;0,0,26,0,0,27,0,23,0,0;0,0,27,0,0,0,0,29,0,0;27,35,0,33,0,40,0,0,0,0;27,0,40,0,0,0,21,0,22,0;35,0,0,0,0,0,0,0,0,0;0,0,23,0,24,39,0,0,0,0
-63,21,0,0,0,0,20,0,0,22
------------- End of Scenario k = 12 -------
0,0,0,0,41,0,0,0,20,0;31,0,42,78,0,0,0,34,76,0;0,0,0,0,0,0,0,0,0,0;53,0,29,0,0,0,0,0,38,0;0,0,40,0,0,44,0,44,0,0;0,0,46,0,0,0,0,48,0,0;80,68,0,69,0,64,0,0,0,0;59,0,43,0,0,0,69,0,29,0;74,0,0,0,0,0,0,0,0,0;0,0,24,0,77,39,0,0,0,0
0,0,0,0,23,0,0,0,26,0;28,0,26,25,0,0,0,26,35,0;0,0,0,0,0,0,0,0,0,0;27,0,33,0,0,0,0,0,20,0;0,0,28,0,0,34,0,39,0,0;0,0,35,0,0,0,0,40,0,0;26,38,0,40,0,26,0,0,0,0;32,0,29,0,0,0,28,0,39,0;26,0,0,0,0,0,0,0,0,0;0,0,38,0,38,20,0,0,0,0
-68,20,0,0,0,0,20,0,0,28
------------- End of Scenario k = 13 -------
0,0,0,0,70,0,0,0,66,0;80,0,70,47,0,0,0,36,35,0;0,0,0,0,0,0,0,0,0,0;21,0,22,0,0,0,0,0,42,0;0,0,35,0,0,80,0,59,0,0;0,0,75,0,0,0,0,80,0,0;68,27,0,77,0,50,0,0,0,0;80,0,21,0,0,0,73,0,41,0;61,0,0,0,0,0,0,0,0,0;0,0,50,0,43,69,0,0,0,0
0,0,0,0,32,0,0,0,24,0;26,0,33,25,0,0,0,27,33,0;0,0,0,0,0,0,0,0,0,0;35,0,37,0,0,0,0,0,30,0;0,0,32,0,0,26,0,21,0,0;0,0,23,0,0,0,0,34,0,0;15,38,0,31,0,37,0,0,0,0;18,0,40,0,0,0,33,0,38,0;28,0,0,0,0,0,0,0,0,0;0,0,22,0,18,31,0,0,0,0
-40,14,0,0,0,0,12,0,0,14
------------- End of Scenario k = 14 -------
0,0,0,0,62,0,0,0,41,0;40,0,74,75,0,0,0,51,65,0;0,0,0,0,0,0,0,0,0,0;44,0,76,0,0,0,0,0,32,0;0,0,36,0,0,32,0,24,0,0;0,0,53,0,0,0,0,30,0,0;41,71,0,60,0,40,0,0,0,0;80,0,68,0,0,0,60,0,80,0;46,0,0,0,0,0,0,0,0,0;0,0,75,0,47,79,0,0,0,0
0,0,0,0,30,0,0,0,35,0;32,0,19,39,0,0,0,35,31,0;0,0,0,0,0,0,0,0,0,0;25,0,37,0,0,0,0,0,31,0;0,0,36,0,0,39,0,35,0,0;0,0,37,0,0,0,0,19,0,0;16,38,0,18,0,30,0,0,0,0;38,0,37,0,0,0,39,0,23,0;26,0,0,0,0,0,0,0,0,0;0,0,28,0,28,40,0,0,0,0
-44,13,0,0,0,0,13,0,0,18
------------- End of Scenario k = 15 -------
0,0,0,0,34,0,0,0,50,0;58,0,80,76,0,0,0,41,28,0;0,0,0,0,0,0,0,0,0,0;29,0,74,0,0,0,0,0,48,0;0,0,65,0,0,53,0,60,0,0;0,0,33,0,0,0,0,38,0,0;50,43,0,45,0,35,0,0,0,0;80,0,35,0,0,0,28,0,56,0;80,0,0,0,0,0,0,0,0,0;0,0,23,0,80,52,0,0,0,0
0,0,0,0,25,0,0,0,27,0;18,0,19,24,0,0,0,27,32,0;0,0,0,0,0,0,0,0,0,0;24,0,40,0,0,0,0,0,24,0;0,0,32,0,0,15,0,34,0,0;0,0,25,0,0,0,0,23,0,0;34,26,0,38,0,40,0,0,0,0;13,0,20,0,0,0,37,0,36,0;40,0,0,0,0,0,0,0,0,0;0,0,20,0,23,30,0,0,0,0
-48,12,0,0,0,0,25,0,0,11
------------- End of Scenario k = 16 -------
0,0,0,0,76,0,0,0,24,0;74,0,80,74,0,0,0,27,40,0;0,0,0,0,0,0,0,0,0,0;58,0,45,0,0,0,0,0,38,0;0,0,39,0,0,80,0,29,0,0;0,0,34,0,0,0,0,80,0,0;66,28,0,57,0,48,0,0,0,0;80,0,66,0,0,0,44,0,80,0;73,0,0,0,0,0,0,0,0,0;0,0,47,0,31,38,0,0,0,0
0,0,0,0,30,0,0,0,37,0;38,0,33,32,0,0,0,32,25,0;0,0,0,0,0,0,0,0,0,0;34,0,34,0,0,0,0,0,28,0;0,0,27,0,0,26,0,38,0,0;0,0,20,0,0,0,0,26,0,0;28,28,0,18,0,37,0,0,0,0;29,0,29,0,0,0,28,0,23,0;33,0,0,0,0,0,0,0,0,0;0,0,28,0,21,38,0,0,0,0
-56,21,0,0,0,0,14,0,0,21
------------- End of Scenario k = 17 -------
0,0,0,0,50,0,0,0,45,0;68,0,23,35,0,0,0,79,50,0;0,0,0,0,0,0,0,0,0,0;58,0,52,0,0,0,0,0,33,0;0,0,37,0,0,43,0,63,0,0;0,0,43,0,0,0,0,24,0,0;30,76,0,47,0,34,0,0,0,0;43,0,26,0,0,0,29,0,80,0;77,0,0,0,0,0,0,0,0,0;0,0,33,0,80,33,0,0,0,0
0,0,0,0,24,0,0,0,29,0;34,0,27,38,0,0,0,27,21,0;0,0,0,0,0,0,0,0,0,0;37,0,40,0,0,0,0,0,37,0;0,0,34,0,0,30,0,36,0,0;0,0,29,0,0,0,0,40,0,0;37,30,0,19,0,20,0,0,0,0;30,0,34,0,0,0,23,0,40,0;21,0,0,0,0,0,0,0,0,0;0,0,20,0,30,34,0,0,0,0
-73,26,0,0,0,0,19,0,0,28
------------- End of Scenario k = 18 -------
0,0,0,0,53,0,0,0,44,0;55,0,80,28,0,0,0,75,73,0;0,0,0,0,0,0,0,0,0,0;25,0,80,0,0,0,0,0,35,0;0,0,76,0,0,80,0,64,0,0;0,0,51,0,0,0,0,66,0,0;32,40,0,80,0,69,0,0,0,0;70,0,37,0,0,0,67,0,47,0;56,0,0,0,0,0,0,0,0,0;0,0,33,0,80,68,0,0,0,0
0,0,0,0,23,0,0,0,31,0;29,0,20,28,0,0,0,20,36,0;0,0,0,0,0,0,0,0,0,0;30,0,32,0,0,0,0,0,25,0;0,0,23,0,0,38,0,21,0,0;0,0,31,0,0,0,0,33,0,0;29,25,0,36,0,36,0,0,0,0;35,0,29,0,0,0,24,0,30,0;40,0,0,0,0,0,0,0,0,0;0,0,36,0,35,27,0,0,0,0
-57,15,0,0,0,0,15,0,0,27
------------- End of Scenario k = 19 -------
0,0,0,0,26,0,0,0,50,0;80,0,42,23,0,0,0,20,65,0;0,0,0,0,0,0,0,0,0,0;66,0,60,0,0,0,0,0,34,0;0,0,20,0,0,80,0,73,0,0;0,0,69,0,0,0,0,66,0,0;80,32,0,80,0,31,0,0,0,0;41,0,52,0,0,0,64,0,55,0;54,0,0,0,0,0,0,0,0,0;0,0,65,0,80,38,0,0,0,0
0,0,0,0,25,0,0,0,36,0;26,0,34,29,0,0,0,31,30,0;0,0,0,0,0,0,0,0,0,0;32,0,30,0,0,0,0,0,22,0;0,0,20,0,0,35,0,38,0,0;0,0,34,0,0,0,0,33,0,0;33,20,0,22,0,40,0,0,0,0;31,0,38,0,0,0,40,0,27,0;20,0,0,0,0,0,0,0,0,0;0,0,36,0,38,37,0,0,0,0
-49,11,0,0,0,0,11,0,0,27
------------- End of Scenario k = 20 -------
0,0,0,0,40,0,0,0,38,0;69,0,63,34,0,0,0,77,50,0;0,0,0,0,0,0,0,0,0,0;44,0,24,0,0,0,0,0,59,0;0,0,68,0,0,80,0,36,0,0;0,0,40,0,0,0,0,80,0,0;80,80,0,80,0,55,0,0,0,0;69,0,25,0,0,0,67,0,80,0;35,0,0,0,0,0,0,0,0,0;0,0,47,0,80,51,0,0,0,0
0,0,0,0,37,0,0,0,29,0;33,0,21,32,0,0,0,34,38,0;0,0,0,0,0,0,0,0,0,0;23,0,35,0,0,0,0,0,22,0;0,0,33,0,0,25,0,21,0,0;0,0,24,0,0,0,0,24,0,0;20,23,0,38,0,26,0,0,0,0;28,0,31,0,0,0,20,0,26,0;29,0,0,0,0,0,0,0,0,0;0,0,39,0,23,34,0,0,0,0
-53,11,0,0,0,0,19,0,0,23
------------- End of Scenario k = 21 -------
0,0,0,0,49,0,0,0,26,0;80,0,80,23,0,0,0,25,58,0;0,0,0,0,0,0,0,0,0,0;45,0,35,0,0,0,0,0,53,0;0,0,62,0,0,80,0,35,0,0;0,0,70,0,0,0,0,41,0,0;70,44,0,32,0,60,0,0,0,0;80,0,27,0,0,0,62,0,54,0;68,0,0,0,0,0,0,0,0,0;0,0,43,0,80,48,0,0,0,0
0,0,0,0,23,0,0,0,37,0;22,0,28,37,0,0,0,40,27,0;0,0,0,0,0,0,0,0,0,0;30,0,21,0,0,0,0,0,23,0;0,0,27,0,0,20,0,27,0,0;0,0,20,0,0,0,0,39,0,0;40,27,0,36,0,21,0,0,0,0;37,0,21,0,0,0,27,0,40,0;24,0,0,0,0,0,0,0,0,0;0,0,22,0,31,23,0,0,0,0
-60,20,0,0,0,0,20,0,0,20
------------- End of Scenario k = 22 -------
0,0,0,0,46,0,0,0,68,0;80,0,38,67,0,0,0,54,37,0;0,0,0,0,0,0,0,0,0,0;46,0,74,0,0,0,0,0,67,0;0,0,37,0,0,21,0,69,0,0;0,0,32,0,0,0,0,80,0,0;80,25,0,80,0,26,0,0,0,0;80,0,70,0,0,0,62,0,25,0;60,0,0,0,0,0,0,0,0,0;0,0,40,0,80,63,0,0,0,0
0,0,0,0,39,0,0,0,40,0;37,0,38,23,0,0,0,28,37,0;0,0,0,0,0,0,0,0,0,0;22,0,30,0,0,0,0,0,25,0;0,0,40,0,0,33,0,30,0,0;0,0,23,0,0,0,0,28,0,0;29,31,0,33,0,35,0,0,0,0;31,0,22,0,0,0,29,0,28,0;35,0,0,0,0,0,0,0,0,0;0,0,36,0,33,27,0,0,0,0
-57,16,0,0,0,0,16,0,0,25
------------- End of Scenario k = 23 -------
0,0,0,0,69,0,0,0,34,0;80,0,80,49,0,0,0,57,69,0;0,0,0,0,0,0,0,0,0,0;50,0,79,0,0,0,0,0,48,0;0,0,80,0,0,59,0,23,0,0;0,0,44,0,0,0,0,52,0,0;80,59,0,80,0,20,0,0,0,0;80,0,28,0,0,0,77,0,80,0;24,0,0,0,0,0,0,0,0,0;0,0,40,0,80,80,0,0,0,0
0,0,0,0,38,0,0,0,33,0;18,0,23,32,0,0,0,31,39,0;0,0,0,0,0,0,0,0,0,0;37,0,23,0,0,0,0,0,39,0;0,0,23,0,0,33,0,36,0,0;0,0,21,0,0,0,0,37,0,0;25,20,0,19,0,26,0,0,0,0;34,0,23,0,0,0,31,0,29,0;27,0,0,0,0,0,0,0,0,0;0,0,36,0,31,22,0,0,0,0
-51,12,0,0,0,0,15,0,0,24
------------- End of Scenario k = 24 -------
0,0,0,0,57,0,0,0,57,0;80,0,46,36,0,0,0,59,21,0;0,0,0,0,0,0,0,0,0,0;28,0,28,0,0,0,0,0,23,0;0,0,37,0,0,80,0,71,0,0;0,0,54,0,0,0,0,35,0,0;62,75,0,80,0,71,0,0,0,0;80,0,77,0,0,0,74,0,80,0;68,0,0,0,0,0,0,0,0,0;0,0,62,0,80,80,0,0,0,0
0,0,0,0,21,0,0,0,34,0;32,0,25,27,0,0,0,24,21,0;0,0,0,0,0,0,0,0,0,0;27,0,36,0,0,0,0,0,31,0;0,0,29,0,0,31,0,25,0,0;0,0,22,0,0,0,0,18,0,0;25,27,0,35,0,33,0,0,0,0;23,0,31,0,0,0,32,0,39,0;38,0,0,0,0,0,0,0,0,0;0,0,40,0,28,39,0,0,0,0
-61,25,0,0,0,0,18,0,0,18
------------- End of Scenario k = 25 -------
0,0,0,0,53,0,0,0,76,0;80,0,44,72,0,0,0,31,25,0;0,0,0,0,0,0,0,0,0,0;51,0,56,0,0,0,0,0,42,0;0,0,69,0,0,80,0,71,0,0;0,0,78,0,0,0,0,56,0,0;26,77,0,74,0,75,0,0,0,0;80,0,56,0,0,0,24,0,80,0;70,0,0,0,0,0,0,0,0,0;0,0,34,0,80,75,0,0,0,0
0,0,0,0,25,0,0,0,31,0;25,0,19,38,0,0,0,28,20,0;0,0,0,0,0,0,0,0,0,0;22,0,27,0,0,0,0,0,27,0;0,0,37,0,0,26,0,26,0,0;0,0,36,0,0,0,0,25,0,0;34,38,0,19,0,27,0,0,0,0;40,0,23,0,0,0,22,0,24,0;37,0,0,0,0,0,0,0,0,0;0,0,33,0,40,27,0,0,0,0
-50,13,0,0,0,0,13,0,0,24
------------- End of Scenario k = 26 -------
0,0,0,0,80,0,0,0,70,0;80,0,63,27,0,0,0,39,68,0;0,0,0,0,0,0,0,0,0,0;64,0,71,0,0,0,0,0,29,0;0,0,43,0,0,68,0,59,0,0;0,0,48,0,0,0,0,80,0,0;71,35,0,54,0,80,0,0,0,0;20,0,37,0,0,0,68,0,76,0;34,0,0,0,0,0,0,0,0,0;0,0,79,0,80,35,0,0,0,0
0,0,0,0,28,0,0,0,27,0;39,0,40,26,0,0,0,35,23,0;0,0,0,0,0,0,0,0,0,0;33,0,39,0,0,0,0,0,22,0;0,0,28,0,0,30,0,30,0,0;0,0,39,0,0,0,0,22,0,0;30,36,0,39,0,22,0,0,0,0;32,0,40,0,0,0,33,0,20,0;35,0,0,0,0,0,0,0,0,0;0,0,26,0,36,23,0,0,0,0
-76,30,0,0,0,0,28,0,0,18
------------- End of Scenario k = 27 -------
0,0,0,0,41,0,0,0,62,0;80,0,80,77,0,0,0,20,40,0;0,0,0,0,0,0,0,0,0,0;37,0,42,0,0,0,0,0,76,0;0,0,62,0,0,31,0,30,0,0;0,0,37,0,0,0,0,80,0,0;32,49,0,56,0,61,0,0,0,0;33,0,47,0,0,0,73,0,51,0;57,0,0,0,0,0,0,0,0,0;0,0,56,0,80,37,0,0,0,0
0,0,0,0,37,0,0,0,26,0;33,0,31,37,0,0,0,40,31,0;0,0,0,0,0,0,0,0,0,0;28,0,39,0,0,0,0,0,34,0;0,0,37,0,0,28,0,26,0,0;0,0,25,0,0,0,0,40,0,0;32,28,0,30,0,40,0,0,0,0;23,0,23,0,0,0,21,0,26,0;36,0,0,0,0,0,0,0,0,0;0,0,40,0,23,37,0,0,0,0
-73,30,0,0,0,0,26,0,0,17
------------- End of Scenario k = 28 -------
0,0,0,0,64,0,0,0,50,0;80,0,25,66,0,0,0,59,63,0;0,0,0,0,0,0,0,0,0,0;79,0,33,0,0,0,0,0,65,0;0,0,22,0,0,80,0,25,0,0;0,0,22,0,0,0,0,40,0,0;25,79,0,80,0,29,0,0,0,0;71,0,69,0,0,0,35,0,80,0;67,0,0,0,0,0,0,0,0,0;0,0,63,0,29,44,0,0,0,0
0,0,0,0,39,0,0,0,23,0;24,0,30,20,0,0,0,31,20,0;0,0,0,0,0,0,0,0,0,0;21,0,25,0,0,0,0,0,28,0;0,0,29,0,0,35,0,25,0,0;0,0,35,0,0,0,0,28,0,0;21,28,0,30,0,33,0,0,0,0;38,0,21,0,0,0,36,0,29,0;37,0,0,0,0,0,0,0,0,0;0,0,31,0,33,31,0,0,0,0
-60,20,0,0,0,0,18,0,0,22
------------- End of Scenario k = 29 -------
