/ -------------------------------------------------------------------------
An instance of the stochastic Fixed - charge Network Flow Problem using NETGEN.
/ -------------------------------------------------------------------------
Number of Nodes (no Dummy node is added), n
Graph Density, density
The fixed cost to variable cost ratio, f
Adjacency Matrix, A
Fixed Cost Matrix, c
Number of scenarios, K
Scenario Probabilities, p
----The following three rows will be repeated K times.----
Var Cost Matrix, d
Capacity, u
demand, b
/ -------------------------------------------------------------------------
+
30
0.3
200
0,1,0,0,0,0,0,1,1,0,0,1,0,1,0,0,0,0,0,0,1,0,0,0,0,1,0,0,0,0;0,0,1,0,0,1,0,0,0,0,0,0,0,0,0,0,0,0,0,1,0,0,0,0,1,0,0,0,0,1;0,1,0,1,0,1,1,0,0,0,1,1,0,0,0,0,0,0,0,1,0,0,0,1,0,1,0,0,0,0;0,0,0,0,0,0,0,0,0,0,0,0,0,0,0,1,1,1,1,0,0,1,0,1,0,0,0,0,1,1;0,1,1,1,0,1,1,0,0,0,1,0,0,0,1,0,0,0,0,0,0,0,0,0,0,0,0,1,0,0;1,0,0,0,1,0,0,0,0,1,0,0,0,0,0,0,1,0,0,0,0,0,0,1,0,1,0,0,0,1;1,0,1,1,0,0,0,0,0,0,0,1,0,0,0,0,0,1,1,0,0,1,0,1,0,0,0,1,0,0;0,0,0,0,0,0,0,0,1,0,0,1,0,0,0,1,1,0,0,0,0,0,1,0,0,1,0,1,0,0;0,0,0,1,1,1,0,1,0,1,0,1,0,0,0,0,1,0,0,0,1,1,0,1,0,0,0,0,0,1;1,0,1,0,1,0,0,0,0,0,1,0,1,0,0,0,0,0,0,0,0,1,0,0,0,0,0,0,1,0;0,1,0,0,0,0,0,1,0,0,0,1,1,0,0,0,1,1,0,0,0,0,0,1,0,0,1,0,0,0;0,1,1,0,1,0,0,0,0,0,1,0,0,1,0,1,1,0,1,0,0,1,0,0,0,1,0,0,0,1;0,0,0,0,0,0,0,0,0,1,0,0,0,1,0,0,0,1,1,1,0,1,0,0,1,0,0,1,0,1;1,0,1,1,0,0,1,1,1,1,0,1,1,0,1,1,0,0,0,1,0,0,1,0,0,0,0,0,0,0;0,0,1,1,0,1,0,1,0,1,1,1,1,1,0,1,0,0,0,0,1,0,0,0,0,1,0,0,0,0;0,0,0,0,1,0,0,0,0,0,1,0,1,0,0,0,0,0,0,1,0,0,0,0,0,0,0,0,1,0;0,0,1,0,1,0,0,0,1,1,0,1,0,0,0,1,0,0,1,1,0,1,0,0,0,1,0,1,0,1;1,0,0,1,0,1,1,0,0,1,0,1,0,1,0,0,1,0,0,1,0,0,0,1,0,0,1,0,0,0;1,0,1,0,0,0,0,0,0,0,0,0,0,0,0,1,1,1,0,1,0,0,0,1,0,1,0,0,0,1;0,1,0,0,0,0,0,0,0,0,0,0,0,0,1,1,0,0,0,0,1,1,0,0,0,0,0,0,1,1;0,0,0,0,1,1,0,0,0,0,1,0,1,0,0,1,0,0,0,1,0,1,1,0,0,1,0,0,0,0;0,0,0,1,0,0,0,1,0,0,0,0,1,0,0,0,1,0,1,0,1,0,0,0,0,1,1,0,1,0;1,0,0,0,0,1,0,0,0,0,0,0,0,0,0,0,0,0,0,0,0,1,0,1,1,0,0,0,1,1;0,0,0,0,0,0,1,1,0,0,0,0,0,0,0,1,1,0,0,1,0,0,1,0,1,0,1,0,0,1;0,1,0,1,0,1,0,0,0,1,1,1,0,0,1,1,1,1,0,0,0,0,1,0,0,0,1,0,0,0;0,0,0,1,0,0,0,1,0,0,0,0,1,1,0,1,0,0,0,0,0,1,0,0,0,0,1,0,0,0;1,0,0,0,0,1,0,0,0,0,0,0,1,0,0,1,0,0,1,1,1,0,1,0,1,0,0,1,0,0;1,0,1,0,0,1,0,0,0,1,0,0,0,0,1,0,0,0,0,1,0,0,0,0,0,0,1,0,0,0;0,1,0,0,0,0,0,0,0,0,1,0,0,0,1,1,1,0,0,0,1,0,0,0,0,0,0,0,0,1;0,1,0,0,1,0,0,0,0,0,0,0,1,0,1,0,0,0,0,0,1,1,0,1,0,0,1,0,1,0
0,12480,0,0,0,0,0,10420,7820,0,0,9780,0,10200,0,0,0,0,0,0,8240,0,0,0,0,9000,0,0,0,0;0,0,12740,0,0,9380,0,0,0,0,0,0,0,0,0,0,0,0,0,7740,0,0,0,0,10580,0,0,0,0,10760;0,9280,0,14740,0,9300,7880,0,0,0,11380,9820,0,0,0,0,0,0,0,7900,0,0,0,10800,0,14140,0,0,0,0;0,0,0,0,0,0,0,0,0,0,0,0,0,0,0,6900,9840,8760,9040,0,0,11740,0,8320,0,0,0,0,10420,12960;0,10300,10820,9760,0,8360,13280,0,0,0,9200,0,0,0,9140,0,0,0,0,0,0,0,0,0,0,0,0,10000,0,0;13860,0,0,0,14460,0,0,0,0,9240,0,0,0,0,0,0,9620,0,0,0,0,0,0,10740,0,13719,0,0,0,13119;11900,0,8360,9000,0,0,0,0,0,0,0,10000,0,0,0,0,0,9700,10360,0,0,11700,0,10820,0,0,0,10200,0,0;0,0,0,0,0,0,0,0,11680,0,0,8860,0,0,0,9240,10120,0,0,0,0,0,10460,0,0,12420,0,8860,0,0;0,0,0,11560,10260,9820,0,11340,0,10060,0,11820,0,0,0,0,10280,0,0,0,9440,10000,0,10420,0,0,0,0,0,12960;12360,0,10320,0,7780,0,0,0,0,0,8840,0,9600,0,0,0,0,0,0,0,0,9940,0,0,0,0,0,0,10360,0;0,10540,0,0,0,0,0,13760,0,0,0,10640,10800,0,0,0,8960,10580,0,0,0,0,0,9740,0,0,10160,0,0,0;0,9300,9300,0,9600,0,0,0,0,0,10420,0,0,9700,0,7940,11980,0,9780,0,0,10160,0,0,0,14219,0,0,0,12900;0,0,0,0,0,0,0,0,0,11260,0,0,0,13040,0,0,0,10440,9760,8640,0,10900,0,0,11300,0,0,10020,0,12720;9780,0,8180,10780,0,0,9980,9360,9540,9500,0,10280,10620,0,9040,13160,0,0,0,8940,0,0,7459,0,0,0,0,0,0,0;0,0,8260,11920,0,10060,0,10500,0,13200,11040,12040,10220,10700,0,10140,0,0,0,0,8680,0,0,0,0,13700,0,0,0,0;0,0,0,0,10300,0,0,0,0,0,11460,0,10040,0,0,0,0,0,0,8460,0,0,0,0,0,0,0,0,10760,0;0,0,9680,0,11280,0,0,0,8840,9680,0,10480,0,0,0,12200,0,0,13380,7859,0,9620,0,0,0,7859,0,11320,0,12660;14540,0,0,7459,0,9360,8059,0,0,9260,0,10800,0,11000,0,0,9840,0,0,8580,0,0,0,10320,0,0,10360,0,0,0;13680,0,10300,0,0,0,0,0,0,0,0,0,0,0,0,8980,9500,10500,0,14919,0,0,0,9860,0,12780,0,0,0,10780;0,11140,0,0,0,0,0,0,0,0,0,0,0,0,9600,10380,0,0,0,0,10340,12360,0,0,0,0,0,0,8680,14360;0,0,0,0,7659,9760,0,0,0,0,9120,0,8220,0,0,10660,0,0,0,10140,0,10000,13860,0,0,10260,0,0,0,0;0,0,0,10600,0,0,0,10080,0,0,0,0,14380,0,0,0,10200,0,11800,0,11860,0,0,0,0,9660,8120,0,8660,0;9660,0,0,0,0,9740,0,0,0,0,0,0,0,0,0,0,0,0,0,0,0,11000,0,9300,15160,0,0,0,9580,10220;0,0,0,0,0,0,11360,10200,0,0,0,0,0,0,0,10620,12940,0,0,10240,0,0,9700,0,6759,0,11080,0,0,10220;0,9100,0,10240,0,9560,0,0,0,8860,10240,9860,0,0,9100,10300,10400,11160,0,0,0,0,10020,0,0,0,12120,0,0,0;0,0,0,9920,0,0,0,8600,0,0,0,0,9220,12480,0,9820,0,0,0,0,0,10120,0,0,0,0,9120,0,0,0;9900,0,0,0,0,11900,0,0,0,0,0,0,10440,0,0,8300,0,0,8900,8880,10760,0,9100,0,9800,0,0,16000,0,0;12940,0,9340,0,0,8840,0,0,0,10300,0,0,0,0,9600,0,0,0,0,10600,0,0,0,0,0,0,8940,0,0,0;0,9200,0,0,0,0,0,0,0,0,12080,0,0,0,8440,9580,9560,0,0,0,14700,0,0,0,0,0,0,0,0,11700;0,9400,0,0,11200,0,0,0,0,0,0,0,12240,0,10100,0,0,0,0,0,10860,11920,0,8180,0,0,8320,0,10160,0
10
0.15,0.1,0.1,0.15,0.1,0.05,0.1,0.05,0.05,0.15
--Scenarios--
0,79,0,0,0,0,0,31,63,0,0,41,0,34,0,0,0,0,0,0,51,0,0,0,0,34,0,0,0,0;0,0,76,0,0,28,0,0,0,0,0,0,0,0,0,0,0,0,0,30,0,0,0,0,34,0,0,0,0,67;0,77,0,80,0,68,52,0,0,0,56,26,0,0,0,0,0,0,0,61,0,0,0,76,0,64,0,0,0,0;0,0,0,0,0,0,0,0,0,0,0,0,0,0,0,32,52,58,27,0,0,67,0,48,0,0,0,0,23,80;0,24,53,61,0,59,80,0,0,0,48,0,0,0,29,0,0,0,0,0,0,0,0,0,0,0,0,47,0,0;57,0,0,0,47,0,0,0,0,69,0,0,0,0,0,0,42,0,0,0,0,0,0,77,0,80,0,0,0,80;70,0,58,27,0,0,0,0,0,0,0,42,0,0,0,0,0,61,36,0,0,72,0,64,0,0,0,52,0,0;0,0,0,0,0,0,0,0,80,0,0,73,0,0,0,20,37,0,0,0,0,0,80,0,0,80,0,49,0,0;0,0,0,80,59,27,0,54,0,36,0,67,0,0,0,0,55,0,0,0,24,62,0,40,0,0,0,0,0,34;80,0,79,0,36,0,0,0,0,0,20,0,51,0,0,0,0,0,0,0,0,39,0,0,0,0,0,0,56,0;0,52,0,0,0,0,0,32,0,0,0,52,36,0,0,0,29,57,0,0,0,0,0,68,0,0,55,0,0,0;0,28,39,0,68,0,0,0,0,0,42,0,0,66,0,59,80,0,71,0,0,69,0,0,0,80,0,0,0,80;0,0,0,0,0,0,0,0,0,46,0,0,0,67,0,0,0,43,43,51,0,43,0,0,80,0,0,43,0,80;46,0,66,43,0,0,45,77,62,31,0,30,57,0,52,70,0,0,0,36,0,0,25,0,0,0,0,0,0,0;0,0,61,44,0,69,0,61,0,80,57,77,74,75,0,68,0,0,0,0,21,0,0,0,0,79,0,0,0,0;0,0,0,0,27,0,0,0,0,0,25,0,36,0,0,0,0,0,0,26,0,0,0,0,0,0,0,0,20,0;0,0,71,0,24,0,0,0,21,63,0,20,0,0,0,52,0,0,74,29,0,42,0,0,0,41,0,70,0,76;80,0,0,21,0,21,24,0,0,21,0,80,0,38,0,0,60,0,0,26,0,0,0,65,0,0,56,0,0,0;68,0,80,0,0,0,0,0,0,0,0,0,0,0,0,75,36,49,0,80,0,0,0,40,0,80,0,0,0,55;0,42,0,0,0,0,0,0,0,0,0,0,0,0,66,20,0,0,0,0,54,64,0,0,0,0,0,0,59,35;0,0,0,0,21,54,0,0,0,0,23,0,22,0,0,51,0,0,0,65,0,75,80,0,0,35,0,0,0,0;0,0,0,67,0,0,0,49,0,0,0,0,80,0,0,0,78,0,52,0,76,0,0,0,0,76,45,0,35,0;31,0,0,0,0,45,0,0,0,0,0,0,0,0,0,0,0,0,0,0,0,79,0,21,80,0,0,0,57,25;0,0,0,0,0,0,70,59,0,0,0,0,0,0,0,67,40,0,0,76,0,0,68,0,28,0,63,0,0,30;0,67,0,78,0,71,0,0,0,40,38,51,0,0,30,26,79,67,0,0,0,0,74,0,0,0,68,0,0,0;0,0,0,27,0,0,0,65,0,0,0,0,65,72,0,73,0,0,0,0,0,30,0,0,0,0,22,0,0,0;35,0,0,0,0,77,0,0,0,0,0,0,23,0,0,27,0,0,61,42,54,0,25,0,62,0,0,80,0,0;79,0,65,0,0,39,0,0,0,80,0,0,0,0,28,0,0,0,0,57,0,0,0,0,0,0,30,0,0,0;0,22,0,0,0,0,0,0,0,0,76,0,0,0,43,39,76,0,0,0,66,0,0,0,0,0,0,0,0,80;0,33,0,0,72,0,0,0,0,0,0,0,21,0,28,0,0,0,0,0,23,63,0,65,0,0,45,0,74,0
0,26,0,0,0,0,0,39,24,0,0,37,0,35,0,0,0,0,0,0,24,0,0,0,0,33,0,0,0,0;0,0,27,0,0,23,0,0,0,0,0,0,0,0,0,0,0,0,0,37,0,0,0,0,20,0,0,0,0,34;0,40,0,32,0,24,33,0,0,0,28,29,0,0,0,0,0,0,0,30,0,0,0,39,0,22,0,0,0,0;0,0,0,0,0,0,0,0,0,0,0,0,0,0,0,30,24,32,35,0,0,29,0,38,0,0,0,0,40,23;0,28,38,25,0,30,36,0,0,0,32,0,0,0,31,0,0,0,0,0,0,0,0,0,0,0,0,36,0,0;36,0,0,0,34,0,0,0,0,25,0,0,0,0,0,0,25,0,0,0,0,0,0,38,0,31,0,0,0,36;24,0,36,34,0,0,0,0,0,0,0,27,0,0,0,0,0,33,26,0,0,30,0,27,0,0,0,29,0,0;0,0,0,0,0,0,0,0,27,0,0,40,0,0,0,38,31,0,0,0,0,0,36,0,0,26,0,39,0,0;0,0,0,32,29,29,0,38,0,33,0,36,0,0,0,0,40,0,0,0,32,21,0,20,0,0,0,0,0,23;27,0,27,0,30,0,0,0,0,0,33,0,23,0,0,0,0,0,0,0,0,23,0,0,0,0,0,0,37,0;0,32,0,0,0,0,0,27,0,0,0,32,20,0,0,0,23,34,0,0,0,0,0,37,0,0,23,0,0,0;0,27,20,0,25,0,0,0,0,0,38,0,0,38,0,25,31,0,28,0,0,26,0,0,0,38,0,0,0,17;0,0,0,0,0,0,0,0,0,23,0,0,0,38,0,0,0,39,37,27,0,23,0,0,39,0,0,24,0,20;27,0,33,39,0,0,28,27,30,35,0,32,39,0,24,29,0,0,0,36,0,0,32,0,0,0,0,0,0,0;0,0,25,20,0,29,0,20,0,38,20,31,36,36,0,26,0,0,0,0,39,0,0,0,0,31,0,0,0,0;0,0,0,0,22,0,0,0,0,0,28,0,40,0,0,0,0,0,0,31,0,0,0,0,0,0,0,0,21,0;0,0,32,0,21,0,0,0,40,26,0,27,0,0,0,23,0,0,24,25,0,37,0,0,0,37,0,33,0,29;32,0,0,25,0,29,31,0,0,22,0,21,0,20,0,0,38,0,0,38,0,0,0,24,0,0,40,0,0,0;33,0,30,0,0,0,0,0,0,0,0,0,0,0,0,24,23,30,0,32,0,0,0,28,0,28,0,0,0,31;0,23,0,0,0,0,0,0,0,0,0,0,0,0,30,21,0,0,0,0,23,25,0,0,0,0,0,0,33,32;0,0,0,0,24,20,0,0,0,0,34,0,38,0,0,37,0,0,0,31,0,26,38,0,0,29,0,0,0,0;0,0,0,26,0,0,0,24,0,0,0,0,38,0,0,0,27,0,34,0,27,0,0,0,0,37,28,0,37,0;40,0,0,0,0,26,0,0,0,0,0,0,0,0,0,0,0,0,0,0,0,33,0,31,32,0,0,0,20,22;0,0,0,0,0,0,25,30,0,0,0,0,0,0,0,26,30,0,0,29,0,0,29,0,22,0,36,0,0,29;0,40,0,21,0,36,0,0,0,23,37,38,0,0,28,20,37,30,0,0,0,0,39,0,0,0,27,0,0,0;0,0,0,25,0,0,0,29,0,0,0,0,21,31,0,40,0,0,0,0,0,32,0,0,0,0,27,0,0,0;25,0,0,0,0,23,0,0,0,0,0,0,26,0,0,35,0,0,22,40,30,0,20,0,33,0,0,24,0,0;28,0,20,0,0,35,0,0,0,26,0,0,0,0,35,0,0,0,0,36,0,0,0,0,0,0,29,0,0,0;0,37,0,0,0,0,0,0,0,0,23,0,0,0,26,22,25,0,0,0,32,0,0,0,0,0,0,0,0,20;0,39,0,0,37,0,0,0,0,0,0,0,40,0,29,0,0,0,0,0,24,29,0,27,0,0,33,0,31,0
-35,22,0,0,0,29,0,0,0,0,19,0,0,0,10,0,0,17,0,0,0,19,0,17,0,-33,0,0,15,-80
------------- End of Scenario k = 0 -------
0,64,0,0,0,0,0,60,24,0,0,52,0,40,0,0,0,0,0,0,48,0,0,0,0,31,0,0,0,0;0,0,44,0,0,47,0,0,0,0,0,0,0,0,0,0,0,0,0,46,0,0,0,0,44,0,0,0,0,71;0,56,0,67,0,49,79,0,0,0,54,21,0,0,0,0,0,0,0,45,0,0,0,57,0,80,0,0,0,0;0,0,0,0,0,0,0,0,0,0,0,0,0,0,0,45,49,33,30,0,0,41,0,23,0,0,0,0,78,80;0,52,57,45,0,42,80,0,0,0,28,0,0,0,26,0,0,0,0,0,0,0,0,0,0,0,0,23,0,0;61,0,0,0,50,0,0,0,0,42,0,0,0,0,0,0,54,0,0,0,0,0,0,66,0,75,0,0,0,26;44,0,66,40,0,0,0,0,0,0,0,58,0,0,0,0,0,22,30,0,0,77,0,64,0,0,0,40,0,0;0,0,0,0,0,0,0,0,74,0,0,48,0,0,0,65,32,0,0,0,0,0,73,0,0,26,0,59,0,0;0,0,0,71,25,36,0,52,0,39,0,20,0,0,0,0,41,0,0,0,75,67,0,20,0,0,0,0,0,27;48,0,68,0,20,0,0,0,0,0,72,0,76,0,0,0,0,0,0,0,0,77,0,0,0,0,0,0,75,0;0,73,0,0,0,0,0,73,0,0,0,76,56,0,0,0,28,77,0,0,0,0,0,69,0,0,59,0,0,0;0,42,48,0,70,0,0,0,0,0,50,0,0,50,0,23,26,0,40,0,0,22,0,0,0,69,0,0,0,80;0,0,0,0,0,0,0,0,0,25,0,0,0,45,0,0,0,28,67,20,0,79,0,0,34,0,0,44,0,80;20,0,22,47,0,0,63,66,71,28,0,48,71,0,48,80,0,0,0,74,0,0,29,0,0,0,0,0,0,0;0,0,28,63,0,37,0,39,0,80,36,46,23,78,0,24,0,0,0,0,31,0,0,0,0,80,0,0,0,0;0,0,0,0,59,0,0,0,0,0,23,0,70,0,0,0,0,0,0,42,0,0,0,0,0,0,0,0,38,0;0,0,53,0,67,0,0,0,30,41,0,76,0,0,0,75,0,0,65,58,0,38,0,0,0,54,0,58,0,46;80,0,0,21,0,25,43,0,0,42,0,27,0,59,0,0,37,0,0,38,0,0,0,46,0,0,80,0,0,0;80,0,79,0,0,0,0,0,0,0,0,0,0,0,0,49,51,64,0,80,0,0,0,22,0,46,0,0,0,55;0,75,0,0,0,0,0,0,0,0,0,0,0,0,29,68,0,0,0,0,38,41,0,0,0,0,0,0,37,65;0,0,0,0,33,70,0,0,0,0,46,0,53,0,0,78,0,0,0,50,0,40,75,0,0,63,0,0,0,0;0,0,0,61,0,0,0,58,0,0,0,0,80,0,0,0,33,0,55,0,74,0,0,0,0,72,33,0,49,0;74,0,0,0,0,44,0,0,0,0,0,0,0,0,0,0,0,0,0,0,0,57,0,45,80,0,0,0,28,34;0,0,0,0,0,0,22,65,0,0,0,0,0,0,0,62,79,0,0,56,0,0,64,0,33,0,68,0,0,30;0,24,0,38,0,25,0,0,0,77,23,79,0,0,70,45,35,70,0,0,0,0,68,0,0,0,60,0,0,0;0,0,0,51,0,0,0,44,0,0,0,0,39,73,0,47,0,0,0,0,0,70,0,0,0,0,61,0,0,0;64,0,0,0,0,73,0,0,0,0,0,0,52,0,0,54,0,0,74,36,41,0,60,0,60,0,0,80,0,0;54,0,49,0,0,44,0,0,0,22,0,0,0,0,74,0,0,0,0,24,0,0,0,0,0,0,24,0,0,0;0,49,0,0,0,0,0,0,0,0,64,0,0,0,25,65,69,0,0,0,80,0,0,0,0,0,0,0,0,62;0,73,0,0,73,0,0,0,0,0,0,0,77,0,67,0,0,0,0,0,64,70,0,58,0,0,40,0,23,0
0,37,0,0,0,0,0,22,20,0,0,36,0,30,0,0,0,0,0,0,24,0,0,0,0,21,0,0,0,0;0,0,37,0,0,39,0,0,0,0,0,0,0,0,0,0,0,0,0,32,0,0,0,0,33,0,0,0,0,34;0,27,0,30,0,28,37,0,0,0,26,33,0,0,0,0,0,0,0,26,0,0,0,27,0,29,0,0,0,0;0,0,0,0,0,0,0,0,0,0,0,0,0,0,0,26,26,20,37,0,0,38,0,24,0,0,0,0,37,27;0,28,38,32,0,25,25,0,0,0,31,0,0,0,22,0,0,0,0,0,0,0,0,0,0,0,0,30,0,0;20,0,0,0,28,0,0,0,0,38,0,0,0,0,0,0,27,0,0,0,0,0,0,39,0,30,0,0,0,32;37,0,32,38,0,0,0,0,0,0,0,40,0,0,0,0,0,33,28,0,0,22,0,24,0,0,0,36,0,0;0,0,0,0,0,0,0,0,22,0,0,23,0,0,0,23,20,0,0,0,0,0,23,0,0,21,0,40,0,0;0,0,0,40,30,23,0,25,0,24,0,22,0,0,0,0,31,0,0,0,33,32,0,38,0,0,0,0,0,39;38,0,31,0,38,0,0,0,0,0,38,0,21,0,0,0,0,0,0,0,0,24,0,0,0,0,0,0,38,0;0,38,0,0,0,0,0,21,0,0,0,23,36,0,0,0,28,28,0,0,0,0,0,33,0,0,37,0,0,0;0,37,34,0,37,0,0,0,0,0,20,0,0,36,0,31,37,0,20,0,0,26,0,0,0,34,0,0,0,31;0,0,0,0,0,0,0,0,0,23,0,0,0,39,0,0,0,30,38,35,0,36,0,0,40,0,0,37,0,22;33,0,38,34,0,0,24,23,27,40,0,32,36,0,20,32,0,0,0,33,0,0,32,0,0,0,0,0,0,0;0,0,40,32,0,40,0,36,0,30,35,20,38,35,0,21,0,0,0,0,28,0,0,0,0,30,0,0,0,0;0,0,0,0,30,0,0,0,0,0,32,0,29,0,0,0,0,0,0,26,0,0,0,0,0,0,0,0,36,0;0,0,39,0,24,0,0,0,33,26,0,20,0,0,0,30,0,0,31,20,0,32,0,0,0,33,0,21,0,30;28,0,0,27,0,21,35,0,0,30,0,25,0,32,0,0,32,0,0,26,0,0,0,38,0,0,28,0,0,0;31,0,39,0,0,0,0,0,0,0,0,0,0,0,0,36,40,26,0,40,0,0,0,38,0,29,0,0,0,37;0,23,0,0,0,0,0,0,0,0,0,0,0,0,21,25,0,0,0,0,40,32,0,0,0,0,0,0,37,35;0,0,0,0,35,22,0,0,0,0,37,0,32,0,0,27,0,0,0,36,0,25,35,0,0,34,0,0,0,0;0,0,0,40,0,0,0,28,0,0,0,0,36,0,0,0,39,0,39,0,23,0,0,0,0,33,24,0,34,0;35,0,0,0,0,21,0,0,0,0,0,0,0,0,0,0,0,0,0,0,0,38,0,31,20,0,0,0,32,30;0,0,0,0,0,0,20,40,0,0,0,0,0,0,0,39,31,0,0,35,0,0,38,0,24,0,25,0,0,33;0,20,0,27,0,36,0,0,0,21,37,31,0,0,32,34,21,40,0,0,0,0,22,0,0,0,37,0,0,0;0,0,0,40,0,0,0,26,0,0,0,0,38,33,0,37,0,0,0,0,0,24,0,0,0,0,39,0,0,0;39,0,0,0,0,25,0,0,0,0,0,0,37,0,0,32,0,0,27,34,27,0,33,0,25,0,0,21,0,0;33,0,23,0,0,28,0,0,0,24,0,0,0,0,29,0,0,0,0,29,0,0,0,0,0,0,40,0,0,0;0,40,0,0,0,0,0,0,0,0,37,0,0,0,22,32,28,0,0,0,40,0,0,0,0,0,0,0,0,37;0,26,0,0,32,0,0,0,0,0,0,0,21,0,21,0,0,0,0,0,23,30,0,24,0,0,28,0,30,0
-52,23,0,0,0,17,0,0,0,0,10,0,0,0,26,0,0,25,0,0,0,22,0,29,0,-28,0,0,13,-85
------------- End of Scenario k = 1 -------
0,61,0,0,0,0,0,72,77,0,0,75,0,74,0,0,0,0,0,0,24,0,0,0,0,50,0,0,0,0;0,0,24,0,0,68,0,0,0,0,0,0,0,0,0,0,0,0,0,43,0,0,0,0,37,0,0,0,0,42;0,23,0,80,0,27,28,0,0,0,22,75,0,0,0,0,0,0,0,60,0,0,0,76,0,80,0,0,0,0;0,0,0,0,0,0,0,0,0,0,0,0,0,0,0,46,21,24,37,0,0,40,0,31,0,0,0,0,26,80;0,74,76,62,0,44,34,0,0,0,33,0,0,0,55,0,0,0,0,0,0,0,0,0,0,0,0,62,0,0;80,0,0,0,80,0,0,0,0,59,0,0,0,0,0,0,22,0,0,0,0,0,0,49,0,80,0,0,0,47;79,0,25,66,0,0,0,0,0,0,0,28,0,0,0,0,0,75,25,0,0,38,0,61,0,0,0,72,0,0;0,0,0,0,0,0,0,0,80,0,0,36,0,0,0,27,74,0,0,0,0,0,27,0,0,80,0,71,0,0;0,0,0,62,20,60,0,39,0,61,0,76,0,0,0,0,50,0,0,0,61,49,0,63,0,0,0,0,0,80;29,0,52,0,50,0,0,0,0,0,46,0,59,0,0,0,0,0,0,0,0,66,0,0,0,0,0,0,67,0;0,33,0,0,0,0,0,80,0,0,0,33,62,0,0,0,40,38,0,0,0,0,0,41,0,0,48,0,0,0;0,74,33,0,27,0,0,0,0,0,79,0,0,57,0,48,58,0,39,0,0,29,0,0,0,33,0,0,0,48;0,0,0,0,0,0,0,0,0,60,0,0,0,42,0,0,0,55,57,79,0,48,0,0,41,0,0,45,0,80;69,0,53,76,0,0,21,76,32,80,0,26,22,0,32,56,0,0,0,70,0,0,43,0,0,0,0,0,0,0;0,0,50,23,0,63,0,42,0,28,54,80,43,46,0,21,0,0,0,0,24,0,0,0,0,67,0,0,0,0;0,0,0,0,77,0,0,0,0,0,48,0,78,0,0,0,0,0,0,36,0,0,0,0,0,0,0,0,65,0;0,0,30,0,63,0,0,0,51,37,0,40,0,0,0,71,0,0,80,54,0,55,0,0,0,63,0,36,0,63;80,0,0,58,0,59,52,0,0,66,0,32,0,40,0,0,26,0,0,46,0,0,0,54,0,0,27,0,0,0;80,0,43,0,0,0,0,0,0,0,0,0,0,0,0,71,27,74,0,80,0,0,0,36,0,80,0,0,0,72;0,64,0,0,0,0,0,0,0,0,0,0,0,0,60,46,0,0,0,0,68,47,0,0,0,0,0,0,49,80;0,0,0,0,34,52,0,0,0,0,44,0,22,0,0,79,0,0,0,67,0,65,80,0,0,26,0,0,0,0;0,0,0,53,0,0,0,68,0,0,0,0,27,0,0,0,77,0,75,0,55,0,0,0,0,57,36,0,41,0;48,0,0,0,0,57,0,0,0,0,0,0,0,0,0,0,0,0,0,0,0,34,0,73,80,0,0,0,71,22;0,0,0,0,0,0,33,61,0,0,0,0,0,0,0,27,41,0,0,47,0,0,37,0,25,0,49,0,0,58;0,42,0,29,0,22,0,0,0,28,41,34,0,0,60,26,44,37,0,0,0,0,21,0,0,0,80,0,0,0;0,0,0,59,0,0,0,57,0,0,0,0,44,55,0,61,0,0,0,0,0,47,0,0,0,0,22,0,0,0;79,0,0,0,0,29,0,0,0,0,0,0,33,0,0,42,0,0,61,31,75,0,36,0,58,0,0,80,0,0;31,0,23,0,0,50,0,0,0,73,0,0,0,0,48,0,0,0,0,54,0,0,0,0,0,0,78,0,0,0;0,21,0,0,0,0,0,0,0,0,69,0,0,0,27,33,24,0,0,0,80,0,0,0,0,0,0,0,0,41;0,75,0,0,79,0,0,0,0,0,0,0,80,0,48,0,0,0,0,0,57,77,0,57,0,0,56,0,47,0
0,22,0,0,0,0,0,28,30,0,0,27,0,39,0,0,0,0,0,0,27,0,0,0,0,39,0,0,0,0;0,0,25,0,0,38,0,0,0,0,0,0,0,0,0,0,0,0,0,27,0,0,0,0,25,0,0,0,0,32;0,32,0,36,0,33,37,0,0,0,37,29,0,0,0,0,0,0,0,36,0,0,0,22,0,35,0,0,0,0;0,0,0,0,0,0,0,0,0,0,0,0,0,0,0,36,37,30,25,0,0,31,0,37,0,0,0,0,33,24;0,22,39,29,0,24,31,0,0,0,40,0,0,0,31,0,0,0,0,0,0,0,0,0,0,0,0,26,0,0;36,0,0,0,25,0,0,0,0,36,0,0,0,0,0,0,25,0,0,0,0,0,0,38,0,32,0,0,0,38;22,0,38,30,0,0,0,0,0,0,0,35,0,0,0,0,0,23,20,0,0,29,0,39,0,0,0,39,0,0;0,0,0,0,0,0,0,0,35,0,0,33,0,0,0,20,37,0,0,0,0,0,33,0,0,40,0,26,0,0;0,0,0,31,38,29,0,20,0,35,0,32,0,0,0,0,31,0,0,0,35,25,0,36,0,0,0,0,0,28;22,0,25,0,34,0,0,0,0,0,32,0,20,0,0,0,0,0,0,0,0,28,0,0,0,0,0,0,27,0;0,34,0,0,0,0,0,29,0,0,0,27,21,0,0,0,20,34,0,0,0,0,0,29,0,0,27,0,0,0;0,40,28,0,40,0,0,0,0,0,25,0,0,20,0,36,36,0,21,0,0,23,0,0,0,40,0,0,0,36;0,0,0,0,0,0,0,0,0,24,0,0,0,38,0,0,0,26,39,40,0,30,0,0,34,0,0,34,0,37;23,0,32,29,0,0,36,39,28,40,0,32,24,0,32,18,0,0,0,40,0,0,20,0,0,0,0,0,0,0;0,0,24,29,0,30,0,30,0,13,28,21,29,23,0,30,0,0,0,0,24,0,0,0,0,31,0,0,0,0;0,0,0,0,32,0,0,0,0,0,40,0,25,0,0,0,0,0,0,22,0,0,0,0,0,0,0,0,20,0;0,0,37,0,29,0,0,0,29,37,0,37,0,0,0,38,0,0,30,21,0,22,0,0,0,38,0,33,0,35;33,0,0,23,0,26,40,0,0,27,0,37,0,35,0,0,20,0,0,33,0,0,0,24,0,0,37,0,0,0;30,0,22,0,0,0,0,0,0,0,0,0,0,0,0,23,35,28,0,25,0,0,0,29,0,29,0,0,0,36;0,25,0,0,0,0,0,0,0,0,0,0,0,0,21,37,0,0,0,0,24,40,0,0,0,0,0,0,28,33;0,0,0,0,36,29,0,0,0,0,22,0,35,0,0,26,0,0,0,40,0,37,33,0,0,32,0,0,0,0;0,0,0,27,0,0,0,36,0,0,0,0,36,0,0,0,38,0,25,0,38,0,0,0,0,23,36,0,29,0;23,0,0,0,0,22,0,0,0,0,0,0,0,0,0,0,0,0,0,0,0,32,0,25,29,0,0,0,31,33;0,0,0,0,0,0,36,32,0,0,0,0,0,0,0,33,24,0,0,34,0,0,30,0,38,0,38,0,0,20;0,36,0,27,0,30,0,0,0,33,31,31,0,0,29,26,26,27,0,0,0,0,35,0,0,0,28,0,0,0;0,0,0,29,0,0,0,20,0,0,0,0,23,31,0,21,0,0,0,0,0,39,0,0,0,0,20,0,0,0;25,0,0,0,0,32,0,0,0,0,0,0,37,0,0,38,0,0,31,30,37,0,39,0,24,0,0,19,0,0;26,0,25,0,0,32,0,0,0,22,0,0,0,0,29,0,0,0,0,31,0,0,0,0,0,0,39,0,0,0;0,38,0,0,0,0,0,0,0,0,33,0,0,0,33,38,37,0,0,0,22,0,0,0,0,0,0,0,0,23;0,20,0,0,34,0,0,0,0,0,0,0,34,0,36,0,0,0,0,0,24,24,0,35,0,0,26,0,36,0
-12,19,0,0,0,11,0,0,0,0,27,0,0,0,10,0,0,19,0,0,0,16,0,23,0,-61,0,0,18,-70
------------- End of Scenario k = 2 -------
0,76,0,0,0,0,0,38,25,0,0,72,0,20,0,0,0,0,0,0,26,0,0,0,0,43,0,0,0,0;0,0,74,0,0,43,0,0,0,0,0,0,0,0,0,0,0,0,0,26,0,0,0,0,54,0,0,0,0,57;0,24,0,78,0,34,20,0,0,0,69,72,0,0,0,0,0,0,0,45,0,0,0,21,0,76,0,0,0,0;0,0,0,0,0,0,0,0,0,0,0,0,0,0,0,20,42,49,79,0,0,38,0,29,0,0,0,0,25,80;0,77,69,20,0,24,72,0,0,0,75,0,0,0,64,0,0,0,0,0,0,0,0,0,0,0,0,54,0,0;80,0,0,0,80,0,0,0,0,20,0,0,0,0,0,0,52,0,0,0,0,0,0,61,0,80,0,0,0,47;70,0,38,52,0,0,0,0,0,0,0,51,0,0,0,0,0,48,64,0,0,56,0,79,0,0,0,30,0,0;0,0,0,0,0,0,0,0,25,0,0,21,0,0,0,48,58,0,0,0,0,0,30,0,0,36,0,39,0,0;0,0,0,55,57,73,0,80,0,54,0,63,0,0,0,0,53,0,0,0,68,78,0,73,0,0,0,0,0,80;41,0,37,0,33,0,0,0,0,0,30,0,38,0,0,0,0,0,0,0,0,58,0,0,0,0,0,0,56,0;0,70,0,0,0,0,0,80,0,0,0,78,43,0,0,0,44,30,0,0,0,0,0,49,0,0,20,0,0,0;0,42,29,0,47,0,0,0,0,0,23,0,0,21,0,26,46,0,69,0,0,34,0,0,0,80,0,0,0,80;0,0,0,0,0,0,0,0,0,75,0,0,0,80,0,0,0,53,49,74,0,37,0,0,36,0,0,50,0,80;31,0,48,67,0,0,64,42,25,29,0,78,56,0,46,80,0,0,0,78,0,0,39,0,0,0,0,0,0,0;0,0,46,79,0,45,0,49,0,80,21,75,38,64,0,76,0,0,0,0,40,0,0,0,0,56,0,0,0,0;0,0,0,0,66,0,0,0,0,0,63,0,22,0,0,0,0,0,0,29,0,0,0,0,0,0,0,0,63,0;0,0,62,0,61,0,0,0,31,36,0,29,0,0,0,67,0,0,80,30,0,36,0,0,0,62,0,61,0,75;32,0,0,54,0,49,31,0,0,76,0,43,0,78,0,0,64,0,0,33,0,0,0,41,0,0,39,0,0,0;68,0,40,0,0,0,0,0,0,0,0,0,0,0,0,35,36,26,0,77,0,0,0,72,0,80,0,0,0,54;0,23,0,0,0,0,0,0,0,0,0,0,0,0,32,26,0,0,0,0,29,42,0,0,0,0,0,0,30,80;0,0,0,0,47,52,0,0,0,0,43,0,44,0,0,27,0,0,0,45,0,39,32,0,0,43,0,0,0,0;0,0,0,70,0,0,0,38,0,0,0,0,53,0,0,0,58,0,39,0,72,0,0,0,0,26,57,0,32,0;72,0,0,0,0,42,0,0,0,0,0,0,0,0,0,0,0,0,0,0,0,29,0,72,76,0,0,0,68,78;0,0,0,0,0,0,72,45,0,0,0,0,0,0,0,46,70,0,0,33,0,0,38,0,44,0,64,0,0,44;0,60,0,51,0,46,0,0,0,67,43,25,0,0,43,50,33,42,0,0,0,0,79,0,0,0,36,0,0,0;0,0,0,30,0,0,0,46,0,0,0,0,57,75,0,35,0,0,0,0,0,32,0,0,0,0,62,0,0,0;69,0,0,0,0,43,0,0,0,0,0,0,70,0,0,26,0,0,27,27,77,0,48,0,48,0,0,80,0,0;77,0,27,0,0,52,0,0,0,51,0,0,0,0,32,0,0,0,0,52,0,0,0,0,0,0,36,0,0,0;0,69,0,0,0,0,0,0,0,0,76,0,0,0,56,24,52,0,0,0,80,0,0,0,0,0,0,0,0,29;0,42,0,0,50,0,0,0,0,0,0,0,72,0,43,0,0,0,0,0,50,52,0,36,0,0,51,0,42,0
0,34,0,0,0,0,0,25,25,0,0,20,0,28,0,0,0,0,0,0,29,0,0,0,0,22,0,0,0,0;0,0,36,0,0,33,0,0,0,0,0,0,0,0,0,0,0,0,0,36,0,0,0,0,36,0,0,0,0,37;0,36,0,31,0,35,22,0,0,0,35,27,0,0,0,0,0,0,0,31,0,0,0,37,0,30,0,0,0,0;0,0,0,0,0,0,0,0,0,0,0,0,0,0,0,26,39,25,20,0,0,22,0,28,0,0,0,0,35,38;0,24,40,26,0,39,22,0,0,0,23,0,0,0,37,0,0,0,0,0,0,0,0,0,0,0,0,35,0,0;24,0,0,0,35,0,0,0,0,28,0,0,0,0,0,0,26,0,0,0,0,0,0,38,0,37,0,0,0,29;30,0,33,24,0,0,0,0,0,0,0,29,0,0,0,0,0,27,22,0,0,36,0,35,0,0,0,30,0,0;0,0,0,0,0,0,0,0,27,0,0,34,0,0,0,35,27,0,0,0,0,0,25,0,0,26,0,35,0,0;0,0,0,34,35,21,0,34,0,34,0,25,0,0,0,0,20,0,0,0,39,29,0,30,0,0,0,0,0,21;37,0,32,0,22,0,0,0,0,0,40,0,27,0,0,0,0,0,0,0,0,22,0,0,0,0,0,0,36,0;0,25,0,0,0,0,0,35,0,0,0,40,36,0,0,0,26,35,0,0,0,0,0,27,0,0,35,0,0,0;0,23,28,0,30,0,0,0,0,0,28,0,0,20,0,34,26,0,38,0,0,23,0,0,0,15,0,0,0,16;0,0,0,0,0,0,0,0,0,21,0,0,0,30,0,0,0,26,38,32,0,30,0,0,21,0,0,35,0,36;25,0,24,40,0,0,29,32,39,36,0,33,25,0,35,33,0,0,0,31,0,0,26,0,0,0,0,0,0,0;0,0,26,30,0,40,0,30,0,36,34,34,30,20,0,36,0,0,0,0,23,0,0,0,0,31,0,0,0,0;0,0,0,0,37,0,0,0,0,0,32,0,28,0,0,0,0,0,0,20,0,0,0,0,0,0,0,0,40,0;0,0,38,0,39,0,0,0,38,26,0,28,0,0,0,37,0,0,33,29,0,22,0,0,0,23,0,36,0,34;29,0,0,22,0,37,26,0,0,38,0,26,0,33,0,0,34,0,0,28,0,0,0,28,0,0,39,0,0,0;25,0,32,0,0,0,0,0,0,0,0,0,0,0,0,29,21,37,0,25,0,0,0,23,0,29,0,0,0,28;0,30,0,0,0,0,0,0,0,0,0,0,0,0,21,37,0,0,0,0,37,23,0,0,0,0,0,0,33,30;0,0,0,0,34,27,0,0,0,0,34,0,39,0,0,30,0,0,0,37,0,26,32,0,0,40,0,0,0,0;0,0,0,22,0,0,0,37,0,0,0,0,33,0,0,0,24,0,38,0,29,0,0,0,0,26,37,0,38,0;24,0,0,0,0,20,0,0,0,0,0,0,0,0,0,0,0,0,0,0,0,32,0,35,37,0,0,0,39,24;0,0,0,0,0,0,34,31,0,0,0,0,0,0,0,21,23,0,0,36,0,0,35,0,23,0,27,0,0,23;0,30,0,34,0,37,0,0,0,31,39,24,0,0,37,38,26,35,0,0,0,0,31,0,0,0,27,0,0,0;0,0,0,35,0,0,0,29,0,0,0,0,28,23,0,31,0,0,0,0,0,37,0,0,0,0,40,0,0,0;22,0,0,0,0,33,0,0,0,0,0,0,40,0,0,38,0,0,24,27,36,0,27,0,39,0,0,37,0,0;21,0,28,0,0,31,0,0,0,29,0,0,0,0,32,0,0,0,0,31,0,0,0,0,0,0,35,0,0,0;0,30,0,0,0,0,0,0,0,0,37,0,0,0,23,40,35,0,0,0,39,0,0,0,0,0,0,0,0,39;0,33,0,0,28,0,0,0,0,0,0,0,25,0,25,0,0,0,0,0,35,39,0,22,0,0,35,0,29,0
-26,30,0,0,0,19,0,0,0,0,15,0,0,0,15,0,0,14,0,0,0,30,0,23,0,-54,0,0,22,-88
------------- End of Scenario k = 3 -------
0,51,0,0,0,0,0,79,27,0,0,37,0,55,0,0,0,0,0,0,34,0,0,0,0,66,0,0,0,0;0,0,80,0,0,58,0,0,0,0,0,0,0,0,0,0,0,0,0,25,0,0,0,0,77,0,0,0,0,76;0,37,0,80,0,57,45,0,0,0,48,59,0,0,0,0,0,0,0,32,0,0,0,46,0,80,0,0,0,0;0,0,0,0,0,0,0,0,0,0,0,0,0,0,0,40,60,66,25,0,0,73,0,38,0,0,0,0,70,28;0,60,48,57,0,39,80,0,0,0,63,0,0,0,66,0,0,0,0,0,0,0,0,0,0,0,0,55,0,0;57,0,0,0,80,0,0,0,0,47,0,0,0,0,0,0,40,0,0,0,0,0,0,20,0,80,0,0,0,80;49,0,26,67,0,0,0,0,0,0,0,78,0,0,0,0,0,63,67,0,0,76,0,27,0,0,0,71,0,0;0,0,0,0,0,0,0,0,26,0,0,23,0,0,0,69,41,0,0,0,0,0,22,0,0,80,0,50,0,0;0,0,0,31,59,28,0,71,0,32,0,65,0,0,0,0,64,0,0,0,30,34,0,44,0,0,0,0,0,70;80,0,50,0,46,0,0,0,0,0,30,0,33,0,0,0,0,0,0,0,0,68,0,0,0,0,0,0,26,0;0,31,0,0,0,0,0,65,0,0,0,26,76,0,0,0,55,75,0,0,0,0,0,27,0,0,25,0,0,0;0,76,56,0,47,0,0,0,0,0,73,0,0,54,0,32,80,0,52,0,0,48,0,0,0,80,0,0,0,32;0,0,0,0,0,0,0,0,0,67,0,0,0,80,0,0,0,59,56,22,0,46,0,0,66,0,0,46,0,45;39,0,36,28,0,0,32,42,55,65,0,66,20,0,42,40,0,0,0,36,0,0,27,0,0,0,0,0,0,0;0,0,45,72,0,33,0,53,0,23,52,78,76,38,0,71,0,0,0,0,60,0,0,0,0,80,0,0,0,0;0,0,0,0,53,0,0,0,0,0,77,0,47,0,0,0,0,0,0,45,0,0,0,0,0,0,0,0,44,0;0,0,54,0,67,0,0,0,48,50,0,80,0,0,0,71,0,0,80,31,0,62,0,0,0,26,0,79,0,77;72,0,0,52,0,78,23,0,0,45,0,80,0,52,0,0,22,0,0,80,0,0,0,77,0,0,69,0,0,0;80,0,72,0,0,0,0,0,0,0,0,0,0,0,0,20,23,27,0,80,0,0,0,67,0,80,0,0,0,24;0,76,0,0,0,0,0,0,0,0,0,0,0,0,27,60,0,0,0,0,36,79,0,0,0,0,0,0,55,80;0,0,0,0,38,37,0,0,0,0,48,0,79,0,0,31,0,0,0,50,0,30,80,0,0,59,0,0,0,0;0,0,0,27,0,0,0,47,0,0,0,0,80,0,0,0,57,0,23,0,69,0,0,0,0,56,67,0,74,0;44,0,0,0,0,62,0,0,0,0,0,0,0,0,0,0,0,0,0,0,0,56,0,68,44,0,0,0,80,73;0,0,0,0,0,0,80,34,0,0,0,0,0,0,0,56,68,0,0,46,0,0,63,0,21,0,24,0,0,74;0,27,0,65,0,65,0,0,0,44,50,73,0,0,41,75,71,42,0,0,0,0,37,0,0,0,57,0,0,0;0,0,0,22,0,0,0,26,0,0,0,0,26,61,0,62,0,0,0,0,0,55,0,0,0,0,43,0,0,0;36,0,0,0,0,76,0,0,0,0,0,0,39,0,0,68,0,0,28,33,50,0,39,0,51,0,0,80,0,0;73,0,40,0,0,28,0,0,0,56,0,0,0,0,44,0,0,0,0,34,0,0,0,0,0,0,56,0,0,0;0,29,0,0,0,0,0,0,0,0,55,0,0,0,37,67,26,0,0,0,80,0,0,0,0,0,0,0,0,80;0,42,0,0,44,0,0,0,0,0,0,0,42,0,69,0,0,0,0,0,40,45,0,24,0,0,20,0,43,0
0,29,0,0,0,0,0,23,31,0,0,24,0,32,0,0,0,0,0,0,34,0,0,0,0,21,0,0,0,0;0,0,27,0,0,20,0,0,0,0,0,0,0,0,0,0,0,0,0,29,0,0,0,0,37,0,0,0,0,28;0,20,0,32,0,28,20,0,0,0,36,23,0,0,0,0,0,0,0,24,0,0,0,26,0,29,0,0,0,0;0,0,0,0,0,0,0,0,0,0,0,0,0,0,0,21,37,31,30,0,0,23,0,30,0,0,0,0,38,33;0,40,25,35,0,25,21,0,0,0,34,0,0,0,22,0,0,0,0,0,0,0,0,0,0,0,0,35,0,0;26,0,0,0,23,0,0,0,0,31,0,0,0,0,0,0,25,0,0,0,0,0,0,37,0,39,0,0,0,39;36,0,35,34,0,0,0,0,0,0,0,28,0,0,0,0,0,27,30,0,0,21,0,39,0,0,0,40,0,0;0,0,0,0,0,0,0,0,32,0,0,36,0,0,0,29,37,0,0,0,0,0,24,0,0,38,0,33,0,0;0,0,0,24,33,34,0,39,0,33,0,26,0,0,0,0,24,0,0,0,30,38,0,31,0,0,0,0,0,38;28,0,23,0,28,0,0,0,0,0,35,0,38,0,0,0,0,0,0,0,0,26,0,0,0,0,0,0,20,0;0,20,0,0,0,0,0,31,0,0,0,28,40,0,0,0,26,24,0,0,0,0,0,26,0,0,22,0,0,0;0,40,39,0,21,0,0,0,0,0,36,0,0,39,0,31,32,0,33,0,0,32,0,0,0,28,0,0,0,34;0,0,0,0,0,0,0,0,0,26,0,0,0,29,0,0,0,26,29,37,0,32,0,0,37,0,0,20,0,39;38,0,33,21,0,0,37,29,35,35,0,20,25,0,25,39,0,0,0,33,0,0,33,0,0,0,0,0,0,0;0,0,24,33,0,30,0,31,0,37,40,22,25,23,0,22,0,0,0,0,35,0,0,0,0,32,0,0,0,0;0,0,0,0,20,0,0,0,0,0,40,0,25,0,0,0,0,0,0,38,0,0,0,0,0,0,0,0,29,0;0,0,35,0,29,0,0,0,35,32,0,31,0,0,0,20,0,0,37,23,0,33,0,0,0,40,0,34,0,34;38,0,0,28,0,29,37,0,0,32,0,31,0,34,0,0,36,0,0,35,0,0,0,20,0,0,22,0,0,0;36,0,36,0,0,0,0,0,0,0,0,0,0,0,0,33,30,39,0,40,0,0,0,36,0,36,0,0,0,23;0,30,0,0,0,0,0,0,0,0,0,0,0,0,20,34,0,0,0,0,26,36,0,0,0,0,0,0,25,34;0,0,0,0,26,26,0,0,0,0,24,0,38,0,0,29,0,0,0,31,0,37,28,0,0,25,0,0,0,0;0,0,0,25,0,0,0,26,0,0,0,0,28,0,0,0,20,0,37,0,31,0,0,0,0,40,24,0,20,0;25,0,0,0,0,35,0,0,0,0,0,0,0,0,0,0,0,0,0,0,0,26,0,40,40,0,0,0,21,34;0,0,0,0,0,0,21,27,0,0,0,0,0,0,0,38,29,0,0,35,0,0,31,0,21,0,39,0,0,39;0,32,0,38,0,32,0,0,0,29,28,37,0,0,36,34,26,35,0,0,0,0,25,0,0,0,24,0,0,0;0,0,0,34,0,0,0,39,0,0,0,0,21,30,0,39,0,0,0,0,0,25,0,0,0,0,29,0,0,0;36,0,0,0,0,30,0,0,0,0,0,0,35,0,0,38,0,0,24,31,36,0,24,0,24,0,0,29,0,0;37,0,27,0,0,36,0,0,0,20,0,0,0,0,36,0,0,0,0,25,0,0,0,0,0,0,33,0,0,0;0,31,0,0,0,0,0,0,0,0,26,0,0,0,31,29,20,0,0,0,30,0,0,0,0,0,0,0,0,31;0,21,0,0,35,0,0,0,0,0,0,0,22,0,37,0,0,0,0,0,38,36,0,27,0,0,34,0,39,0
-36,25,0,0,0,17,0,0,0,0,15,0,0,0,26,0,0,28,0,0,0,26,0,24,0,-34,0,0,23,-114
------------- End of Scenario k = 4 -------
0,51,0,0,0,0,0,64,27,0,0,65,0,79,0,0,0,0,0,0,43,0,0,0,0,79,0,0,0,0;0,0,80,0,0,34,0,0,0,0,0,0,0,0,0,0,0,0,0,77,0,0,0,0,63,0,0,0,0,30;0,61,0,80,0,39,22,0,0,0,66,28,0,0,0,0,0,0,0,23,0,0,0,69,0,60,0,0,0,0;0,0,0,0,0,0,0,0,0,0,0,0,0,0,0,22,34,20,42,0,0,65,0,45,0,0,0,0,50,56;0,43,53,80,0,27,80,0,0,0,29,0,0,0,36,0,0,0,0,0,0,0,0,0,0,0,0,73,0,0;61,0,0,0,80,0,0,0,0,21,0,0,0,0,0,0,79,0,0,0,0,0,0,22,0,41,0,0,0,80;33,0,40,45,0,0,0,0,0,0,0,39,0,0,0,0,0,21,66,0,0,40,0,24,0,0,0,25,0,0;0,0,0,0,0,0,0,0,80,0,0,40,0,0,0,34,56,0,0,0,0,0,42,0,0,80,0,36,0,0;0,0,0,34,52,34,0,51,0,73,0,64,0,0,0,0,41,0,0,0,42,69,0,75,0,0,0,0,0,80;80,0,27,0,47,0,0,0,0,0,22,0,60,0,0,0,0,0,0,0,0,48,0,0,0,0,0,0,49,0;0,59,0,0,0,0,0,80,0,0,0,49,56,0,0,0,70,22,0,0,0,0,0,71,0,0,60,0,0,0;0,53,74,0,55,0,0,0,0,0,62,0,0,31,0,40,73,0,29,0,0,55,0,0,0,71,0,0,0,40;0,0,0,0,0,0,0,0,0,43,0,0,0,80,0,0,0,80,36,24,0,63,0,0,50,0,0,74,0,67;56,0,69,45,0,0,49,22,62,62,0,41,51,0,54,80,0,0,0,22,0,0,33,0,0,0,0,0,0,0;0,0,31,67,0,71,0,53,0,80,72,71,41,68,0,46,0,0,0,0,72,0,0,0,0,80,0,0,0,0;0,0,0,0,28,0,0,0,0,0,80,0,47,0,0,0,0,0,0,50,0,0,0,0,0,0,0,0,68,0;0,0,66,0,71,0,0,0,51,25,0,65,0,0,0,59,0,0,45,21,0,46,0,0,0,25,0,61,0,59;80,0,0,39,0,40,58,0,0,35,0,21,0,78,0,0,70,0,0,28,0,0,0,59,0,0,47,0,0,0;80,0,48,0,0,0,0,0,0,0,0,0,0,0,0,21,49,65,0,80,0,0,0,60,0,76,0,0,0,51;0,58,0,0,0,0,0,0,0,0,0,0,0,0,73,63,0,0,0,0,65,78,0,0,0,0,0,0,40,80;0,0,0,0,24,22,0,0,0,0,67,0,26,0,0,71,0,0,0,32,0,45,80,0,0,69,0,0,0,0;0,0,0,35,0,0,0,25,0,0,0,0,80,0,0,0,35,0,75,0,36,0,0,0,0,45,41,0,43,0;31,0,0,0,0,45,0,0,0,0,0,0,0,0,0,0,0,0,0,0,0,72,0,27,80,0,0,0,42,55;0,0,0,0,0,0,69,39,0,0,0,0,0,0,0,69,80,0,0,20,0,0,39,0,51,0,71,0,0,38;0,23,0,69,0,43,0,0,0,22,75,63,0,0,29,55,40,63,0,0,0,0,54,0,0,0,52,0,0,0;0,0,0,28,0,0,0,44,0,0,0,0,69,38,0,41,0,0,0,0,0,74,0,0,0,0,76,0,0,0;31,0,0,0,0,71,0,0,0,0,0,0,55,0,0,45,0,0,43,29,60,0,53,0,45,0,0,80,0,0;74,0,42,0,0,72,0,0,0,23,0,0,0,0,65,0,0,0,0,62,0,0,0,0,0,0,32,0,0,0;0,62,0,0,0,0,0,0,0,0,80,0,0,0,63,54,59,0,0,0,80,0,0,0,0,0,0,0,0,80;0,44,0,0,68,0,0,0,0,0,0,0,72,0,55,0,0,0,0,0,28,60,0,23,0,0,44,0,64,0
0,25,0,0,0,0,0,22,38,0,0,20,0,38,0,0,0,0,0,0,34,0,0,0,0,35,0,0,0,0;0,0,29,0,0,20,0,0,0,0,0,0,0,0,0,0,0,0,0,31,0,0,0,0,38,0,0,0,0,35;0,39,0,19,0,30,28,0,0,0,26,21,0,0,0,0,0,0,0,34,0,0,0,29,0,35,0,0,0,0;0,0,0,0,0,0,0,0,0,0,0,0,0,0,0,31,33,40,32,0,0,28,0,32,0,0,0,0,37,32;0,30,38,38,0,35,37,0,0,0,30,0,0,0,37,0,0,0,0,0,0,0,0,0,0,0,0,33,0,0;31,0,0,0,35,0,0,0,0,21,0,0,0,0,0,0,24,0,0,0,0,0,0,37,0,32,0,0,0,37;35,0,29,36,0,0,0,0,0,0,0,33,0,0,0,0,0,25,28,0,0,25,0,31,0,0,0,34,0,0;0,0,0,0,0,0,0,0,35,0,0,25,0,0,0,38,34,0,0,0,0,0,35,0,0,39,0,26,0,0;0,0,0,27,31,26,0,37,0,27,0,37,0,0,0,0,34,0,0,0,25,29,0,25,0,0,0,0,0,32;27,0,26,0,21,0,0,0,0,0,22,0,29,0,0,0,0,0,0,0,0,31,0,0,0,0,0,0,22,0;0,29,0,0,0,0,0,35,0,0,0,25,32,0,0,0,31,36,0,0,0,0,0,38,0,0,26,0,0,0;0,22,33,0,37,0,0,0,0,0,23,0,0,34,0,23,40,0,29,0,0,33,0,0,0,22,0,0,0,28;0,0,0,0,0,0,0,0,0,20,0,0,0,37,0,0,0,25,22,35,0,21,0,0,30,0,0,21,0,21;37,0,38,38,0,0,36,23,31,24,0,26,35,0,34,39,0,0,0,23,0,0,21,0,0,0,0,0,0,0;0,0,29,40,0,32,0,36,0,40,20,30,26,34,0,22,0,0,0,0,36,0,0,0,0,18,0,0,0,0;0,0,0,0,23,0,0,0,0,0,40,0,30,0,0,0,0,0,0,21,0,0,0,0,0,0,0,0,25,0;0,0,37,0,34,0,0,0,23,33,0,27,0,0,0,39,0,0,14,35,0,29,0,0,0,34,0,31,0,31;29,0,0,32,0,26,30,0,0,37,0,25,0,31,0,0,23,0,0,34,0,0,0,40,0,0,34,0,0,0;28,0,24,0,0,0,0,0,0,0,0,0,0,0,0,20,32,40,0,36,0,0,0,27,0,22,0,0,0,33;0,23,0,0,0,0,0,0,0,0,0,0,0,0,25,21,0,0,0,0,26,36,0,0,0,0,0,0,30,22;0,0,0,0,38,27,0,0,0,0,27,0,23,0,0,32,0,0,0,20,0,34,29,0,0,34,0,0,0,0;0,0,0,25,0,0,0,24,0,0,0,0,39,0,0,0,22,0,34,0,39,0,0,0,0,35,40,0,33,0;21,0,0,0,0,26,0,0,0,0,0,0,0,0,0,0,0,0,0,0,0,30,0,35,33,0,0,0,30,28;0,0,0,0,0,0,22,38,0,0,0,0,0,0,0,34,14,0,0,26,0,0,22,0,28,0,21,0,0,33;0,34,0,33,0,36,0,0,0,40,27,20,0,0,22,36,39,33,0,0,0,0,20,0,0,0,27,0,0,0;0,0,0,26,0,0,0,40,0,0,0,0,29,34,0,31,0,0,0,0,0,39,0,0,0,0,28,0,0,0;29,0,0,0,0,36,0,0,0,0,0,0,39,0,0,20,0,0,21,36,30,0,37,0,36,0,0,39,0,0;21,0,28,0,0,24,0,0,0,24,0,0,0,0,22,0,0,0,0,35,0,0,0,0,0,0,22,0,0,0;0,32,0,0,0,0,0,0,0,0,23,0,0,0,32,30,27,0,0,0,23,0,0,0,0,0,0,0,0,26;0,20,0,0,34,0,0,0,0,0,0,0,20,0,31,0,0,0,0,0,34,34,0,35,0,0,37,0,37,0
-29,12,0,0,0,18,0,0,0,0,27,0,0,0,17,0,0,22,0,0,0,21,0,11,0,-44,0,0,14,-69
------------- End of Scenario k = 5 -------
0,74,0,0,0,0,0,45,23,0,0,34,0,75,0,0,0,0,0,0,60,0,0,0,0,50,0,0,0,0;0,0,73,0,0,20,0,0,0,0,0,0,0,0,0,0,0,0,0,21,0,0,0,0,40,0,0,0,0,47;0,20,0,80,0,78,25,0,0,0,70,60,0,0,0,0,0,0,0,52,0,0,0,34,0,79,0,0,0,0;0,0,0,0,0,0,0,0,0,0,0,0,0,0,0,42,31,51,20,0,0,56,0,54,0,0,0,0,73,30;0,65,44,42,0,44,80,0,0,0,40,0,0,0,68,0,0,0,0,0,0,0,0,0,0,0,0,38,0,0;80,0,0,0,80,0,0,0,0,65,0,0,0,0,0,0,48,0,0,0,0,0,0,80,0,31,0,0,0,80;74,0,29,27,0,0,0,0,0,0,0,27,0,0,0,0,0,37,43,0,0,79,0,75,0,0,0,57,0,0;0,0,0,0,0,0,0,0,80,0,0,55,0,0,0,28,60,0,0,0,0,0,79,0,0,80,0,44,0,0;0,0,0,36,43,78,0,79,0,52,0,43,0,0,0,0,76,0,0,0,26,28,0,60,0,0,0,0,0,80;80,0,53,0,36,0,0,0,0,0,72,0,21,0,0,0,0,0,0,0,0,27,0,0,0,0,0,0,43,0;0,79,0,0,0,0,0,40,0,0,0,50,58,0,0,0,78,37,0,0,0,0,0,33,0,0,56,0,0,0;0,67,60,0,32,0,0,0,0,0,61,0,0,80,0,32,72,0,45,0,0,56,0,0,0,58,0,0,0,50;0,0,0,0,0,0,0,0,0,72,0,0,0,80,0,0,0,37,32,25,0,67,0,0,45,0,0,42,0,28;28,0,42,56,0,0,67,35,57,62,0,69,66,0,45,79,0,0,0,64,0,0,21,0,0,0,0,0,0,0;0,0,40,73,0,38,0,78,0,58,76,23,72,21,0,46,0,0,0,0,71,0,0,0,0,46,0,0,0,0;0,0,0,0,62,0,0,0,0,0,71,0,72,0,0,0,0,0,0,37,0,0,0,0,0,0,0,0,68,0;0,0,31,0,26,0,0,0,39,48,0,27,0,0,0,78,0,0,80,51,0,37,0,0,0,27,0,73,0,70;64,0,0,45,0,42,46,0,0,49,0,55,0,30,0,0,65,0,0,59,0,0,0,31,0,0,63,0,0,0;27,0,36,0,0,0,0,0,0,0,0,0,0,0,0,53,80,56,0,80,0,0,0,66,0,64,0,0,0,21;0,71,0,0,0,0,0,0,0,0,0,0,0,0,42,72,0,0,0,0,55,67,0,0,0,0,0,0,56,80;0,0,0,0,53,55,0,0,0,0,28,0,48,0,0,70,0,0,0,24,0,38,69,0,0,67,0,0,0,0;0,0,0,48,0,0,0,56,0,0,0,0,80,0,0,0,52,0,53,0,48,0,0,0,0,46,33,0,32,0;32,0,0,0,0,41,0,0,0,0,0,0,0,0,0,0,0,0,0,0,0,77,0,62,80,0,0,0,32,70;0,0,0,0,0,0,39,31,0,0,0,0,0,0,0,50,29,0,0,59,0,0,47,0,26,0,77,0,0,66;0,74,0,38,0,66,0,0,0,60,34,35,0,0,21,34,59,43,0,0,0,0,35,0,0,0,28,0,0,0;0,0,0,74,0,0,0,27,0,0,0,0,21,37,0,62,0,0,0,0,0,55,0,0,0,0,48,0,0,0;53,0,0,0,0,35,0,0,0,0,0,0,39,0,0,29,0,0,32,75,37,0,20,0,37,0,0,80,0,0;76,0,72,0,0,57,0,0,0,75,0,0,0,0,37,0,0,0,0,52,0,0,0,0,0,0,57,0,0,0;0,72,0,0,0,0,0,0,0,0,23,0,0,0,24,38,47,0,0,0,32,0,0,0,0,0,0,0,0,53;0,70,0,0,46,0,0,0,0,0,0,0,55,0,66,0,0,0,0,0,79,80,0,73,0,0,53,0,49,0
0,39,0,0,0,0,0,36,35,0,0,28,0,26,0,0,0,0,0,0,36,0,0,0,0,25,0,0,0,0;0,0,38,0,0,20,0,0,0,0,0,0,0,0,0,0,0,0,0,40,0,0,0,0,29,0,0,0,0,36;0,24,0,34,0,38,37,0,0,0,36,35,0,0,0,0,0,0,0,40,0,0,0,21,0,15,0,0,0,0;0,0,0,0,0,0,0,0,0,0,0,0,0,0,0,29,23,26,22,0,0,39,0,40,0,0,0,0,36,21;0,37,25,26,0,32,33,0,0,0,21,0,0,0,34,0,0,0,0,0,0,0,0,0,0,0,0,34,0,0;40,0,0,0,36,0,0,0,0,22,0,0,0,0,0,0,39,0,0,0,0,0,0,36,0,37,0,0,0,38;26,0,37,36,0,0,0,0,0,0,0,29,0,0,0,0,0,29,28,0,0,23,0,39,0,0,0,23,0,0;0,0,0,0,0,0,0,0,34,0,0,32,0,0,0,22,22,0,0,0,0,0,29,0,0,31,0,38,0,0;0,0,0,35,36,28,0,30,0,30,0,37,0,0,0,0,34,0,0,0,35,37,0,22,0,0,0,0,0,34;27,0,36,0,28,0,0,0,0,0,24,0,28,0,0,0,0,0,0,0,0,33,0,0,0,0,0,0,29,0;0,39,0,0,0,0,0,28,0,0,0,20,34,0,0,0,30,33,0,0,0,0,0,34,0,0,34,0,0,0;0,25,36,0,40,0,0,0,0,0,39,0,0,34,0,23,25,0,31,0,0,30,0,0,0,21,0,0,0,25;0,0,0,0,0,0,0,0,0,33,0,0,0,16,0,0,0,20,34,30,0,23,0,0,36,0,0,34,0,22;25,0,27,34,0,0,32,21,33,40,0,26,22,0,28,38,0,0,0,20,0,0,25,0,0,0,0,0,0,0;0,0,22,34,0,23,0,26,0,36,39,37,35,37,0,26,0,0,0,0,29,0,0,0,0,22,0,0,0,0;0,0,0,0,38,0,0,0,0,0,30,0,27,0,0,0,0,0,0,40,0,0,0,0,0,0,0,0,30,0;0,0,39,0,21,0,0,0,36,34,0,27,0,0,0,30,0,0,40,27,0,21,0,0,0,22,0,34,0,40;29,0,0,31,0,21,28,0,0,25,0,20,0,20,0,0,23,0,0,27,0,0,0,37,0,0,29,0,0,0;32,0,20,0,0,0,0,0,0,0,0,0,0,0,0,22,37,35,0,35,0,0,0,27,0,20,0,0,0,28;0,37,0,0,0,0,0,0,0,0,0,0,0,0,20,26,0,0,0,0,24,37,0,0,0,0,0,0,30,38;0,0,0,0,23,29,0,0,0,0,26,0,23,0,0,38,0,0,0,36,0,31,13,0,0,38,0,0,0,0;0,0,0,35,0,0,0,31,0,0,0,0,19,0,0,0,40,0,35,0,35,0,0,0,0,32,29,0,21,0;35,0,0,0,0,28,0,0,0,0,0,0,0,0,0,0,0,0,0,0,0,29,0,38,33,0,0,0,30,28;0,0,0,0,0,0,37,23,0,0,0,0,0,0,0,36,35,0,0,21,0,0,39,0,39,0,37,0,0,22;0,40,0,22,0,20,0,0,0,40,36,29,0,0,29,33,32,35,0,0,0,0,20,0,0,0,16,0,0,0;0,0,0,23,0,0,0,32,0,0,0,0,26,33,0,40,0,0,0,0,0,32,0,0,0,0,29,0,0,0;24,0,0,0,0,30,0,0,0,0,0,0,29,0,0,24,0,0,22,32,22,0,37,0,31,0,0,24,0,0;22,0,24,0,0,20,0,0,0,25,0,0,0,0,38,0,0,0,0,22,0,0,0,0,0,0,40,0,0,0;0,29,0,0,0,0,0,0,0,0,21,0,0,0,22,39,21,0,0,0,14,0,0,0,0,0,0,0,0,25;0,22,0,0,29,0,0,0,0,0,0,0,39,0,29,0,0,0,0,0,23,39,0,35,0,0,33,0,38,0
-18,13,0,0,0,27,0,0,0,0,22,0,0,0,13,0,0,13,0,0,0,13,0,18,0,-41,0,0,11,-71
------------- End of Scenario k = 6 -------
0,64,0,0,0,0,0,29,23,0,0,54,0,22,0,0,0,0,0,0,29,0,0,0,0,42,0,0,0,0;0,0,33,0,0,70,0,0,0,0,0,0,0,0,0,0,0,0,0,60,0,0,0,0,64,0,0,0,0,58;0,32,0,32,0,35,73,0,0,0,47,41,0,0,0,0,0,0,0,20,0,0,0,76,0,58,0,0,0,0;0,0,0,0,0,0,0,0,0,0,0,0,0,0,0,21,58,61,78,0,0,80,0,66,0,0,0,0,51,80;0,45,46,24,0,51,54,0,0,0,45,0,0,0,24,0,0,0,0,0,0,0,0,0,0,0,0,60,0,0;80,0,0,0,80,0,0,0,0,63,0,0,0,0,0,0,61,0,0,0,0,0,0,37,0,80,0,0,0,80;64,0,32,46,0,0,0,0,0,0,0,71,0,0,0,0,0,30,76,0,0,51,0,23,0,0,0,64,0,0;0,0,0,0,0,0,0,0,55,0,0,59,0,0,0,59,50,0,0,0,0,0,57,0,0,80,0,33,0,0;0,0,0,78,51,21,0,23,0,65,0,67,0,0,0,0,65,0,0,0,58,25,0,31,0,0,0,0,0,72;80,0,37,0,44,0,0,0,0,0,42,0,47,0,0,0,0,0,0,0,0,30,0,0,0,0,0,0,78,0;0,25,0,0,0,0,0,80,0,0,0,66,79,0,0,0,37,80,0,0,0,0,0,38,0,0,63,0,0,0;0,31,44,0,35,0,0,0,0,0,60,0,0,39,0,32,32,0,73,0,0,63,0,0,0,80,0,0,0,75;0,0,0,0,0,0,0,0,0,74,0,0,0,80,0,0,0,74,45,63,0,39,0,0,73,0,0,50,0,80;75,0,25,75,0,0,60,45,30,27,0,75,31,0,64,68,0,0,0,24,0,0,53,0,0,0,0,0,0,0;0,0,34,66,0,28,0,49,0,71,80,76,35,24,0,55,0,0,0,0,55,0,0,0,0,43,0,0,0,0;0,0,0,0,43,0,0,0,0,0,68,0,51,0,0,0,0,0,0,53,0,0,0,0,0,0,0,0,70,0;0,0,40,0,60,0,0,0,40,36,0,38,0,0,0,73,0,0,62,53,0,37,0,0,0,20,0,47,0,46;79,0,0,22,0,43,61,0,0,23,0,80,0,62,0,0,51,0,0,24,0,0,0,34,0,0,50,0,0,0;80,0,52,0,0,0,0,0,0,0,0,0,0,0,0,55,51,35,0,44,0,0,0,26,0,20,0,0,0,79;0,72,0,0,0,0,0,0,0,0,0,0,0,0,72,65,0,0,0,0,76,75,0,0,0,0,0,0,27,80;0,0,0,0,42,28,0,0,0,0,70,0,30,0,0,60,0,0,0,48,0,38,37,0,0,32,0,0,0,0;0,0,0,34,0,0,0,37,0,0,0,0,80,0,0,0,35,0,74,0,26,0,0,0,0,54,25,0,35,0;51,0,0,0,0,41,0,0,0,0,0,0,0,0,0,0,0,0,0,0,0,61,0,29,80,0,0,0,50,63;0,0,0,0,0,0,75,53,0,0,0,0,0,0,0,58,80,0,0,51,0,0,41,0,60,0,46,0,0,63;0,57,0,42,0,59,0,0,0,40,72,39,0,0,36,60,68,80,0,0,0,0,20,0,0,0,80,0,0,0;0,0,0,80,0,0,0,24,0,0,0,0,25,77,0,52,0,0,0,0,0,27,0,0,0,0,24,0,0,0;42,0,0,0,0,78,0,0,0,0,0,0,71,0,0,60,0,0,30,73,44,0,79,0,62,0,0,80,0,0;45,0,57,0,0,33,0,0,0,59,0,0,0,0,50,0,0,0,0,61,0,0,0,0,0,0,41,0,0,0;0,38,0,0,0,0,0,0,0,0,40,0,0,0,53,44,32,0,0,0,80,0,0,0,0,0,0,0,0,79;0,37,0,0,70,0,0,0,0,0,0,0,56,0,51,0,0,0,0,0,79,61,0,25,0,0,65,0,80,0
0,33,0,0,0,0,0,23,36,0,0,30,0,20,0,0,0,0,0,0,34,0,0,0,0,24,0,0,0,0;0,0,38,0,0,24,0,0,0,0,0,0,0,0,0,0,0,0,0,29,0,0,0,0,39,0,0,0,0,32;0,23,0,30,0,39,38,0,0,0,32,34,0,0,0,0,0,0,0,35,0,0,0,39,0,29,0,0,0,0;0,0,0,0,0,0,0,0,0,0,0,0,0,0,0,26,30,21,29,0,0,40,0,35,0,0,0,0,39,28;0,37,27,28,0,25,36,0,0,0,40,0,0,0,21,0,0,0,0,0,0,0,0,0,0,0,0,39,0,0;13,0,0,0,26,0,0,0,0,27,0,0,0,0,0,0,36,0,0,0,0,0,0,26,0,23,0,0,0,22;25,0,30,28,0,0,0,0,0,0,0,33,0,0,0,0,0,31,31,0,0,20,0,24,0,0,0,33,0,0;0,0,0,0,0,0,0,0,37,0,0,31,0,0,0,28,25,0,0,0,0,0,20,0,0,39,0,22,0,0;0,0,0,25,20,31,0,38,0,38,0,27,0,0,0,0,28,0,0,0,40,29,0,30,0,0,0,0,0,38;29,0,32,0,22,0,0,0,0,0,27,0,32,0,0,0,0,0,0,0,0,20,0,0,0,0,0,0,30,0;0,30,0,0,0,0,0,36,0,0,0,40,34,0,0,0,21,21,0,0,0,0,0,31,0,0,26,0,0,0;0,38,37,0,33,0,0,0,0,0,39,0,0,27,0,22,22,0,32,0,0,38,0,0,0,27,0,0,0,36;0,0,0,0,0,0,0,0,0,25,0,0,0,24,0,0,0,24,21,32,0,23,0,0,36,0,0,36,0,32;39,0,22,21,0,0,25,32,23,23,0,36,25,0,20,23,0,0,0,29,0,0,27,0,0,0,0,0,0,0;0,0,40,38,0,40,0,22,0,24,24,38,25,28,0,38,0,0,0,0,24,0,0,0,0,10,0,0,0,0;0,0,0,0,34,0,0,0,0,0,24,0,25,0,0,0,0,0,0,27,0,0,0,0,0,0,0,0,38,0;0,0,32,0,34,0,0,0,24,29,0,27,0,0,0,32,0,0,38,40,0,32,0,0,0,40,0,36,0,36;34,0,0,36,0,25,34,0,0,28,0,29,0,33,0,0,27,0,0,22,0,0,0,33,0,0,20,0,0,0;23,0,27,0,0,0,0,0,0,0,0,0,0,0,0,30,24,29,0,34,0,0,0,28,0,23,0,0,0,24;0,39,0,0,0,0,0,0,0,0,0,0,0,0,25,20,0,0,0,0,29,23,0,0,0,0,0,0,29,40;0,0,0,0,33,28,0,0,0,0,39,0,24,0,0,31,0,0,0,20,0,23,27,0,0,39,0,0,0,0;0,0,0,32,0,0,0,33,0,0,0,0,31,0,0,0,25,0,38,0,22,0,0,0,0,33,28,0,21,0;22,0,0,0,0,29,0,0,0,0,0,0,0,0,0,0,0,0,0,0,0,33,0,37,35,0,0,0,32,36;0,0,0,0,0,0,24,22,0,0,0,0,0,0,0,34,25,0,0,24,0,0,32,0,40,0,22,0,0,28;0,32,0,37,0,33,0,0,0,29,31,36,0,0,40,36,20,37,0,0,0,0,35,0,0,0,38,0,0,0;0,0,0,27,0,0,0,24,0,0,0,0,38,25,0,31,0,0,0,0,0,34,0,0,0,0,24,0,0,0;39,0,0,0,0,38,0,0,0,0,0,0,24,0,0,30,0,0,36,35,24,0,33,0,23,0,0,40,0,0;30,0,26,0,0,34,0,0,0,23,0,0,0,0,26,0,0,0,0,30,0,0,0,0,0,0,39,0,0,0;0,40,0,0,0,0,0,0,0,0,28,0,0,0,28,38,34,0,0,0,31,0,0,0,0,0,0,0,0,31;0,40,0,0,40,0,0,0,0,0,0,0,25,0,36,0,0,0,0,0,28,24,0,36,0,0,40,0,35,0
-15,28,0,0,0,13,0,0,0,0,28,0,0,0,10,0,0,26,0,0,0,23,0,10,0,-40,0,0,27,-110
------------- End of Scenario k = 7 -------
0,60,0,0,0,0,0,36,79,0,0,33,0,42,0,0,0,0,0,0,49,0,0,0,0,25,0,0,0,0;0,0,73,0,0,69,0,0,0,0,0,0,0,0,0,0,0,0,0,26,0,0,0,0,37,0,0,0,0,31;0,58,0,80,0,30,20,0,0,0,62,52,0,0,0,0,0,0,0,36,0,0,0,64,0,80,0,0,0,0;0,0,0,0,0,0,0,0,0,0,0,0,0,0,0,25,76,38,75,0,0,47,0,49,0,0,0,0,45,54;0,34,60,48,0,42,24,0,0,0,68,0,0,0,35,0,0,0,0,0,0,0,0,0,0,0,0,46,0,0;71,0,0,0,80,0,0,0,0,39,0,0,0,0,0,0,52,0,0,0,0,0,0,73,0,66,0,0,0,80;46,0,42,24,0,0,0,0,0,0,0,33,0,0,0,0,0,79,33,0,0,70,0,47,0,0,0,45,0,0;0,0,0,0,0,0,0,0,47,0,0,54,0,0,0,74,33,0,0,0,0,0,33,0,0,49,0,26,0,0;0,0,0,66,78,79,0,70,0,50,0,79,0,0,0,0,37,0,0,0,65,56,0,47,0,0,0,0,0,45;80,0,67,0,38,0,0,0,0,0,69,0,53,0,0,0,0,0,0,0,0,62,0,0,0,0,0,0,31,0;0,77,0,0,0,0,0,80,0,0,0,52,32,0,0,0,31,66,0,0,0,0,0,35,0,0,44,0,0,0;0,25,47,0,57,0,0,0,0,0,37,0,0,41,0,29,60,0,47,0,0,72,0,0,0,80,0,0,0,80;0,0,0,0,0,0,0,0,0,22,0,0,0,52,0,0,0,64,47,32,0,78,0,0,62,0,0,80,0,42;67,0,21,69,0,0,26,20,29,29,0,56,80,0,26,25,0,0,0,23,0,0,29,0,0,0,0,0,0,0;0,0,51,53,0,54,0,66,0,80,40,43,63,72,0,40,0,0,0,0,30,0,0,0,0,74,0,0,0,0;0,0,0,0,41,0,0,0,0,0,52,0,56,0,0,0,0,0,0,74,0,0,0,0,0,0,0,0,55,0;0,0,56,0,66,0,0,0,76,74,0,69,0,0,0,27,0,0,23,20,0,78,0,0,0,30,0,28,0,63;80,0,0,23,0,45,25,0,0,27,0,80,0,58,0,0,43,0,0,60,0,0,0,75,0,0,35,0,0,0;80,0,27,0,0,0,0,0,0,0,0,0,0,0,0,33,68,61,0,70,0,0,0,27,0,33,0,0,0,49;0,30,0,0,0,0,0,0,0,0,0,0,0,0,42,36,0,0,0,0,33,79,0,0,0,0,0,0,35,58;0,0,0,0,35,46,0,0,0,0,56,0,62,0,0,40,0,0,0,57,0,69,80,0,0,41,0,0,0,0;0,0,0,55,0,0,0,50,0,0,0,0,80,0,0,0,56,0,72,0,58,0,0,0,0,29,30,0,35,0;71,0,0,0,0,41,0,0,0,0,0,0,0,0,0,0,0,0,0,0,0,52,0,29,78,0,0,0,26,23;0,0,0,0,0,0,64,66,0,0,0,0,0,0,0,75,80,0,0,58,0,0,36,0,21,0,69,0,0,61;0,28,0,40,0,49,0,0,0,44,74,63,0,0,54,73,62,35,0,0,0,0,41,0,0,0,65,0,0,0;0,0,0,74,0,0,0,67,0,0,0,0,37,62,0,35,0,0,0,0,0,71,0,0,0,0,46,0,0,0;48,0,0,0,0,46,0,0,0,0,0,0,73,0,0,34,0,0,23,64,20,0,30,0,44,0,0,80,0,0;60,0,50,0,0,46,0,0,0,22,0,0,0,0,63,0,0,0,0,80,0,0,0,0,0,0,29,0,0,0;0,71,0,0,0,0,0,0,0,0,66,0,0,0,62,59,25,0,0,0,78,0,0,0,0,0,0,0,0,56;0,25,0,0,22,0,0,0,0,0,0,0,75,0,26,0,0,0,0,0,47,55,0,26,0,0,21,0,46,0
0,29,0,0,0,0,0,30,38,0,0,23,0,20,0,0,0,0,0,0,21,0,0,0,0,27,0,0,0,0;0,0,20,0,0,25,0,0,0,0,0,0,0,0,0,0,0,0,0,24,0,0,0,0,30,0,0,0,0,30;0,29,0,27,0,21,39,0,0,0,40,38,0,0,0,0,0,0,0,29,0,0,0,22,0,32,0,0,0,0;0,0,0,0,0,0,0,0,0,0,0,0,0,0,0,27,39,39,33,0,0,22,0,39,0,0,0,0,37,25;0,33,30,28,0,20,28,0,0,0,36,0,0,0,32,0,0,0,0,0,0,0,0,0,0,0,0,27,0,0;37,0,0,0,32,0,0,0,0,25,0,0,0,0,0,0,26,0,0,0,0,0,0,32,0,30,0,0,0,39;29,0,28,26,0,0,0,0,0,0,0,22,0,0,0,0,0,33,21,0,0,35,0,34,0,0,0,26,0,0;0,0,0,0,0,0,0,0,31,0,0,28,0,0,0,37,27,0,0,0,0,0,24,0,0,26,0,20,0,0;0,0,0,24,38,36,0,21,0,24,0,39,0,0,0,0,20,0,0,0,31,30,0,22,0,0,0,0,0,40;17,0,24,0,35,0,0,0,0,0,33,0,29,0,0,0,0,0,0,0,0,32,0,0,0,0,0,0,31,0;0,33,0,0,0,0,0,32,0,0,0,24,27,0,0,0,33,25,0,0,0,0,0,23,0,0,40,0,0,0;0,25,33,0,27,0,0,0,0,0,27,0,0,27,0,26,20,0,21,0,0,40,0,0,0,37,0,0,0,36;0,0,0,0,0,0,0,0,0,36,0,0,0,35,0,0,0,20,31,24,0,39,0,0,35,0,0,34,0,39;29,0,22,21,0,0,30,26,21,32,0,27,34,0,29,32,0,0,0,21,0,0,30,0,0,0,0,0,0,0;0,0,20,28,0,22,0,26,0,31,35,40,30,25,0,28,0,0,0,0,38,0,0,0,0,27,0,0,0,0;0,0,0,0,23,0,0,0,0,0,35,0,38,0,0,0,0,0,0,40,0,0,0,0,0,0,0,0,25,0;0,0,32,0,28,0,0,0,29,37,0,22,0,0,0,24,0,0,28,27,0,38,0,0,0,35,0,23,0,35;38,0,0,27,0,39,37,0,0,22,0,31,0,31,0,0,37,0,0,20,0,0,0,23,0,0,32,0,0,0;30,0,38,0,0,0,0,0,0,0,0,0,0,0,0,26,35,31,0,18,0,0,0,34,0,19,0,0,0,34;0,30,0,0,0,0,0,0,0,0,0,0,0,0,23,38,0,0,0,0,24,28,0,0,0,0,0,0,21,34;0,0,0,0,24,28,0,0,0,0,35,0,21,0,0,30,0,0,0,24,0,26,39,0,0,30,0,0,0,0;0,0,0,32,0,0,0,35,0,0,0,0,30,0,0,0,23,0,23,0,22,0,0,0,0,40,25,0,20,0;27,0,0,0,0,40,0,0,0,0,0,0,0,0,0,0,0,0,0,0,0,31,0,21,24,0,0,0,31,22;0,0,0,0,0,0,32,20,0,0,0,0,0,0,0,23,24,0,0,30,0,0,35,0,40,0,33,0,0,31;0,25,0,32,0,22,0,0,0,33,30,29,0,0,27,20,26,22,0,0,0,0,23,0,0,0,35,0,0,0;0,0,0,31,0,0,0,35,0,0,0,0,22,35,0,20,0,0,0,0,0,35,0,0,0,0,34,0,0,0;21,0,0,0,0,23,0,0,0,0,0,0,24,0,0,33,0,0,27,24,30,0,33,0,38,0,0,31,0,0;35,0,40,0,0,23,0,0,0,30,0,0,0,0,36,0,0,0,0,34,0,0,0,0,0,0,30,0,0,0;0,24,0,0,0,0,0,0,0,0,27,0,0,0,23,32,26,0,0,0,26,0,0,0,0,0,0,0,0,30;0,28,0,0,27,0,0,0,0,0,0,0,39,0,38,0,0,0,0,0,27,32,0,21,0,0,28,0,26,0
-28,17,0,0,0,26,0,0,0,0,18,0,0,0,12,0,0,25,0,0,0,30,0,18,0,-60,0,0,24,-82
------------- End of Scenario k = 8 -------
0,44,0,0,0,0,0,67,23,0,0,26,0,69,0,0,0,0,0,0,48,0,0,0,0,30,0,0,0,0;0,0,80,0,0,32,0,0,0,0,0,0,0,0,0,0,0,0,0,33,0,0,0,0,79,0,0,0,0,59;0,76,0,80,0,48,30,0,0,0,75,57,0,0,0,0,0,0,0,21,0,0,0,21,0,50,0,0,0,0;0,0,0,0,0,0,0,0,0,0,0,0,0,0,0,52,69,38,39,0,0,80,0,33,0,0,0,0,80,80;0,41,35,49,0,46,80,0,0,0,31,0,0,0,54,0,0,0,0,0,0,0,0,0,0,0,0,42,0,0;66,0,0,0,66,0,0,0,0,37,0,0,0,0,0,0,31,0,0,0,0,0,0,52,0,73,0,0,0,56;66,0,62,56,0,0,0,0,0,0,0,73,0,0,0,0,0,49,78,0,0,26,0,77,0,0,0,54,0,0;0,0,0,0,0,0,0,0,37,0,0,34,0,0,0,38,65,0,0,0,0,0,80,0,0,30,0,36,0,0;0,0,0,65,69,55,0,48,0,41,0,47,0,0,0,0,32,0,0,0,23,32,0,68,0,0,0,0,0,80;20,0,46,0,39,0,0,0,0,0,39,0,42,0,0,0,0,0,0,0,0,22,0,0,0,0,0,0,37,0;0,28,0,0,0,0,0,78,0,0,0,50,42,0,0,0,36,47,0,0,0,0,0,56,0,0,78,0,0,0;0,27,35,0,42,0,0,0,0,0,34,0,0,46,0,76,72,0,24,0,0,60,0,0,0,80,0,0,0,80;0,0,0,0,0,0,0,0,0,79,0,0,0,46,0,0,0,29,56,42,0,45,0,0,78,0,0,27,0,54;58,0,27,33,0,0,72,43,54,62,0,25,77,0,43,80,0,0,0,20,0,0,74,0,0,0,0,0,0,0;0,0,27,56,0,65,0,35,0,80,64,33,46,49,0,60,0,0,0,0,30,0,0,0,0,80,0,0,0,0;0,0,0,0,59,0,0,0,0,0,66,0,23,0,0,0,0,0,0,31,0,0,0,0,0,0,0,0,47,0;0,0,21,0,59,0,0,0,55,74,0,80,0,0,0,37,0,0,80,46,0,50,0,0,0,45,0,53,0,58;80,0,0,38,0,66,40,0,0,79,0,42,0,55,0,0,54,0,0,35,0,0,0,34,0,0,52,0,0,0;41,0,38,0,0,0,0,0,0,0,0,0,0,0,0,37,54,68,0,75,0,0,0,77,0,80,0,0,0,79;0,46,0,0,0,0,0,0,0,0,0,0,0,0,37,63,0,0,0,0,63,46,0,0,0,0,0,0,46,80;0,0,0,0,56,72,0,0,0,0,31,0,25,0,0,26,0,0,0,69,0,61,80,0,0,78,0,0,0,0;0,0,0,80,0,0,0,76,0,0,0,0,79,0,0,0,29,0,72,0,79,0,0,0,0,22,39,0,57,0;29,0,0,0,0,69,0,0,0,0,0,0,0,0,0,0,0,0,0,0,0,33,0,39,80,0,0,0,25,68;0,0,0,0,0,0,44,57,0,0,0,0,0,0,0,21,80,0,0,66,0,0,52,0,29,0,23,0,0,47;0,53,0,62,0,32,0,0,0,21,62,31,0,0,71,71,29,79,0,0,0,0,72,0,0,0,80,0,0,0;0,0,0,51,0,0,0,30,0,0,0,0,78,74,0,23,0,0,0,0,0,45,0,0,0,0,52,0,0,0;38,0,0,0,0,67,0,0,0,0,0,0,67,0,0,30,0,0,66,34,80,0,65,0,23,0,0,80,0,0;78,0,42,0,0,21,0,0,0,54,0,0,0,0,39,0,0,0,0,54,0,0,0,0,0,0,64,0,0,0;0,27,0,0,0,0,0,0,0,0,55,0,0,0,32,56,68,0,0,0,79,0,0,0,0,0,0,0,0,25;0,29,0,0,36,0,0,0,0,0,0,0,62,0,52,0,0,0,0,0,76,33,0,22,0,0,21,0,40,0
0,36,0,0,0,0,0,26,28,0,0,20,0,28,0,0,0,0,0,0,26,0,0,0,0,31,0,0,0,0;0,0,30,0,0,29,0,0,0,0,0,0,0,0,0,0,0,0,0,33,0,0,0,0,33,0,0,0,0,35;0,37,0,37,0,38,26,0,0,0,27,37,0,0,0,0,0,0,0,36,0,0,0,20,0,30,0,0,0,0;0,0,0,0,0,0,0,0,0,0,0,0,0,0,0,29,26,22,31,0,0,22,0,24,0,0,0,0,22,34;0,35,24,31,0,38,29,0,0,0,20,0,0,0,35,0,0,0,0,0,0,0,0,0,0,0,0,29,0,0;26,0,0,0,25,0,0,0,0,26,0,0,0,0,0,0,37,0,0,0,0,0,0,36,0,27,0,0,0,25;25,0,39,35,0,0,0,0,0,0,0,30,0,0,0,0,0,22,28,0,0,24,0,26,0,0,0,29,0,0;0,0,0,0,0,0,0,0,28,0,0,25,0,0,0,34,25,0,0,0,0,0,35,0,0,30,0,28,0,0;0,0,0,40,30,23,0,40,0,33,0,22,0,0,0,0,38,0,0,0,28,38,0,36,0,0,0,0,0,20;36,0,38,0,26,0,0,0,0,0,36,0,39,0,0,0,0,0,0,0,0,36,0,0,0,0,0,0,23,0;0,31,0,0,0,0,0,24,0,0,0,29,40,0,0,0,27,21,0,0,0,0,0,29,0,0,34,0,0,0;0,29,25,0,38,0,0,0,0,0,29,0,0,32,0,30,22,0,38,0,0,28,0,0,0,20,0,0,0,24;0,0,0,0,0,0,0,0,0,25,0,0,0,13,0,0,0,25,34,33,0,36,0,0,32,0,0,25,0,37;31,0,34,28,0,0,26,30,32,21,0,30,40,0,34,25,0,0,0,32,0,0,27,0,0,0,0,0,0,0;0,0,34,20,0,27,0,20,0,28,20,20,20,36,0,20,0,0,0,0,25,0,0,0,0,30,0,0,0,0;0,0,0,0,26,0,0,0,0,0,26,0,21,0,0,0,0,0,0,20,0,0,0,0,0,0,0,0,27,0;0,0,40,0,37,0,0,0,25,32,0,33,0,0,0,33,0,0,31,36,0,40,0,0,0,35,0,30,0,30;17,0,0,25,0,20,27,0,0,40,0,23,0,25,0,0,39,0,0,24,0,0,0,25,0,0,26,0,0,0;39,0,39,0,0,0,0,0,0,0,0,0,0,0,0,30,36,32,0,36,0,0,0,30,0,38,0,0,0,23;0,32,0,0,0,0,0,0,0,0,0,0,0,0,32,32,0,0,0,0,32,36,0,0,0,0,0,0,40,34;0,0,0,0,28,28,0,0,0,0,34,0,23,0,0,24,0,0,0,21,0,40,25,0,0,21,0,0,0,0;0,0,0,35,0,0,0,25,0,0,0,0,16,0,0,0,35,0,26,0,24,0,0,0,0,30,24,0,33,0;31,0,0,0,0,36,0,0,0,0,0,0,0,0,0,0,0,0,0,0,0,23,0,20,31,0,0,0,23,27;0,0,0,0,0,0,20,35,0,0,0,0,0,0,0,24,33,0,0,31,0,0,22,0,32,0,37,0,0,32;0,23,0,38,0,39,0,0,0,35,24,28,0,0,31,29,38,23,0,0,0,0,20,0,0,0,34,0,0,0;0,0,0,36,0,0,0,36,0,0,0,0,25,39,0,34,0,0,0,0,0,26,0,0,0,0,25,0,0,0;36,0,0,0,0,22,0,0,0,0,0,0,29,0,0,28,0,0,30,23,30,0,20,0,34,0,0,30,0,0;24,0,30,0,0,28,0,0,0,31,0,0,0,0,26,0,0,0,0,27,0,0,0,0,0,0,33,0,0,0;0,21,0,0,0,0,0,0,0,0,38,0,0,0,39,28,31,0,0,0,35,0,0,0,0,0,0,0,0,33;0,33,0,0,33,0,0,0,0,0,0,0,40,0,30,0,0,0,0,0,27,39,0,33,0,0,22,0,38,0
-27,29,0,0,0,24,0,0,0,0,17,0,0,0,25,0,0,17,0,0,0,12,0,30,0,-57,0,0,23,-93
------------- End of Scenario k = 9 -------
