/ -------------------------------------------------------------------------
An instance of the stochastic Fixed - charge Network Flow Problem using NETGEN.
/ -------------------------------------------------------------------------
Number of Nodes (no Dummy node is added), n
Graph Density, density
The fixed cost to variable cost ratio, f
Adjacency Matrix, A
Fixed Cost Matrix, c
Number of scenarios, K
Scenario Probabilities, p
----The following three rows will be repeated K times.----
Var Cost Matrix, d
Capacity, u
demand, b
/ -------------------------------------------------------------------------
+
30
0.3
200
0,0,1,1,1,0,0,0,0,0,0,0,0,0,1,0,0,1,0,1,0,0,0,1,1,1,0,0,0,0;1,0,1,1,0,0,1,1,0,0,0,0,1,1,0,0,0,0,1,1,0,0,1,0,0,0,0,1,0,1;0,0,0,1,0,0,0,0,0,0,0,0,0,0,0,0,1,1,0,0,0,0,0,0,0,0,1,1,0,0;1,0,0,0,0,1,0,0,0,0,0,0,0,1,0,1,0,0,0,1,1,1,0,1,1,1,0,0,1,0;0,0,0,1,0,0,0,0,0,0,0,1,1,0,0,1,0,1,0,0,0,0,0,1,0,1,0,0,0,0;0,0,0,1,0,0,1,0,0,0,0,0,0,1,1,0,0,0,0,0,0,0,0,0,1,0,1,0,1,1;0,0,1,0,0,0,0,0,1,0,0,1,1,0,0,0,0,1,0,0,0,0,0,0,1,0,1,1,0,0;0,0,0,1,0,0,0,0,0,0,1,0,0,0,0,0,0,1,0,0,1,0,0,0,0,0,0,1,0,1;0,0,0,0,1,0,1,1,0,1,0,0,0,1,0,1,0,0,1,0,0,0,1,0,0,0,0,0,0,0;1,0,1,0,0,1,0,0,0,0,1,1,1,0,1,1,0,0,0,0,1,0,0,0,1,0,1,0,0,0;0,0,0,1,1,0,0,0,1,0,0,0,1,1,1,0,0,0,0,0,0,0,0,0,0,0,0,1,0,1;1,0,0,0,0,1,1,1,0,0,1,0,0,0,0,0,0,1,1,0,1,0,0,0,0,1,1,0,0,0;0,0,0,1,1,1,0,0,0,1,0,0,0,1,0,0,1,0,0,0,0,0,1,1,0,1,0,0,0,0;0,0,0,1,1,0,0,0,0,0,0,0,1,0,0,0,0,0,0,0,0,0,0,0,0,0,0,0,0,0;0,0,0,1,0,1,1,1,0,0,1,0,0,1,0,1,0,0,0,0,0,0,0,0,0,1,0,0,1,1;0,0,0,1,1,0,0,1,1,0,0,0,0,0,1,0,0,0,1,1,0,0,0,1,1,0,0,0,0,0;1,0,1,0,1,0,0,1,1,0,0,0,1,1,0,0,0,0,0,0,1,0,0,0,0,1,1,0,0,0;0,1,1,1,1,0,0,1,1,1,0,1,0,0,1,1,0,0,0,0,0,0,1,1,0,0,0,1,0,0;1,0,0,0,0,0,0,0,0,0,0,0,0,1,0,0,0,1,0,1,1,0,0,0,1,0,1,0,0,0;1,0,1,0,0,0,1,0,0,1,1,0,1,0,0,0,0,0,0,0,1,1,0,0,0,0,0,0,0,0;0,0,0,0,0,0,1,0,0,1,0,0,0,0,1,0,0,0,1,1,0,1,0,0,1,0,0,0,1,0;0,0,1,1,0,0,0,0,0,0,0,1,1,0,0,1,1,0,0,1,0,0,1,0,0,0,1,1,0,0;1,1,1,0,0,0,0,0,1,0,0,1,0,0,0,0,0,1,1,0,1,0,0,1,1,0,1,0,1,0;0,0,0,0,1,0,0,0,0,0,0,0,1,0,0,0,1,0,0,0,0,0,0,0,0,1,0,0,0,0;0,0,0,0,0,1,1,1,1,1,0,0,0,1,1,1,0,0,0,0,0,0,0,0,0,0,1,1,0,0;0,0,1,0,0,1,0,1,0,0,1,0,0,1,0,1,0,0,1,1,0,1,1,1,1,0,0,1,0,0;0,1,0,0,1,0,1,1,0,0,0,0,0,0,0,0,1,0,0,0,0,0,1,1,0,0,0,0,0,0;0,0,0,0,0,0,1,0,1,0,0,1,0,1,0,1,0,0,1,0,0,0,1,0,1,0,0,0,1,1;0,0,0,1,1,0,0,0,0,0,0,0,1,0,0,0,0,0,0,1,1,0,0,0,0,0,0,0,0,0;1,0,1,0,0,0,1,1,0,0,0,0,1,0,1,1,0,0,0,0,0,0,1,0,1,1,0,0,0,0
0,0,10630,9450,11830,0,0,0,0,0,0,0,0,0,11640,0,0,10550,0,11130,0,0,0,9660,10600,9350,0,0,0,0;13980,0,13990,9320,0,0,9790,12030,0,0,0,0,9630,10470,0,0,0,0,11410,9790,0,0,9750,0,0,0,0,9570,0,9950;0,0,0,14160,0,0,0,0,0,0,0,0,0,0,0,0,9800,10720,0,0,0,0,0,0,0,0,13269,10090,0,0;10420,0,0,0,0,9050,0,0,0,0,0,0,0,12819,0,10920,0,0,0,10170,10150,10690,0,9780,13700,10490,0,0,12110,0;0,0,0,10920,0,0,0,0,0,0,0,10710,10460,0,0,9820,0,9010,0,0,0,0,0,8490,0,9450,0,0,0,0;0,0,0,10500,0,0,13280,0,0,0,0,0,0,10590,11000,0,0,0,0,0,0,0,0,0,13060,0,9710,0,13950,10990;0,0,9780,0,0,0,0,0,9770,0,0,9720,9830,0,0,0,0,10920,0,0,0,0,0,0,10390,0,9360,10020,0,0;0,0,0,9740,0,0,0,0,0,0,10150,0,0,0,0,0,0,9280,0,0,10910,0,0,0,0,0,0,9180,0,10010;0,0,0,0,11040,0,8930,8850,0,13269,0,0,0,11140,0,9060,0,0,9580,0,0,0,9410,0,0,0,0,0,0,0;10450,0,11180,0,0,9680,0,0,0,0,11020,9180,9220,0,8940,8380,0,0,0,0,9840,0,0,0,12869,0,13080,0,0,0;0,0,0,10690,9550,0,0,0,10480,0,0,0,8370,12790,12530,0,0,0,0,0,0,0,0,0,0,0,0,11490,0,9380;13010,0,0,0,0,13369,10290,10280,0,0,10490,0,0,0,0,0,0,10710,10210,0,10240,0,0,0,0,9600,11050,0,0,0;0,0,0,10120,10150,10390,0,0,0,8970,0,0,0,9870,0,0,11270,0,0,0,0,0,9620,10560,0,10990,0,0,0,0;0,0,0,9200,9440,0,0,0,0,0,0,0,8880,0,0,0,0,0,0,0,0,0,0,0,0,0,0,0,0,0;0,0,0,9400,0,9620,10420,10680,0,0,9430,0,0,10410,0,10380,0,0,0,0,0,0,0,0,0,9960,0,0,10490,10820;0,0,0,8760,11910,0,0,10140,10700,0,0,0,0,0,9490,0,0,0,14650,10400,0,0,0,10530,9500,0,0,0,0,0;10070,0,9730,0,13830,0,0,11240,14010,0,0,0,9800,10990,0,0,0,0,0,0,10110,0,0,0,0,10790,11010,0,0,0;0,10530,9110,9240,9520,0,0,10030,9640,9570,0,10740,0,0,7740,11470,0,0,0,0,0,0,9680,10870,0,0,0,10470,0,0;9660,0,0,0,0,0,0,0,0,0,0,0,0,9960,0,0,0,9150,0,13690,9770,0,0,0,8920,0,10140,0,0,0;9570,0,9740,0,0,0,8760,0,0,10180,9840,0,9890,0,0,0,0,0,0,0,14860,9500,0,0,0,0,0,0,0,0;0,0,0,0,0,0,9950,0,0,8630,0,0,0,0,10610,0,0,0,9560,9930,0,12810,0,0,9390,0,0,0,9680,0;0,0,9750,10350,0,0,0,0,0,0,0,8830,11460,0,0,8710,11320,0,0,11270,0,0,11430,0,0,0,9870,8940,0,0;10280,10170,9280,0,0,0,0,0,10070,0,0,11300,0,0,0,0,0,11270,10010,0,9860,0,0,13230,12910,0,9510,0,10660,0;0,0,0,0,10310,0,0,0,0,0,0,0,10700,0,0,0,9910,0,0,0,0,0,0,0,0,13550,0,0,0,0;0,0,0,0,0,8180,9610,10580,9360,10470,0,0,0,8340,9440,9800,0,0,0,0,0,0,0,0,0,0,10390,10020,0,0;0,0,9550,0,0,10690,0,12080,0,0,9860,0,0,9750,0,9530,0,0,9960,8980,0,11410,8930,11050,9760,0,0,12170,0,0;0,10400,0,0,10870,0,10230,10070,0,0,0,0,0,0,0,0,8630,0,0,0,0,0,9910,10930,0,0,0,0,0,0;0,0,0,0,0,0,8920,0,9860,0,0,9930,0,10820,0,9590,0,0,9940,0,0,0,9530,0,9150,0,0,0,8800,13540;0,0,0,11410,10710,0,0,0,0,0,0,0,9830,0,0,0,0,0,0,9610,9420,0,0,0,0,0,0,0,0,0;9230,0,7880,0,0,0,9970,10500,0,0,0,0,10790,0,10610,10360,0,0,0,0,0,0,9610,0,9480,10920,0,0,0,0
20
0.02,0.02,0.02,0.05,0.02,0.05,0.02,0.05,0.07,0.02,0.05,0.02,0.07,0.07,0.02,0.05,0.12,0.07,0.05,0.14
--Scenarios--
0,0,61,53,51,0,0,0,0,0,0,0,0,0,55,0,0,58,0,52,0,0,0,68,60,69,0,0,0,0;76,0,80,25,0,0,71,33,0,0,0,0,64,71,0,0,0,0,78,40,0,0,72,0,0,0,0,71,0,77;0,0,0,80,0,0,0,0,0,0,0,0,0,0,0,0,22,41,0,0,0,0,0,0,0,0,80,46,0,0;77,0,0,0,0,27,0,0,0,0,0,0,0,20,0,78,0,0,0,77,37,59,0,67,58,72,0,0,80,0;0,0,0,74,0,0,0,0,0,0,0,65,49,0,0,26,0,38,0,0,0,0,0,37,0,58,0,0,0,0;0,0,0,80,0,0,80,0,0,0,0,0,0,31,37,0,0,0,0,0,0,0,0,0,47,0,20,0,80,77;0,0,76,0,0,0,0,0,40,0,0,34,57,0,0,0,0,52,0,0,0,0,0,0,52,0,38,40,0,0;0,0,0,78,0,0,0,0,0,0,37,0,0,0,0,0,0,24,0,0,59,0,0,0,0,0,0,40,0,45;0,0,0,0,20,0,64,76,0,40,0,0,0,63,0,20,0,0,79,0,0,0,35,0,0,0,0,0,0,0;72,0,58,0,0,20,0,0,0,0,74,75,41,0,23,31,0,0,0,0,69,0,0,0,42,0,77,0,0,0;0,0,0,73,27,0,0,0,48,0,0,0,30,21,80,0,0,0,0,0,0,0,0,0,0,0,0,42,0,74;29,0,0,0,0,80,25,62,0,0,42,0,0,0,0,0,0,55,76,0,31,0,0,0,0,55,61,0,0,0;0,0,0,44,76,75,0,0,0,20,0,0,0,49,0,0,38,0,0,0,0,0,69,68,0,66,0,0,0,0;0,0,0,46,26,0,0,0,0,0,0,0,59,0,0,0,0,0,0,0,0,0,0,0,0,0,0,0,0,0;0,0,0,60,0,38,27,69,0,0,47,0,0,77,0,33,0,0,0,0,0,0,0,0,0,36,0,0,27,70;0,0,0,55,71,0,0,63,57,0,0,0,0,0,66,0,0,0,80,49,0,0,0,72,50,0,0,0,0,0;65,0,32,0,80,0,0,52,71,0,0,0,28,35,0,0,0,0,0,0,54,0,0,0,0,74,46,0,0,0;0,43,57,32,32,0,0,24,54,29,0,22,0,0,28,80,0,0,0,0,0,0,55,75,0,0,0,67,0,0;74,0,0,0,0,0,0,0,0,0,0,0,0,50,0,0,0,22,0,59,32,0,0,0,69,0,67,0,0,0;43,0,62,0,0,0,63,0,0,77,48,0,37,0,0,0,0,0,0,0,80,39,0,0,0,0,0,0,0,0;0,0,0,0,0,0,62,0,0,57,0,0,0,0,47,0,0,0,73,73,0,80,0,0,23,0,0,0,45,0;0,0,40,62,0,0,0,0,0,0,0,26,64,0,0,28,28,0,0,57,0,0,20,0,0,0,72,45,0,0;54,69,36,0,0,0,0,0,61,0,0,44,0,0,0,0,0,69,32,0,71,0,0,64,28,0,25,0,53,0;0,0,0,0,53,0,0,0,0,0,0,0,51,0,0,0,43,0,0,0,0,0,0,0,0,80,0,0,0,0;0,0,0,0,0,28,52,21,40,32,0,0,0,31,57,78,0,0,0,0,0,0,0,0,0,0,75,33,0,0;0,0,35,0,0,54,0,64,0,0,37,0,0,37,0,28,0,0,66,47,0,42,21,32,37,0,0,80,0,0;0,68,0,0,76,0,36,43,0,0,0,0,0,0,0,0,21,0,0,0,0,0,60,61,0,0,0,0,0,0;0,0,0,0,0,0,61,0,67,0,0,73,0,39,0,68,0,0,74,0,0,0,78,0,35,0,0,0,47,58;0,0,0,22,24,0,0,0,0,0,0,0,29,0,0,0,0,0,0,72,34,0,0,0,0,0,0,0,0,0;76,0,40,0,0,0,72,29,0,0,0,0,53,0,78,29,0,0,0,0,0,0,34,0,48,59,0,0,0,0
0,0,22,25,24,0,0,0,0,0,0,0,0,0,26,0,0,29,0,20,0,0,0,40,24,24,0,0,0,0;12,0,20,27,0,0,35,34,0,0,0,0,40,23,0,0,0,0,31,27,0,0,27,0,0,0,0,32,0,28;0,0,0,31,0,0,0,0,0,0,0,0,0,0,0,0,38,32,0,0,0,0,0,0,0,0,14,36,0,0;20,0,0,0,0,27,0,0,0,0,0,0,0,27,0,24,0,0,0,21,32,27,0,39,33,30,0,0,17,0;0,0,0,37,0,0,0,0,0,0,0,22,24,0,0,32,0,27,0,0,0,0,0,37,0,35,0,0,0,0;0,0,0,30,0,0,20,0,0,0,0,0,0,39,20,0,0,0,0,0,0,0,0,0,24,0,40,0,39,30;0,0,25,0,0,0,0,0,39,0,0,20,39,0,0,0,0,33,0,0,0,0,0,0,38,0,30,20,0,0;0,0,0,32,0,0,0,0,0,0,22,0,0,0,0,0,0,26,0,0,22,0,0,0,0,0,0,35,0,24;0,0,0,0,25,0,33,21,0,21,0,0,0,23,0,32,0,0,33,0,0,0,38,0,0,0,0,0,0,0;39,0,40,0,0,40,0,0,0,0,40,33,29,0,22,32,0,0,0,0,33,0,0,0,38,0,40,0,0,0;0,0,0,20,39,0,0,0,22,0,0,0,27,28,37,0,0,0,0,0,0,0,0,0,0,0,0,29,0,32;23,0,0,0,0,32,26,40,0,0,39,0,0,0,0,0,0,26,29,0,33,0,0,0,0,31,21,0,0,0;0,0,0,21,27,22,0,0,0,20,0,0,0,31,0,0,40,0,0,0,0,0,30,28,0,24,0,0,0,0;0,0,0,28,24,0,0,0,0,0,0,0,36,0,0,0,0,0,0,0,0,0,0,0,0,0,0,0,0,0;0,0,0,30,0,28,37,36,0,0,28,0,0,20,0,25,0,0,0,0,0,0,0,0,0,23,0,0,22,21;0,0,0,21,30,0,0,24,20,0,0,0,0,0,40,0,0,0,16,34,0,0,0,30,23,0,0,0,0,0;21,0,34,0,38,0,0,23,25,0,0,0,23,36,0,0,0,0,0,0,35,0,0,0,0,21,24,0,0,0;0,22,37,38,28,0,0,37,40,33,0,35,0,0,40,22,0,0,0,0,0,0,36,21,0,0,0,40,0,0;39,0,0,0,0,0,0,0,0,0,0,0,0,29,0,0,0,38,0,34,40,0,0,0,20,0,22,0,0,0;32,0,33,0,0,0,27,0,0,27,37,0,39,0,0,0,0,0,0,0,32,21,0,0,0,0,0,0,0,0;0,0,0,0,0,0,20,0,0,36,0,0,0,0,34,0,0,0,25,23,0,40,0,0,37,0,0,0,38,0;0,0,28,33,0,0,0,0,0,0,0,24,35,0,0,23,26,0,0,22,0,0,29,0,0,0,24,40,0,0;37,32,38,0,0,0,0,0,30,0,0,33,0,0,0,0,0,31,29,0,28,0,0,32,16,0,23,0,23,0;0,0,0,0,24,0,0,0,0,0,0,0,30,0,0,0,28,0,0,0,0,0,0,0,0,31,0,0,0,0;0,0,0,0,0,40,40,30,34,30,0,0,0,38,27,35,0,0,0,0,0,0,0,0,0,0,21,36,0,0;0,0,26,0,0,32,0,38,0,0,27,0,0,30,0,22,0,0,33,31,0,31,23,20,33,0,0,38,0,0;0,29,0,0,29,0,26,37,0,0,0,0,0,0,0,0,38,0,0,0,0,0,35,26,0,0,0,0,0,0;0,0,0,0,0,0,34,0,35,0,0,29,0,39,0,38,0,0,23,0,0,0,37,0,38,0,0,0,28,39;0,0,0,28,40,0,0,0,0,0,0,0,27,0,0,0,0,0,0,38,28,0,0,0,0,0,0,0,0,0;33,0,24,0,0,0,39,37,0,0,0,0,31,0,34,28,0,0,0,0,0,0,20,0,29,38,0,0,0,0
-2,10,0,0,-6,0,0,-13,0,0,0,18,0,-4,0,0,14,14,0,0,0,0,0,0,-11,0,-2,0,-18,0
------------- End of Scenario k = 0 -------
0,0,57,30,78,0,0,0,0,0,0,0,0,0,79,0,0,31,0,67,0,0,0,43,35,31,0,0,0,0;20,0,35,45,0,0,24,64,0,0,0,0,48,73,0,0,0,0,26,57,0,0,39,0,0,0,0,49,0,55;0,0,0,80,0,0,0,0,0,0,0,0,0,0,0,0,44,50,0,0,0,0,0,0,0,0,66,67,0,0;47,0,0,0,0,43,0,0,0,0,0,0,0,59,0,68,0,0,0,20,59,29,0,53,76,36,0,0,49,0;0,0,0,64,0,0,0,0,0,0,0,39,26,0,0,48,0,48,0,0,0,0,0,26,0,75,0,0,0,0;0,0,0,76,0,0,28,0,0,0,0,0,0,56,70,0,0,0,0,0,0,0,0,0,69,0,45,0,70,32;0,0,48,0,0,0,0,0,60,0,0,42,48,0,0,0,0,34,0,0,0,0,0,0,51,0,65,54,0,0;0,0,0,74,0,0,0,0,0,0,43,0,0,0,0,0,0,42,0,0,58,0,0,0,0,0,0,69,0,24;0,0,0,0,61,0,44,30,0,80,0,0,0,50,0,52,0,0,38,0,0,0,74,0,0,0,0,0,0,0;64,0,79,0,0,72,0,0,0,0,65,74,68,0,48,61,0,0,0,0,28,0,0,0,70,0,70,0,0,0;0,0,0,60,42,0,0,0,49,0,0,0,46,80,80,0,0,0,0,0,0,0,0,0,0,0,0,43,0,26;80,0,0,0,0,70,57,26,0,0,55,0,0,0,0,0,0,64,56,0,61,0,0,0,0,71,67,0,0,0;0,0,0,34,20,49,0,0,0,46,0,0,0,25,0,0,40,0,0,0,0,0,27,61,0,25,0,0,0,0;0,0,0,33,64,0,0,0,0,0,0,0,67,0,0,0,0,0,0,0,0,0,0,0,0,0,0,0,0,0;0,0,0,49,0,41,68,41,0,0,21,0,0,65,0,52,0,0,0,0,0,0,0,0,0,25,0,0,40,37;0,0,0,20,45,0,0,44,68,0,0,0,0,0,50,0,0,0,80,21,0,0,0,77,69,0,0,0,0,0;76,0,53,0,58,0,0,60,71,0,0,0,42,60,0,0,0,0,0,0,57,0,0,0,0,80,41,0,0,0;0,20,35,29,39,0,0,27,47,58,0,62,0,0,50,56,0,0,0,0,0,0,23,80,0,0,0,38,0,0;63,0,0,0,0,0,0,0,0,0,0,0,0,26,0,0,0,60,0,80,54,0,0,0,44,0,44,0,0,0;34,0,50,0,0,0,24,0,0,59,30,0,41,0,0,0,0,0,0,0,80,32,0,0,0,0,0,0,0,0;0,0,0,0,0,0,20,0,0,25,0,0,0,0,48,0,0,0,71,78,0,60,0,0,48,0,0,0,55,0;0,0,32,60,0,0,0,0,0,0,0,37,60,0,0,53,49,0,0,77,0,0,74,0,0,0,80,57,0,0;21,36,71,0,0,0,0,0,41,0,0,31,0,0,0,0,0,74,70,0,65,0,0,67,80,0,21,0,53,0;0,0,0,0,55,0,0,0,0,0,0,0,49,0,0,0,29,0,0,0,0,0,0,0,0,80,0,0,0,0;0,0,0,0,0,60,20,67,75,78,0,0,0,23,51,30,0,0,0,0,0,0,0,0,0,0,43,47,0,0;0,0,32,0,0,71,0,75,0,0,50,0,0,41,0,57,0,0,46,27,0,78,24,66,47,0,0,46,0,0;0,68,0,0,54,0,77,50,0,0,0,0,0,0,0,0,29,0,0,0,0,0,69,60,0,0,0,0,0,0;0,0,0,0,0,0,36,0,64,0,0,77,0,64,0,62,0,0,64,0,0,0,39,0,22,0,0,0,34,61;0,0,0,70,54,0,0,0,0,0,0,0,20,0,0,0,0,0,0,23,53,0,0,0,0,0,0,0,0,0;36,0,59,0,0,0,66,27,0,0,0,0,28,0,52,74,0,0,0,0,0,0,69,0,51,75,0,0,0,0
0,0,39,29,39,0,0,0,0,0,0,0,0,0,20,0,0,24,0,30,0,0,0,20,31,40,0,0,0,0;37,0,30,25,0,0,33,38,0,0,0,0,29,26,0,0,0,0,35,26,0,0,35,0,0,0,0,22,0,23;0,0,0,38,0,0,0,0,0,0,0,0,0,0,0,0,22,39,0,0,0,0,0,0,0,0,25,29,0,0;24,0,0,0,0,25,0,0,0,0,0,0,0,28,0,39,0,0,0,33,35,34,0,40,35,32,0,0,28,0;0,0,0,27,0,0,0,0,0,0,0,31,24,0,0,24,0,21,0,0,0,0,0,40,0,24,0,0,0,0;0,0,0,21,0,0,18,0,0,0,0,0,0,23,20,0,0,0,0,0,0,0,0,0,31,0,39,0,37,38;0,0,22,0,0,0,0,0,26,0,0,21,24,0,0,0,0,29,0,0,0,0,0,0,32,0,37,39,0,0;0,0,0,25,0,0,0,0,0,0,22,0,0,0,0,0,0,34,0,0,31,0,0,0,0,0,0,27,0,30;0,0,0,0,25,0,25,25,0,25,0,0,0,24,0,39,0,0,23,0,0,0,24,0,0,0,0,0,0,0;31,0,27,0,0,34,0,0,0,0,33,20,21,0,34,26,0,0,0,0,24,0,0,0,38,0,31,0,0,0;0,0,0,22,36,0,0,0,40,0,0,0,22,33,23,0,0,0,0,0,0,0,0,0,0,0,0,24,0,24;23,0,0,0,0,32,35,21,0,0,33,0,0,0,0,0,0,28,29,0,23,0,0,0,0,21,28,0,0,0;0,0,0,23,32,24,0,0,0,27,0,0,0,27,0,0,28,0,0,0,0,0,28,31,0,27,0,0,0,0;0,0,0,35,24,0,0,0,0,0,0,0,20,0,0,0,0,0,0,0,0,0,0,0,0,0,0,0,0,0;0,0,0,38,0,33,23,24,0,0,36,0,0,32,0,40,0,0,0,0,0,0,0,0,0,39,0,0,26,38;0,0,0,28,21,0,0,22,30,0,0,0,0,0,23,0,0,0,32,23,0,0,0,22,26,0,0,0,0,0;30,0,26,0,25,0,0,26,31,0,0,0,32,21,0,0,0,0,0,0,27,0,0,0,0,30,37,0,0,0;0,37,35,32,23,0,0,21,29,25,0,35,0,0,40,36,0,0,0,0,0,0,25,24,0,0,0,23,0,0;21,0,0,0,0,0,0,0,0,0,0,0,0,24,0,0,0,35,0,38,26,0,0,0,36,0,39,0,0,0;40,0,27,0,0,0,28,0,0,40,31,0,30,0,0,0,0,0,0,0,35,29,0,0,0,0,0,0,0,0;0,0,0,0,0,0,37,0,0,28,0,0,0,0,34,0,0,0,23,23,0,25,0,0,30,0,0,0,25,0;0,0,29,20,0,0,0,0,0,0,0,29,21,0,0,25,37,0,0,20,0,0,20,0,0,0,37,20,0,0;25,34,20,0,0,0,0,0,36,0,0,39,0,0,0,0,0,20,22,0,26,0,0,26,32,0,29,0,22,0;0,0,0,0,39,0,0,0,0,0,0,0,37,0,0,0,40,0,0,0,0,0,0,0,0,30,0,0,0,0;0,0,0,0,0,36,28,31,39,37,0,0,0,34,35,21,0,0,0,0,0,0,0,0,0,0,24,22,0,0;0,0,34,0,0,28,0,39,0,0,32,0,0,32,0,23,0,0,39,26,0,34,37,31,33,0,0,36,0,0;0,29,0,0,36,0,35,33,0,0,0,0,0,0,0,0,37,0,0,0,0,0,22,27,0,0,0,0,0,0;0,0,0,0,0,0,23,0,30,0,0,38,0,25,0,36,0,0,38,0,0,0,33,0,24,0,0,0,33,27;0,0,0,26,37,0,0,0,0,0,0,0,34,0,0,0,0,0,0,32,34,0,0,0,0,0,0,0,0,0;25,0,22,0,0,0,22,24,0,0,0,0,26,0,20,36,0,0,0,0,0,0,33,0,39,24,0,0,0,0
-5,22,0,0,-15,0,0,-9,0,0,0,14,0,-12,0,0,23,18,0,0,0,0,0,0,-22,0,-9,0,-5,0
------------- End of Scenario k = 1 -------
0,0,69,20,32,0,0,0,0,0,0,0,0,0,34,0,0,49,0,54,0,0,0,46,48,55,0,0,0,0;80,0,66,37,0,0,57,80,0,0,0,0,58,24,0,0,0,0,53,35,0,0,41,0,0,0,0,31,0,33;0,0,0,80,0,0,0,0,0,0,0,0,0,0,0,0,20,73,0,0,0,0,0,0,0,0,80,47,0,0;43,0,0,0,0,40,0,0,0,0,0,0,0,24,0,41,0,0,0,42,80,61,0,59,80,56,0,0,37,0;0,0,0,75,0,0,0,0,0,0,0,76,79,0,0,46,0,62,0,0,0,0,0,78,0,44,0,0,0,0;0,0,0,47,0,0,75,0,0,0,0,0,0,74,34,0,0,0,0,0,0,0,0,0,80,0,29,0,70,60;0,0,73,0,0,0,0,0,46,0,0,61,20,0,0,0,0,42,0,0,0,0,0,0,75,0,26,33,0,0;0,0,0,75,0,0,0,0,0,0,57,0,0,0,0,0,0,22,0,0,48,0,0,0,0,0,0,37,0,63;0,0,0,0,61,0,27,27,0,72,0,0,0,73,0,24,0,0,74,0,0,0,35,0,0,0,0,0,0,0;50,0,68,0,0,64,0,0,0,0,23,22,38,0,73,58,0,0,0,0,41,0,0,0,41,0,30,0,0,0;0,0,0,63,35,0,0,0,40,0,0,0,50,21,30,0,0,0,0,0,0,0,0,0,0,0,0,78,0,78;45,0,0,0,0,49,33,30,0,0,41,0,0,0,0,0,0,69,33,0,79,0,0,0,0,32,36,0,0,0;0,0,0,65,38,60,0,0,0,62,0,0,0,70,0,0,53,0,0,0,0,0,52,31,0,35,0,0,0,0;0,0,0,57,28,0,0,0,0,0,0,0,35,0,0,0,0,0,0,0,0,0,0,0,0,0,0,0,0,0;0,0,0,37,0,27,46,21,0,0,47,0,0,29,0,63,0,0,0,0,0,0,0,0,0,65,0,0,79,54;0,0,0,23,80,0,0,29,40,0,0,0,0,0,38,0,0,0,80,31,0,0,0,80,75,0,0,0,0,0;72,0,24,0,80,0,0,43,80,0,0,0,54,80,0,0,0,0,0,0,62,0,0,0,0,72,57,0,0,0;0,76,57,49,71,0,0,35,20,55,0,37,0,0,50,26,0,0,0,0,0,0,65,68,0,0,0,57,0,0;58,0,0,0,0,0,0,0,0,0,0,0,0,50,0,0,0,34,0,43,46,0,0,0,25,0,34,0,0,0;60,0,31,0,0,0,32,0,0,34,57,0,21,0,0,0,0,0,0,0,80,65,0,0,0,0,0,0,0,0;0,0,0,0,0,0,73,0,0,44,0,0,0,0,73,0,0,0,42,49,0,80,0,0,49,0,0,0,24,0;0,0,22,31,0,0,0,0,0,0,0,38,41,0,0,69,76,0,0,77,0,0,27,0,0,0,24,22,0,0;49,47,26,0,0,0,0,0,62,0,0,77,0,0,0,0,0,33,72,0,20,0,0,80,80,0,44,0,36,0;0,0,0,0,34,0,0,0,0,0,0,0,70,0,0,0,80,0,0,0,0,0,0,0,0,80,0,0,0,0;0,0,0,0,0,20,47,53,63,66,0,0,0,53,59,43,0,0,0,0,0,0,0,0,0,0,52,45,0,0;0,0,37,0,0,74,0,68,0,0,22,0,0,69,0,39,0,0,37,53,0,32,68,34,20,0,0,80,0,0;0,51,0,0,28,0,41,55,0,0,0,0,0,0,0,0,72,0,0,0,0,0,34,77,0,0,0,0,0,0;0,0,0,0,0,0,37,0,24,0,0,36,0,69,0,63,0,0,69,0,0,0,36,0,74,0,0,0,49,56;0,0,0,72,54,0,0,0,0,0,0,0,74,0,0,0,0,0,0,52,61,0,0,0,0,0,0,0,0,0;54,0,64,0,0,0,37,25,0,0,0,0,61,0,47,47,0,0,0,0,0,0,60,0,64,55,0,0,0,0
0,0,20,21,24,0,0,0,0,0,0,0,0,0,36,0,0,23,0,25,0,0,0,30,29,34,0,0,0,0;22,0,32,33,0,0,40,16,0,0,0,0,28,25,0,0,0,0,38,37,0,0,35,0,0,0,0,24,0,20;0,0,0,18,0,0,0,0,0,0,0,0,0,0,0,0,40,32,0,0,0,0,0,0,0,0,35,38,0,0;37,0,0,0,0,40,0,0,0,0,0,0,0,39,0,24,0,0,0,33,21,39,0,32,20,27,0,0,39,0;0,0,0,23,0,0,0,0,0,0,0,25,21,0,0,23,0,22,0,0,0,0,0,25,0,22,0,0,0,0;0,0,0,25,0,0,29,0,0,0,0,0,0,36,27,0,0,0,0,0,0,0,0,0,24,0,39,0,34,35;0,0,29,0,0,0,0,0,37,0,0,38,24,0,0,0,0,24,0,0,0,0,0,0,26,0,27,33,0,0;0,0,0,39,0,0,0,0,0,0,33,0,0,0,0,0,0,24,0,0,24,0,0,0,0,0,0,38,0,37;0,0,0,0,37,0,31,20,0,40,0,0,0,37,0,22,0,0,32,0,0,0,30,0,0,0,0,0,0,0;36,0,23,0,0,36,0,0,0,0,36,20,32,0,22,36,0,0,0,0,30,0,0,0,39,0,36,0,0,0;0,0,0,31,37,0,0,0,21,0,0,0,38,36,37,0,0,0,0,0,0,0,0,0,0,0,0,39,0,25;29,0,0,0,0,36,20,36,0,0,38,0,0,0,0,0,0,25,24,0,23,0,0,0,0,29,25,0,0,0;0,0,0,23,25,22,0,0,0,34,0,0,0,38,0,0,32,0,0,0,0,0,21,28,0,24,0,0,0,0;0,0,0,36,33,0,0,0,0,0,0,0,20,0,0,0,0,0,0,0,0,0,0,0,0,0,0,0,0,0;0,0,0,22,0,29,34,31,0,0,23,0,0,40,0,37,0,0,0,0,0,0,0,0,0,33,0,0,34,32;0,0,0,38,36,0,0,26,33,0,0,0,0,0,28,0,0,0,24,39,0,0,0,32,34,0,0,0,0,0;35,0,29,0,31,0,0,24,39,0,0,0,25,29,0,0,0,0,0,0,28,0,0,0,0,25,40,0,0,0;0,33,24,38,35,0,0,36,33,27,0,21,0,0,37,18,0,0,0,0,0,0,31,27,0,0,0,37,0,0;23,0,0,0,0,0,0,0,0,0,0,0,0,31,0,0,0,31,0,29,28,0,0,0,25,0,32,0,0,0;25,0,39,0,0,0,25,0,0,27,40,0,31,0,0,0,0,0,0,0,40,26,0,0,0,0,0,0,0,0;0,0,0,0,0,0,37,0,0,30,0,0,0,0,27,0,0,0,31,40,0,32,0,0,36,0,0,0,39,0;0,0,37,25,0,0,0,0,0,0,0,38,36,0,0,39,33,0,0,32,0,0,23,0,0,0,38,36,0,0;23,24,24,0,0,0,0,0,39,0,0,33,0,0,0,0,0,31,21,0,33,0,0,30,36,0,26,0,22,0;0,0,0,0,25,0,0,0,0,0,0,0,34,0,0,0,39,0,0,0,0,0,0,0,0,24,0,0,0,0;0,0,0,0,0,25,34,31,21,29,0,0,0,33,39,21,0,0,0,0,0,0,0,0,0,0,37,39,0,0;0,0,22,0,0,32,0,28,0,0,35,0,0,21,0,39,0,0,29,21,0,22,33,39,29,0,0,21,0,0;0,36,0,0,31,0,37,31,0,0,0,0,0,0,0,0,40,0,0,0,0,0,26,26,0,0,0,0,0,0;0,0,0,0,0,0,32,0,27,0,0,32,0,27,0,24,0,0,21,0,0,0,24,0,28,0,0,0,32,19;0,0,0,33,21,0,0,0,0,0,0,0,33,0,0,0,0,0,0,24,38,0,0,0,0,0,0,0,0,0;37,0,21,0,0,0,36,21,0,0,0,0,34,0,31,22,0,0,0,0,0,0,37,0,27,40,0,0,0,0
-4,13,0,0,-13,0,0,-6,0,0,0,16,0,-13,0,0,29,18,0,0,0,0,0,0,-12,0,-10,0,-18,0
------------- End of Scenario k = 2 -------
0,0,70,50,56,0,0,0,0,0,0,0,0,0,56,0,0,64,0,23,0,0,0,46,66,73,0,0,0,0;80,0,80,41,0,0,38,32,0,0,0,0,41,72,0,0,0,0,68,70,0,0,65,0,0,0,0,38,0,57;0,0,0,80,0,0,0,0,0,0,0,0,0,0,0,0,37,25,0,0,0,0,0,0,0,0,71,27,0,0;66,0,0,0,0,25,0,0,0,0,0,0,0,80,0,71,0,0,0,63,31,61,0,33,80,57,0,0,47,0;0,0,0,50,0,0,0,0,0,0,0,58,74,0,0,25,0,60,0,0,0,0,0,40,0,77,0,0,0,0;0,0,0,70,0,0,25,0,0,0,0,0,0,34,69,0,0,0,0,0,0,0,0,0,39,0,45,0,80,65;0,0,33,0,0,0,0,0,26,0,0,36,44,0,0,0,0,50,0,0,0,0,0,0,60,0,40,60,0,0;0,0,0,26,0,0,0,0,0,0,44,0,0,0,0,0,0,42,0,0,42,0,0,0,0,0,0,35,0,76;0,0,0,0,62,0,48,34,0,78,0,0,0,46,0,55,0,0,22,0,0,0,24,0,0,0,0,0,0,0;74,0,66,0,0,25,0,0,0,0,80,55,52,0,42,74,0,0,0,0,45,0,0,0,48,0,80,0,0,0;0,0,0,21,68,0,0,0,35,0,0,0,54,80,57,0,0,0,0,0,0,0,0,0,0,0,0,31,0,61;80,0,0,0,0,80,56,69,0,0,65,0,0,0,0,0,0,23,41,0,48,0,0,0,0,43,53,0,0,0;0,0,0,60,59,73,0,0,0,20,0,0,0,20,0,0,58,0,0,0,0,0,45,41,0,42,0,0,0,0;0,0,0,37,28,0,0,0,0,0,0,0,35,0,0,0,0,0,0,0,0,0,0,0,0,0,0,0,0,0;0,0,0,30,0,41,33,20,0,0,77,0,0,77,0,80,0,0,0,0,0,0,0,0,0,64,0,0,22,26;0,0,0,45,79,0,0,41,65,0,0,0,0,0,50,0,0,0,80,77,0,0,0,25,27,0,0,0,0,0;51,0,55,0,49,0,0,34,72,0,0,0,72,41,0,0,0,0,0,0,41,0,0,0,0,70,21,0,0,0;0,26,47,32,67,0,0,63,43,75,0,46,0,0,36,80,0,0,0,0,0,0,63,27,0,0,0,39,0,0;46,0,0,0,0,0,0,0,0,0,0,0,0,60,0,0,0,35,0,43,49,0,0,0,53,0,42,0,0,0;54,0,24,0,0,0,39,0,0,80,48,0,20,0,0,0,0,0,0,0,39,45,0,0,0,0,0,0,0,0;0,0,0,0,0,0,48,0,0,25,0,0,0,0,62,0,0,0,23,44,0,77,0,0,77,0,0,0,24,0;0,0,30,53,0,0,0,0,0,0,0,48,66,0,0,29,73,0,0,62,0,0,74,0,0,0,54,39,0,0;78,55,44,0,0,0,0,0,60,0,0,24,0,0,0,0,0,51,67,0,78,0,0,80,80,0,45,0,27,0;0,0,0,0,60,0,0,0,0,0,0,0,69,0,0,0,45,0,0,0,0,0,0,0,0,80,0,0,0,0;0,0,0,0,0,39,73,60,25,28,0,0,0,22,45,20,0,0,0,0,0,0,0,0,0,0,41,77,0,0;0,0,71,0,0,28,0,44,0,0,24,0,0,59,0,80,0,0,34,30,0,28,42,69,69,0,0,28,0,0;0,49,0,0,36,0,21,22,0,0,0,0,0,0,0,0,62,0,0,0,0,0,79,53,0,0,0,0,0,0;0,0,0,0,0,0,31,0,23,0,0,78,0,40,0,80,0,0,51,0,0,0,67,0,78,0,0,0,48,73;0,0,0,36,40,0,0,0,0,0,0,0,21,0,0,0,0,0,0,50,30,0,0,0,0,0,0,0,0,0;20,0,32,0,0,0,61,75,0,0,0,0,80,0,57,53,0,0,0,0,0,0,24,0,39,46,0,0,0,0
0,0,20,40,40,0,0,0,0,0,0,0,0,0,22,0,0,33,0,35,0,0,0,24,37,26,0,0,0,0;29,0,40,30,0,0,27,30,0,0,0,0,39,34,0,0,0,0,37,33,0,0,22,0,0,0,0,25,0,23;0,0,0,37,0,0,0,0,0,0,0,0,0,0,0,0,36,32,0,0,0,0,0,0,0,0,39,33,0,0;28,0,0,0,0,20,0,0,0,0,0,0,0,36,0,34,0,0,0,20,21,27,0,30,36,21,0,0,28,0;0,0,0,30,0,0,0,0,0,0,0,22,33,0,0,35,0,37,0,0,0,0,0,33,0,21,0,0,0,0;0,0,0,22,0,0,25,0,0,0,0,0,0,27,40,0,0,0,0,0,0,0,0,0,22,0,22,0,15,40;0,0,32,0,0,0,0,0,29,0,0,28,22,0,0,0,0,40,0,0,0,0,0,0,35,0,27,20,0,0;0,0,0,22,0,0,0,0,0,0,27,0,0,0,0,0,0,30,0,0,37,0,0,0,0,0,0,25,0,28;0,0,0,0,22,0,35,26,0,37,0,0,0,38,0,20,0,0,20,0,0,0,40,0,0,0,0,0,0,0;30,0,24,0,0,27,0,0,0,0,21,40,36,0,40,25,0,0,0,0,35,0,0,0,31,0,29,0,0,0;0,0,0,30,40,0,0,0,40,0,0,0,35,39,37,0,0,0,0,0,0,0,0,0,0,0,0,35,0,40;25,0,0,0,0,37,27,31,0,0,22,0,0,0,0,0,0,39,34,0,26,0,0,0,0,40,22,0,0,0;0,0,0,29,40,30,0,0,0,29,0,0,0,20,0,0,22,0,0,0,0,0,25,30,0,24,0,0,0,0;0,0,0,20,27,0,0,0,0,0,0,0,40,0,0,0,0,0,0,0,0,0,0,0,0,0,0,0,0,0;0,0,0,31,0,39,32,28,0,0,39,0,0,22,0,35,0,0,0,0,0,0,0,0,0,32,0,0,20,35;0,0,0,26,34,0,0,38,35,0,0,0,0,0,29,0,0,0,33,40,0,0,0,32,27,0,0,0,0,0;33,0,32,0,28,0,0,29,21,0,0,0,21,26,0,0,0,0,0,0,26,0,0,0,0,21,36,0,0,0;0,30,33,22,38,0,0,25,30,35,0,26,0,0,28,34,0,0,0,0,0,0,32,35,0,0,0,30,0,0;29,0,0,0,0,0,0,0,0,0,0,0,0,37,0,0,0,27,0,35,36,0,0,0,31,0,34,0,0,0;39,0,33,0,0,0,30,0,0,36,21,0,33,0,0,0,0,0,0,0,21,39,0,0,0,0,0,0,0,0;0,0,0,0,0,0,26,0,0,26,0,0,0,0,36,0,0,0,35,25,0,36,0,0,32,0,0,0,30,0;0,0,35,29,0,0,0,0,0,0,0,28,30,0,0,38,23,0,0,40,0,0,21,0,0,0,20,28,0,0;22,40,21,0,0,0,0,0,27,0,0,36,0,0,0,0,0,29,33,0,26,0,0,22,29,0,23,0,30,0;0,0,0,0,39,0,0,0,0,0,0,0,35,0,0,0,31,0,0,0,0,0,0,0,0,22,0,0,0,0;0,0,0,0,0,26,33,21,27,38,0,0,0,33,36,32,0,0,0,0,0,0,0,0,0,0,32,38,0,0;0,0,39,0,0,40,0,40,0,0,26,0,0,27,0,27,0,0,29,39,0,29,27,20,36,0,0,32,0,0;0,29,0,0,32,0,24,34,0,0,0,0,0,0,0,0,34,0,0,0,0,0,35,24,0,0,0,0,0,0;0,0,0,0,0,0,35,0,29,0,0,28,0,23,0,27,0,0,22,0,0,0,39,0,38,0,0,0,35,20;0,0,0,29,35,0,0,0,0,0,0,0,39,0,0,0,0,0,0,35,29,0,0,0,0,0,0,0,0,0;34,0,35,0,0,0,23,26,0,0,0,0,21,0,32,30,0,0,0,0,0,0,29,0,39,36,0,0,0,0
-14,27,0,0,-21,0,0,-3,0,0,0,13,0,-5,0,0,19,20,0,0,0,0,0,0,-15,0,-6,0,-15,0
------------- End of Scenario k = 3 -------
0,0,49,50,74,0,0,0,0,0,0,0,0,0,79,0,0,76,0,71,0,0,0,47,76,26,0,0,0,0;45,0,80,24,0,0,45,80,0,0,0,0,61,53,0,0,0,0,29,35,0,0,20,0,0,0,0,31,0,28;0,0,0,80,0,0,0,0,0,0,0,0,0,0,0,0,74,80,0,0,0,0,0,0,0,0,36,25,0,0;40,0,0,0,0,62,0,0,0,0,0,0,0,51,0,76,0,0,0,76,51,52,0,29,71,30,0,0,80,0;0,0,0,48,0,0,0,0,0,0,0,31,65,0,0,26,0,39,0,0,0,0,0,32,0,70,0,0,0,0;0,0,0,66,0,0,80,0,0,0,0,0,0,59,23,0,0,0,0,0,0,0,0,0,80,0,22,0,80,52;0,0,36,0,0,0,0,0,21,0,0,22,25,0,0,0,0,67,0,0,0,0,0,0,69,0,59,31,0,0;0,0,0,48,0,0,0,0,0,0,66,0,0,0,0,0,0,60,0,0,58,0,0,0,0,0,0,38,0,68;0,0,0,0,28,0,61,40,0,80,0,0,0,40,0,37,0,0,42,0,0,0,62,0,0,0,0,0,0,0;79,0,33,0,0,63,0,0,0,0,74,58,50,0,45,39,0,0,0,0,46,0,0,0,80,0,80,0,0,0;0,0,0,26,39,0,0,0,41,0,0,0,28,80,46,0,0,0,0,0,0,0,0,0,0,0,0,68,0,22;80,0,0,0,0,80,49,71,0,0,60,0,0,0,0,0,0,37,70,0,72,0,0,0,0,72,38,0,0,0;0,0,0,29,56,55,0,0,0,42,0,0,0,68,0,0,52,0,0,0,0,0,52,75,0,43,0,0,0,0;0,0,0,61,77,0,0,0,0,0,0,0,31,0,0,0,0,0,0,0,0,0,0,0,0,0,0,0,0,0;0,0,0,30,0,71,39,80,0,0,25,0,0,52,0,24,0,0,0,0,0,0,0,0,0,63,0,0,74,71;0,0,0,51,80,0,0,24,41,0,0,0,0,0,21,0,0,0,80,61,0,0,0,34,27,0,0,0,0,0;40,0,73,0,44,0,0,29,70,0,0,0,64,46,0,0,0,0,0,0,21,0,0,0,0,72,78,0,0,0;0,74,43,43,24,0,0,64,60,62,0,26,0,0,43,54,0,0,0,0,0,0,69,48,0,0,0,43,0,0;56,0,0,0,0,0,0,0,0,0,0,0,0,76,0,0,0,75,0,31,34,0,0,0,22,0,29,0,0,0;58,0,42,0,0,0,65,0,0,73,46,0,64,0,0,0,0,0,0,0,80,22,0,0,0,0,0,0,0,0;0,0,0,0,0,0,78,0,0,27,0,0,0,0,49,0,0,0,79,33,0,20,0,0,33,0,0,0,32,0;0,0,73,80,0,0,0,0,0,0,0,26,62,0,0,61,61,0,0,57,0,0,24,0,0,0,27,21,0,0;66,49,25,0,0,0,0,0,53,0,0,23,0,0,0,0,0,72,60,0,45,0,0,26,80,0,51,0,69,0;0,0,0,0,55,0,0,0,0,0,0,0,48,0,0,0,62,0,0,0,0,0,0,0,0,80,0,0,0,0;0,0,0,0,0,59,58,72,54,35,0,0,0,26,42,72,0,0,0,0,0,0,0,0,0,0,43,80,0,0;0,0,72,0,0,74,0,76,0,0,64,0,0,68,0,47,0,0,62,25,0,77,37,44,63,0,0,37,0,0;0,53,0,0,61,0,54,79,0,0,0,0,0,0,0,0,65,0,0,0,0,0,74,55,0,0,0,0,0,0;0,0,0,0,0,0,55,0,73,0,0,56,0,29,0,21,0,0,51,0,0,0,35,0,24,0,0,0,31,80;0,0,0,77,71,0,0,0,0,0,0,0,57,0,0,0,0,0,0,28,71,0,0,0,0,0,0,0,0,0;50,0,27,0,0,0,30,46,0,0,0,0,77,0,61,53,0,0,0,0,0,0,28,0,20,32,0,0,0,0
0,0,26,24,39,0,0,0,0,0,0,0,0,0,20,0,0,39,0,28,0,0,0,28,24,33,0,0,0,0;32,0,27,25,0,0,23,37,0,0,0,0,40,39,0,0,0,0,36,32,0,0,35,0,0,0,0,35,0,35;0,0,0,28,0,0,0,0,0,0,0,0,0,0,0,0,23,27,0,0,0,0,0,0,0,0,40,36,0,0;30,0,0,0,0,22,0,0,0,0,0,0,0,40,0,24,0,0,0,23,40,23,0,34,24,33,0,0,28,0;0,0,0,20,0,0,0,0,0,0,0,25,21,0,0,32,0,35,0,0,0,0,0,40,0,25,0,0,0,0;0,0,0,40,0,0,39,0,0,0,0,0,0,23,25,0,0,0,0,0,0,0,0,0,37,0,29,0,30,38;0,0,32,0,0,0,0,0,26,0,0,31,25,0,0,0,0,37,0,0,0,0,0,0,31,0,30,40,0,0;0,0,0,36,0,0,0,0,0,0,23,0,0,0,0,0,0,32,0,0,26,0,0,0,0,0,0,38,0,22;0,0,0,0,31,0,28,30,0,32,0,0,0,31,0,23,0,0,37,0,0,0,31,0,0,0,0,0,0,0;21,0,37,0,0,35,0,0,0,0,27,35,31,0,36,39,0,0,0,0,34,0,0,0,33,0,40,0,0,0;0,0,0,39,39,0,0,0,36,0,0,0,27,23,30,0,0,0,0,0,0,0,0,0,0,0,0,29,0,22;33,0,0,0,0,35,33,29,0,0,27,0,0,0,0,0,0,37,28,0,23,0,0,0,0,26,27,0,0,0;0,0,0,34,29,40,0,0,0,21,0,0,0,37,0,0,30,0,0,0,0,0,23,31,0,25,0,0,0,0;0,0,0,22,24,0,0,0,0,0,0,0,32,0,0,0,0,0,0,0,0,0,0,0,0,0,0,0,0,0;0,0,0,30,0,31,30,25,0,0,25,0,0,27,0,38,0,0,0,0,0,0,0,0,0,24,0,0,28,39;0,0,0,25,39,0,0,21,40,0,0,0,0,0,36,0,0,0,29,40,0,0,0,28,30,0,0,0,0,0;31,0,24,0,34,0,0,25,25,0,0,0,33,38,0,0,0,0,0,0,33,0,0,0,0,39,32,0,0,0;0,31,38,23,30,0,0,36,21,32,0,25,0,0,36,17,0,0,0,0,0,0,25,33,0,0,0,23,0,0;20,0,0,0,0,0,0,0,0,0,0,0,0,32,0,0,0,21,0,37,26,0,0,0,28,0,23,0,0,0;38,0,29,0,0,0,31,0,0,31,38,0,36,0,0,0,0,0,0,0,37,25,0,0,0,0,0,0,0,0;0,0,0,0,0,0,35,0,0,27,0,0,0,0,37,0,0,0,31,37,0,22,0,0,21,0,0,0,25,0;0,0,24,39,0,0,0,0,0,0,0,25,34,0,0,24,38,0,0,25,0,0,27,0,0,0,24,22,0,0;37,40,34,0,0,0,0,0,24,0,0,22,0,0,0,0,0,34,37,0,28,0,0,30,29,0,29,0,26,0;0,0,0,0,27,0,0,0,0,0,0,0,26,0,0,0,23,0,0,0,0,0,0,0,0,28,0,0,0,0;0,0,0,0,0,20,39,22,27,27,0,0,0,28,29,22,0,0,0,0,0,0,0,0,0,0,22,29,0,0;0,0,30,0,0,24,0,37,0,0,33,0,0,31,0,30,0,0,23,24,0,32,29,20,40,0,0,39,0,0;0,27,0,0,31,0,29,31,0,0,0,0,0,0,0,0,32,0,0,0,0,0,33,31,0,0,0,0,0,0;0,0,0,0,0,0,28,0,27,0,0,34,0,33,0,28,0,0,33,0,0,0,36,0,20,0,0,0,27,21;0,0,0,20,28,0,0,0,0,0,0,0,27,0,0,0,0,0,0,37,34,0,0,0,0,0,0,0,0,0;38,0,25,0,0,0,31,22,0,0,0,0,27,0,35,23,0,0,0,0,0,0,39,0,23,36,0,0,0,0
-6,22,0,0,-16,0,0,-12,0,0,0,20,0,-11,0,0,21,15,0,0,0,0,0,0,-12,0,-9,0,-12,0
------------- End of Scenario k = 4 -------
0,0,38,38,70,0,0,0,0,0,0,0,0,0,60,0,0,78,0,70,0,0,0,63,58,26,0,0,0,0;80,0,80,42,0,0,63,54,0,0,0,0,68,23,0,0,0,0,66,71,0,0,59,0,0,0,0,20,0,44;0,0,0,36,0,0,0,0,0,0,0,0,0,0,0,0,39,74,0,0,0,0,0,0,0,0,80,62,0,0;37,0,0,0,0,45,0,0,0,0,0,0,0,80,0,43,0,0,0,32,64,68,0,71,35,31,0,0,80,0;0,0,0,51,0,0,0,0,0,0,0,41,53,0,0,63,0,32,0,0,0,0,0,23,0,23,0,0,0,0;0,0,0,21,0,0,32,0,0,0,0,0,0,50,57,0,0,0,0,0,0,0,0,0,27,0,28,0,80,79;0,0,55,0,0,0,0,0,46,0,0,26,69,0,0,0,0,45,0,0,0,0,0,0,26,0,27,53,0,0;0,0,0,44,0,0,0,0,0,0,77,0,0,0,0,0,0,57,0,0,46,0,0,0,0,0,0,33,0,27;0,0,0,0,40,0,22,73,0,80,0,0,0,69,0,56,0,0,23,0,0,0,32,0,0,0,0,0,0,0;27,0,71,0,0,25,0,0,0,0,53,52,74,0,23,53,0,0,0,0,41,0,0,0,80,0,80,0,0,0;0,0,0,61,38,0,0,0,65,0,0,0,22,40,74,0,0,0,0,0,0,0,0,0,0,0,0,43,0,39;63,0,0,0,0,49,42,21,0,0,46,0,0,0,0,0,0,74,78,0,69,0,0,0,0,27,74,0,0,0;0,0,0,24,43,67,0,0,0,65,0,0,0,54,0,0,56,0,0,0,0,0,43,22,0,66,0,0,0,0;0,0,0,69,38,0,0,0,0,0,0,0,23,0,0,0,0,0,0,0,0,0,0,0,0,0,0,0,0,0;0,0,0,61,0,55,27,80,0,0,62,0,0,77,0,72,0,0,0,0,0,0,0,0,0,48,0,0,74,49;0,0,0,53,20,0,0,54,55,0,0,0,0,0,63,0,0,0,49,57,0,0,0,47,69,0,0,0,0,0;25,0,35,0,74,0,0,78,63,0,0,0,78,70,0,0,0,0,0,0,69,0,0,0,0,58,75,0,0,0;0,66,38,78,70,0,0,51,78,20,0,42,0,0,44,57,0,0,0,0,0,0,72,69,0,0,0,61,0,0;77,0,0,0,0,0,0,0,0,0,0,0,0,78,0,0,0,67,0,80,73,0,0,0,65,0,68,0,0,0;41,0,61,0,0,0,29,0,0,30,29,0,22,0,0,0,0,0,0,0,80,80,0,0,0,0,0,0,0,0;0,0,0,0,0,0,41,0,0,73,0,0,0,0,56,0,0,0,39,43,0,54,0,0,24,0,0,0,35,0;0,0,61,45,0,0,0,0,0,0,0,40,72,0,0,21,80,0,0,60,0,0,80,0,0,0,58,37,0,0;44,59,43,0,0,0,0,0,73,0,0,45,0,0,0,0,0,80,25,0,68,0,0,80,80,0,41,0,49,0;0,0,0,0,72,0,0,0,0,0,0,0,31,0,0,0,76,0,0,0,0,0,0,0,0,64,0,0,0,0;0,0,0,0,0,21,71,78,24,56,0,0,0,58,42,73,0,0,0,0,0,0,0,0,0,0,64,79,0,0;0,0,35,0,0,53,0,69,0,0,79,0,0,65,0,80,0,0,70,26,0,47,21,74,31,0,0,80,0,0;0,27,0,0,56,0,43,47,0,0,0,0,0,0,0,0,78,0,0,0,0,0,51,62,0,0,0,0,0,0;0,0,0,0,0,0,44,0,49,0,0,41,0,80,0,33,0,0,34,0,0,0,39,0,32,0,0,0,52,28;0,0,0,69,27,0,0,0,0,0,0,0,46,0,0,0,0,0,0,22,41,0,0,0,0,0,0,0,0,0;20,0,54,0,0,0,42,37,0,0,0,0,41,0,21,21,0,0,0,0,0,0,46,0,55,74,0,0,0,0
0,0,26,34,37,0,0,0,0,0,0,0,0,0,34,0,0,20,0,34,0,0,0,33,33,33,0,0,0,0;35,0,31,20,0,0,32,27,0,0,0,0,34,24,0,0,0,0,28,37,0,0,24,0,0,0,0,20,0,34;0,0,0,39,0,0,0,0,0,0,0,0,0,0,0,0,24,24,0,0,0,0,0,0,0,0,33,36,0,0;28,0,0,0,0,34,0,0,0,0,0,0,0,25,0,31,0,0,0,38,23,22,0,25,34,23,0,0,34,0;0,0,0,38,0,0,0,0,0,0,0,28,37,0,0,31,0,20,0,0,0,0,0,25,0,32,0,0,0,0;0,0,0,31,0,0,35,0,0,0,0,0,0,28,28,0,0,0,0,0,0,0,0,0,31,0,40,0,35,23;0,0,24,0,0,0,0,0,30,0,0,36,35,0,0,0,0,38,0,0,0,0,0,0,25,0,30,32,0,0;0,0,0,28,0,0,0,0,0,0,34,0,0,0,0,0,0,24,0,0,24,0,0,0,0,0,0,40,0,32;0,0,0,0,40,0,33,25,0,32,0,0,0,20,0,24,0,0,40,0,0,0,31,0,0,0,0,0,0,0;36,0,37,0,0,37,0,0,0,0,31,34,29,0,29,20,0,0,0,0,38,0,0,0,38,0,29,0,0,0;0,0,0,38,34,0,0,0,32,0,0,0,37,28,36,0,0,0,0,0,0,0,0,0,0,0,0,39,0,21;29,0,0,0,0,29,38,39,0,0,35,0,0,0,0,0,0,30,37,0,28,0,0,0,0,37,34,0,0,0;0,0,0,35,34,37,0,0,0,28,0,0,0,35,0,0,34,0,0,0,0,0,34,27,0,35,0,0,0,0;0,0,0,39,30,0,0,0,0,0,0,0,28,0,0,0,0,0,0,0,0,0,0,0,0,0,0,0,0,0;0,0,0,33,0,35,28,23,0,0,35,0,0,22,0,21,0,0,0,0,0,0,0,0,0,40,0,0,23,32;0,0,0,32,18,0,0,31,25,0,0,0,0,0,31,0,0,0,19,31,0,0,0,29,33,0,0,0,0,0;36,0,33,0,34,0,0,40,21,0,0,0,26,23,0,0,0,0,0,0,21,0,0,0,0,39,26,0,0,0;0,24,34,27,27,0,0,29,34,20,0,20,0,0,25,20,0,0,0,0,0,0,37,32,0,0,0,30,0,0;33,0,0,0,0,0,0,0,0,0,0,0,0,33,0,0,0,38,0,31,32,0,0,0,21,0,33,0,0,0;22,0,34,0,0,0,21,0,0,27,22,0,35,0,0,0,0,0,0,0,29,38,0,0,0,0,0,0,0,0;0,0,0,0,0,0,22,0,0,20,0,0,0,0,31,0,0,0,37,21,0,35,0,0,28,0,0,0,23,0;0,0,23,25,0,0,0,0,0,0,0,23,30,0,0,24,33,0,0,30,0,0,34,0,0,0,23,23,0,0;29,32,26,0,0,0,0,0,26,0,0,23,0,0,0,0,0,34,31,0,31,0,0,33,35,0,39,0,23,0;0,0,0,0,36,0,0,0,0,0,0,0,32,0,0,0,40,0,0,0,0,0,0,0,0,18,0,0,0,0;0,0,0,0,0,30,21,32,40,32,0,0,0,29,40,34,0,0,0,0,0,0,0,0,0,0,36,27,0,0;0,0,29,0,0,21,0,25,0,0,39,0,0,22,0,27,0,0,38,26,0,33,26,37,37,0,0,26,0,0;0,20,0,0,20,0,32,36,0,0,0,0,0,0,0,0,24,0,0,0,0,0,28,32,0,0,0,0,0,0;0,0,0,0,0,0,29,0,34,0,0,39,0,21,0,34,0,0,20,0,0,0,39,0,27,0,0,0,28,31;0,0,0,23,34,0,0,0,0,0,0,0,37,0,0,0,0,0,0,23,36,0,0,0,0,0,0,0,0,0;29,0,35,0,0,0,40,21,0,0,0,0,33,0,35,31,0,0,0,0,0,0,22,0,35,26,0,0,0,0
-21,25,0,0,-2,0,0,-8,0,0,0,24,0,-8,0,0,21,18,0,0,0,0,0,0,-38,0,-5,0,-6,0
------------- End of Scenario k = 5 -------
0,0,39,65,54,0,0,0,0,0,0,0,0,0,37,0,0,58,0,73,0,0,0,21,58,58,0,0,0,0;66,0,80,27,0,0,54,80,0,0,0,0,50,53,0,0,0,0,59,20,0,0,35,0,0,0,0,22,0,75;0,0,0,67,0,0,0,0,0,0,0,0,0,0,0,0,31,36,0,0,0,0,0,0,0,0,80,44,0,0;55,0,0,0,0,23,0,0,0,0,0,0,0,80,0,69,0,0,0,67,55,73,0,70,80,69,0,0,36,0;0,0,0,76,0,0,0,0,0,0,0,51,33,0,0,27,0,30,0,0,0,0,0,61,0,22,0,0,0,0;0,0,0,59,0,0,80,0,0,0,0,0,0,59,50,0,0,0,0,0,0,0,0,0,64,0,57,0,52,66;0,0,32,0,0,0,0,0,66,0,0,65,35,0,0,0,0,42,0,0,0,0,0,0,31,0,33,56,0,0;0,0,0,79,0,0,0,0,0,0,24,0,0,0,0,0,0,31,0,0,57,0,0,0,0,0,0,24,0,28;0,0,0,0,72,0,43,27,0,43,0,0,0,67,0,61,0,0,79,0,0,0,61,0,0,0,0,0,0,0;58,0,68,0,0,55,0,0,0,0,73,78,39,0,48,64,0,0,0,0,33,0,0,0,80,0,60,0,0,0;0,0,0,57,80,0,0,0,66,0,0,0,40,76,80,0,0,0,0,0,0,0,0,0,0,0,0,73,0,51;74,0,0,0,0,28,76,67,0,0,41,0,0,0,0,0,0,77,63,0,80,0,0,0,0,63,32,0,0,0;0,0,0,78,64,27,0,0,0,75,0,0,0,53,0,0,58,0,0,0,0,0,41,58,0,20,0,0,0,0;0,0,0,30,79,0,0,0,0,0,0,0,65,0,0,0,0,0,0,0,0,0,0,0,0,0,0,0,0,0;0,0,0,56,0,32,73,35,0,0,32,0,0,27,0,76,0,0,0,0,0,0,0,0,0,32,0,0,73,57;0,0,0,30,27,0,0,55,58,0,0,0,0,0,64,0,0,0,64,60,0,0,0,49,47,0,0,0,0,0;24,0,53,0,80,0,0,80,80,0,0,0,46,30,0,0,0,0,0,0,80,0,0,0,0,53,67,0,0,0;0,79,44,42,21,0,0,32,43,48,0,40,0,0,26,80,0,0,0,0,0,0,29,32,0,0,0,50,0,0;45,0,0,0,0,0,0,0,0,0,0,0,0,39,0,0,0,24,0,76,54,0,0,0,68,0,73,0,0,0;65,0,60,0,0,0,24,0,0,74,21,0,55,0,0,0,0,0,0,0,80,24,0,0,0,0,0,0,0,0;0,0,0,0,0,0,54,0,0,21,0,0,0,0,48,0,0,0,64,30,0,27,0,0,69,0,0,0,78,0;0,0,36,70,0,0,0,0,0,0,0,46,30,0,0,20,62,0,0,51,0,0,48,0,0,0,21,35,0,0;55,70,52,0,0,0,0,0,57,0,0,65,0,0,0,0,0,60,29,0,45,0,0,36,21,0,43,0,77,0;0,0,0,0,56,0,0,0,0,0,0,0,76,0,0,0,25,0,0,0,0,0,0,0,0,80,0,0,0,0;0,0,0,0,0,74,68,46,41,27,0,0,0,55,54,20,0,0,0,0,0,0,0,0,0,0,31,55,0,0;0,0,33,0,0,74,0,49,0,0,41,0,0,31,0,57,0,0,77,71,0,42,52,57,22,0,0,52,0,0;0,39,0,0,61,0,80,65,0,0,0,0,0,0,0,0,34,0,0,0,0,0,66,76,0,0,0,0,0,0;0,0,0,0,0,0,75,0,63,0,0,69,0,22,0,20,0,0,36,0,0,0,26,0,29,0,0,0,50,80;0,0,0,25,60,0,0,0,0,0,0,0,75,0,0,0,0,0,0,69,25,0,0,0,0,0,0,0,0,0;26,0,66,0,0,0,52,38,0,0,0,0,39,0,26,38,0,0,0,0,0,0,74,0,50,30,0,0,0,0
0,0,33,33,24,0,0,0,0,0,0,0,0,0,22,0,0,24,0,27,0,0,0,29,34,35,0,0,0,0;31,0,32,38,0,0,32,40,0,0,0,0,22,31,0,0,0,0,21,31,0,0,28,0,0,0,0,30,0,37;0,0,0,39,0,0,0,0,0,0,0,0,0,0,0,0,28,27,0,0,0,0,0,0,0,0,40,25,0,0;23,0,0,0,0,29,0,0,0,0,0,0,0,31,0,37,0,0,0,27,36,20,0,39,31,30,0,0,33,0;0,0,0,20,0,0,0,0,0,0,0,27,24,0,0,33,0,25,0,0,0,0,0,21,0,36,0,0,0,0;0,0,0,25,0,0,38,0,0,0,0,0,0,31,25,0,0,0,0,0,0,0,0,0,35,0,33,0,39,39;0,0,24,0,0,0,0,0,22,0,0,30,30,0,0,0,0,37,0,0,0,0,0,0,25,0,23,20,0,0;0,0,0,33,0,0,0,0,0,0,29,0,0,0,0,0,0,32,0,0,30,0,0,0,0,0,0,28,0,34;0,0,0,0,20,0,33,39,0,26,0,0,0,30,0,32,0,0,33,0,0,0,33,0,0,0,0,0,0,0;22,0,21,0,0,37,0,0,0,0,38,21,31,0,22,33,0,0,0,0,22,0,0,0,31,0,30,0,0,0;0,0,0,40,26,0,0,0,32,0,0,0,33,24,31,0,0,0,0,0,0,0,0,0,0,0,0,35,0,30;30,0,0,0,0,33,22,34,0,0,40,0,0,0,0,0,0,34,40,0,25,0,0,0,0,39,29,0,0,0;0,0,0,37,26,35,0,0,0,25,0,0,0,24,0,0,28,0,0,0,0,0,35,36,0,38,0,0,0,0;0,0,0,25,40,0,0,0,0,0,0,0,40,0,0,0,0,0,0,0,0,0,0,0,0,0,0,0,0,0;0,0,0,38,0,36,23,38,0,0,39,0,0,37,0,25,0,0,0,0,0,0,0,0,0,38,0,0,28,26;0,0,0,25,23,0,0,28,21,0,0,0,0,0,38,0,0,0,38,22,0,0,0,33,30,0,0,0,0,0;21,0,26,0,40,0,0,26,29,0,0,0,31,33,0,0,0,0,0,0,30,0,0,0,0,20,27,0,0,0;0,34,34,40,37,0,0,33,36,36,0,24,0,0,24,24,0,0,0,0,0,0,25,20,0,0,0,27,0,0;39,0,0,0,0,0,0,0,0,0,0,0,0,31,0,0,0,27,0,38,34,0,0,0,40,0,32,0,0,0;22,0,20,0,0,0,22,0,0,36,36,0,28,0,0,0,0,0,0,0,26,22,0,0,0,0,0,0,0,0;0,0,0,0,0,0,25,0,0,35,0,0,0,0,35,0,0,0,33,40,0,32,0,0,25,0,0,0,32,0;0,0,28,27,0,0,0,0,0,0,0,28,23,0,0,23,33,0,0,29,0,0,35,0,0,0,38,39,0,0;20,39,38,0,0,0,0,0,33,0,0,40,0,0,0,0,0,39,31,0,36,0,0,29,28,0,34,0,32,0;0,0,0,0,33,0,0,0,0,0,0,0,21,0,0,0,24,0,0,0,0,0,0,0,0,27,0,0,0,0;0,0,0,0,0,36,30,39,38,39,0,0,0,37,24,36,0,0,0,0,0,0,0,0,0,0,31,29,0,0;0,0,32,0,0,36,0,33,0,0,31,0,0,24,0,30,0,0,31,29,0,40,30,34,22,0,0,30,0,0;0,22,0,0,28,0,21,20,0,0,0,0,0,0,0,0,31,0,0,0,0,0,28,36,0,0,0,0,0,0;0,0,0,0,0,0,35,0,21,0,0,28,0,35,0,28,0,0,40,0,0,0,40,0,29,0,0,0,22,33;0,0,0,20,27,0,0,0,0,0,0,0,38,0,0,0,0,0,0,37,23,0,0,0,0,0,0,0,0,0;27,0,33,0,0,0,29,27,0,0,0,0,35,0,34,22,0,0,0,0,0,0,27,0,29,40,0,0,0,0
-25,28,0,0,-28,0,0,-6,0,0,0,29,0,-6,0,0,24,23,0,0,0,0,0,0,-25,0,-10,0,-4,0
------------- End of Scenario k = 6 -------
0,0,38,73,77,0,0,0,0,0,0,0,0,0,54,0,0,39,0,51,0,0,0,59,64,54,0,0,0,0;80,0,47,63,0,0,26,71,0,0,0,0,51,56,0,0,0,0,40,59,0,0,37,0,0,0,0,80,0,46;0,0,0,80,0,0,0,0,0,0,0,0,0,0,0,0,60,76,0,0,0,0,0,0,0,0,80,70,0,0;71,0,0,0,0,44,0,0,0,0,0,0,0,80,0,37,0,0,0,24,52,40,0,76,70,22,0,0,24,0;0,0,0,37,0,0,0,0,0,0,0,54,74,0,0,67,0,21,0,0,0,0,0,38,0,35,0,0,0,0;0,0,0,43,0,0,76,0,0,0,0,0,0,46,78,0,0,0,0,0,0,0,0,0,80,0,30,0,80,43;0,0,71,0,0,0,0,0,71,0,0,72,67,0,0,0,0,27,0,0,0,0,0,0,41,0,45,28,0,0;0,0,0,37,0,0,0,0,0,0,28,0,0,0,0,0,0,35,0,0,50,0,0,0,0,0,0,32,0,39;0,0,0,0,57,0,35,73,0,74,0,0,0,71,0,71,0,0,21,0,0,0,41,0,0,0,0,0,0,0;39,0,35,0,0,48,0,0,0,0,31,20,27,0,75,72,0,0,0,0,51,0,0,0,80,0,43,0,0,0;0,0,0,63,42,0,0,0,55,0,0,0,27,45,62,0,0,0,0,0,0,0,0,0,0,0,0,50,0,35;80,0,0,0,0,80,79,23,0,0,34,0,0,0,0,0,0,51,41,0,35,0,0,0,0,23,62,0,0,0;0,0,0,40,64,50,0,0,0,61,0,0,0,44,0,0,49,0,0,0,0,0,79,67,0,69,0,0,0,0;0,0,0,29,40,0,0,0,0,0,0,0,38,0,0,0,0,0,0,0,0,0,0,0,0,0,0,0,0,0;0,0,0,53,0,34,68,77,0,0,63,0,0,37,0,27,0,0,0,0,0,0,0,0,0,53,0,0,50,68;0,0,0,74,35,0,0,74,62,0,0,0,0,0,37,0,0,0,62,80,0,0,0,77,71,0,0,0,0,0;71,0,77,0,80,0,0,72,51,0,0,0,54,49,0,0,0,0,0,0,68,0,0,0,0,30,50,0,0,0;0,36,26,26,51,0,0,29,59,78,0,69,0,0,39,80,0,0,0,0,0,0,46,46,0,0,0,35,0,0;65,0,0,0,0,0,0,0,0,0,0,0,0,41,0,0,0,55,0,80,25,0,0,0,28,0,48,0,0,0;33,0,78,0,0,0,40,0,0,78,24,0,25,0,0,0,0,0,0,0,67,78,0,0,0,0,0,0,0,0;0,0,0,0,0,0,80,0,0,49,0,0,0,0,36,0,0,0,42,35,0,80,0,0,44,0,0,0,53,0;0,0,46,63,0,0,0,0,0,0,0,37,48,0,0,38,45,0,0,76,0,0,42,0,0,0,43,49,0,0;47,50,34,0,0,0,0,0,44,0,0,53,0,0,0,0,0,29,33,0,33,0,0,35,80,0,56,0,70,0;0,0,0,0,39,0,0,0,0,0,0,0,63,0,0,0,46,0,0,0,0,0,0,0,0,67,0,0,0,0;0,0,0,0,0,40,65,78,75,42,0,0,0,31,50,51,0,0,0,0,0,0,0,0,0,0,77,31,0,0;0,0,59,0,0,30,0,51,0,0,31,0,0,28,0,57,0,0,48,58,0,77,34,44,21,0,0,52,0,0;0,67,0,0,52,0,57,63,0,0,0,0,0,0,0,0,20,0,0,0,0,0,41,37,0,0,0,0,0,0;0,0,0,0,0,0,67,0,61,0,0,70,0,51,0,45,0,0,69,0,0,0,28,0,34,0,0,0,80,76;0,0,0,42,72,0,0,0,0,0,0,0,58,0,0,0,0,0,0,21,44,0,0,0,0,0,0,0,0,0;20,0,23,0,0,0,32,76,0,0,0,0,45,0,68,70,0,0,0,0,0,0,22,0,38,72,0,0,0,0
0,0,28,28,21,0,0,0,0,0,0,0,0,0,29,0,0,38,0,35,0,0,0,21,39,28,0,0,0,0;31,0,29,20,0,0,27,31,0,0,0,0,30,37,0,0,0,0,33,28,0,0,25,0,0,0,0,25,0,31;0,0,0,35,0,0,0,0,0,0,0,0,0,0,0,0,20,39,0,0,0,0,0,0,0,0,38,37,0,0;31,0,0,0,0,21,0,0,0,0,0,0,0,33,0,25,0,0,0,31,27,36,0,31,35,26,0,0,37,0;0,0,0,30,0,0,0,0,0,0,0,38,36,0,0,21,0,25,0,0,0,0,0,21,0,32,0,0,0,0;0,0,0,31,0,0,34,0,0,0,0,0,0,23,40,0,0,0,0,0,0,0,0,0,22,0,34,0,20,38;0,0,37,0,0,0,0,0,23,0,0,28,38,0,0,0,0,24,0,0,0,0,0,0,24,0,28,35,0,0;0,0,0,30,0,0,0,0,0,0,23,0,0,0,0,0,0,25,0,0,33,0,0,0,0,0,0,39,0,37;0,0,0,0,27,0,35,32,0,37,0,0,0,38,0,25,0,0,34,0,0,0,31,0,0,0,0,0,0,0;40,0,40,0,0,28,0,0,0,0,27,22,29,0,30,24,0,0,0,0,23,0,0,0,26,0,22,0,0,0;0,0,0,21,26,0,0,0,34,0,0,0,40,21,26,0,0,0,0,0,0,0,0,0,0,0,0,36,0,37;31,0,0,0,0,29,36,23,0,0,33,0,0,0,0,0,0,29,24,0,26,0,0,0,0,30,33,0,0,0;0,0,0,34,33,35,0,0,0,36,0,0,0,23,0,0,21,0,0,0,0,0,34,36,0,27,0,0,0,0;0,0,0,35,29,0,0,0,0,0,0,0,38,0,0,0,0,0,0,0,0,0,0,0,0,0,0,0,0,0;0,0,0,21,0,39,36,21,0,0,26,0,0,34,0,26,0,0,0,0,0,0,0,0,0,27,0,0,21,36;0,0,0,30,25,0,0,26,25,0,0,0,0,0,30,0,0,0,40,39,0,0,0,33,33,0,0,0,0,0;25,0,22,0,32,0,0,36,15,0,0,0,31,27,0,0,0,0,0,0,29,0,0,0,0,27,39,0,0,0;0,21,39,21,27,0,0,33,29,37,0,29,0,0,31,24,0,0,0,0,0,0,32,22,0,0,0,30,0,0;34,0,0,0,0,0,0,0,0,0,0,0,0,27,0,0,0,27,0,35,28,0,0,0,39,0,37,0,0,0;23,0,31,0,0,0,37,0,0,29,35,0,24,0,0,0,0,0,0,0,31,24,0,0,0,0,0,0,0,0;0,0,0,0,0,0,20,0,0,30,0,0,0,0,30,0,0,0,26,28,0,27,0,0,22,0,0,0,28,0;0,0,40,32,0,0,0,0,0,0,0,37,38,0,0,36,20,0,0,31,0,0,32,0,0,0,33,26,0,0;38,25,36,0,0,0,0,0,34,0,0,39,0,0,0,0,0,20,22,0,37,0,0,29,30,0,38,0,21,0;0,0,0,0,26,0,0,0,0,0,0,0,35,0,0,0,38,0,0,0,0,0,0,0,0,21,0,0,0,0;0,0,0,0,0,35,32,22,36,33,0,0,0,34,21,27,0,0,0,0,0,0,0,0,0,0,23,27,0,0;0,0,27,0,0,40,0,30,0,0,31,0,0,29,0,24,0,0,27,39,0,39,23,36,24,0,0,40,0,0;0,20,0,0,37,0,39,36,0,0,0,0,0,0,0,0,23,0,0,0,0,0,34,24,0,0,0,0,0,0;0,0,0,0,0,0,27,0,39,0,0,25,0,26,0,32,0,0,20,0,0,0,29,0,31,0,0,0,22,26;0,0,0,36,34,0,0,0,0,0,0,0,21,0,0,0,0,0,0,26,40,0,0,0,0,0,0,0,0,0;31,0,31,0,0,0,38,39,0,0,0,0,31,0,36,39,0,0,0,0,0,0,26,0,38,35,0,0,0,0
-19,29,0,0,-16,0,0,-9,0,0,0,14,0,-4,0,0,15,21,0,0,0,0,0,0,-18,0,-2,0,-11,0
------------- End of Scenario k = 7 -------
0,0,37,70,47,0,0,0,0,0,0,0,0,0,40,0,0,49,0,77,0,0,0,23,49,57,0,0,0,0;80,0,80,44,0,0,58,37,0,0,0,0,72,80,0,0,0,0,66,21,0,0,52,0,0,0,0,66,0,62;0,0,0,80,0,0,0,0,0,0,0,0,0,0,0,0,62,64,0,0,0,0,0,0,0,0,80,31,0,0;62,0,0,0,0,74,0,0,0,0,0,0,0,71,0,50,0,0,0,39,30,64,0,47,80,51,0,0,80,0;0,0,0,79,0,0,0,0,0,0,0,55,47,0,0,80,0,47,0,0,0,0,0,39,0,39,0,0,0,0;0,0,0,36,0,0,80,0,0,0,0,0,0,61,53,0,0,0,0,0,0,0,0,0,65,0,26,0,80,78;0,0,41,0,0,0,0,0,41,0,0,72,38,0,0,0,0,57,0,0,0,0,0,0,30,0,67,50,0,0;0,0,0,33,0,0,0,0,0,0,50,0,0,0,0,0,0,57,0,0,22,0,0,0,0,0,0,25,0,41;0,0,0,0,50,0,39,55,0,62,0,0,0,52,0,61,0,0,30,0,0,0,48,0,0,0,0,0,0,0;25,0,43,0,0,78,0,0,0,0,27,24,42,0,57,29,0,0,0,0,44,0,0,0,54,0,32,0,0,0;0,0,0,49,42,0,0,0,33,0,0,0,47,80,38,0,0,0,0,0,0,0,0,0,0,0,0,66,0,20;79,0,0,0,0,35,27,69,0,0,61,0,0,0,0,0,0,72,39,0,64,0,0,0,0,44,79,0,0,0;0,0,0,57,40,72,0,0,0,29,0,0,0,80,0,0,76,0,0,0,0,0,77,57,0,41,0,0,0,0;0,0,0,67,56,0,0,0,0,0,0,0,52,0,0,0,0,0,0,0,0,0,0,0,0,0,0,0,0,0;0,0,0,27,0,43,62,80,0,0,48,0,0,39,0,70,0,0,0,0,0,0,0,0,0,33,0,0,31,24;0,0,0,22,80,0,0,61,49,0,0,0,0,0,51,0,0,0,80,73,0,0,0,33,29,0,0,0,0,0;24,0,74,0,80,0,0,29,80,0,0,0,43,79,0,0,0,0,0,0,22,0,0,0,0,73,29,0,0,0;0,51,40,61,33,0,0,24,38,52,0,62,0,0,33,57,0,0,0,0,0,0,80,65,0,0,0,63,0,0;21,0,0,0,0,0,0,0,0,0,0,0,0,68,0,0,0,74,0,80,35,0,0,0,62,0,47,0,0,0;42,0,35,0,0,0,42,0,0,48,76,0,49,0,0,0,0,0,0,0,80,38,0,0,0,0,0,0,0,0;0,0,0,0,0,0,46,0,0,36,0,0,0,0,65,0,0,0,74,58,0,60,0,0,25,0,0,0,66,0;0,0,28,63,0,0,0,0,0,0,0,52,52,0,0,37,37,0,0,27,0,0,31,0,0,0,75,51,0,0;41,49,64,0,0,0,0,0,41,0,0,78,0,0,0,0,0,64,76,0,50,0,0,80,36,0,45,0,27,0;0,0,0,0,62,0,0,0,0,0,0,0,75,0,0,0,39,0,0,0,0,0,0,0,0,80,0,0,0,0;0,0,0,0,0,26,65,26,22,73,0,0,0,55,60,61,0,0,0,0,0,0,0,0,0,0,47,50,0,0;0,0,42,0,0,80,0,72,0,0,47,0,0,60,0,26,0,0,79,69,0,76,63,74,71,0,0,24,0,0;0,46,0,0,71,0,58,44,0,0,0,0,0,0,0,0,43,0,0,0,0,0,32,65,0,0,0,0,0,0;0,0,0,0,0,0,44,0,27,0,0,28,0,80,0,25,0,0,22,0,0,0,30,0,69,0,0,0,29,80;0,0,0,74,60,0,0,0,0,0,0,0,20,0,0,0,0,0,0,67,55,0,0,0,0,0,0,0,0,0;70,0,24,0,0,0,62,78,0,0,0,0,26,0,25,77,0,0,0,0,0,0,79,0,26,66,0,0,0,0
0,0,27,23,30,0,0,0,0,0,0,0,0,0,37,0,0,34,0,33,0,0,0,29,24,32,0,0,0,0;28,0,39,35,0,0,25,33,0,0,0,0,35,36,0,0,0,0,21,20,0,0,39,0,0,0,0,33,0,39;0,0,0,38,0,0,0,0,0,0,0,0,0,0,0,0,28,28,0,0,0,0,0,0,0,0,40,40,0,0;22,0,0,0,0,32,0,0,0,0,0,0,0,36,0,35,0,0,0,23,35,39,0,35,29,33,0,0,28,0;0,0,0,35,0,0,0,0,0,0,0,30,27,0,0,24,0,30,0,0,0,0,0,39,0,21,0,0,0,0;0,0,0,34,0,0,21,0,0,0,0,0,0,28,39,0,0,0,0,0,0,0,0,0,25,0,27,0,37,33;0,0,33,0,0,0,0,0,22,0,0,30,25,0,0,0,0,20,0,0,0,0,0,0,26,0,32,39,0,0;0,0,0,30,0,0,0,0,0,0,29,0,0,0,0,0,0,21,0,0,33,0,0,0,0,0,0,37,0,24;0,0,0,0,36,0,23,21,0,20,0,0,0,40,0,36,0,0,30,0,0,0,31,0,0,0,0,0,0,0;30,0,34,0,0,39,0,0,0,0,21,35,38,0,25,34,0,0,0,0,38,0,0,0,37,0,27,0,0,0;0,0,0,31,36,0,0,0,20,0,0,0,26,37,40,0,0,0,0,0,0,0,0,0,0,0,0,28,0,20;29,0,0,0,0,21,23,27,0,0,22,0,0,0,0,0,0,36,31,0,22,0,0,0,0,32,20,0,0,0;0,0,0,38,32,26,0,0,0,40,0,0,0,37,0,0,38,0,0,0,0,0,29,30,0,30,0,0,0,0;0,0,0,25,28,0,0,0,0,0,0,0,25,0,0,0,0,0,0,0,0,0,0,0,0,0,0,0,0,0;0,0,0,24,0,34,39,28,0,0,21,0,0,29,0,29,0,0,0,0,0,0,0,0,0,34,0,0,32,29;0,0,0,29,21,0,0,26,31,0,0,0,0,0,32,0,0,0,32,27,0,0,0,40,22,0,0,0,0,0;25,0,35,0,23,0,0,30,31,0,0,0,27,38,0,0,0,0,0,0,24,0,0,0,0,33,30,0,0,0;0,34,28,33,39,0,0,20,31,27,0,39,0,0,24,38,0,0,0,0,0,0,32,23,0,0,0,40,0,0;36,0,0,0,0,0,0,0,0,0,0,0,0,38,0,0,0,36,0,20,20,0,0,0,23,0,37,0,0,0;23,0,25,0,0,0,35,0,0,24,25,0,32,0,0,0,0,0,0,0,16,34,0,0,0,0,0,0,0,0;0,0,0,0,0,0,24,0,0,33,0,0,0,0,35,0,0,0,28,22,0,24,0,0,28,0,0,0,40,0;0,0,39,22,0,0,0,0,0,0,0,40,26,0,0,23,32,0,0,31,0,0,17,0,0,0,23,37,0,0;38,28,31,0,0,0,0,0,40,0,0,30,0,0,0,0,0,20,33,0,25,0,0,29,18,0,23,0,32,0;0,0,0,0,21,0,0,0,0,0,0,0,38,0,0,0,32,0,0,0,0,0,0,0,0,27,0,0,0,0;0,0,0,0,0,21,33,27,26,32,0,0,0,31,29,29,0,0,0,0,0,0,0,0,0,0,24,23,0,0;0,0,23,0,0,23,0,36,0,0,26,0,0,20,0,25,0,0,29,31,0,33,23,34,33,0,0,40,0,0;0,33,0,0,30,0,25,21,0,0,0,0,0,0,0,0,30,0,0,0,0,0,25,21,0,0,0,0,0,0;0,0,0,0,0,0,36,0,40,0,0,29,0,36,0,36,0,0,36,0,0,0,27,0,32,0,0,0,23,31;0,0,0,38,31,0,0,0,0,0,0,0,27,0,0,0,0,0,0,35,22,0,0,0,0,0,0,0,0,0;29,0,23,0,0,0,22,26,0,0,0,0,26,0,26,29,0,0,0,0,0,0,28,0,35,21,0,0,0,0
-18,28,0,0,-13,0,0,-14,0,0,0,20,0,-5,0,0,19,16,0,0,0,0,0,0,-16,0,-9,0,-8,0
------------- End of Scenario k = 8 -------
0,0,56,21,63,0,0,0,0,0,0,0,0,0,34,0,0,64,0,72,0,0,0,23,35,79,0,0,0,0;80,0,57,57,0,0,48,75,0,0,0,0,41,22,0,0,0,0,25,65,0,0,52,0,0,0,0,76,0,70;0,0,0,80,0,0,0,0,0,0,0,0,0,0,0,0,79,54,0,0,0,0,0,0,0,0,80,30,0,0;35,0,0,0,0,74,0,0,0,0,0,0,0,80,0,80,0,0,0,70,77,79,0,47,45,79,0,0,80,0;0,0,0,40,0,0,0,0,0,0,0,79,59,0,0,64,0,37,0,0,0,0,0,73,0,46,0,0,0,0;0,0,0,28,0,0,55,0,0,0,0,0,0,28,76,0,0,0,0,0,0,0,0,0,80,0,65,0,80,76;0,0,47,0,0,0,0,0,51,0,0,36,79,0,0,0,0,54,0,0,0,0,0,0,26,0,78,25,0,0;0,0,0,52,0,0,0,0,0,0,28,0,0,0,0,0,0,76,0,0,32,0,0,0,0,0,0,61,0,75;0,0,0,0,70,0,61,59,0,80,0,0,0,43,0,65,0,0,61,0,0,0,30,0,0,0,0,0,0,0;65,0,75,0,0,64,0,0,0,0,55,41,31,0,55,41,0,0,0,0,70,0,0,0,28,0,80,0,0,0;0,0,0,74,57,0,0,0,28,0,0,0,43,80,49,0,0,0,0,0,0,0,0,0,0,0,0,39,0,43;75,0,0,0,0,80,49,68,0,0,80,0,0,0,0,0,0,70,27,0,30,0,0,0,0,22,64,0,0,0;0,0,0,74,41,27,0,0,0,69,0,0,0,56,0,0,68,0,0,0,0,0,33,79,0,76,0,0,0,0;0,0,0,38,80,0,0,0,0,0,0,0,54,0,0,0,0,0,0,0,0,0,0,0,0,0,0,0,0,0;0,0,0,39,0,79,51,80,0,0,80,0,0,46,0,22,0,0,0,0,0,0,0,0,0,80,0,0,37,54;0,0,0,51,59,0,0,30,34,0,0,0,0,0,22,0,0,0,36,31,0,0,0,60,59,0,0,0,0,0;50,0,68,0,80,0,0,71,80,0,0,0,41,62,0,0,0,0,0,0,27,0,0,0,0,79,58,0,0,0;0,64,66,35,45,0,0,40,43,61,0,69,0,0,28,22,0,0,0,0,0,0,56,73,0,0,0,45,0,0;20,0,0,0,0,0,0,0,0,0,0,0,0,47,0,0,0,40,0,49,60,0,0,0,38,0,32,0,0,0;72,0,51,0,0,0,47,0,0,68,61,0,75,0,0,0,0,0,0,0,80,38,0,0,0,0,0,0,0,0;0,0,0,0,0,0,25,0,0,74,0,0,0,0,53,0,0,0,45,70,0,80,0,0,80,0,0,0,40,0;0,0,67,69,0,0,0,0,0,0,0,36,50,0,0,63,20,0,0,75,0,0,21,0,0,0,75,23,0,0;33,51,47,0,0,0,0,0,78,0,0,50,0,0,0,0,0,80,20,0,68,0,0,80,46,0,43,0,23,0;0,0,0,0,32,0,0,0,0,0,0,0,48,0,0,0,51,0,0,0,0,0,0,0,0,80,0,0,0,0;0,0,0,0,0,31,24,34,48,55,0,0,0,55,64,59,0,0,0,0,0,0,0,0,0,0,67,45,0,0;0,0,21,0,0,31,0,34,0,0,58,0,0,39,0,31,0,0,20,56,0,56,57,27,27,0,0,57,0,0;0,69,0,0,63,0,74,20,0,0,0,0,0,0,0,0,52,0,0,0,0,0,57,53,0,0,0,0,0,0;0,0,0,0,0,0,48,0,22,0,0,37,0,64,0,64,0,0,52,0,0,0,60,0,49,0,0,0,64,25;0,0,0,56,67,0,0,0,0,0,0,0,21,0,0,0,0,0,0,53,22,0,0,0,0,0,0,0,0,0;48,0,40,0,0,0,22,67,0,0,0,0,69,0,70,38,0,0,0,0,0,0,64,0,29,68,0,0,0,0
0,0,20,26,26,0,0,0,0,0,0,0,0,0,28,0,0,23,0,26,0,0,0,21,34,35,0,0,0,0;39,0,31,28,0,0,23,31,0,0,0,0,27,23,0,0,0,0,35,28,0,0,27,0,0,0,0,39,0,32;0,0,0,33,0,0,0,0,0,0,0,0,0,0,0,0,25,30,0,0,0,0,0,0,0,0,33,37,0,0;30,0,0,0,0,25,0,0,0,0,0,0,0,38,0,27,0,0,0,21,38,28,0,20,39,31,0,0,39,0;0,0,0,21,0,0,0,0,0,0,0,25,27,0,0,27,0,39,0,0,0,0,0,39,0,21,0,0,0,0;0,0,0,23,0,0,36,0,0,0,0,0,0,23,23,0,0,0,0,0,0,0,0,0,33,0,39,0,32,30;0,0,34,0,0,0,0,0,38,0,0,23,40,0,0,0,0,34,0,0,0,0,0,0,34,0,34,39,0,0;0,0,0,31,0,0,0,0,0,0,20,0,0,0,0,0,0,25,0,0,32,0,0,0,0,0,0,23,0,29;0,0,0,0,30,0,22,27,0,25,0,0,0,34,0,34,0,0,39,0,0,0,28,0,0,0,0,0,0,0;29,0,29,0,0,40,0,0,0,0,31,27,29,0,22,27,0,0,0,0,37,0,0,0,25,0,26,0,0,0;0,0,0,40,32,0,0,0,37,0,0,0,28,35,26,0,0,0,0,0,0,0,0,0,0,0,0,26,0,21;40,0,0,0,0,32,34,22,0,0,29,0,0,0,0,0,0,24,29,0,20,0,0,0,0,29,35,0,0,0;0,0,0,26,28,39,0,0,0,28,0,0,0,24,0,0,38,0,0,0,0,0,21,29,0,33,0,0,0,0;0,0,0,33,26,0,0,0,0,0,0,0,29,0,0,0,0,0,0,0,0,0,0,0,0,0,0,0,0,0;0,0,0,20,0,35,38,29,0,0,36,0,0,20,0,30,0,0,0,0,0,0,0,0,0,27,0,0,39,32;0,0,0,30,38,0,0,27,39,0,0,0,0,0,30,0,0,0,31,36,0,0,0,38,29,0,0,0,0,0;38,0,22,0,38,0,0,27,36,0,0,0,22,37,0,0,0,0,0,0,37,0,0,0,0,36,26,0,0,0;0,21,39,28,24,0,0,28,30,38,0,21,0,0,35,31,0,0,0,0,0,0,32,28,0,0,0,26,0,0;27,0,0,0,0,0,0,0,0,0,0,0,0,22,0,0,0,39,0,30,38,0,0,0,21,0,38,0,0,0;36,0,36,0,0,0,25,0,0,27,26,0,24,0,0,0,0,0,0,0,36,27,0,0,0,0,0,0,0,0;0,0,0,0,0,0,24,0,0,23,0,0,0,0,27,0,0,0,28,22,0,38,0,0,33,0,0,0,26,0;0,0,39,35,0,0,0,0,0,0,0,26,26,0,0,20,28,0,0,22,0,0,40,0,0,0,23,22,0,0;20,40,22,0,0,0,0,0,20,0,0,39,0,0,0,0,0,35,35,0,36,0,0,26,32,0,21,0,31,0;0,0,0,0,30,0,0,0,0,0,0,0,38,0,0,0,40,0,0,0,0,0,0,0,0,35,0,0,0,0;0,0,0,0,0,31,28,39,31,33,0,0,0,28,22,31,0,0,0,0,0,0,0,0,0,0,37,33,0,0;0,0,28,0,0,24,0,33,0,0,33,0,0,29,0,21,0,0,31,31,0,34,37,25,39,0,0,26,0,0;0,32,0,0,22,0,26,20,0,0,0,0,0,0,0,0,40,0,0,0,0,0,24,35,0,0,0,0,0,0;0,0,0,0,0,0,36,0,25,0,0,36,0,26,0,33,0,0,27,0,0,0,25,0,29,0,0,0,23,27;0,0,0,24,31,0,0,0,0,0,0,0,30,0,0,0,0,0,0,28,30,0,0,0,0,0,0,0,0,0;24,0,33,0,0,0,22,34,0,0,0,0,24,0,40,30,0,0,0,0,0,0,34,0,33,38,0,0,0,0
-20,29,0,0,-2,0,0,-7,0,0,0,28,0,-9,0,0,24,26,0,0,0,0,0,0,-37,0,-20,0,-12,0
------------- End of Scenario k = 9 -------
0,0,76,46,48,0,0,0,0,0,0,0,0,0,57,0,0,51,0,71,0,0,0,33,61,30,0,0,0,0;80,0,41,37,0,0,22,28,0,0,0,0,22,71,0,0,0,0,72,68,0,0,57,0,0,0,0,65,0,54;0,0,0,37,0,0,0,0,0,0,0,0,0,0,0,0,71,61,0,0,0,0,0,0,0,0,80,38,0,0;37,0,0,0,0,36,0,0,0,0,0,0,0,80,0,22,0,0,0,64,80,65,0,53,65,30,0,0,80,0;0,0,0,34,0,0,0,0,0,0,0,75,31,0,0,27,0,43,0,0,0,0,0,50,0,41,0,0,0,0;0,0,0,61,0,0,80,0,0,0,0,0,0,40,79,0,0,0,0,0,0,0,0,0,33,0,77,0,80,44;0,0,37,0,0,0,0,0,25,0,0,71,32,0,0,0,0,52,0,0,0,0,0,0,67,0,48,46,0,0;0,0,0,64,0,0,0,0,0,0,78,0,0,0,0,0,0,28,0,0,78,0,0,0,0,0,0,76,0,60;0,0,0,0,78,0,50,57,0,39,0,0,0,80,0,20,0,0,22,0,0,0,49,0,0,0,0,0,0,0;72,0,58,0,0,24,0,0,0,0,36,78,62,0,37,33,0,0,0,0,29,0,0,0,80,0,30,0,0,0;0,0,0,58,22,0,0,0,64,0,0,0,58,80,61,0,0,0,0,0,0,0,0,0,0,0,0,38,0,73;58,0,0,0,0,80,80,62,0,0,27,0,0,0,0,0,0,48,36,0,61,0,0,0,0,70,48,0,0,0;0,0,0,24,31,29,0,0,0,43,0,0,0,38,0,0,77,0,0,0,0,0,65,64,0,60,0,0,0,0;0,0,0,24,53,0,0,0,0,0,0,0,29,0,0,0,0,0,0,0,0,0,0,0,0,0,0,0,0,0;0,0,0,72,0,71,53,37,0,0,33,0,0,61,0,46,0,0,0,0,0,0,0,0,0,55,0,0,52,59;0,0,0,39,46,0,0,65,74,0,0,0,0,0,73,0,0,0,80,44,0,0,0,24,22,0,0,0,0,0;49,0,43,0,80,0,0,74,46,0,0,0,58,67,0,0,0,0,0,0,57,0,0,0,0,28,45,0,0,0;0,42,58,35,38,0,0,71,21,53,0,62,0,0,59,37,0,0,0,0,0,0,38,51,0,0,0,66,0,0;42,0,0,0,0,0,0,0,0,0,0,0,0,28,0,0,0,49,0,80,33,0,0,0,33,0,39,0,0,0;62,0,37,0,0,0,76,0,0,22,60,0,41,0,0,0,0,0,0,0,76,37,0,0,0,0,0,0,0,0;0,0,0,0,0,0,80,0,0,43,0,0,0,0,49,0,0,0,66,65,0,80,0,0,31,0,0,0,65,0;0,0,44,61,0,0,0,0,0,0,0,77,64,0,0,41,42,0,0,71,0,0,80,0,0,0,39,52,0,0;75,31,33,0,0,0,0,0,45,0,0,63,0,0,0,0,0,43,65,0,24,0,0,80,60,0,76,0,54,0;0,0,0,0,80,0,0,0,0,0,0,0,52,0,0,0,47,0,0,0,0,0,0,0,0,80,0,0,0,0;0,0,0,0,0,27,66,55,46,23,0,0,0,38,32,29,0,0,0,0,0,0,0,0,0,0,77,37,0,0;0,0,78,0,0,76,0,74,0,0,70,0,0,65,0,28,0,0,51,20,0,74,54,30,49,0,0,49,0,0;0,49,0,0,41,0,64,56,0,0,0,0,0,0,0,0,36,0,0,0,0,0,44,36,0,0,0,0,0,0;0,0,0,0,0,0,66,0,70,0,0,44,0,77,0,62,0,0,79,0,0,0,50,0,32,0,0,0,47,68;0,0,0,28,69,0,0,0,0,0,0,0,33,0,0,0,0,0,0,45,30,0,0,0,0,0,0,0,0,0;40,0,29,0,0,0,58,54,0,0,0,0,38,0,51,52,0,0,0,0,0,0,60,0,38,77,0,0,0,0
0,0,36,33,33,0,0,0,0,0,0,0,0,0,35,0,0,29,0,22,0,0,0,27,34,33,0,0,0,0;39,0,34,22,0,0,24,39,0,0,0,0,26,30,0,0,0,0,32,22,0,0,38,0,0,0,0,33,0,36;0,0,0,35,0,0,0,0,0,0,0,0,0,0,0,0,30,25,0,0,0,0,0,0,0,0,30,33,0,0;34,0,0,0,0,33,0,0,0,0,0,0,0,39,0,20,0,0,0,32,26,36,0,21,28,28,0,0,30,0;0,0,0,34,0,0,0,0,0,0,0,23,28,0,0,20,0,39,0,0,0,0,0,30,0,20,0,0,0,0;0,0,0,39,0,0,39,0,0,0,0,0,0,24,27,0,0,0,0,0,0,0,0,0,34,0,31,0,21,21;0,0,31,0,0,0,0,0,36,0,0,33,27,0,0,0,0,32,0,0,0,0,0,0,27,0,28,36,0,0;0,0,0,21,0,0,0,0,0,0,38,0,0,0,0,0,0,21,0,0,22,0,0,0,0,0,0,37,0,26;0,0,0,0,40,0,29,34,0,24,0,0,0,38,0,37,0,0,26,0,0,0,33,0,0,0,0,0,0,0;31,0,30,0,0,35,0,0,0,0,27,37,28,0,39,25,0,0,0,0,34,0,0,0,31,0,32,0,0,0;0,0,0,22,28,0,0,0,30,0,0,0,31,34,33,0,0,0,0,0,0,0,0,0,0,0,0,34,0,32;25,0,0,0,0,35,28,21,0,0,27,0,0,0,0,0,0,26,37,0,23,0,0,0,0,21,40,0,0,0;0,0,0,30,22,27,0,0,0,21,0,0,0,24,0,0,26,0,0,0,0,0,20,40,0,23,0,0,0,0;0,0,0,27,37,0,0,0,0,0,0,0,32,0,0,0,0,0,0,0,0,0,0,0,0,0,0,0,0,0;0,0,0,33,0,28,27,29,0,0,40,0,0,36,0,40,0,0,0,0,0,0,0,0,0,20,0,0,20,38;0,0,0,28,25,0,0,36,33,0,0,0,0,0,22,0,0,0,23,30,0,0,0,33,27,0,0,0,0,0;37,0,20,0,40,0,0,37,37,0,0,0,39,30,0,0,0,0,0,0,30,0,0,0,0,28,22,0,0,0;0,34,33,39,23,0,0,32,34,35,0,24,0,0,32,29,0,0,0,0,0,0,24,39,0,0,0,38,0,0;37,0,0,0,0,0,0,0,0,0,0,0,0,31,0,0,0,39,0,27,32,0,0,0,27,0,20,0,0,0;30,0,24,0,0,0,31,0,0,25,33,0,22,0,0,0,0,0,0,0,34,27,0,0,0,0,0,0,0,0;0,0,0,0,0,0,29,0,0,34,0,0,0,0,34,0,0,0,24,22,0,30,0,0,26,0,0,0,23,0;0,0,35,24,0,0,0,0,0,0,0,40,39,0,0,37,40,0,0,25,0,0,26,0,0,0,38,36,0,0;24,40,30,0,0,0,0,0,31,0,0,25,0,0,0,0,0,31,26,0,26,0,0,33,38,0,29,0,38,0;0,0,0,0,33,0,0,0,0,0,0,0,26,0,0,0,25,0,0,0,0,0,0,0,0,35,0,0,0,0;0,0,0,0,0,31,39,31,22,30,0,0,0,31,26,38,0,0,0,0,0,0,0,0,0,0,39,30,0,0;0,0,32,0,0,26,0,34,0,0,39,0,0,27,0,22,0,0,37,32,0,20,40,30,31,0,0,32,0,0;0,38,0,0,32,0,32,23,0,0,0,0,0,0,0,0,37,0,0,0,0,0,40,30,0,0,0,0,0,0;0,0,0,0,0,0,40,0,31,0,0,20,0,40,0,21,0,0,30,0,0,0,20,0,35,0,0,0,36,24;0,0,0,22,35,0,0,0,0,0,0,0,28,0,0,0,0,0,0,36,34,0,0,0,0,0,0,0,0,0;21,0,32,0,0,0,22,29,0,0,0,0,34,0,37,25,0,0,0,0,0,0,23,0,20,40,0,0,0,0
-14,28,0,0,-24,0,0,-10,0,0,0,16,0,-9,0,0,24,21,0,0,0,0,0,0,-20,0,-10,0,-2,0
------------- End of Scenario k = 10 -------
0,0,80,44,78,0,0,0,0,0,0,0,0,0,79,0,0,37,0,43,0,0,0,75,21,24,0,0,0,0;80,0,80,73,0,0,29,40,0,0,0,0,72,21,0,0,0,0,50,66,0,0,47,0,0,0,0,27,0,34;0,0,0,80,0,0,0,0,0,0,0,0,0,0,0,0,25,62,0,0,0,0,0,0,0,0,76,47,0,0;48,0,0,0,0,71,0,0,0,0,0,0,0,28,0,36,0,0,0,25,73,46,0,31,55,25,0,0,20,0;0,0,0,64,0,0,0,0,0,0,0,21,69,0,0,37,0,46,0,0,0,0,0,48,0,47,0,0,0,0;0,0,0,27,0,0,77,0,0,0,0,0,0,53,41,0,0,0,0,0,0,0,0,0,70,0,35,0,71,63;0,0,41,0,0,0,0,0,80,0,0,25,63,0,0,0,0,32,0,0,0,0,0,0,51,0,42,78,0,0;0,0,0,38,0,0,0,0,0,0,54,0,0,0,0,0,0,69,0,0,62,0,0,0,0,0,0,37,0,71;0,0,0,0,63,0,39,24,0,24,0,0,0,43,0,61,0,0,61,0,0,0,41,0,0,0,0,0,0,0;34,0,73,0,0,36,0,0,0,0,58,26,21,0,44,29,0,0,0,0,44,0,0,0,29,0,45,0,0,0;0,0,0,55,72,0,0,0,65,0,0,0,62,80,60,0,0,0,0,0,0,0,0,0,0,0,0,52,0,69;80,0,0,0,0,80,27,72,0,0,45,0,0,0,0,0,0,29,43,0,65,0,0,0,0,32,41,0,0,0;0,0,0,80,71,33,0,0,0,21,0,0,0,36,0,0,65,0,0,0,0,0,26,36,0,61,0,0,0,0;0,0,0,44,34,0,0,0,0,0,0,0,26,0,0,0,0,0,0,0,0,0,0,0,0,0,0,0,0,0;0,0,0,64,0,53,49,44,0,0,25,0,0,46,0,53,0,0,0,0,0,0,0,0,0,26,0,0,32,75;0,0,0,46,47,0,0,23,59,0,0,0,0,0,52,0,0,0,80,47,0,0,0,64,62,0,0,0,0,0;28,0,45,0,25,0,0,46,80,0,0,0,30,44,0,0,0,0,0,0,57,0,0,0,0,63,80,0,0,0;0,72,40,59,50,0,0,38,59,28,0,78,0,0,46,80,0,0,0,0,0,0,28,43,0,0,0,76,0,0;21,0,0,0,0,0,0,0,0,0,0,0,0,31,0,0,0,24,0,80,29,0,0,0,35,0,57,0,0,0;56,0,28,0,0,0,61,0,0,21,21,0,71,0,0,0,0,0,0,0,80,59,0,0,0,0,0,0,0,0;0,0,0,0,0,0,31,0,0,36,0,0,0,0,48,0,0,0,33,65,0,25,0,0,69,0,0,0,79,0;0,0,66,49,0,0,0,0,0,0,0,76,72,0,0,39,38,0,0,24,0,0,80,0,0,0,26,39,0,0;39,72,63,0,0,0,0,0,21,0,0,27,0,0,0,0,0,46,74,0,60,0,0,80,80,0,59,0,29,0;0,0,0,0,51,0,0,0,0,0,0,0,40,0,0,0,25,0,0,0,0,0,0,0,0,80,0,0,0,0;0,0,0,0,0,36,21,75,51,80,0,0,0,46,51,51,0,0,0,0,0,0,0,0,0,0,70,45,0,0;0,0,53,0,0,30,0,66,0,0,65,0,0,51,0,25,0,0,26,28,0,56,31,63,58,0,0,80,0,0;0,71,0,0,77,0,31,30,0,0,0,0,0,0,0,0,47,0,0,0,0,0,78,44,0,0,0,0,0,0;0,0,0,0,0,0,54,0,51,0,0,73,0,41,0,51,0,0,43,0,0,0,39,0,23,0,0,0,38,63;0,0,0,22,77,0,0,0,0,0,0,0,44,0,0,0,0,0,0,45,36,0,0,0,0,0,0,0,0,0;73,0,34,0,0,0,33,56,0,0,0,0,56,0,75,38,0,0,0,0,0,0,56,0,62,27,0,0,0,0
0,0,37,34,22,0,0,0,0,0,0,0,0,0,35,0,0,22,0,34,0,0,0,34,34,31,0,0,0,0;33,0,26,25,0,0,28,31,0,0,0,0,20,23,0,0,0,0,20,33,0,0,23,0,0,0,0,22,0,29;0,0,0,25,0,0,0,0,0,0,0,0,0,0,0,0,35,36,0,0,0,0,0,0,0,0,31,33,0,0;23,0,0,0,0,34,0,0,0,0,0,0,0,34,0,23,0,0,0,36,36,23,0,23,30,40,0,0,34,0;0,0,0,33,0,0,0,0,0,0,0,29,38,0,0,25,0,25,0,0,0,0,0,21,0,24,0,0,0,0;0,0,0,22,0,0,33,0,0,0,0,0,0,34,31,0,0,0,0,0,0,0,0,0,25,0,32,0,33,30;0,0,39,0,0,0,0,0,24,0,0,20,25,0,0,0,0,28,0,0,0,0,0,0,20,0,31,21,0,0;0,0,0,33,0,0,0,0,0,0,20,0,0,0,0,0,0,29,0,0,30,0,0,0,0,0,0,36,0,31;0,0,0,0,21,0,22,26,0,25,0,0,0,31,0,33,0,0,32,0,0,0,38,0,0,0,0,0,0,0;26,0,25,0,0,34,0,0,0,0,18,38,34,0,29,30,0,0,0,0,27,0,0,0,24,0,17,0,0,0;0,0,0,40,37,0,0,0,25,0,0,0,34,25,17,0,0,0,0,0,0,0,0,0,0,0,0,39,0,23;36,0,0,0,0,32,24,25,0,0,28,0,0,0,0,0,0,38,29,0,38,0,0,0,0,26,33,0,0,0;0,0,0,25,26,28,0,0,0,20,0,0,0,20,0,0,20,0,0,0,0,0,29,40,0,25,0,0,0,0;0,0,0,31,20,0,0,0,0,0,0,0,29,0,0,0,0,0,0,0,0,0,0,0,0,0,0,0,0,0;0,0,0,30,0,36,21,40,0,0,28,0,0,40,0,38,0,0,0,0,0,0,0,0,0,34,0,0,34,26;0,0,0,24,38,0,0,23,22,0,0,0,0,0,25,0,0,0,36,40,0,0,0,25,29,0,0,0,0,0;38,0,32,0,26,0,0,34,18,0,0,0,24,26,0,0,0,0,0,0,36,0,0,0,0,26,37,0,0,0;0,37,31,31,24,0,0,31,28,32,0,30,0,0,21,27,0,0,0,0,0,0,39,23,0,0,0,34,0,0;40,0,0,0,0,0,0,0,0,0,0,0,0,29,0,0,0,39,0,32,24,0,0,0,28,0,38,0,0,0;24,0,32,0,0,0,27,0,0,22,24,0,25,0,0,0,0,0,0,0,32,36,0,0,0,0,0,0,0,0;0,0,0,0,0,0,35,0,0,27,0,0,0,0,35,0,0,0,32,32,0,27,0,0,39,0,0,0,29,0;0,0,21,30,0,0,0,0,0,0,0,39,20,0,0,20,39,0,0,24,0,0,37,0,0,0,23,36,0,0;21,34,29,0,0,0,0,0,37,0,0,22,0,0,0,0,0,26,28,0,24,0,0,23,37,0,37,0,25,0;0,0,0,0,40,0,0,0,0,0,0,0,33,0,0,0,29,0,0,0,0,0,0,0,0,32,0,0,0,0;0,0,0,0,0,37,26,35,35,38,0,0,0,38,20,25,0,0,0,0,0,0,0,0,0,0,39,21,0,0;0,0,39,0,0,26,0,29,0,0,37,0,0,38,0,20,0,0,32,28,0,40,37,28,37,0,0,20,0,0;0,23,0,0,40,0,23,34,0,0,0,0,0,0,0,0,27,0,0,0,0,0,27,33,0,0,0,0,0,0;0,0,0,0,0,0,30,0,23,0,0,29,0,33,0,39,0,0,27,0,0,0,38,0,37,0,0,0,30,24;0,0,0,25,20,0,0,0,0,0,0,0,20,0,0,0,0,0,0,26,40,0,0,0,0,0,0,0,0,0;22,0,40,0,0,0,25,23,0,0,0,0,29,0,33,31,0,0,0,0,0,0,40,0,21,31,0,0,0,0
-10,24,0,0,-4,0,0,-4,0,0,0,24,0,-12,0,0,16,20,0,0,0,0,0,0,-29,0,-11,0,-14,0
------------- End of Scenario k = 11 -------
0,0,27,49,32,0,0,0,0,0,0,0,0,0,79,0,0,59,0,38,0,0,0,80,58,33,0,0,0,0;80,0,80,69,0,0,67,67,0,0,0,0,38,63,0,0,0,0,75,31,0,0,80,0,0,0,0,66,0,62;0,0,0,80,0,0,0,0,0,0,0,0,0,0,0,0,37,42,0,0,0,0,0,0,0,0,49,38,0,0;23,0,0,0,0,29,0,0,0,0,0,0,0,80,0,54,0,0,0,79,65,51,0,20,80,72,0,0,80,0;0,0,0,53,0,0,0,0,0,0,0,44,72,0,0,23,0,64,0,0,0,0,0,43,0,34,0,0,0,0;0,0,0,28,0,0,48,0,0,0,0,0,0,75,46,0,0,0,0,0,0,0,0,0,80,0,51,0,51,33;0,0,64,0,0,0,0,0,33,0,0,36,60,0,0,0,0,59,0,0,0,0,0,0,77,0,28,74,0,0;0,0,0,69,0,0,0,0,0,0,70,0,0,0,0,0,0,55,0,0,71,0,0,0,0,0,0,61,0,76;0,0,0,0,79,0,49,47,0,80,0,0,0,69,0,44,0,0,77,0,0,0,34,0,0,0,0,0,0,0;53,0,53,0,0,77,0,0,0,0,38,39,43,0,20,23,0,0,0,0,53,0,0,0,61,0,80,0,0,0;0,0,0,59,34,0,0,0,65,0,0,0,20,71,80,0,0,0,0,0,0,0,0,0,0,0,0,76,0,34;80,0,0,0,0,67,54,55,0,0,78,0,0,0,0,0,0,39,33,0,49,0,0,0,0,66,66,0,0,0;0,0,0,51,43,80,0,0,0,45,0,0,0,40,0,0,76,0,0,0,0,0,53,71,0,73,0,0,0,0;0,0,0,32,65,0,0,0,0,0,0,0,55,0,0,0,0,0,0,0,0,0,0,0,0,0,0,0,0,0;0,0,0,55,0,72,55,80,0,0,24,0,0,60,0,59,0,0,0,0,0,0,0,0,0,46,0,0,77,40;0,0,0,51,80,0,0,46,78,0,0,0,0,0,42,0,0,0,80,40,0,0,0,31,55,0,0,0,0,0;48,0,41,0,80,0,0,78,69,0,0,0,41,67,0,0,0,0,0,0,37,0,0,0,0,42,41,0,0,0;0,21,30,34,65,0,0,80,63,55,0,59,0,0,39,23,0,0,0,0,0,0,40,32,0,0,0,59,0,0;28,0,0,0,0,0,0,0,0,0,0,0,0,21,0,0,0,43,0,80,32,0,0,0,22,0,67,0,0,0;64,0,77,0,0,0,63,0,0,23,68,0,63,0,0,0,0,0,0,0,80,79,0,0,0,0,0,0,0,0;0,0,0,0,0,0,20,0,0,70,0,0,0,0,57,0,0,0,23,43,0,80,0,0,29,0,0,0,65,0;0,0,57,35,0,0,0,0,0,0,0,22,52,0,0,44,64,0,0,48,0,0,64,0,0,0,59,27,0,0;25,70,45,0,0,0,0,0,44,0,0,60,0,0,0,0,0,76,54,0,27,0,0,70,80,0,34,0,40,0;0,0,0,0,80,0,0,0,0,0,0,0,39,0,0,0,69,0,0,0,0,0,0,0,0,80,0,0,0,0;0,0,0,0,0,52,25,46,63,30,0,0,0,69,26,26,0,0,0,0,0,0,0,0,0,0,26,26,0,0;0,0,72,0,0,59,0,71,0,0,21,0,0,40,0,39,0,0,25,69,0,30,25,64,57,0,0,80,0,0;0,27,0,0,49,0,50,58,0,0,0,0,0,0,0,0,71,0,0,0,0,0,30,58,0,0,0,0,0,0;0,0,0,0,0,0,38,0,48,0,0,41,0,70,0,42,0,0,23,0,0,0,36,0,54,0,0,0,26,80;0,0,0,56,66,0,0,0,0,0,0,0,54,0,0,0,0,0,0,24,66,0,0,0,0,0,0,0,0,0;68,0,32,0,0,0,57,77,0,0,0,0,79,0,54,37,0,0,0,0,0,0,46,0,51,61,0,0,0,0
0,0,21,30,35,0,0,0,0,0,0,0,0,0,33,0,0,34,0,40,0,0,0,24,28,30,0,0,0,0;28,0,39,32,0,0,39,27,0,0,0,0,31,26,0,0,0,0,40,34,0,0,33,0,0,0,0,23,0,37;0,0,0,31,0,0,0,0,0,0,0,0,0,0,0,0,20,40,0,0,0,0,0,0,0,0,30,31,0,0;24,0,0,0,0,32,0,0,0,0,0,0,0,30,0,39,0,0,0,34,26,31,0,29,36,24,0,0,35,0;0,0,0,28,0,0,0,0,0,0,0,21,20,0,0,33,0,21,0,0,0,0,0,23,0,31,0,0,0,0;0,0,0,36,0,0,38,0,0,0,0,0,0,40,21,0,0,0,0,0,0,0,0,0,35,0,24,0,17,22;0,0,28,0,0,0,0,0,30,0,0,21,30,0,0,0,0,37,0,0,0,0,0,0,24,0,22,30,0,0;0,0,0,20,0,0,0,0,0,0,32,0,0,0,0,0,0,40,0,0,29,0,0,0,0,0,0,31,0,31;0,0,0,0,23,0,27,40,0,15,0,0,0,33,0,23,0,0,33,0,0,0,26,0,0,0,0,0,0,0;22,0,37,0,0,38,0,0,0,0,18,39,30,0,39,21,0,0,0,0,36,0,0,0,14,0,13,0,0,0;0,0,0,22,27,0,0,0,34,0,0,0,26,16,33,0,0,0,0,0,0,0,0,0,0,0,0,33,0,23;35,0,0,0,0,32,35,20,0,0,31,0,0,0,0,0,0,24,36,0,31,0,0,0,0,24,40,0,0,0;0,0,0,29,39,28,0,0,0,22,0,0,0,34,0,0,27,0,0,0,0,0,38,24,0,35,0,0,0,0;0,0,0,37,29,0,0,0,0,0,0,0,36,0,0,0,0,0,0,0,0,0,0,0,0,0,0,0,0,0;0,0,0,37,0,36,35,29,0,0,29,0,0,31,0,26,0,0,0,0,0,0,0,0,0,25,0,0,37,23;0,0,0,25,27,0,0,32,25,0,0,0,0,0,24,0,0,0,29,38,0,0,0,34,40,0,0,0,0,0;25,0,21,0,17,0,0,31,23,0,0,0,36,33,0,0,0,0,0,0,28,0,0,0,0,39,33,0,0,0;0,38,36,22,24,0,0,32,29,28,0,20,0,0,37,25,0,0,0,0,0,0,22,25,0,0,0,21,0,0;25,0,0,0,0,0,0,0,0,0,0,0,0,34,0,0,0,26,0,22,35,0,0,0,33,0,23,0,0,0;40,0,24,0,0,0,31,0,0,27,26,0,40,0,0,0,0,0,0,0,39,27,0,0,0,0,0,0,0,0;0,0,0,0,0,0,40,0,0,20,0,0,0,0,25,0,0,0,20,36,0,22,0,0,24,0,0,0,35,0;0,0,31,28,0,0,0,0,0,0,0,39,21,0,0,39,26,0,0,26,0,0,40,0,0,0,34,24,0,0;38,39,30,0,0,0,0,0,39,0,0,32,0,0,0,0,0,20,25,0,37,0,0,37,39,0,27,0,39,0;0,0,0,0,25,0,0,0,0,0,0,0,36,0,0,0,34,0,0,0,0,0,0,0,0,28,0,0,0,0;0,0,0,0,0,38,40,29,33,26,0,0,0,34,33,30,0,0,0,0,0,0,0,0,0,0,38,33,0,0;0,0,22,0,0,27,0,22,0,0,25,0,0,40,0,38,0,0,37,28,0,35,37,38,24,0,0,37,0,0;0,20,0,0,27,0,21,20,0,0,0,0,0,0,0,0,32,0,0,0,0,0,34,36,0,0,0,0,0,0;0,0,0,0,0,0,32,0,33,0,0,28,0,34,0,30,0,0,27,0,0,0,37,0,29,0,0,0,31,40;0,0,0,31,34,0,0,0,0,0,0,0,24,0,0,0,0,0,0,30,22,0,0,0,0,0,0,0,0,0;25,0,35,0,0,0,28,20,0,0,0,0,25,0,20,40,0,0,0,0,0,0,24,0,37,29,0,0,0,0
-10,26,0,0,-9,0,0,-9,0,0,0,16,0,-8,0,0,12,21,0,0,0,0,0,0,-30,0,-3,0,-6,0
------------- End of Scenario k = 12 -------
0,0,71,56,56,0,0,0,0,0,0,0,0,0,62,0,0,20,0,54,0,0,0,77,74,36,0,0,0,0;80,0,80,70,0,0,47,80,0,0,0,0,59,45,0,0,0,0,75,73,0,0,50,0,0,0,0,41,0,52;0,0,0,51,0,0,0,0,0,0,0,0,0,0,0,0,57,23,0,0,0,0,0,0,0,0,79,57,0,0;30,0,0,0,0,27,0,0,0,0,0,0,0,80,0,47,0,0,0,29,76,28,0,29,80,79,0,0,40,0;0,0,0,41,0,0,0,0,0,0,0,61,50,0,0,76,0,49,0,0,0,0,0,43,0,34,0,0,0,0;0,0,0,60,0,0,71,0,0,0,0,0,0,46,71,0,0,0,0,0,0,0,0,0,74,0,68,0,80,24;0,0,60,0,0,0,0,0,60,0,0,64,45,0,0,0,0,80,0,0,0,0,0,0,29,0,51,66,0,0;0,0,0,38,0,0,0,0,0,0,77,0,0,0,0,0,0,33,0,0,75,0,0,0,0,0,0,80,0,48;0,0,0,0,43,0,49,21,0,80,0,0,0,54,0,64,0,0,29,0,0,0,46,0,0,0,0,0,0,0;37,0,25,0,0,73,0,0,0,0,52,35,61,0,68,33,0,0,0,0,20,0,0,0,80,0,80,0,0,0;0,0,0,39,24,0,0,0,71,0,0,0,35,63,80,0,0,0,0,0,0,0,0,0,0,0,0,72,0,69;32,0,0,0,0,50,40,51,0,0,30,0,0,0,0,0,0,35,77,0,32,0,0,0,0,39,34,0,0,0;0,0,0,37,38,43,0,0,0,24,0,0,0,58,0,0,78,0,0,0,0,0,33,57,0,80,0,0,0,0;0,0,0,31,69,0,0,0,0,0,0,0,55,0,0,0,0,0,0,0,0,0,0,0,0,0,0,0,0,0;0,0,0,53,0,80,64,23,0,0,64,0,0,69,0,56,0,0,0,0,0,0,0,0,0,80,0,0,30,65;0,0,0,50,57,0,0,66,69,0,0,0,0,0,77,0,0,0,62,31,0,0,0,54,45,0,0,0,0,0;80,0,48,0,80,0,0,34,80,0,0,0,68,35,0,0,0,0,0,0,33,0,0,0,0,33,57,0,0,0;0,55,60,75,41,0,0,48,41,37,0,58,0,0,35,38,0,0,0,0,0,0,33,27,0,0,0,76,0,0;29,0,0,0,0,0,0,0,0,0,0,0,0,61,0,0,0,28,0,80,69,0,0,0,55,0,74,0,0,0;28,0,72,0,0,0,40,0,0,52,73,0,69,0,0,0,0,0,0,0,80,21,0,0,0,0,0,0,0,0;0,0,0,0,0,0,45,0,0,43,0,0,0,0,54,0,0,0,61,48,0,59,0,0,22,0,0,0,52,0;0,0,66,22,0,0,0,0,0,0,0,40,44,0,0,44,64,0,0,51,0,0,40,0,0,0,29,48,0,0;31,37,34,0,0,0,0,0,38,0,0,78,0,0,0,0,0,45,37,0,43,0,0,80,80,0,38,0,68,0;0,0,0,0,26,0,0,0,0,0,0,0,33,0,0,0,48,0,0,0,0,0,0,0,0,50,0,0,0,0;0,0,0,0,0,39,51,50,27,79,0,0,0,43,31,46,0,0,0,0,0,0,0,0,0,0,23,60,0,0;0,0,46,0,0,78,0,59,0,0,59,0,0,26,0,41,0,0,32,34,0,79,28,72,71,0,0,44,0,0;0,70,0,0,51,0,35,78,0,0,0,0,0,0,0,0,23,0,0,0,0,0,30,66,0,0,0,0,0,0;0,0,0,0,0,0,51,0,57,0,0,49,0,46,0,54,0,0,25,0,0,0,59,0,56,0,0,0,23,69;0,0,0,77,30,0,0,0,0,0,0,0,58,0,0,0,0,0,0,50,37,0,0,0,0,0,0,0,0,0;40,0,38,0,0,0,50,59,0,0,0,0,56,0,54,67,0,0,0,0,0,0,32,0,55,46,0,0,0,0
0,0,37,31,27,0,0,0,0,0,0,0,0,0,30,0,0,25,0,26,0,0,0,22,32,38,0,0,0,0;37,0,37,29,0,0,24,33,0,0,0,0,22,23,0,0,0,0,31,21,0,0,32,0,0,0,0,33,0,35;0,0,0,29,0,0,0,0,0,0,0,0,0,0,0,0,31,40,0,0,0,0,0,0,0,0,40,40,0,0;36,0,0,0,0,35,0,0,0,0,0,0,0,35,0,28,0,0,0,34,35,23,0,22,29,34,0,0,37,0;0,0,0,24,0,0,0,0,0,0,0,22,37,0,0,23,0,20,0,0,0,0,0,26,0,32,0,0,0,0;0,0,0,26,0,0,24,0,0,0,0,0,0,27,31,0,0,0,0,0,0,0,0,0,27,0,25,0,33,21;0,0,37,0,0,0,0,0,21,0,0,38,40,0,0,0,0,30,0,0,0,0,0,0,26,0,36,36,0,0;0,0,0,33,0,0,0,0,0,0,25,0,0,0,0,0,0,30,0,0,26,0,0,0,0,0,0,38,0,37;0,0,0,0,28,0,23,32,0,17,0,0,0,27,0,40,0,0,21,0,0,0,24,0,0,0,0,0,0,0;38,0,21,0,0,28,0,0,0,0,33,37,35,0,20,40,0,0,0,0,33,0,0,0,35,0,25,0,0,0;0,0,0,22,20,0,0,0,34,0,0,0,32,26,15,0,0,0,0,0,0,0,0,0,0,0,0,22,0,40;21,0,0,0,0,39,28,28,0,0,39,0,0,0,0,0,0,36,35,0,38,0,0,0,0,39,32,0,0,0;0,0,0,39,35,24,0,0,0,34,0,0,0,27,0,0,24,0,0,0,0,0,31,29,0,23,0,0,0,0;0,0,0,31,23,0,0,0,0,0,0,0,23,0,0,0,0,0,0,0,0,0,0,0,0,0,0,0,0,0;0,0,0,38,0,32,39,28,0,0,35,0,0,39,0,22,0,0,0,0,0,0,0,0,0,21,0,0,40,30;0,0,0,29,37,0,0,31,30,0,0,0,0,0,24,0,0,0,21,38,0,0,0,40,35,0,0,0,0,0;38,0,21,0,36,0,0,33,35,0,0,0,24,27,0,0,0,0,0,0,29,0,0,0,0,28,30,0,0,0;0,21,28,31,35,0,0,31,25,33,0,21,0,0,26,23,0,0,0,0,0,0,36,38,0,0,0,25,0,0;21,0,0,0,0,0,0,0,0,0,0,0,0,23,0,0,0,20,0,35,31,0,0,0,24,0,29,0,0,0;37,0,35,0,0,0,38,0,0,25,23,0,29,0,0,0,0,0,0,0,20,25,0,0,0,0,0,0,0,0;0,0,0,0,0,0,27,0,0,29,0,0,0,0,22,0,0,0,30,32,0,19,0,0,22,0,0,0,39,0;0,0,35,35,0,0,0,0,0,0,0,30,37,0,0,32,27,0,0,32,0,0,17,0,0,0,33,26,0,0;40,28,30,0,0,0,0,0,24,0,0,40,0,0,0,0,0,33,34,0,33,0,0,39,39,0,29,0,20,0;0,0,0,0,27,0,0,0,0,0,0,0,32,0,0,0,35,0,0,0,0,0,0,0,0,34,0,0,0,0;0,0,0,0,0,33,30,28,37,21,0,0,0,26,34,33,0,0,0,0,0,0,0,0,0,0,28,35,0,0;0,0,40,0,0,30,0,28,0,0,26,0,0,26,0,36,0,0,38,39,0,24,39,26,20,0,0,30,0,0;0,35,0,0,34,0,37,34,0,0,0,0,0,0,0,0,29,0,0,0,0,0,23,40,0,0,0,0,0,0;0,0,0,0,0,0,34,0,29,0,0,20,0,35,0,30,0,0,35,0,0,0,35,0,37,0,0,0,29,23;0,0,0,32,23,0,0,0,0,0,0,0,30,0,0,0,0,0,0,34,38,0,0,0,0,0,0,0,0,0;29,0,21,0,0,0,34,35,0,0,0,0,33,0,27,29,0,0,0,0,0,0,36,0,25,20,0,0,0,0
-10,28,0,0,-12,0,0,-3,0,0,0,21,0,-9,0,0,13,13,0,0,0,0,0,0,-28,0,-8,0,-5,0
------------- End of Scenario k = 13 -------
0,0,63,32,32,0,0,0,0,0,0,0,0,0,45,0,0,40,0,25,0,0,0,64,66,35,0,0,0,0;52,0,80,45,0,0,63,80,0,0,0,0,57,49,0,0,0,0,59,21,0,0,41,0,0,0,0,59,0,75;0,0,0,80,0,0,0,0,0,0,0,0,0,0,0,0,40,62,0,0,0,0,0,0,0,0,80,76,0,0;68,0,0,0,0,50,0,0,0,0,0,0,0,80,0,44,0,0,0,76,23,64,0,34,80,59,0,0,80,0;0,0,0,26,0,0,0,0,0,0,0,28,40,0,0,60,0,23,0,0,0,0,0,59,0,64,0,0,0,0;0,0,0,62,0,0,77,0,0,0,0,0,0,49,70,0,0,0,0,0,0,0,0,0,80,0,71,0,80,48;0,0,60,0,0,0,0,0,53,0,0,22,48,0,0,0,0,71,0,0,0,0,0,0,66,0,41,35,0,0;0,0,0,37,0,0,0,0,0,0,61,0,0,0,0,0,0,56,0,0,78,0,0,0,0,0,0,32,0,25;0,0,0,0,44,0,56,78,0,80,0,0,0,37,0,22,0,0,79,0,0,0,58,0,0,0,0,0,0,0;31,0,55,0,0,23,0,0,0,0,50,55,53,0,24,34,0,0,0,0,43,0,0,0,61,0,80,0,0,0;0,0,0,62,78,0,0,0,32,0,0,0,37,40,80,0,0,0,0,0,0,0,0,0,0,0,0,60,0,30;80,0,0,0,0,80,74,55,0,0,68,0,0,0,0,0,0,74,27,0,28,0,0,0,0,79,46,0,0,0;0,0,0,74,49,23,0,0,0,61,0,0,0,57,0,0,21,0,0,0,0,0,49,34,0,75,0,0,0,0;0,0,0,72,24,0,0,0,0,0,0,0,48,0,0,0,0,0,0,0,0,0,0,0,0,0,0,0,0,0;0,0,0,71,0,33,73,41,0,0,45,0,0,50,0,23,0,0,0,0,0,0,0,0,0,68,0,0,55,36;0,0,0,21,80,0,0,72,29,0,0,0,0,0,32,0,0,0,80,64,0,0,0,30,24,0,0,0,0,0;23,0,70,0,23,0,0,52,67,0,0,0,44,79,0,0,0,0,0,0,20,0,0,0,0,47,24,0,0,0;0,78,80,45,35,0,0,71,32,30,0,60,0,0,48,80,0,0,0,0,0,0,28,49,0,0,0,30,0,0;55,0,0,0,0,0,0,0,0,0,0,0,0,44,0,0,0,60,0,72,71,0,0,0,50,0,48,0,0,0;29,0,37,0,0,0,41,0,0,25,46,0,21,0,0,0,0,0,0,0,41,24,0,0,0,0,0,0,0,0;0,0,0,0,0,0,38,0,0,20,0,0,0,0,73,0,0,0,61,42,0,74,0,0,79,0,0,0,56,0;0,0,62,34,0,0,0,0,0,0,0,74,57,0,0,66,67,0,0,79,0,0,80,0,0,0,71,64,0,0;59,49,49,0,0,0,0,0,77,0,0,73,0,0,0,0,0,37,66,0,37,0,0,80,35,0,27,0,71,0;0,0,0,0,46,0,0,0,0,0,0,0,33,0,0,0,24,0,0,0,0,0,0,0,0,21,0,0,0,0;0,0,0,0,0,34,41,60,40,66,0,0,0,34,79,48,0,0,0,0,0,0,0,0,0,0,56,48,0,0;0,0,51,0,0,71,0,78,0,0,73,0,0,39,0,75,0,0,77,41,0,66,25,66,72,0,0,80,0,0;0,71,0,0,53,0,66,35,0,0,0,0,0,0,0,0,34,0,0,0,0,0,25,46,0,0,0,0,0,0;0,0,0,0,0,0,25,0,31,0,0,21,0,53,0,73,0,0,59,0,0,0,54,0,63,0,0,0,41,80;0,0,0,76,27,0,0,0,0,0,0,0,51,0,0,0,0,0,0,56,70,0,0,0,0,0,0,0,0,0;57,0,21,0,0,0,30,78,0,0,0,0,67,0,62,66,0,0,0,0,0,0,43,0,40,29,0,0,0,0
0,0,23,24,26,0,0,0,0,0,0,0,0,0,29,0,0,33,0,20,0,0,0,31,31,32,0,0,0,0;12,0,14,24,0,0,29,10,0,0,0,0,20,21,0,0,0,0,35,25,0,0,28,0,0,0,0,24,0,40;0,0,0,40,0,0,0,0,0,0,0,0,0,0,0,0,36,25,0,0,0,0,0,0,0,0,39,39,0,0;25,0,0,0,0,26,0,0,0,0,0,0,0,14,0,25,0,0,0,35,31,37,0,35,17,24,0,0,11,0;0,0,0,35,0,0,0,0,0,0,0,34,37,0,0,22,0,30,0,0,0,0,0,38,0,38,0,0,0,0;0,0,0,25,0,0,27,0,0,0,0,0,0,29,38,0,0,0,0,0,0,0,0,0,31,0,35,0,26,31;0,0,26,0,0,0,0,0,40,0,0,32,20,0,0,0,0,32,0,0,0,0,0,0,30,0,30,27,0,0;0,0,0,27,0,0,0,0,0,0,27,0,0,0,0,0,0,34,0,0,31,0,0,0,0,0,0,31,0,27;0,0,0,0,24,0,34,30,0,15,0,0,0,35,0,36,0,0,25,0,0,0,37,0,0,0,0,0,0,0;36,0,38,0,0,35,0,0,0,0,17,20,27,0,22,22,0,0,0,0,38,0,0,0,24,0,16,0,0,0;0,0,0,21,28,0,0,0,33,0,0,0,24,30,14,0,0,0,0,0,0,0,0,0,0,0,0,25,0,34;30,0,0,0,0,25,32,40,0,0,39,0,0,0,0,0,0,21,21,0,24,0,0,0,0,36,20,0,0,0;0,0,0,34,24,26,0,0,0,25,0,0,0,25,0,0,23,0,0,0,0,0,31,39,0,34,0,0,0,0;0,0,0,21,33,0,0,0,0,0,0,0,28,0,0,0,0,0,0,0,0,0,0,0,0,0,0,0,0,0;0,0,0,26,0,36,26,34,0,0,28,0,0,22,0,31,0,0,0,0,0,0,0,0,0,37,0,0,29,21;0,0,0,34,31,0,0,35,20,0,0,0,0,0,20,0,0,0,31,37,0,0,0,29,21,0,0,0,0,0;20,0,39,0,25,0,0,26,18,0,0,0,25,24,0,0,0,0,0,0,38,0,0,0,0,27,25,0,0,0;0,25,27,30,37,0,0,31,24,23,0,33,0,0,40,33,0,0,0,0,0,0,28,29,0,0,0,31,0,0;32,0,0,0,0,0,0,0,0,0,0,0,0,23,0,0,0,23,0,39,37,0,0,0,33,0,36,0,0,0;30,0,33,0,0,0,31,0,0,32,38,0,26,0,0,0,0,0,0,0,35,34,0,0,0,0,0,0,0,0;0,0,0,0,0,0,27,0,0,34,0,0,0,0,37,0,0,0,31,33,0,35,0,0,30,0,0,0,32,0;0,0,38,25,0,0,0,0,0,0,0,35,24,0,0,24,34,0,0,39,0,0,29,0,0,0,31,38,0,0;21,29,40,0,0,0,0,0,39,0,0,20,0,0,0,0,0,24,27,0,40,0,0,29,40,0,29,0,36,0;0,0,0,0,37,0,0,0,0,0,0,0,39,0,0,0,34,0,0,0,0,0,0,0,0,38,0,0,0,0;0,0,0,0,0,25,29,20,24,20,0,0,0,28,24,32,0,0,0,0,0,0,0,0,0,0,32,40,0,0;0,0,24,0,0,22,0,31,0,0,34,0,0,36,0,22,0,0,35,25,0,21,33,28,26,0,0,38,0,0;0,33,0,0,37,0,22,22,0,0,0,0,0,0,0,0,38,0,0,0,0,0,31,21,0,0,0,0,0,0;0,0,0,0,0,0,20,0,37,0,0,23,0,37,0,33,0,0,27,0,0,0,25,0,30,0,0,0,32,32;0,0,0,23,23,0,0,0,0,0,0,0,27,0,0,0,0,0,0,40,23,0,0,0,0,0,0,0,0,0;26,0,38,0,0,0,32,23,0,0,0,0,33,0,29,28,0,0,0,0,0,0,21,0,40,29,0,0,0,0
-4,10,0,0,-15,0,0,-3,0,0,0,19,0,-4,0,0,11,28,0,0,0,0,0,0,-33,0,-1,0,-8,0
------------- End of Scenario k = 14 -------
0,0,35,68,79,0,0,0,0,0,0,0,0,0,74,0,0,51,0,68,0,0,0,55,46,60,0,0,0,0;75,0,80,66,0,0,30,60,0,0,0,0,45,69,0,0,0,0,39,72,0,0,52,0,0,0,0,30,0,20;0,0,0,64,0,0,0,0,0,0,0,0,0,0,0,0,57,68,0,0,0,0,0,0,0,0,60,68,0,0;78,0,0,0,0,55,0,0,0,0,0,0,0,27,0,55,0,0,0,39,30,67,0,23,22,76,0,0,80,0;0,0,0,50,0,0,0,0,0,0,0,68,51,0,0,48,0,73,0,0,0,0,0,40,0,28,0,0,0,0;0,0,0,52,0,0,80,0,0,0,0,0,0,36,77,0,0,0,0,0,0,0,0,0,80,0,57,0,48,54;0,0,37,0,0,0,0,0,69,0,0,37,52,0,0,0,0,64,0,0,0,0,0,0,50,0,49,63,0,0;0,0,0,60,0,0,0,0,0,0,33,0,0,0,0,0,0,40,0,0,43,0,0,0,0,0,0,45,0,79;0,0,0,0,36,0,22,28,0,80,0,0,0,69,0,50,0,0,52,0,0,0,68,0,0,0,0,0,0,0;55,0,70,0,0,35,0,0,0,0,43,24,68,0,28,34,0,0,0,0,75,0,0,0,80,0,80,0,0,0;0,0,0,28,28,0,0,0,48,0,0,0,20,22,39,0,0,0,0,0,0,0,0,0,0,0,0,49,0,57;72,0,0,0,0,80,80,33,0,0,20,0,0,0,0,0,0,56,26,0,42,0,0,0,0,61,62,0,0,0;0,0,0,49,57,60,0,0,0,55,0,0,0,23,0,0,58,0,0,0,0,0,47,30,0,63,0,0,0,0;0,0,0,41,45,0,0,0,0,0,0,0,27,0,0,0,0,0,0,0,0,0,0,0,0,0,0,0,0,0;0,0,0,36,0,20,53,22,0,0,21,0,0,76,0,56,0,0,0,0,0,0,0,0,0,26,0,0,45,66;0,0,0,77,80,0,0,37,67,0,0,0,0,0,76,0,0,0,73,54,0,0,0,69,32,0,0,0,0,0;25,0,34,0,80,0,0,64,71,0,0,0,39,80,0,0,0,0,0,0,68,0,0,0,0,37,65,0,0,0;0,23,21,44,40,0,0,47,43,60,0,42,0,0,62,40,0,0,0,0,0,0,48,66,0,0,0,50,0,0;49,0,0,0,0,0,0,0,0,0,0,0,0,46,0,0,0,62,0,80,56,0,0,0,76,0,43,0,0,0;37,0,26,0,0,0,49,0,0,61,58,0,68,0,0,0,0,0,0,0,63,41,0,0,0,0,0,0,0,0;0,0,0,0,0,0,43,0,0,63,0,0,0,0,27,0,0,0,42,63,0,45,0,0,63,0,0,0,48,0;0,0,68,55,0,0,0,0,0,0,0,27,55,0,0,28,71,0,0,61,0,0,65,0,0,0,33,36,0,0;75,31,56,0,0,0,0,0,38,0,0,71,0,0,0,0,0,37,52,0,68,0,0,57,80,0,56,0,79,0;0,0,0,0,36,0,0,0,0,0,0,0,42,0,0,0,30,0,0,0,0,0,0,0,0,51,0,0,0,0;0,0,0,0,0,62,29,58,68,55,0,0,0,36,60,26,0,0,0,0,0,0,0,0,0,0,39,20,0,0;0,0,49,0,0,41,0,60,0,0,78,0,0,48,0,50,0,0,58,21,0,79,74,47,50,0,0,80,0,0;0,23,0,0,27,0,39,29,0,0,0,0,0,0,0,0,30,0,0,0,0,0,67,49,0,0,0,0,0,0;0,0,0,0,0,0,51,0,62,0,0,21,0,56,0,35,0,0,39,0,0,0,62,0,60,0,0,0,45,64;0,0,0,70,66,0,0,0,0,0,0,0,64,0,0,0,0,0,0,74,65,0,0,0,0,0,0,0,0,0;26,0,30,0,0,0,71,36,0,0,0,0,64,0,28,33,0,0,0,0,0,0,68,0,69,72,0,0,0,0
0,0,25,33,29,0,0,0,0,0,0,0,0,0,29,0,0,24,0,28,0,0,0,30,31,26,0,0,0,0;26,0,27,20,0,0,35,32,0,0,0,0,30,24,0,0,0,0,28,34,0,0,26,0,0,0,0,39,0,22;0,0,0,40,0,0,0,0,0,0,0,0,0,0,0,0,28,37,0,0,0,0,0,0,0,0,23,35,0,0;27,0,0,0,0,36,0,0,0,0,0,0,0,36,0,24,0,0,0,22,37,20,0,32,26,38,0,0,13,0;0,0,0,20,0,0,0,0,0,0,0,40,28,0,0,37,0,30,0,0,0,0,0,29,0,37,0,0,0,0;0,0,0,38,0,0,31,0,0,0,0,0,0,39,20,0,0,0,0,0,0,0,0,0,38,0,36,0,36,35;0,0,30,0,0,0,0,0,28,0,0,34,39,0,0,0,0,32,0,0,0,0,0,0,25,0,25,26,0,0;0,0,0,39,0,0,0,0,0,0,22,0,0,0,0,0,0,29,0,0,24,0,0,0,0,0,0,31,0,26;0,0,0,0,32,0,20,23,0,37,0,0,0,37,0,34,0,0,33,0,0,0,20,0,0,0,0,0,0,0;40,0,26,0,0,28,0,0,0,0,17,20,22,0,31,39,0,0,0,0,32,0,0,0,38,0,27,0,0,0;0,0,0,21,35,0,0,0,37,0,0,0,38,40,30,0,0,0,0,0,0,0,0,0,0,0,0,30,0,37;30,0,0,0,0,30,28,21,0,0,32,0,0,0,0,0,0,27,24,0,36,0,0,0,0,37,21,0,0,0;0,0,0,39,40,39,0,0,0,25,0,0,0,35,0,0,39,0,0,0,0,0,25,35,0,39,0,0,0,0;0,0,0,33,27,0,0,0,0,0,0,0,35,0,0,0,0,0,0,0,0,0,0,0,0,0,0,0,0,0;0,0,0,32,0,29,38,38,0,0,21,0,0,32,0,30,0,0,0,0,0,0,0,0,0,33,0,0,31,36;0,0,0,36,28,0,0,29,25,0,0,0,0,0,25,0,0,0,34,36,0,0,0,29,30,0,0,0,0,0;28,0,39,0,22,0,0,38,27,0,0,0,31,30,0,0,0,0,0,0,34,0,0,0,0,38,27,0,0,0;0,39,23,40,39,0,0,25,35,37,0,29,0,0,26,32,0,0,0,0,0,0,37,34,0,0,0,28,0,0;27,0,0,0,0,0,0,0,0,0,0,0,0,23,0,0,0,24,0,38,37,0,0,0,35,0,36,0,0,0;24,0,34,0,0,0,29,0,0,27,31,0,34,0,0,0,0,0,0,0,39,21,0,0,0,0,0,0,0,0;0,0,0,0,0,0,40,0,0,23,0,0,0,0,23,0,0,0,33,34,0,27,0,0,25,0,0,0,34,0;0,0,23,24,0,0,0,0,0,0,0,35,29,0,0,29,31,0,0,26,0,0,27,0,0,0,36,38,0,0;21,32,30,0,0,0,0,0,22,0,0,29,0,0,0,0,0,34,26,0,37,0,0,28,34,0,29,0,27,0;0,0,0,0,38,0,0,0,0,0,0,0,33,0,0,0,30,0,0,0,0,0,0,0,0,40,0,0,0,0;0,0,0,0,0,32,31,21,38,36,0,0,0,24,30,39,0,0,0,0,0,0,0,0,0,0,26,29,0,0;0,0,20,0,0,25,0,30,0,0,38,0,0,31,0,26,0,0,32,25,0,29,35,26,29,0,0,27,0,0;0,28,0,0,23,0,37,20,0,0,0,0,0,0,0,0,21,0,0,0,0,0,29,25,0,0,0,0,0,0;0,0,0,0,0,0,31,0,29,0,0,32,0,24,0,25,0,0,37,0,0,0,30,0,23,0,0,0,28,32;0,0,0,21,20,0,0,0,0,0,0,0,29,0,0,0,0,0,0,24,22,0,0,0,0,0,0,0,0,0;38,0,27,0,0,0,21,40,0,0,0,0,38,0,25,28,0,0,0,0,0,0,38,0,20,25,0,0,0,0
-14,12,0,0,-16,0,0,-9,0,0,0,26,0,-3,0,0,15,27,0,0,0,0,0,0,-26,0,-1,0,-11,0
------------- End of Scenario k = 15 -------
0,0,57,62,68,0,0,0,0,0,0,0,0,0,28,0,0,65,0,48,0,0,0,45,37,25,0,0,0,0;80,0,52,48,0,0,77,55,0,0,0,0,22,62,0,0,0,0,29,80,0,0,54,0,0,0,0,49,0,37;0,0,0,61,0,0,0,0,0,0,0,0,0,0,0,0,63,50,0,0,0,0,0,0,0,0,80,73,0,0;56,0,0,0,0,39,0,0,0,0,0,0,0,80,0,77,0,0,0,43,27,42,0,75,74,47,0,0,63,0;0,0,0,70,0,0,0,0,0,0,0,35,30,0,0,66,0,66,0,0,0,0,0,25,0,76,0,0,0,0;0,0,0,50,0,0,44,0,0,0,0,0,0,73,21,0,0,0,0,0,0,0,0,0,40,0,74,0,30,77;0,0,76,0,0,0,0,0,78,0,0,61,62,0,0,0,0,67,0,0,0,0,0,0,62,0,61,61,0,0;0,0,0,28,0,0,0,0,0,0,60,0,0,0,0,0,0,65,0,0,69,0,0,0,0,0,0,37,0,33;0,0,0,0,61,0,43,24,0,57,0,0,0,24,0,43,0,0,58,0,0,0,68,0,0,0,0,0,0,0;34,0,54,0,0,42,0,0,0,0,30,52,32,0,77,48,0,0,0,0,56,0,0,0,61,0,80,0,0,0;0,0,0,66,57,0,0,0,75,0,0,0,37,80,80,0,0,0,0,0,0,0,0,0,0,0,0,73,0,36;80,0,0,0,0,80,22,41,0,0,60,0,0,0,0,0,0,31,66,0,41,0,0,0,0,27,62,0,0,0;0,0,0,21,43,30,0,0,0,78,0,0,0,62,0,0,51,0,0,0,0,0,25,42,0,51,0,0,0,0;0,0,0,61,33,0,0,0,0,0,0,0,48,0,0,0,0,0,0,0,0,0,0,0,0,0,0,0,0,0;0,0,0,35,0,30,77,49,0,0,51,0,0,20,0,76,0,0,0,0,0,0,0,0,0,73,0,0,40,29;0,0,0,21,80,0,0,73,30,0,0,0,0,0,22,0,0,0,80,75,0,0,0,77,37,0,0,0,0,0;62,0,28,0,80,0,0,80,80,0,0,0,75,68,0,0,0,0,0,0,56,0,0,0,0,58,73,0,0,0;0,44,21,42,39,0,0,65,34,23,0,53,0,0,30,80,0,0,0,0,0,0,40,29,0,0,0,79,0,0;51,0,0,0,0,0,0,0,0,0,0,0,0,57,0,0,0,36,0,80,32,0,0,0,47,0,76,0,0,0;22,0,35,0,0,0,51,0,0,61,68,0,75,0,0,0,0,0,0,0,80,41,0,0,0,0,0,0,0,0;0,0,0,0,0,0,75,0,0,23,0,0,0,0,51,0,0,0,30,67,0,80,0,0,28,0,0,0,35,0;0,0,53,50,0,0,0,0,0,0,0,22,63,0,0,36,62,0,0,48,0,0,80,0,0,0,36,37,0,0;76,25,57,0,0,0,0,0,75,0,0,67,0,0,0,0,0,41,51,0,62,0,0,80,80,0,76,0,51,0;0,0,0,0,72,0,0,0,0,0,0,0,56,0,0,0,46,0,0,0,0,0,0,0,0,78,0,0,0,0;0,0,0,0,0,23,64,50,69,54,0,0,0,53,45,55,0,0,0,0,0,0,0,0,0,0,41,44,0,0;0,0,21,0,0,20,0,80,0,0,41,0,0,63,0,53,0,0,27,44,0,47,77,67,33,0,0,28,0,0;0,66,0,0,79,0,60,74,0,0,0,0,0,0,0,0,55,0,0,0,0,0,27,29,0,0,0,0,0,0;0,0,0,0,0,0,29,0,54,0,0,36,0,51,0,44,0,0,44,0,0,0,25,0,50,0,0,0,60,78;0,0,0,70,39,0,0,0,0,0,0,0,77,0,0,0,0,0,0,48,53,0,0,0,0,0,0,0,0,0;62,0,37,0,0,0,40,49,0,0,0,0,60,0,57,36,0,0,0,0,0,0,31,0,36,77,0,0,0,0
0,0,31,29,34,0,0,0,0,0,0,0,0,0,21,0,0,24,0,31,0,0,0,36,25,23,0,0,0,0;11,0,19,34,0,0,31,37,0,0,0,0,31,35,0,0,0,0,25,21,0,0,22,0,0,0,0,20,0,36;0,0,0,27,0,0,0,0,0,0,0,0,0,0,0,0,40,39,0,0,0,0,0,0,0,0,12,36,0,0;25,0,0,0,0,36,0,0,0,0,0,0,0,12,0,39,0,0,0,33,35,29,0,38,13,36,0,0,20,0;0,0,0,21,0,0,0,0,0,0,0,38,22,0,0,26,0,29,0,0,0,0,0,23,0,33,0,0,0,0;0,0,0,20,0,0,40,0,0,0,0,0,0,37,40,0,0,0,0,0,0,0,0,0,27,0,36,0,22,28;0,0,24,0,0,0,0,0,38,0,0,25,36,0,0,0,0,21,0,0,0,0,0,0,25,0,22,30,0,0;0,0,0,24,0,0,0,0,0,0,28,0,0,0,0,0,0,21,0,0,40,0,0,0,0,0,0,21,0,24;0,0,0,0,37,0,21,29,0,26,0,0,0,31,0,29,0,0,22,0,0,0,24,0,0,0,0,0,0,0;27,0,21,0,0,24,0,0,0,0,19,37,26,0,29,30,0,0,0,0,31,0,0,0,29,0,35,0,0,0;0,0,0,26,39,0,0,0,39,0,0,0,30,39,29,0,0,0,0,0,0,0,0,0,0,0,0,21,0,22;28,0,0,0,0,28,37,34,0,0,27,0,0,0,0,0,0,34,25,0,28,0,0,0,0,27,34,0,0,0;0,0,0,20,30,30,0,0,0,39,0,0,0,26,0,0,22,0,0,0,0,0,39,25,0,31,0,0,0,0;0,0,0,20,33,0,0,0,0,0,0,0,28,0,0,0,0,0,0,0,0,0,0,0,0,0,0,0,0,0;0,0,0,37,0,38,32,33,0,0,28,0,0,24,0,31,0,0,0,0,0,0,0,0,0,40,0,0,32,31;0,0,0,32,35,0,0,25,28,0,0,0,0,0,35,0,0,0,21,36,0,0,0,23,39,0,0,0,0,0;34,0,30,0,30,0,0,22,40,0,0,0,27,22,0,0,0,0,0,0,24,0,0,0,0,38,36,0,0,0;0,20,25,32,22,0,0,36,25,28,0,27,0,0,29,38,0,0,0,0,0,0,34,21,0,0,0,30,0,0;24,0,0,0,0,0,0,0,0,0,0,0,0,21,0,0,0,33,0,25,28,0,0,0,31,0,34,0,0,0;33,0,34,0,0,0,33,0,0,23,22,0,38,0,0,0,0,0,0,0,17,37,0,0,0,0,0,0,0,0;0,0,0,0,0,0,26,0,0,32,0,0,0,0,26,0,0,0,34,40,0,29,0,0,24,0,0,0,32,0;0,0,40,21,0,0,0,0,0,0,0,26,21,0,0,31,22,0,0,40,0,0,25,0,0,0,36,22,0,0;24,38,35,0,0,0,0,0,31,0,0,35,0,0,0,0,0,25,40,0,31,0,0,32,23,0,38,0,34,0;0,0,0,0,32,0,0,0,0,0,0,0,36,0,0,0,26,0,0,0,0,0,0,0,0,24,0,0,0,0;0,0,0,0,0,30,31,32,38,21,0,0,0,37,35,35,0,0,0,0,0,0,0,0,0,0,37,33,0,0;0,0,24,0,0,20,0,25,0,0,28,0,0,27,0,32,0,0,33,35,0,26,28,32,39,0,0,23,0,0;0,29,0,0,37,0,34,37,0,0,0,0,0,0,0,0,26,0,0,0,0,0,33,30,0,0,0,0,0,0;0,0,0,0,0,0,31,0,35,0,0,35,0,27,0,38,0,0,21,0,0,0,22,0,40,0,0,0,25,35;0,0,0,20,29,0,0,0,0,0,0,0,28,0,0,0,0,0,0,30,37,0,0,0,0,0,0,0,0,0;25,0,34,0,0,0,22,34,0,0,0,0,31,0,26,38,0,0,0,0,0,0,22,0,26,32,0,0,0,0
-11,10,0,0,-13,0,0,-2,0,0,0,14,0,-11,0,0,19,10,0,0,0,0,0,0,-10,0,-2,0,-4,0
------------- End of Scenario k = 16 -------
0,0,22,41,73,0,0,0,0,0,0,0,0,0,73,0,0,77,0,54,0,0,0,54,29,69,0,0,0,0;80,0,61,44,0,0,73,75,0,0,0,0,32,66,0,0,0,0,80,20,0,0,48,0,0,0,0,43,0,49;0,0,0,80,0,0,0,0,0,0,0,0,0,0,0,0,26,26,0,0,0,0,0,0,0,0,20,75,0,0;47,0,0,0,0,62,0,0,0,0,0,0,0,71,0,53,0,0,0,76,40,26,0,36,80,36,0,0,69,0;0,0,0,28,0,0,0,0,0,0,0,78,29,0,0,43,0,26,0,0,0,0,0,37,0,25,0,0,0,0;0,0,0,27,0,0,80,0,0,0,0,0,0,76,29,0,0,0,0,0,0,0,0,0,58,0,62,0,43,53;0,0,27,0,0,0,0,0,48,0,0,78,37,0,0,0,0,43,0,0,0,0,0,0,60,0,20,37,0,0;0,0,0,29,0,0,0,0,0,0,46,0,0,0,0,0,0,48,0,0,77,0,0,0,0,0,0,42,0,45;0,0,0,0,68,0,41,42,0,80,0,0,0,59,0,26,0,0,46,0,0,0,34,0,0,0,0,0,0,0;69,0,37,0,0,28,0,0,0,0,80,23,75,0,56,30,0,0,0,0,71,0,0,0,80,0,80,0,0,0;0,0,0,58,60,0,0,0,42,0,0,0,37,80,80,0,0,0,0,0,0,0,0,0,0,0,0,72,0,43;21,0,0,0,0,35,34,27,0,0,78,0,0,0,0,0,0,62,62,0,62,0,0,0,0,44,39,0,0,0;0,0,0,59,37,42,0,0,0,37,0,0,0,63,0,0,36,0,0,0,0,0,57,23,0,27,0,0,0,0;0,0,0,36,33,0,0,0,0,0,0,0,30,0,0,0,0,0,0,0,0,0,0,0,0,0,0,0,0,0;0,0,0,66,0,32,25,80,0,0,52,0,0,35,0,34,0,0,0,0,0,0,0,0,0,46,0,0,54,59;0,0,0,69,25,0,0,48,36,0,0,0,0,0,38,0,0,0,80,50,0,0,0,60,80,0,0,0,0,0;78,0,52,0,80,0,0,27,30,0,0,0,38,55,0,0,0,0,0,0,41,0,0,0,0,56,65,0,0,0;0,51,39,66,69,0,0,71,43,35,0,63,0,0,22,74,0,0,0,0,0,0,65,74,0,0,0,37,0,0;78,0,0,0,0,0,0,0,0,0,0,0,0,45,0,0,0,33,0,70,70,0,0,0,49,0,23,0,0,0;71,0,43,0,0,0,38,0,0,46,47,0,57,0,0,0,0,0,0,0,80,51,0,0,0,0,0,0,0,0;0,0,0,0,0,0,32,0,0,58,0,0,0,0,35,0,0,0,35,36,0,80,0,0,58,0,0,0,41,0;0,0,45,69,0,0,0,0,0,0,0,31,52,0,0,23,43,0,0,21,0,0,80,0,0,0,48,65,0,0;62,74,75,0,0,0,0,0,21,0,0,78,0,0,0,0,0,79,47,0,54,0,0,75,71,0,59,0,54,0;0,0,0,0,71,0,0,0,0,0,0,0,51,0,0,0,57,0,0,0,0,0,0,0,0,80,0,0,0,0;0,0,0,0,0,79,66,66,31,42,0,0,0,34,54,68,0,0,0,0,0,0,0,0,0,0,51,53,0,0;0,0,62,0,0,23,0,32,0,0,65,0,0,48,0,48,0,0,41,55,0,32,62,79,56,0,0,80,0,0;0,54,0,0,40,0,20,50,0,0,0,0,0,0,0,0,49,0,0,0,0,0,49,50,0,0,0,0,0,0;0,0,0,0,0,0,26,0,39,0,0,23,0,44,0,21,0,0,45,0,0,0,66,0,77,0,0,0,52,80;0,0,0,80,77,0,0,0,0,0,0,0,41,0,0,0,0,0,0,70,76,0,0,0,0,0,0,0,0,0;21,0,32,0,0,0,79,53,0,0,0,0,34,0,45,73,0,0,0,0,0,0,31,0,40,20,0,0,0,0
0,0,39,37,29,0,0,0,0,0,0,0,0,0,34,0,0,34,0,31,0,0,0,25,27,37,0,0,0,0;31,0,30,20,0,0,28,29,0,0,0,0,24,25,0,0,0,0,28,28,0,0,20,0,0,0,0,35,0,24;0,0,0,37,0,0,0,0,0,0,0,0,0,0,0,0,25,29,0,0,0,0,0,0,0,0,33,39,0,0;23,0,0,0,0,24,0,0,0,0,0,0,0,34,0,36,0,0,0,28,39,24,0,28,40,22,0,0,33,0;0,0,0,33,0,0,0,0,0,0,0,37,33,0,0,26,0,33,0,0,0,0,0,24,0,24,0,0,0,0;0,0,0,21,0,0,34,0,0,0,0,0,0,20,23,0,0,0,0,0,0,0,0,0,36,0,23,0,30,20;0,0,37,0,0,0,0,0,27,0,0,36,30,0,0,0,0,28,0,0,0,0,0,0,38,0,26,22,0,0;0,0,0,24,0,0,0,0,0,0,26,0,0,0,0,0,0,20,0,0,29,0,0,0,0,0,0,22,0,25;0,0,0,0,23,0,38,26,0,30,0,0,0,25,0,34,0,0,40,0,0,0,36,0,0,0,0,0,0,0;23,0,24,0,0,35,0,0,0,0,35,29,31,0,32,34,0,0,0,0,26,0,0,0,18,0,39,0,0,0;0,0,0,32,30,0,0,0,32,0,0,0,28,23,36,0,0,0,0,0,0,0,0,0,0,0,0,29,0,24;37,0,0,0,0,36,25,39,0,0,24,0,0,0,0,0,0,37,31,0,34,0,0,0,0,20,25,0,0,0;0,0,0,23,25,35,0,0,0,30,0,0,0,40,0,0,30,0,0,0,0,0,40,23,0,37,0,0,0,0;0,0,0,20,31,0,0,0,0,0,0,0,26,0,0,0,0,0,0,0,0,0,0,0,0,0,0,0,0,0;0,0,0,27,0,25,20,32,0,0,35,0,0,40,0,20,0,0,0,0,0,0,0,0,0,20,0,0,40,39;0,0,0,36,29,0,0,26,39,0,0,0,0,0,38,0,0,0,32,26,0,0,0,23,37,0,0,0,0,0;38,0,34,0,15,0,0,33,16,0,0,0,27,37,0,0,0,0,0,0,21,0,0,0,0,22,29,0,0,0;0,20,31,36,34,0,0,39,40,36,0,38,0,0,31,34,0,0,0,0,0,0,27,24,0,0,0,27,0,0;30,0,0,0,0,0,0,0,0,0,0,0,0,39,0,0,0,40,0,28,33,0,0,0,26,0,20,0,0,0;36,0,20,0,0,0,25,0,0,39,22,0,29,0,0,0,0,0,0,0,31,31,0,0,0,0,0,0,0,0;0,0,0,0,0,0,24,0,0,30,0,0,0,0,34,0,0,0,32,22,0,38,0,0,23,0,0,0,30,0;0,0,23,35,0,0,0,0,0,0,0,27,20,0,0,26,23,0,0,28,0,0,38,0,0,0,23,35,0,0;20,26,30,0,0,0,0,0,38,0,0,35,0,0,0,0,0,26,31,0,24,0,0,34,26,0,22,0,32,0;0,0,0,0,29,0,0,0,0,0,0,0,30,0,0,0,30,0,0,0,0,0,0,0,0,27,0,0,0,0;0,0,0,0,0,40,37,38,39,32,0,0,0,30,35,20,0,0,0,0,0,0,0,0,0,0,32,28,0,0;0,0,22,0,0,36,0,27,0,0,27,0,0,21,0,38,0,0,39,32,0,25,36,21,30,0,0,40,0,0;0,34,0,0,30,0,24,28,0,0,0,0,0,0,0,0,20,0,0,0,0,0,39,39,0,0,0,0,0,0;0,0,0,0,0,0,23,0,28,0,0,33,0,21,0,24,0,0,21,0,0,0,23,0,30,0,0,0,21,30;0,0,0,38,30,0,0,0,0,0,0,0,23,0,0,0,0,0,0,21,22,0,0,0,0,0,0,0,0,0;24,0,26,0,0,0,28,32,0,0,0,0,21,0,32,27,0,0,0,0,0,0,34,0,40,34,0,0,0,0
-24,28,0,0,-27,0,0,-10,0,0,0,26,0,-8,0,0,13,26,0,0,0,0,0,0,-13,0,-5,0,-6,0
------------- End of Scenario k = 17 -------
0,0,39,21,66,0,0,0,0,0,0,0,0,0,73,0,0,26,0,59,0,0,0,23,53,51,0,0,0,0;24,0,80,41,0,0,24,80,0,0,0,0,34,21,0,0,0,0,76,31,0,0,23,0,0,0,0,35,0,23;0,0,0,75,0,0,0,0,0,0,0,0,0,0,0,0,75,34,0,0,0,0,0,0,0,0,47,35,0,0;64,0,0,0,0,26,0,0,0,0,0,0,0,80,0,61,0,0,0,52,26,45,0,61,80,43,0,0,58,0;0,0,0,73,0,0,0,0,0,0,0,53,78,0,0,73,0,45,0,0,0,0,0,35,0,37,0,0,0,0;0,0,0,80,0,0,80,0,0,0,0,0,0,54,42,0,0,0,0,0,0,0,0,0,80,0,45,0,80,23;0,0,20,0,0,0,0,0,32,0,0,62,63,0,0,0,0,74,0,0,0,0,0,0,72,0,59,44,0,0;0,0,0,40,0,0,0,0,0,0,40,0,0,0,0,0,0,33,0,0,37,0,0,0,0,0,0,68,0,46;0,0,0,0,66,0,64,37,0,80,0,0,0,32,0,47,0,0,35,0,0,0,51,0,0,0,0,0,0,0;38,0,20,0,0,45,0,0,0,0,80,40,24,0,24,27,0,0,0,0,48,0,0,0,80,0,80,0,0,0;0,0,0,33,38,0,0,0,72,0,0,0,80,80,30,0,0,0,0,0,0,0,0,0,0,0,0,50,0,37;80,0,0,0,0,80,68,72,0,0,55,0,0,0,0,0,0,50,74,0,50,0,0,0,0,39,66,0,0,0;0,0,0,70,66,75,0,0,0,23,0,0,0,63,0,0,65,0,0,0,0,0,31,63,0,61,0,0,0,0;0,0,0,48,39,0,0,0,0,0,0,0,65,0,0,0,0,0,0,0,0,0,0,0,0,0,0,0,0,0;0,0,0,23,0,75,36,59,0,0,62,0,0,64,0,55,0,0,0,0,0,0,0,0,0,22,0,0,80,69;0,0,0,58,40,0,0,51,66,0,0,0,0,0,20,0,0,0,79,70,0,0,0,22,48,0,0,0,0,0;62,0,43,0,80,0,0,45,80,0,0,0,23,22,0,0,0,0,0,0,75,0,0,0,0,26,52,0,0,0;0,55,53,70,65,0,0,67,75,77,0,67,0,0,33,23,0,0,0,0,0,0,27,79,0,0,0,26,0,0;46,0,0,0,0,0,0,0,0,0,0,0,0,51,0,0,0,45,0,46,74,0,0,0,25,0,39,0,0,0;27,0,63,0,0,0,27,0,0,39,64,0,50,0,0,0,0,0,0,0,80,73,0,0,0,0,0,0,0,0;0,0,0,0,0,0,78,0,0,45,0,0,0,0,55,0,0,0,26,21,0,60,0,0,65,0,0,0,36,0;0,0,37,26,0,0,0,0,0,0,0,50,72,0,0,74,79,0,0,41,0,0,53,0,0,0,48,70,0,0;46,45,39,0,0,0,0,0,30,0,0,48,0,0,0,0,0,77,33,0,47,0,0,58,49,0,58,0,56,0;0,0,0,0,24,0,0,0,0,0,0,0,80,0,0,0,77,0,0,0,0,0,0,0,0,24,0,0,0,0;0,0,0,0,0,37,21,41,54,70,0,0,0,52,22,65,0,0,0,0,0,0,0,0,0,0,62,77,0,0;0,0,59,0,0,69,0,59,0,0,23,0,0,65,0,49,0,0,52,64,0,77,45,54,62,0,0,80,0,0;0,35,0,0,34,0,55,67,0,0,0,0,0,0,0,0,22,0,0,0,0,0,52,78,0,0,0,0,0,0;0,0,0,0,0,0,33,0,71,0,0,48,0,47,0,59,0,0,41,0,0,0,69,0,26,0,0,0,34,75;0,0,0,41,62,0,0,0,0,0,0,0,78,0,0,0,0,0,0,67,43,0,0,0,0,0,0,0,0,0;37,0,59,0,0,0,80,38,0,0,0,0,32,0,63,75,0,0,0,0,0,0,23,0,74,45,0,0,0,0
0,0,27,30,38,0,0,0,0,0,0,0,0,0,40,0,0,22,0,34,0,0,0,34,39,40,0,0,0,0;35,0,32,34,0,0,22,38,0,0,0,0,35,24,0,0,0,0,31,27,0,0,23,0,0,0,0,37,0,24;0,0,0,40,0,0,0,0,0,0,0,0,0,0,0,0,23,38,0,0,0,0,0,0,0,0,37,21,0,0;25,0,0,0,0,20,0,0,0,0,0,0,0,34,0,25,0,0,0,36,35,40,0,32,27,37,0,0,26,0;0,0,0,34,0,0,0,0,0,0,0,33,20,0,0,36,0,20,0,0,0,0,0,40,0,40,0,0,0,0;0,0,0,28,0,0,34,0,0,0,0,0,0,28,39,0,0,0,0,0,0,0,0,0,39,0,35,0,27,37;0,0,27,0,0,0,0,0,21,0,0,20,24,0,0,0,0,31,0,0,0,0,0,0,34,0,29,34,0,0;0,0,0,24,0,0,0,0,0,0,33,0,0,0,0,0,0,38,0,0,36,0,0,0,0,0,0,35,0,30;0,0,0,0,40,0,40,26,0,33,0,0,0,28,0,34,0,0,26,0,0,0,32,0,0,0,0,0,0,0;21,0,35,0,0,32,0,0,0,0,38,26,27,0,29,27,0,0,0,0,25,0,0,0,38,0,19,0,0,0;0,0,0,27,32,0,0,0,30,0,0,0,34,40,25,0,0,0,0,0,0,0,0,0,0,0,0,31,0,32;34,0,0,0,0,40,33,34,0,0,37,0,0,0,0,0,0,32,22,0,36,0,0,0,0,37,36,0,0,0;0,0,0,29,29,20,0,0,0,22,0,0,0,37,0,0,32,0,0,0,0,0,26,25,0,39,0,0,0,0;0,0,0,25,36,0,0,0,0,0,0,0,23,0,0,0,0,0,0,0,0,0,0,0,0,0,0,0,0,0;0,0,0,36,0,31,40,20,0,0,39,0,0,20,0,39,0,0,0,0,0,0,0,0,0,39,0,0,26,27;0,0,0,24,34,0,0,23,21,0,0,0,0,0,31,0,0,0,16,23,0,0,0,27,32,0,0,0,0,0;37,0,21,0,38,0,0,40,32,0,0,0,22,36,0,0,0,0,0,0,26,0,0,0,0,29,34,0,0,0;0,26,33,25,22,0,0,29,25,33,0,31,0,0,21,30,0,0,0,0,0,0,32,22,0,0,0,30,0,0;30,0,0,0,0,0,0,0,0,0,0,0,0,35,0,0,0,40,0,34,38,0,0,0,30,0,33,0,0,0;28,0,38,0,0,0,22,0,0,25,24,0,38,0,0,0,0,0,0,0,24,30,0,0,0,0,0,0,0,0;0,0,0,0,0,0,20,0,0,36,0,0,0,0,20,0,0,0,23,36,0,31,0,0,34,0,0,0,25,0;0,0,24,20,0,0,0,0,0,0,0,36,21,0,0,37,36,0,0,33,0,0,34,0,0,0,39,24,0,0;27,37,39,0,0,0,0,0,27,0,0,40,0,0,0,0,0,20,31,0,22,0,0,23,26,0,36,0,40,0;0,0,0,0,26,0,0,0,0,0,0,0,33,0,0,0,36,0,0,0,0,0,0,0,0,24,0,0,0,0;0,0,0,0,0,36,36,25,28,30,0,0,0,20,39,34,0,0,0,0,0,0,0,0,0,0,36,37,0,0;0,0,36,0,0,31,0,36,0,0,29,0,0,21,0,40,0,0,36,34,0,32,25,24,38,0,0,16,0,0;0,22,0,0,35,0,23,26,0,0,0,0,0,0,0,0,39,0,0,0,0,0,30,24,0,0,0,0,0,0;0,0,0,0,0,0,37,0,26,0,0,20,0,22,0,29,0,0,40,0,0,0,24,0,21,0,0,0,25,23;0,0,0,33,20,0,0,0,0,0,0,0,39,0,0,0,0,0,0,34,36,0,0,0,0,0,0,0,0,0;23,0,20,0,0,0,22,20,0,0,0,0,21,0,39,37,0,0,0,0,0,0,25,0,26,28,0,0,0,0
-4,26,0,0,-6,0,0,-4,0,0,0,20,0,-8,0,0,19,13,0,0,0,0,0,0,-31,0,-12,0,-13,0
------------- End of Scenario k = 18 -------
0,0,79,56,49,0,0,0,0,0,0,0,0,0,66,0,0,63,0,43,0,0,0,21,66,44,0,0,0,0;80,0,80,34,0,0,63,32,0,0,0,0,28,53,0,0,0,0,76,44,0,0,51,0,0,0,0,58,0,42;0,0,0,65,0,0,0,0,0,0,0,0,0,0,0,0,61,71,0,0,0,0,0,0,0,0,23,53,0,0;58,0,0,0,0,53,0,0,0,0,0,0,0,51,0,30,0,0,0,24,39,49,0,64,79,79,0,0,48,0;0,0,0,59,0,0,0,0,0,0,0,59,37,0,0,57,0,52,0,0,0,0,0,22,0,70,0,0,0,0;0,0,0,77,0,0,80,0,0,0,0,0,0,59,77,0,0,0,0,0,0,0,0,0,80,0,64,0,80,52;0,0,44,0,0,0,0,0,31,0,0,50,39,0,0,0,0,80,0,0,0,0,0,0,44,0,59,68,0,0;0,0,0,25,0,0,0,0,0,0,42,0,0,0,0,0,0,55,0,0,29,0,0,0,0,0,0,46,0,32;0,0,0,0,45,0,36,33,0,38,0,0,0,73,0,27,0,0,30,0,0,0,50,0,0,0,0,0,0,0;69,0,77,0,0,71,0,0,0,0,80,47,21,0,27,25,0,0,0,0,77,0,0,0,72,0,41,0,0,0;0,0,0,64,72,0,0,0,54,0,0,0,64,80,67,0,0,0,0,0,0,0,0,0,0,0,0,74,0,41;33,0,0,0,0,74,57,54,0,0,63,0,0,0,0,0,0,55,53,0,25,0,0,0,0,51,75,0,0,0;0,0,0,42,79,69,0,0,0,21,0,0,0,28,0,0,52,0,0,0,0,0,58,77,0,65,0,0,0,0;0,0,0,64,33,0,0,0,0,0,0,0,46,0,0,0,0,0,0,0,0,0,0,0,0,0,0,0,0,0;0,0,0,23,0,35,63,50,0,0,64,0,0,34,0,61,0,0,0,0,0,0,0,0,0,55,0,0,77,74;0,0,0,20,80,0,0,58,33,0,0,0,0,0,55,0,0,0,80,25,0,0,0,68,22,0,0,0,0,0;54,0,25,0,70,0,0,76,80,0,0,0,42,30,0,0,0,0,0,0,66,0,0,0,0,28,77,0,0,0;0,77,56,27,57,0,0,56,68,21,0,57,0,0,23,80,0,0,0,0,0,0,63,54,0,0,0,50,0,0;42,0,0,0,0,0,0,0,0,0,0,0,0,77,0,0,0,49,0,80,49,0,0,0,26,0,64,0,0,0;59,0,62,0,0,0,25,0,0,47,39,0,65,0,0,0,0,0,0,0,80,63,0,0,0,0,0,0,0,0;0,0,0,0,0,0,26,0,0,31,0,0,0,0,75,0,0,0,27,30,0,80,0,0,23,0,0,0,39,0;0,0,42,38,0,0,0,0,0,0,0,78,70,0,0,57,71,0,0,64,0,0,80,0,0,0,69,77,0,0;52,48,35,0,0,0,0,0,48,0,0,75,0,0,0,0,0,34,38,0,21,0,0,35,65,0,54,0,80,0;0,0,0,0,27,0,0,0,0,0,0,0,64,0,0,0,72,0,0,0,0,0,0,0,0,40,0,0,0,0;0,0,0,0,0,31,34,22,20,56,0,0,0,20,20,59,0,0,0,0,0,0,0,0,0,0,54,50,0,0;0,0,27,0,0,33,0,27,0,0,38,0,0,33,0,43,0,0,68,60,0,46,53,42,60,0,0,80,0,0;0,37,0,0,78,0,62,42,0,0,0,0,0,0,0,0,20,0,0,0,0,0,26,38,0,0,0,0,0,0;0,0,0,0,0,0,21,0,30,0,0,72,0,59,0,37,0,0,74,0,0,0,55,0,28,0,0,0,30,80;0,0,0,78,29,0,0,0,0,0,0,0,62,0,0,0,0,0,0,25,30,0,0,0,0,0,0,0,0,0;79,0,47,0,0,0,23,52,0,0,0,0,74,0,67,59,0,0,0,0,0,0,71,0,63,61,0,0,0,0
0,0,28,23,21,0,0,0,0,0,0,0,0,0,36,0,0,26,0,34,0,0,0,22,28,39,0,0,0,0;35,0,24,26,0,0,21,34,0,0,0,0,35,26,0,0,0,0,36,32,0,0,37,0,0,0,0,30,0,38;0,0,0,29,0,0,0,0,0,0,0,0,0,0,0,0,23,32,0,0,0,0,0,0,0,0,19,22,0,0;32,0,0,0,0,35,0,0,0,0,0,0,0,25,0,37,0,0,0,22,28,31,0,25,16,26,0,0,35,0;0,0,0,29,0,0,0,0,0,0,0,40,27,0,0,40,0,33,0,0,0,0,0,40,0,28,0,0,0,0;0,0,0,35,0,0,27,0,0,0,0,0,0,36,28,0,0,0,0,0,0,0,0,0,22,0,24,0,21,34;0,0,34,0,0,0,0,0,30,0,0,21,36,0,0,0,0,38,0,0,0,0,0,0,23,0,34,38,0,0;0,0,0,22,0,0,0,0,0,0,29,0,0,0,0,0,0,25,0,0,24,0,0,0,0,0,0,37,0,34;0,0,0,0,36,0,36,29,0,39,0,0,0,23,0,36,0,0,40,0,0,0,35,0,0,0,0,0,0,0;31,0,32,0,0,22,0,0,0,0,32,37,24,0,34,24,0,0,0,0,25,0,0,0,39,0,19,0,0,0;0,0,0,28,26,0,0,0,36,0,0,0,34,39,22,0,0,0,0,0,0,0,0,0,0,0,0,26,0,33;33,0,0,0,0,37,32,24,0,0,24,0,0,0,0,0,0,28,30,0,26,0,0,0,0,29,38,0,0,0;0,0,0,35,26,36,0,0,0,22,0,0,0,27,0,0,34,0,0,0,0,0,39,29,0,32,0,0,0,0;0,0,0,32,27,0,0,0,0,0,0,0,26,0,0,0,0,0,0,0,0,0,0,0,0,0,0,0,0,0;0,0,0,38,0,24,25,16,0,0,20,0,0,36,0,39,0,0,0,0,0,0,0,0,0,40,0,0,21,37;0,0,0,21,17,0,0,26,35,0,0,0,0,0,25,0,0,0,32,33,0,0,0,21,30,0,0,0,0,0;32,0,25,0,30,0,0,24,29,0,0,0,24,24,0,0,0,0,0,0,35,0,0,0,0,34,20,0,0,0;0,23,38,29,23,0,0,23,20,32,0,40,0,0,34,36,0,0,0,0,0,0,22,26,0,0,0,32,0,0;34,0,0,0,0,0,0,0,0,0,0,0,0,22,0,0,0,35,0,40,35,0,0,0,36,0,29,0,0,0;35,0,20,0,0,0,30,0,0,34,24,0,33,0,0,0,0,0,0,0,11,36,0,0,0,0,0,0,0,0;0,0,0,0,0,0,31,0,0,25,0,0,0,0,23,0,0,0,31,29,0,19,0,0,33,0,0,0,26,0;0,0,33,39,0,0,0,0,0,0,0,20,35,0,0,32,27,0,0,26,0,0,18,0,0,0,39,24,0,0;34,28,21,0,0,0,0,0,32,0,0,30,0,0,0,0,0,26,38,0,28,0,0,22,33,0,28,0,23,0;0,0,0,0,25,0,0,0,0,0,0,0,34,0,0,0,33,0,0,0,0,0,0,0,0,30,0,0,0,0;0,0,0,0,0,28,20,27,31,26,0,0,0,40,21,38,0,0,0,0,0,0,0,0,0,0,39,25,0,0;0,0,29,0,0,22,0,40,0,0,39,0,0,26,0,23,0,0,27,31,0,28,22,40,21,0,0,13,0,0;0,29,0,0,37,0,27,25,0,0,0,0,0,0,0,0,33,0,0,0,0,0,28,29,0,0,0,0,0,0;0,0,0,0,0,0,21,0,30,0,0,38,0,26,0,38,0,0,33,0,0,0,32,0,40,0,0,0,26,17;0,0,0,39,32,0,0,0,0,0,0,0,20,0,0,0,0,0,0,31,35,0,0,0,0,0,0,0,0,0;26,0,29,0,0,0,25,33,0,0,0,0,34,0,38,21,0,0,0,0,0,0,40,0,38,21,0,0,0,0
-11,13,0,0,-8,0,0,-6,0,0,0,16,0,-7,0,0,16,10,0,0,0,0,0,0,-9,0,-8,0,-6,0
------------- End of Scenario k = 19 -------
