/ -------------------------------------------------------------------------
An instance of the stochastic Fixed - charge Network Flow Problem using NETGEN.
/ -------------------------------------------------------------------------
Number of Nodes (no Dummy node is added), n
Graph Density, density
The fixed cost to variable cost ratio, f
Adjacency Matrix, A
Fixed Cost Matrix, c
Number of scenarios, K
Scenario Probabilities, p
----The following three rows will be repeated K times.----
Var Cost Matrix, d
Capacity, u
demand, b
/ -------------------------------------------------------------------------
+
30
0.6
200
0,1,1,1,0,1,0,1,1,1,1,0,1,0,0,0,0,0,1,0,1,1,1,1,1,0,1,1,1,0;0,0,1,0,0,1,0,1,0,1,0,1,0,1,1,1,1,0,0,0,1,1,1,1,1,1,0,0,1,0;1,0,0,1,1,0,1,1,0,1,1,1,1,1,1,0,0,1,1,1,1,0,0,1,1,1,1,0,1,0;1,0,0,0,1,1,1,1,1,1,1,1,1,1,0,1,1,0,0,1,0,1,1,1,1,0,1,1,1,1;0,0,0,1,0,1,1,0,0,1,0,1,1,0,0,0,1,0,1,0,0,1,0,1,0,1,1,0,1,1;0,0,0,1,1,0,1,1,0,1,0,0,0,0,0,0,1,1,1,0,1,1,0,0,1,1,1,0,1,1;0,0,1,1,0,0,0,0,0,1,1,0,1,0,1,1,1,0,1,1,1,0,1,0,0,1,0,1,0,1;0,0,0,1,1,1,0,0,1,0,1,1,1,0,1,1,0,0,0,0,1,0,1,0,1,0,1,0,0,1;1,1,0,0,0,1,0,0,0,1,1,1,1,0,1,1,1,1,1,0,0,0,1,1,1,1,0,1,1,1;1,0,1,0,1,0,0,1,1,0,1,1,0,1,1,1,0,1,0,1,1,0,0,1,1,1,1,0,0,0;0,1,1,1,0,0,1,0,1,1,0,1,1,1,1,0,1,1,0,1,1,0,1,0,0,1,1,1,1,1;1,1,0,1,0,1,1,0,0,0,0,0,0,1,0,1,0,1,1,0,1,0,1,0,0,1,1,0,0,1;0,1,0,0,1,1,1,0,0,1,1,1,0,1,0,1,1,0,1,0,1,0,1,0,0,0,0,1,1,0;1,0,1,1,0,0,1,1,1,0,0,0,1,0,0,1,1,0,1,1,1,1,0,0,1,1,0,0,0,0;1,0,0,0,1,1,1,0,1,0,1,1,1,0,0,1,1,1,0,1,0,0,1,0,0,1,1,0,1,0;0,0,1,1,1,1,0,1,0,0,0,1,1,1,1,0,1,1,1,0,1,1,0,1,1,1,1,1,1,0;1,0,0,1,1,0,0,1,1,1,1,1,1,1,1,1,0,0,1,1,0,0,1,1,0,1,1,0,0,0;1,0,1,1,0,0,1,0,0,1,1,0,1,1,0,0,1,0,1,0,0,0,0,1,0,1,0,1,1,0;1,1,0,1,1,1,0,1,0,0,1,0,1,1,1,0,1,0,0,0,1,1,1,1,0,1,1,1,0,1;1,1,0,0,0,0,1,0,1,1,0,0,1,0,1,1,1,1,1,0,0,0,1,0,1,1,0,1,1,0;1,1,0,1,0,1,1,1,1,0,1,1,1,1,0,0,1,1,1,0,0,0,1,1,1,1,0,1,0,0;0,1,1,1,0,1,1,1,0,1,0,0,1,1,1,1,1,1,1,1,1,0,0,0,0,1,1,1,1,1;0,0,0,0,1,0,0,1,1,1,1,1,1,1,1,0,1,1,1,1,1,1,0,1,0,1,1,1,1,0;0,0,1,1,1,0,0,0,1,1,1,0,1,1,1,1,0,1,0,1,0,1,0,0,1,1,1,0,1,1;1,1,0,0,0,0,0,0,0,1,1,1,1,0,1,1,0,0,1,1,0,1,1,0,0,1,1,1,1,1;1,1,1,1,0,0,1,1,1,1,1,0,1,1,1,1,1,1,0,0,0,0,0,1,0,0,0,1,1,0;1,0,0,1,1,1,0,0,0,0,1,0,1,0,1,1,1,0,0,1,1,0,0,1,0,0,0,1,1,0;0,0,0,1,0,1,1,1,1,1,1,1,0,1,1,1,0,1,1,1,1,1,1,1,1,0,1,0,1,1;1,1,0,0,0,1,1,0,1,1,1,0,1,1,1,1,1,1,0,1,0,1,0,1,1,0,0,1,0,1;1,1,1,0,0,1,1,1,0,1,1,0,1,0,1,1,0,0,1,1,0,0,1,0,0,1,1,1,0,0
0,7620,9440,12480,0,9040,0,10420,10280,9820,9500,0,10480,0,0,0,0,0,9120,0,11280,10600,9960,12080,10460,0,10940,9360,11180,0;0,0,14919,0,0,10760,0,11180,0,11260,0,10700,0,7780,8000,11400,11840,0,0,0,10980,9780,14800,8200,9320,8360,0,0,11180,0;10720,0,0,14140,10480,0,10420,9560,0,11040,9760,8720,8360,11980,10860,0,0,14080,9560,8820,9800,0,0,7700,12620,8200,10540,0,9720,0;10660,0,0,0,8720,10340,9560,7720,8660,10060,9460,10500,9860,11480,0,12320,8700,0,0,10440,0,9240,12000,8480,10060,0,8460,8580,11000,9420;0,0,0,9820,0,12840,10700,0,0,10900,0,9740,10760,0,0,0,10140,0,10220,0,0,9800,0,9740,0,9200,10260,0,11680,10500;0,0,0,9320,9060,0,15800,7980,0,10820,0,0,0,0,0,0,12160,9900,13940,0,13180,10740,0,0,10460,14140,8600,0,10060,11620;0,0,10800,8520,0,0,0,0,0,11400,6400,0,10940,0,10280,9860,11320,0,11960,10120,11860,0,10180,0,0,10320,0,10360,0,10220;0,0,0,9320,13580,10680,0,0,10600,0,9840,11240,11040,0,9640,9120,0,0,0,0,10720,0,10200,0,9180,0,9220,0,0,7940;9240,11160,0,0,0,10560,0,0,0,11200,10000,8880,9220,0,10480,8700,11560,9280,10640,0,0,0,10680,7240,11600,9360,0,9480,9020,10440;9200,0,12140,0,10440,0,0,8440,11940,0,11860,8620,0,6580,8220,8740,0,9640,0,11960,8680,0,0,10700,12420,9280,8520,0,0,0;0,13000,10620,11480,0,0,7159,0,8460,8480,0,13480,8880,10540,11000,0,10420,11760,0,9380,13740,0,11140,0,0,12560,9820,9920,10060,10940;12580,11940,0,9480,0,9520,9940,0,0,0,0,0,0,8500,0,10580,0,9740,9280,0,10680,0,10500,0,0,10940,9000,0,0,8980;0,10920,0,0,9020,10120,9480,0,0,10040,9020,11260,0,8520,0,11080,9040,0,9540,0,10500,0,14119,0,0,0,0,11700,8580,0;13319,0,10220,10740,0,0,11060,9420,10180,0,0,0,14440,0,0,11780,9780,0,12580,13460,9300,10640,0,0,9960,12660,0,0,0,0;8280,0,0,0,11340,7720,9300,0,9400,0,8860,8640,9480,0,0,9840,11700,10740,0,7540,0,0,10800,0,0,8660,10620,0,9620,0;0,0,10260,9440,10300,9280,0,11920,0,0,0,12160,10480,9300,8500,0,8680,8680,9580,0,9240,9220,0,8360,10580,9560,11120,9360,7359,0;10600,0,0,11260,9980,0,0,10300,11140,10620,9700,10640,9780,9320,10360,10420,0,0,10920,10760,0,0,9440,13860,0,12080,10000,0,0,0;10260,0,10800,11900,0,0,9320,0,0,10420,9260,0,10420,8400,0,0,9180,0,11060,0,0,0,0,13019,0,10940,0,10100,9360,0;11140,9520,0,10020,10780,9900,0,10860,0,0,9480,0,10860,8040,11080,0,8159,0,0,0,9100,10000,10220,9640,0,9640,8900,8600,0,9860;11960,10220,0,0,0,0,7859,0,10240,10080,0,0,9420,0,9360,12000,9820,10440,11600,0,0,0,7420,0,11080,9840,0,8140,8640,0;9620,9760,0,8000,0,9500,9960,10040,9400,0,8640,8059,11060,9220,0,0,9940,8560,8720,0,0,0,8880,10300,9920,8720,0,11400,0,0;0,10160,9180,10300,0,12060,9880,10400,0,9480,0,0,8680,10620,14200,9320,11440,9000,13000,8820,13119,0,0,0,0,11040,8600,8780,10700,10720;0,0,0,0,12200,0,0,9980,11040,8820,10480,8900,10760,9180,10080,0,10260,10680,10100,9100,9560,11460,0,9480,0,10320,10860,9160,11620,0;0,0,8620,10360,7380,0,0,0,9460,9360,10940,0,10320,8600,8260,11960,0,9100,0,11500,0,9880,0,0,12760,10900,8040,0,10480,9040;10740,9600,0,0,0,0,0,0,0,9100,11360,9480,10860,0,11140,9660,0,0,10080,14460,0,9040,13080,0,0,11660,12540,10800,9200,9900;10400,10500,7600,11900,0,0,9260,10380,11500,7440,10800,0,10920,10200,10240,9020,9220,9740,0,0,0,0,0,9720,0,0,0,8640,11300,0;11180,0,0,10900,10960,10480,0,0,0,0,9320,0,10840,0,8800,10180,8460,0,0,9720,12200,0,0,10420,0,0,0,15560,9320,0;0,0,0,9880,0,10780,11200,8080,10860,10300,10360,9000,0,11100,8480,9860,0,10660,10200,10340,9540,10840,11220,8940,11220,0,11520,0,11240,9300;12020,10560,0,0,0,6980,8660,0,9420,10380,8700,0,10500,8200,11540,9940,10620,10760,0,8460,0,8660,0,8500,9200,0,0,10760,0,12100;8860,10000,12300,0,0,9500,10480,9040,0,10300,9680,0,9460,0,9700,10660,0,0,8220,11940,0,0,10100,0,0,10740,11060,11780,0,0
10
0.1,0.05,0.1,0.05,0.15,0.1,0.25,0.1,0.05,0.05
--Scenarios--
0,50,73,50,0,26,0,74,42,28,72,0,65,0,0,0,0,0,38,0,72,61,77,55,42,0,32,20,67,0;0,0,80,0,0,78,0,40,0,38,0,58,0,32,24,50,64,0,0,0,60,46,80,62,47,52,0,0,79,0;43,0,0,80,73,0,66,44,0,72,71,28,73,62,53,0,0,80,73,29,59,0,0,44,43,27,46,0,25,0;21,0,0,0,25,31,32,36,25,55,25,38,80,56,0,80,52,0,0,64,0,45,63,63,41,0,36,50,64,29;0,0,0,34,0,55,76,0,0,45,0,48,77,0,0,0,56,0,31,0,0,63,0,28,0,36,68,0,39,49;0,0,0,44,31,0,80,37,0,72,0,0,0,0,0,0,41,56,41,0,80,21,0,0,26,80,59,0,77,52;0,0,63,36,0,0,0,0,0,39,26,0,55,0,80,21,71,0,31,31,38,0,25,0,0,36,0,29,0,72;0,0,0,67,80,29,0,0,25,0,31,66,77,0,26,39,0,0,0,0,57,0,39,0,41,0,30,0,0,29;28,77,0,0,0,79,0,0,0,28,27,20,52,0,47,40,76,74,24,0,0,0,25,57,39,51,0,37,30,46;70,0,76,0,47,0,0,32,68,0,80,20,0,68,59,33,0,60,0,76,21,0,0,63,78,64,31,0,0,0;0,60,63,53,0,0,40,0,30,69,0,68,56,53,27,0,45,31,0,39,66,0,69,0,0,70,27,49,50,58;55,80,0,65,0,23,63,0,0,0,0,0,0,42,0,43,0,46,50,0,46,0,27,0,0,65,50,0,0,48;0,20,0,0,26,69,37,0,0,30,52,68,0,54,0,62,23,0,38,0,69,0,80,0,0,0,0,50,42,0;80,0,60,62,0,0,74,35,46,0,0,0,80,0,0,31,29,0,53,30,30,27,0,0,69,80,0,0,0,0;72,0,0,0,65,49,78,0,68,0,50,64,59,0,0,71,79,48,0,35,0,0,70,0,0,35,35,0,65,0;0,0,43,69,75,49,0,53,0,0,0,65,57,37,34,0,69,67,26,0,32,31,0,22,63,37,60,22,22,0;34,0,0,61,64,0,0,55,78,47,20,50,73,53,52,59,0,0,48,68,0,0,65,80,0,80,46,0,0,0;55,0,73,69,0,0,36,0,0,58,35,0,74,20,0,0,38,0,66,0,0,0,0,63,0,62,0,58,44,0;51,29,0,76,63,21,0,27,0,0,62,0,78,27,21,0,30,0,0,0,20,34,73,21,0,49,63,20,0,56;48,30,0,0,0,0,38,0,22,74,0,0,54,0,32,61,42,48,26,0,0,0,26,0,71,74,0,43,68,0;24,52,0,80,0,44,65,80,30,0,55,68,67,52,0,0,28,36,29,0,0,0,20,50,69,43,0,66,0,0;0,25,27,78,0,66,40,72,0,46,0,0,48,52,45,60,74,28,80,77,36,0,0,0,0,56,36,28,77,71;0,0,0,0,66,0,0,43,53,34,44,62,56,55,63,0,71,50,30,35,58,31,0,59,0,73,45,28,56,0;0,0,52,54,20,0,0,0,30,64,48,0,22,30,29,23,0,73,0,56,0,40,0,0,23,76,43,0,80,50;28,49,0,0,0,0,0,0,0,59,66,21,37,0,76,37,0,0,66,46,0,40,39,0,0,79,80,50,29,20;21,61,34,73,0,0,67,47,64,22,73,0,30,49,59,51,65,48,0,0,0,0,0,27,0,0,0,36,65,0;58,0,0,24,69,32,0,0,0,0,35,0,59,0,72,57,30,0,0,32,73,0,0,73,0,0,0,80,27,0;0,0,0,30,0,39,32,33,67,42,30,23,0,77,26,65,0,48,50,60,42,70,55,74,59,0,56,0,80,55;70,52,0,0,0,28,41,0,24,66,66,0,77,27,45,73,51,27,0,66,0,34,0,26,40,0,0,22,0,80;39,77,78,0,0,24,67,28,0,25,21,0,57,0,38,31,0,0,44,51,0,0,48,0,0,71,59,29,0,0
0,32,25,25,0,24,0,27,23,38,27,0,38,0,0,0,0,0,32,0,36,22,20,23,37,0,35,37,31,0;0,0,30,0,0,38,0,20,0,35,0,38,0,40,40,25,39,0,0,0,30,38,34,29,21,30,0,0,30,0;21,0,0,35,20,0,37,37,0,38,35,34,25,22,28,0,0,19,31,20,29,0,0,40,28,33,31,0,21,0;25,0,0,0,24,34,29,37,26,21,38,26,38,28,0,32,29,0,0,29,0,33,22,27,34,0,22,33,23,27;0,0,0,29,0,23,35,0,0,20,0,22,20,0,0,0,31,0,28,0,0,20,0,21,0,31,30,0,39,22;0,0,0,20,35,0,39,26,0,32,0,0,0,0,0,0,27,20,36,0,27,33,0,0,20,40,25,0,38,31;0,0,37,29,0,0,0,0,0,40,33,0,31,0,39,24,23,0,37,30,37,0,38,0,0,21,0,36,0,29;0,0,0,25,31,32,0,0,26,0,27,22,32,0,31,37,0,0,0,0,39,0,40,0,20,0,25,0,0,40;32,21,0,0,0,39,0,0,0,35,28,28,30,0,24,34,23,25,37,0,0,0,25,30,38,23,0,40,20,21;23,0,24,0,31,0,0,22,21,0,29,32,0,33,20,37,0,22,0,35,20,0,0,30,35,40,26,0,0,0;0,33,35,24,0,0,31,0,29,40,0,30,33,37,28,0,23,24,0,32,25,0,31,0,0,28,29,30,21,39;39,35,0,22,0,20,30,0,0,0,0,0,0,38,0,21,0,40,38,0,35,0,23,0,0,40,38,0,0,38;0,35,0,0,22,27,38,0,0,34,22,24,0,33,0,40,40,0,39,0,34,0,29,0,0,0,0,33,22,0;27,0,40,33,0,0,32,36,35,0,0,0,26,0,0,22,24,0,31,16,31,35,0,0,30,21,0,0,0,0;38,0,0,0,32,20,28,0,29,0,20,33,23,0,0,29,28,27,0,22,0,0,31,0,0,30,37,0,20,0;0,0,39,22,21,24,0,32,0,0,0,34,20,21,24,0,31,24,23,0,22,23,0,25,29,34,32,35,31,0;22,0,0,37,40,0,0,27,23,21,27,32,36,40,24,20,0,0,36,26,0,0,27,22,0,36,37,0,0,0;22,0,38,24,0,0,26,0,0,39,34,0,20,22,0,0,20,0,33,0,0,0,0,34,0,39,0,36,33,0;34,23,0,36,20,27,0,27,0,0,22,0,23,33,33,0,35,0,0,0,20,22,22,20,0,36,39,40,0,24;32,32,0,0,0,0,38,0,34,22,0,0,23,0,40,32,23,25,29,0,0,0,30,0,23,33,0,36,21,0;30,21,0,32,0,29,29,22,35,0,33,37,30,40,0,0,33,39,30,0,0,0,26,33,27,24,0,37,0,0;0,37,39,35,0,26,25,20,0,24,0,0,21,37,39,29,21,32,40,26,31,0,0,0,0,38,40,38,23,36;0,0,0,0,35,0,0,32,36,34,25,27,39,36,36,0,40,27,27,23,39,22,0,34,0,40,34,40,27,0;0,0,23,32,20,0,0,0,21,24,35,0,24,35,20,34,0,20,0,40,0,36,0,0,30,24,21,0,20,37;31,38,0,0,0,0,0,0,0,21,22,39,38,0,34,36,0,0,24,20,0,32,19,0,0,22,33,39,32,38;32,40,35,34,0,0,38,28,31,22,31,0,32,20,24,33,34,24,0,0,0,0,0,39,0,0,0,22,36,0;21,0,0,30,33,34,0,0,0,0,32,0,27,0,28,34,24,0,0,32,22,0,0,40,0,0,0,36,29,0;0,0,0,31,0,40,23,24,28,29,21,27,0,32,21,28,0,36,21,33,21,35,35,31,28,0,27,0,39,31;25,21,0,0,0,20,30,0,23,30,20,0,33,26,21,33,20,15,0,30,0,33,0,24,24,0,0,29,0,40;21,38,23,0,0,40,21,36,0,21,22,0,28,0,21,30,0,0,33,21,0,0,20,0,0,21,27,37,0,0
-13,18,0,0,0,0,0,23,19,0,0,0,0,11,0,-4,0,-6,-5,-9,-12,12,-15,0,0,-19,0,0,0,0
------------- End of Scenario k = 0 -------
0,35,27,52,0,23,0,38,69,59,20,0,21,0,0,0,0,0,31,0,80,38,59,47,23,0,57,21,79,0;0,0,62,0,0,36,0,49,0,70,0,72,0,45,23,25,70,0,0,0,72,61,80,52,75,49,0,0,61,0;20,0,0,80,68,0,59,65,0,48,78,28,26,79,56,0,0,80,31,27,67,0,0,25,59,48,47,0,38,0;71,0,0,0,33,21,74,22,57,47,59,45,57,49,0,21,75,0,0,59,0,40,27,28,76,0,28,65,66,33;0,0,0,67,0,65,56,0,0,69,0,31,80,0,0,0,21,0,31,0,0,76,0,47,0,66,24,0,51,58;0,0,0,69,51,0,80,31,0,35,0,0,0,0,0,0,76,26,80,0,80,37,0,0,68,39,33,0,62,69;0,0,78,29,0,0,0,0,0,80,30,0,65,0,37,39,68,0,79,60,71,0,41,0,0,62,0,35,0,51;0,0,0,34,44,74,0,0,62,0,56,44,38,0,42,48,0,0,0,0,66,0,43,0,41,0,27,0,0,72;20,34,0,0,0,21,0,0,0,80,44,68,25,0,72,75,78,29,80,0,0,0,48,39,37,24,0,26,45,65;22,0,61,0,34,0,0,49,33,0,80,23,0,24,73,79,0,75,0,57,21,0,0,48,53,32,29,0,0,0;0,58,73,55,0,0,48,0,73,30,0,80,50,71,76,0,70,80,0,47,80,0,73,0,0,80,60,37,64,68;41,75,0,47,0,46,32,0,0,0,0,0,0,23,0,70,0,67,42,0,72,0,79,0,0,64,79,0,0,30;0,39,0,0,44,58,32,0,0,73,23,71,0,75,0,75,78,0,40,0,23,0,80,0,0,0,0,40,43,0;80,0,49,61,0,0,72,22,41,0,0,0,77,0,0,29,57,0,80,80,35,54,0,0,36,80,0,0,0,0;45,0,0,0,22,25,30,0,66,0,64,26,20,0,0,39,49,60,0,60,0,0,35,0,0,44,80,0,39,0;0,0,44,53,71,20,0,49,0,0,0,69,77,29,52,0,45,45,62,0,24,50,0,32,40,28,29,28,40,0;56,0,0,70,73,0,0,34,67,59,65,32,20,59,47,34,0,0,40,67,0,0,22,59,0,80,61,0,0,0;25,0,70,33,0,0,46,0,0,37,57,0,76,65,0,0,26,0,58,0,0,0,0,70,0,57,0,73,74,0;21,31,0,54,53,66,0,62,0,0,63,0,51,71,53,0,45,0,0,0,26,75,46,80,0,79,44,48,0,66;70,31,0,0,0,0,23,0,45,35,0,0,45,0,38,73,79,32,73,0,0,0,27,0,66,51,0,40,26,0;37,70,0,20,0,68,56,41,33,0,74,34,71,39,0,0,68,45,26,0,0,0,57,54,48,28,0,40,0,0;0,49,49,31,0,62,58,71,0,20,0,0,41,77,80,35,72,79,80,32,34,0,0,0,0,34,79,40,58,73;0,0,0,0,71,0,0,58,28,61,52,36,54,21,61,0,34,61,23,56,28,66,0,59,0,46,56,38,58,0;0,0,22,29,21,0,0,0,24,54,69,0,57,27,60,30,0,54,0,69,0,64,0,0,80,69,61,0,76,33;43,27,0,0,0,0,0,0,0,30,71,60,50,0,53,32,0,0,72,80,0,50,80,0,0,73,80,20,24,70;62,40,28,60,0,0,22,70,59,27,24,0,80,51,48,65,35,56,0,0,0,0,0,72,0,0,0,51,26,0;44,0,0,50,76,53,0,0,0,0,40,0,59,0,35,80,67,0,0,47,72,0,0,37,0,0,0,80,57,0;0,0,0,76,0,67,76,36,77,43,26,60,0,77,77,35,0,64,43,34,44,30,75,31,60,0,80,0,30,24;78,62,0,0,0,25,28,0,39,30,77,0,47,42,77,32,74,80,0,32,0,73,0,80,38,0,0,72,0,62;59,25,28,0,0,52,52,59,0,78,60,0,41,0,62,44,0,0,28,67,0,0,58,0,0,79,77,42,0,0
0,22,30,22,0,34,0,38,39,35,37,0,33,0,0,0,0,0,37,0,30,24,20,24,37,0,23,39,30,0;0,0,26,0,0,25,0,37,0,32,0,27,0,38,23,27,36,0,0,0,33,24,21,28,36,30,0,0,38,0;29,0,0,23,36,0,28,29,0,24,22,32,29,31,40,0,0,22,35,24,31,0,0,35,34,33,30,0,32,0;25,0,0,0,37,35,26,36,33,29,39,37,29,20,0,31,24,0,0,23,0,28,38,22,25,0,24,22,40,22;0,0,0,24,0,30,39,0,0,34,0,25,35,0,0,0,33,0,35,0,0,37,0,25,0,31,21,0,25,22;0,0,0,37,33,0,30,25,0,22,0,0,0,0,0,0,39,25,33,0,32,35,0,0,21,34,24,0,23,24;0,0,22,24,0,0,0,0,0,34,23,0,33,0,37,33,33,0,40,26,39,0,31,0,0,34,0,33,0,21;0,0,0,30,31,37,0,0,28,0,23,34,21,0,40,28,0,0,0,0,34,0,28,0,35,0,27,0,0,27;34,24,0,0,0,34,0,0,0,38,28,39,34,0,31,22,30,29,33,0,0,0,27,28,38,21,0,34,34,38;24,0,36,0,31,0,0,22,27,0,38,26,0,39,27,23,0,37,0,40,38,0,0,23,24,25,22,0,0,0;0,32,24,29,0,0,40,0,31,20,0,16,40,39,29,0,38,31,0,22,21,0,40,0,0,23,40,21,35,22;29,37,0,27,0,29,24,0,0,0,0,0,0,20,0,21,0,20,38,0,22,0,25,0,0,33,38,0,0,27;0,24,0,0,25,26,39,0,0,23,29,27,0,32,0,28,36,0,32,0,40,0,30,0,0,0,0,35,34,0;39,0,29,36,0,0,37,22,38,0,0,0,29,0,0,36,38,0,38,35,38,33,0,0,31,25,0,0,0,0;26,0,0,0,21,35,37,0,25,0,38,34,23,0,0,31,30,39,0,38,0,0,40,0,0,38,28,0,24,0;0,0,30,25,20,30,0,35,0,0,0,32,27,33,35,0,32,33,25,0,36,26,0,25,21,29,23,26,38,0;27,0,0,32,27,0,0,40,28,21,29,39,32,29,26,37,0,0,37,40,0,0,30,32,0,29,24,0,0,0;40,0,39,29,0,0,37,0,0,21,35,0,26,37,0,0,21,0,31,0,0,0,0,22,0,38,0,35,29,0;26,36,0,33,22,35,0,28,0,0,29,0,39,20,35,0,22,0,0,0,29,25,38,34,0,35,21,29,0,22;35,35,0,0,0,0,26,0,36,29,0,0,35,0,40,28,37,32,28,0,0,0,31,0,21,31,0,22,30,0;24,35,0,37,0,31,27,39,33,0,23,34,33,37,0,0,37,32,22,0,0,0,29,27,30,40,0,20,0,0;0,23,32,30,0,29,36,35,0,24,0,0,39,32,38,31,29,36,28,40,22,0,0,0,0,26,22,33,31,35;0,0,0,0,28,0,0,20,21,34,36,35,21,28,25,0,27,21,35,24,33,30,0,32,0,40,30,40,37,0;0,0,27,39,25,0,0,0,34,35,38,0,39,21,21,23,0,28,0,28,0,24,0,0,28,38,36,0,37,31;27,23,0,0,0,0,0,0,0,31,35,20,26,0,35,31,0,0,35,36,0,37,25,0,0,35,21,25,25,23;35,22,28,40,0,0,28,32,37,33,37,0,36,37,40,38,26,27,0,0,0,0,0,32,0,0,0,27,20,0;37,0,0,36,21,32,0,0,0,0,36,0,35,0,24,29,21,0,0,37,39,0,0,26,0,0,0,31,40,0;0,0,0,36,0,23,37,38,40,38,28,20,0,26,27,34,0,21,35,35,25,28,37,38,28,0,32,0,34,30;28,27,0,0,0,22,34,0,26,21,30,0,20,33,38,38,34,32,0,22,0,24,0,39,31,0,0,37,0,23;39,23,38,0,0,39,28,32,0,25,24,0,20,0,33,35,0,0,35,28,0,0,20,0,0,37,25,25,0,0
-8,21,0,0,0,0,0,30,16,0,0,0,0,25,0,-15,0,-14,-18,-4,-40,21,-10,0,0,-4,0,0,0,0
------------- End of Scenario k = 1 -------
0,44,37,60,0,55,0,50,61,55,55,0,36,0,0,0,0,0,56,0,67,61,42,65,27,0,47,41,38,0;0,0,73,0,0,44,0,53,0,28,0,39,0,38,31,65,76,0,0,0,31,31,80,23,53,40,0,0,50,0;78,0,0,80,38,0,78,55,0,44,23,21,22,77,75,0,0,80,57,31,37,0,0,23,68,48,77,0,42,0;24,0,0,0,41,60,37,41,25,68,67,70,65,43,0,80,49,0,0,76,0,37,70,62,52,0,78,52,57,28;0,0,0,39,0,80,26,0,0,73,0,37,28,0,0,0,69,0,40,0,0,22,0,48,0,33,79,0,60,39;0,0,0,67,44,0,80,62,0,45,0,0,0,0,0,0,63,32,80,0,80,62,0,0,62,80,28,0,21,69;0,0,80,26,0,0,0,0,0,34,53,0,32,0,75,36,59,0,75,79,79,0,25,0,0,47,0,50,0,32;0,0,0,47,66,64,0,0,80,0,73,77,58,0,75,52,0,0,0,0,32,0,20,0,32,0,52,0,0,30;34,37,0,0,0,35,0,0,0,52,60,48,80,0,77,50,63,22,73,0,0,0,42,29,79,74,0,54,42,43;22,0,63,0,73,0,0,51,76,0,72,78,0,36,36,24,0,42,0,35,40,0,0,72,51,57,76,0,0,0;0,77,77,54,0,0,31,0,70,39,0,80,59,46,57,0,70,80,0,40,80,0,72,0,0,53,59,65,78,43;80,45,0,80,0,67,76,0,0,0,0,0,0,27,0,28,0,36,32,0,24,0,75,0,0,57,34,0,0,55;0,45,0,0,48,25,45,0,0,56,43,71,0,30,0,64,48,0,57,0,80,0,80,0,0,0,0,62,43,0;80,0,64,40,0,0,69,58,31,0,0,0,80,0,0,74,27,0,51,80,70,77,0,0,21,80,0,0,0,0;53,0,0,0,64,37,77,0,53,0,62,44,45,0,0,52,45,49,0,28,0,0,62,0,0,48,53,0,49,0;0,0,37,69,49,36,0,54,0,0,0,38,52,45,62,0,21,30,39,0,60,33,0,27,63,52,60,33,33,0;69,0,0,37,71,0,0,33,28,69,60,79,43,37,21,52,0,0,66,32,0,0,62,79,0,30,40,0,0,0;21,0,37,53,0,0,53,0,0,67,30,0,49,29,0,0,54,0,56,0,0,0,0,79,0,63,0,69,35,0;77,80,0,57,75,21,0,38,0,0,57,0,39,22,41,0,62,0,0,0,63,64,79,71,0,70,27,42,0,61;72,55,0,0,0,0,31,0,75,56,0,0,71,0,25,33,40,36,46,0,0,0,41,0,54,34,0,33,41,0;52,27,0,26,0,24,53,63,34,0,30,40,75,22,0,0,67,48,40,0,0,0,76,35,56,35,0,53,0,0;0,75,74,55,0,58,29,26,0,38,0,0,24,50,80,31,75,70,46,37,73,0,0,0,0,78,22,37,53,57;0,0,0,0,32,0,0,38,59,24,50,38,69,36,41,0,21,80,79,57,26,57,0,54,0,39,54,48,35,0;0,0,68,69,58,0,0,0,75,49,61,0,66,60,24,80,0,21,0,21,0,40,0,0,59,20,36,0,25,54;77,20,0,0,0,0,0,0,0,38,42,36,53,0,37,56,0,0,29,53,0,49,80,0,0,43,66,30,39,71;51,66,29,41,0,0,75,24,65,25,75,0,79,35,68,20,50,50,0,0,0,0,0,40,0,0,0,45,80,0;80,0,0,27,47,73,0,0,0,0,52,0,78,0,28,79,23,0,0,34,34,0,0,61,0,0,0,80,33,0;0,0,0,28,0,50,61,44,46,33,77,54,0,73,60,76,0,26,70,43,71,23,45,36,59,0,44,0,80,70;38,36,0,0,0,33,63,0,77,66,26,0,58,48,78,20,44,62,0,25,0,31,0,75,25,0,0,59,0,61;67,40,41,0,0,29,32,26,0,57,73,0,79,0,53,24,0,0,42,75,0,0,20,0,0,36,60,48,0,0
0,37,25,36,0,20,0,34,20,23,39,0,33,0,0,0,0,0,29,0,30,35,35,25,39,0,35,23,23,0;0,0,31,0,0,39,0,26,0,26,0,22,0,34,40,38,31,0,0,0,22,40,26,37,31,22,0,0,34,0;35,0,0,35,26,0,20,20,0,27,36,27,22,21,35,0,0,30,29,26,29,0,0,39,35,39,35,0,39,0;20,0,0,0,21,37,24,31,35,30,30,23,22,39,0,17,23,0,0,29,0,34,25,31,38,0,40,30,30,24;0,0,0,35,0,26,25,0,0,40,0,34,22,0,0,0,39,0,34,0,0,27,0,31,0,20,26,0,25,31;0,0,0,34,21,0,35,27,0,25,0,0,0,0,0,0,36,22,31,0,39,38,0,0,28,27,36,0,40,39;0,0,30,39,0,0,0,0,0,33,38,0,23,0,31,38,23,0,40,36,23,0,26,0,0,24,0,31,0,26;0,0,0,34,37,33,0,0,37,0,31,23,38,0,39,38,0,0,0,0,20,0,36,0,20,0,22,0,0,36;26,20,0,0,0,20,0,0,0,39,30,34,28,0,21,25,28,30,37,0,0,0,37,30,20,37,0,39,20,31;20,0,24,0,21,0,0,29,31,0,40,33,0,24,23,24,0,36,0,35,24,0,0,20,31,26,20,0,0,0;0,33,37,27,0,0,37,0,32,21,0,30,35,33,28,0,20,31,0,29,35,0,35,0,0,30,27,31,33,34;40,31,0,29,0,40,26,0,0,0,0,0,0,33,0,35,0,30,28,0,36,0,21,0,0,34,38,0,0,24;0,35,0,0,22,32,37,0,0,31,25,22,0,28,0,25,27,0,35,0,19,0,31,0,0,0,0,20,38,0;14,0,33,30,0,0,27,38,38,0,0,0,32,0,0,20,29,0,34,26,39,34,0,0,22,35,0,0,0,0;40,0,0,0,26,34,27,0,37,0,22,25,34,0,0,27,37,28,0,36,0,0,39,0,0,37,37,0,35,0;0,0,34,26,23,34,0,25,0,0,0,22,37,29,26,0,25,35,40,0,23,27,0,36,35,25,39,21,33,0;37,0,0,24,31,0,0,23,32,34,39,28,21,23,29,29,0,0,35,34,0,0,35,30,0,40,34,0,0,0;38,0,33,37,0,0,28,0,0,32,28,0,38,38,0,0,37,0,24,0,0,0,0,36,0,22,0,22,35,0;26,20,0,23,35,24,0,23,0,0,40,0,34,24,33,0,30,0,0,0,20,33,34,35,0,20,24,24,0,23;26,24,0,0,0,0,40,0,28,39,0,0,31,0,35,27,31,29,36,0,0,0,36,0,26,35,0,23,28,0;37,21,0,31,0,30,33,38,26,0,35,29,26,27,0,0,23,22,31,0,0,0,21,35,36,33,0,30,0,0;0,22,21,31,0,31,25,23,0,39,0,0,30,20,36,39,35,38,38,38,37,0,0,0,0,33,30,38,33,40;0,0,0,0,31,0,0,30,39,32,28,23,34,28,40,0,40,38,34,25,30,23,0,33,0,31,36,24,23,0;0,0,30,26,25,0,0,0,40,33,40,0,35,20,26,36,0,26,0,29,0,29,0,0,22,40,39,0,26,34;23,29,0,0,0,0,0,0,0,38,29,22,33,0,36,35,0,0,29,37,0,34,31,0,0,23,21,27,35,21;29,39,40,31,0,0,38,38,40,21,34,0,22,32,27,21,37,22,0,0,0,0,0,29,0,0,0,40,34,0;40,0,0,32,28,29,0,0,0,0,27,0,26,0,35,30,37,0,0,33,20,0,0,34,0,0,0,25,27,0;0,0,0,23,0,24,32,24,34,40,36,30,0,21,34,39,0,24,36,34,31,31,29,24,28,0,33,0,19,40;27,33,0,0,0,30,30,0,30,24,37,0,37,25,27,30,24,37,0,40,0,22,0,22,23,0,0,34,0,27;30,38,22,0,0,40,31,34,0,32,20,0,30,0,32,31,0,0,22,34,0,0,22,0,0,34,38,40,0,0
-20,12,0,0,0,0,0,17,30,0,0,0,0,11,0,-2,0,-7,-8,-8,-17,19,-15,0,0,-12,0,0,0,0
------------- End of Scenario k = 2 -------
0,64,38,77,0,60,0,63,46,22,43,0,65,0,0,0,0,0,26,0,26,46,31,67,74,0,26,48,61,0;0,0,80,0,0,36,0,79,0,64,0,60,0,33,22,58,56,0,0,0,68,35,60,71,80,29,0,0,57,0;30,0,0,80,49,0,20,59,0,78,23,62,21,53,73,0,0,80,24,41,20,0,0,21,38,34,71,0,32,0;63,0,0,0,31,70,37,55,60,68,22,76,29,42,0,34,50,0,0,63,0,55,71,63,71,0,29,25,76,34;0,0,0,37,0,20,72,0,0,59,0,56,41,0,0,0,72,0,30,0,0,41,0,33,0,76,59,0,46,41;0,0,0,29,39,0,80,27,0,51,0,0,0,0,0,0,69,74,38,0,20,66,0,0,54,60,26,0,50,30;0,0,23,73,0,0,0,0,0,72,26,0,66,0,26,46,39,0,80,24,50,0,72,0,0,42,0,71,0,39;0,0,0,63,80,69,0,0,25,0,70,62,65,0,37,43,0,0,0,0,31,0,79,0,71,0,67,0,0,26;72,61,0,0,0,67,0,0,0,80,51,43,37,0,34,25,20,26,49,0,0,0,69,30,79,54,0,67,40,58;32,0,70,0,69,0,0,44,67,0,27,57,0,21,41,22,0,48,0,80,20,0,0,47,79,32,24,0,0,0;0,72,63,56,0,0,37,0,23,66,0,35,32,65,34,0,45,50,0,78,80,0,29,0,0,55,56,75,24,80;37,39,0,47,0,63,61,0,0,0,0,0,0,29,0,47,0,34,25,0,63,0,73,0,0,56,22,0,0,46;0,77,0,0,26,46,37,0,0,63,45,30,0,53,0,74,58,0,39,0,32,0,69,0,0,0,0,76,38,0;33,0,20,59,0,0,50,74,53,0,0,0,75,0,0,44,62,0,80,28,34,71,0,0,44,31,0,0,0,0;23,0,0,0,50,21,44,0,31,0,23,42,44,0,0,58,80,35,0,39,0,0,77,0,0,40,74,0,70,0;0,0,65,72,57,23,0,68,0,0,0,33,69,41,41,0,61,26,22,0,70,25,0,77,64,71,27,44,22,0;71,0,0,52,31,0,0,76,41,51,23,65,69,25,66,35,0,0,71,62,0,0,43,68,0,65,78,0,0,0;44,0,21,47,0,0,74,0,0,39,21,0,42,58,0,0,35,0,74,0,0,0,0,53,0,36,0,45,20,0;73,54,0,52,66,24,0,71,0,0,38,0,64,61,57,0,39,0,0,0,24,61,55,37,0,64,25,56,0,68;46,72,0,0,0,0,36,0,66,60,0,0,40,0,70,67,43,37,79,0,0,0,35,0,40,41,0,43,45,0;77,69,0,31,0,21,33,36,57,0,54,50,64,39,0,0,47,30,27,0,0,0,27,76,32,29,0,28,0,0;0,59,35,62,0,45,51,69,0,28,0,0,29,65,80,54,73,28,79,64,54,0,0,0,0,53,57,66,40,78;0,0,0,0,57,0,0,60,51,34,75,74,50,78,69,0,68,22,74,63,65,36,0,26,0,42,41,50,50,0;0,0,47,68,30,0,0,0,24,49,77,0,23,68,38,54,0,64,0,64,0,37,0,0,80,50,39,0,40,21;34,20,0,0,0,0,0,0,0,70,24,80,65,0,57,37,0,0,46,80,0,64,59,0,0,36,28,73,22,35;62,52,28,80,0,0,53,64,27,70,76,0,74,42,39,27,61,22,0,0,0,0,0,46,0,0,0,75,50,0;39,0,0,78,60,64,0,0,0,0,38,0,43,0,22,61,35,0,0,40,41,0,0,34,0,0,0,80,36,0;0,0,0,54,0,58,79,26,77,21,77,41,0,47,48,73,0,59,26,76,72,72,80,35,24,0,60,0,43,20;71,27,0,0,0,63,72,0,40,69,26,0,23,73,43,74,80,57,0,39,0,37,0,25,66,0,0,56,0,51;23,57,69,0,0,44,45,39,0,59,53,0,63,0,56,74,0,0,50,76,0,0,57,0,0,32,43,80,0,0
0,32,21,29,0,32,0,29,27,29,21,0,40,0,0,0,0,0,39,0,24,26,34,39,37,0,25,33,26,0;0,0,24,0,0,31,0,31,0,39,0,39,0,23,33,33,33,0,0,0,36,21,29,37,30,31,0,0,26,0;38,0,0,29,34,0,29,30,0,36,33,37,25,24,39,0,0,28,26,32,37,0,0,40,22,37,40,0,31,0;27,0,0,0,31,30,21,30,31,22,40,24,33,31,0,32,26,0,0,29,0,29,20,21,30,0,20,22,36,40;0,0,0,40,0,34,24,0,0,27,0,39,31,0,0,0,29,0,32,0,0,36,0,25,0,22,29,0,33,25;0,0,0,25,26,0,40,30,0,27,0,0,0,0,0,0,39,33,39,0,40,37,0,0,26,37,29,0,20,39;0,0,25,36,0,0,0,0,0,31,34,0,33,0,26,37,31,0,24,33,37,0,37,0,0,36,0,36,0,36;0,0,0,21,37,25,0,0,26,0,30,24,33,0,22,29,0,0,0,0,32,0,28,0,31,0,32,0,0,24;21,21,0,0,0,39,0,0,0,40,29,38,39,0,40,30,30,35,24,0,0,0,35,25,32,35,0,40,37,28;20,0,32,0,21,0,0,24,27,0,35,21,0,40,36,30,0,24,0,31,35,0,0,40,34,28,25,0,0,0;0,36,21,21,0,0,25,0,31,33,0,38,24,38,25,0,27,36,0,31,30,0,35,0,0,29,28,22,37,20;29,34,0,39,0,35,39,0,0,0,0,0,0,35,0,36,0,20,24,0,20,0,21,0,0,20,27,0,0,39;0,24,0,0,33,34,22,0,0,31,28,20,0,34,0,36,34,0,22,0,29,0,32,0,0,0,0,32,38,0;39,0,27,36,0,0,36,26,21,0,0,0,38,0,0,33,29,0,38,33,35,33,0,0,26,28,0,0,0,0;26,0,0,0,27,24,21,0,36,0,35,38,32,0,0,35,36,31,0,38,0,0,40,0,0,40,23,0,20,0;0,0,38,23,31,33,0,36,0,0,0,30,37,23,24,0,29,36,40,0,39,34,0,23,25,35,28,25,21,0;38,0,0,32,24,0,0,37,20,38,30,34,24,21,34,25,0,0,23,24,0,0,31,36,0,32,30,0,0,0;39,0,35,23,0,0,25,0,0,24,37,0,29,39,0,0,27,0,23,0,0,0,0,30,0,22,0,34,27,0;24,28,0,25,22,24,0,36,0,0,26,0,22,36,39,0,26,0,0,0,27,28,37,38,0,34,32,30,0,33;39,30,0,0,0,0,38,0,39,28,0,0,22,0,28,29,36,34,23,0,0,0,29,0,23,36,0,33,25,0;33,25,0,34,0,32,30,29,31,0,39,20,21,26,0,0,36,36,22,0,0,0,34,20,35,29,0,21,0,0;0,25,21,25,0,40,34,32,0,37,0,0,27,21,38,37,27,33,34,31,35,0,0,0,0,25,24,24,29,20;0,0,0,0,32,0,0,24,30,39,24,27,26,37,29,0,20,40,34,36,27,29,0,28,0,37,39,31,38,0;0,0,31,39,22,0,0,0,36,33,27,0,39,36,40,38,0,37,0,34,0,33,0,0,34,22,38,0,34,37;40,29,0,0,0,0,0,0,0,39,36,34,27,0,35,40,0,0,24,29,0,27,35,0,0,22,31,33,37,36;36,33,20,22,0,0,32,27,22,32,23,0,26,38,22,24,29,39,0,0,0,0,0,27,0,0,0,39,31,0;22,0,0,34,33,26,0,0,0,0,34,0,22,0,39,39,31,0,0,31,33,0,0,23,0,0,0,33,31,0;0,0,0,24,0,25,35,25,30,32,27,22,0,22,38,40,0,28,26,39,29,34,35,35,23,0,33,0,35,30;39,24,0,0,0,34,36,0,28,34,34,0,37,25,28,34,33,39,0,29,0,26,0,30,31,0,0,34,0,37;29,20,40,0,0,20,22,40,0,23,27,0,40,0,39,22,0,0,23,40,0,0,36,0,0,39,29,37,0,0
-13,24,0,0,0,0,0,28,23,0,0,0,0,26,0,-24,0,-8,-18,-11,-26,23,-10,0,0,-14,0,0,0,0
------------- End of Scenario k = 3 -------
0,22,29,70,0,67,0,66,61,70,32,0,77,0,0,0,0,0,50,0,33,69,39,68,45,0,55,62,65,0;0,0,51,0,0,65,0,71,0,71,0,59,0,23,46,56,56,0,0,0,76,46,80,44,20,30,0,0,61,0;41,0,0,47,40,0,53,53,0,72,33,78,40,58,54,0,0,43,26,76,72,0,0,63,80,39,41,0,26,0;66,0,0,0,79,51,30,35,32,24,51,59,26,54,0,76,26,0,0,80,0,57,77,42,20,0,26,26,75,44;0,0,0,73,0,80,67,0,0,37,0,47,24,0,0,0,20,0,49,0,0,67,0,67,0,31,79,0,61,58;0,0,0,45,65,0,80,25,0,25,0,0,0,0,0,0,62,40,80,0,80,57,0,0,76,80,58,0,45,56;0,0,72,30,0,0,0,0,0,40,37,0,49,0,34,73,33,0,68,72,80,0,45,0,0,43,0,41,0,37;0,0,0,33,73,31,0,0,30,0,55,75,31,0,65,21,0,0,0,0,58,0,68,0,56,0,45,0,0,31;61,35,0,0,0,73,0,0,0,34,30,25,26,0,73,53,54,48,70,0,0,0,21,58,39,28,0,53,43,60;75,0,50,0,27,0,0,22,46,0,80,69,0,32,25,60,0,46,0,80,72,0,0,25,38,22,31,0,0,0;0,69,78,55,0,0,29,0,20,30,0,65,66,51,62,0,26,80,0,29,42,0,37,0,0,80,73,37,49,25;80,68,0,35,0,43,35,0,0,0,0,0,0,42,0,36,0,64,69,0,70,0,57,0,0,23,29,0,0,51;0,79,0,0,74,27,74,0,0,41,49,80,0,28,0,32,39,0,54,0,80,0,80,0,0,0,0,59,65,0;80,0,38,60,0,0,69,23,48,0,0,0,49,0,0,80,78,0,24,78,25,44,0,0,59,31,0,0,0,0;68,0,0,0,73,22,21,0,38,0,35,43,37,0,0,59,80,47,0,26,0,0,77,0,0,71,22,0,24,0;0,0,54,23,44,53,0,74,0,0,0,66,56,63,43,0,49,30,80,0,25,50,0,26,30,54,59,77,66,0;52,0,0,26,30,0,0,53,74,61,67,41,42,36,44,69,0,0,20,77,0,0,40,80,0,80,71,0,0,0;46,0,68,71,0,0,57,0,0,38,59,0,79,73,0,0,65,0,57,0,0,0,0,74,0,62,0,29,70,0;30,56,0,27,35,51,0,65,0,0,40,0,28,33,59,0,20,0,0,0,49,23,67,56,0,43,22,36,0,42;78,73,0,0,0,0,25,0,45,44,0,0,26,0,72,71,39,26,61,0,0,0,37,0,42,23,0,42,36,0;76,27,0,34,0,27,79,23,23,0,25,40,23,43,0,0,59,43,75,0,0,0,20,53,31,63,0,31,0,0;0,26,67,75,0,79,34,56,0,49,0,0,33,61,25,52,40,64,80,27,80,0,0,0,0,43,61,65,48,22;0,0,0,0,52,0,0,45,66,69,41,23,53,69,24,0,73,53,44,51,32,69,0,51,0,56,69,46,60,0;0,0,54,35,57,0,0,0,35,46,38,0,80,31,44,80,0,51,0,61,0,51,0,0,63,61,43,0,74,54;78,53,0,0,0,0,0,0,0,35,78,67,65,0,31,49,0,0,44,80,0,60,80,0,0,51,80,57,73,29;36,70,64,36,0,0,33,46,56,32,72,0,45,67,73,60,22,52,0,0,0,0,0,74,0,0,0,27,70,0;80,0,0,62,75,22,0,0,0,0,55,0,43,0,62,54,25,0,0,55,74,0,0,63,0,0,0,80,58,0;0,0,0,41,0,62,55,58,71,58,30,42,0,45,27,59,0,47,49,76,64,77,36,38,79,0,72,0,80,31;23,68,0,0,0,24,38,0,63,30,28,0,68,35,55,42,66,65,0,63,0,68,0,23,43,0,0,52,0,66;26,33,62,0,0,78,23,61,0,51,24,0,30,0,42,74,0,0,52,56,0,0,61,0,0,69,52,54,0,0
0,27,30,29,0,20,0,34,30,23,30,0,28,0,0,0,0,0,20,0,28,30,22,34,39,0,29,28,29,0;0,0,34,0,0,27,0,35,0,29,0,24,0,22,40,22,30,0,0,0,20,39,23,39,22,29,0,0,34,0;25,0,0,15,24,0,27,37,0,30,20,40,35,22,36,0,0,23,39,24,26,0,0,30,33,31,39,0,35,0;29,0,0,0,21,30,23,33,35,34,37,23,28,27,0,21,32,0,0,37,0,31,38,21,38,0,39,33,25,34;0,0,0,33,0,33,25,0,0,40,0,35,37,0,0,0,34,0,27,0,0,22,0,37,0,32,37,0,33,40;0,0,0,36,25,0,35,36,0,37,0,0,0,0,0,0,35,25,34,0,32,23,0,0,35,40,38,0,32,34;0,0,20,36,0,0,0,0,0,38,20,0,23,0,32,37,39,0,28,34,34,0,20,0,0,36,0,20,0,28;0,0,0,40,40,39,0,0,26,0,30,22,31,0,36,22,0,0,0,0,39,0,36,0,21,0,31,0,0,26;30,37,0,0,0,25,0,0,0,34,24,37,30,0,25,21,34,20,39,0,0,0,30,26,40,21,0,23,26,40;35,0,25,0,22,0,0,26,31,0,38,27,0,33,29,22,0,22,0,12,34,0,0,39,40,37,28,0,0,0;0,33,38,23,0,0,38,0,35,34,0,27,26,37,24,0,34,21,0,31,14,0,40,0,0,26,35,40,39,36;36,23,0,22,0,21,35,0,0,0,0,0,0,35,0,32,0,23,29,0,30,0,35,0,0,32,29,0,0,35;0,30,0,0,20,32,21,0,0,33,25,24,0,23,0,23,20,0,32,0,30,0,28,0,0,0,0,36,40,0;35,0,35,39,0,0,37,25,21,0,0,0,36,0,0,31,30,0,29,38,36,32,0,0,34,39,0,0,0,0;24,0,0,0,38,20,25,0,25,0,38,31,33,0,0,30,39,24,0,39,0,0,29,0,0,33,25,0,28,0;0,0,24,25,40,36,0,34,0,0,0,26,33,37,31,0,30,35,35,0,22,40,0,33,33,22,26,36,29,0;32,0,0,20,27,0,0,34,21,23,37,36,38,22,31,27,0,0,36,31,0,0,39,34,0,25,20,0,0,0;28,0,21,36,0,0,39,0,0,24,20,0,30,36,0,0,36,0,20,0,0,0,0,29,0,21,0,40,29,0;35,37,0,28,38,22,0,39,0,0,27,0,25,38,34,0,24,0,0,0,32,33,23,37,0,28,38,39,0,24;37,23,0,0,0,0,32,0,35,23,0,0,39,0,35,24,27,37,26,0,0,0,22,0,31,20,0,36,30,0;25,40,0,25,0,29,32,33,22,0,24,23,39,36,0,0,34,40,21,0,0,0,24,20,35,22,0,24,0,0;0,36,37,29,0,30,25,30,0,35,0,0,40,33,28,37,29,20,28,38,31,0,0,0,0,40,28,36,21,22;0,0,0,0,32,0,0,20,27,38,30,33,27,26,25,0,32,36,29,32,23,24,0,36,0,26,23,37,25,0;0,0,24,34,22,0,0,0,36,37,38,0,21,40,20,29,0,37,0,29,0,28,0,0,29,24,26,0,32,39;40,30,0,0,0,0,0,0,0,26,35,32,24,0,38,25,0,0,35,23,0,28,36,0,0,20,25,36,24,31;22,22,25,40,0,0,38,37,21,23,20,0,29,34,34,25,37,38,0,0,0,0,0,28,0,0,0,37,39,0;35,0,0,31,23,39,0,0,0,0,39,0,25,0,35,38,31,0,0,35,23,0,0,33,0,0,0,29,35,0;0,0,0,24,0,33,39,32,40,25,26,27,0,37,28,23,0,20,40,38,25,34,34,31,28,0,40,0,25,20;40,32,0,0,0,30,26,0,22,27,27,0,31,21,22,31,20,26,0,40,0,31,0,32,32,0,0,32,0,23;38,35,36,0,0,39,32,27,0,38,30,0,40,0,28,26,0,0,33,36,0,0,27,0,0,32,27,29,0,0
-4,15,0,0,0,0,0,23,10,0,0,0,0,28,0,-17,0,-9,-15,-8,-19,22,-14,0,0,-12,0,0,0,0
------------- End of Scenario k = 4 -------
0,26,38,49,0,38,0,79,31,49,35,0,48,0,0,0,0,0,72,0,75,40,79,62,77,0,63,56,24,0;0,0,80,0,0,76,0,47,0,59,0,26,0,32,58,61,55,0,0,0,31,77,80,27,46,22,0,0,37,0;67,0,0,34,47,0,79,40,0,29,59,21,60,43,30,0,0,80,34,38,43,0,0,27,56,43,59,0,77,0;43,0,0,0,61,58,76,44,62,55,56,68,20,40,0,80,22,0,0,45,0,43,48,32,40,0,36,76,35,36;0,0,0,74,0,80,72,0,0,77,0,55,79,0,0,0,64,0,55,0,0,53,0,70,0,30,25,0,69,72;0,0,0,47,43,0,80,25,0,63,0,0,0,0,0,0,80,57,80,0,59,32,0,0,70,65,50,0,33,38;0,0,46,80,0,0,0,0,0,64,30,0,51,0,43,47,45,0,71,61,71,0,80,0,0,51,0,53,0,78;0,0,0,33,34,66,0,0,63,0,22,42,70,0,39,22,0,0,0,0,61,0,44,0,43,0,48,0,0,32;67,41,0,0,0,64,0,0,0,25,68,44,33,0,44,35,49,37,25,0,0,0,65,44,80,23,0,73,59,23;61,0,80,0,26,0,0,36,79,0,80,32,0,28,28,31,0,28,0,40,61,0,0,64,77,53,23,0,0,0;0,67,21,69,0,0,28,0,40,39,0,80,22,72,76,0,79,49,0,69,21,0,26,0,0,25,51,50,72,32;80,34,0,43,0,44,49,0,0,0,0,0,0,43,0,75,0,23,32,0,66,0,43,0,0,75,50,0,0,48;0,43,0,0,75,73,66,0,0,54,26,47,0,39,0,68,52,0,60,0,31,0,72,0,0,0,0,50,37,0;80,0,70,25,0,0,75,39,46,0,0,0,80,0,0,45,72,0,80,80,37,25,0,0,49,80,0,0,0,0;24,0,0,0,59,44,28,0,33,0,64,52,60,0,0,66,31,55,0,52,0,0,39,0,0,48,51,0,42,0;0,0,51,23,63,70,0,77,0,0,0,80,58,21,33,0,47,49,58,0,41,78,0,36,55,48,60,36,47,0;75,0,0,54,70,0,0,31,68,73,48,62,64,26,64,65,0,0,55,60,0,0,64,30,0,80,47,0,0,0;74,0,76,69,0,0,55,0,0,44,36,0,40,47,0,0,66,0,45,0,0,0,0,43,0,29,0,33,27,0;66,29,0,64,40,53,0,49,0,0,35,0,40,30,71,0,59,0,0,0,79,53,21,71,0,23,71,62,0,55;60,55,0,0,0,0,69,0,63,78,0,0,76,0,28,75,35,52,65,0,0,0,46,0,47,51,0,20,45,0;65,32,0,50,0,61,57,80,48,0,22,20,33,77,0,0,25,38,41,0,0,0,38,45,35,53,0,59,0,0;0,67,34,60,0,77,33,42,0,65,0,0,60,72,80,54,49,60,33,73,80,0,0,0,0,79,28,50,24,25;0,0,0,0,56,0,0,45,77,44,26,52,30,36,61,0,49,71,76,61,60,80,0,35,0,77,66,38,54,0;0,0,35,70,57,0,0,0,77,24,45,0,38,53,23,38,0,39,0,61,0,70,0,0,65,51,48,0,52,28;49,73,0,0,0,0,0,0,0,36,72,69,36,0,38,40,0,0,47,80,0,52,80,0,0,65,34,42,68,48;74,35,22,68,0,0,42,77,58,71,48,0,71,50,28,20,57,30,0,0,0,0,0,68,0,0,0,62,77,0;68,0,0,50,35,24,0,0,0,0,33,0,40,0,71,40,46,0,0,55,65,0,0,54,0,0,0,80,67,0;0,0,0,25,0,46,54,53,54,67,80,65,0,38,25,29,0,35,37,26,55,78,34,76,60,0,62,0,80,75;73,60,0,0,0,32,28,0,55,76,26,0,36,48,59,41,38,28,0,63,0,33,0,23,30,0,0,80,0,80;21,73,74,0,0,34,72,51,0,68,57,0,28,0,33,23,0,0,20,45,0,0,72,0,0,33,41,65,0,0
0,34,32,27,0,28,0,24,39,29,35,0,27,0,0,0,0,0,33,0,38,36,27,22,32,0,35,23,28,0;0,0,32,0,0,32,0,30,0,40,0,32,0,37,34,32,27,0,0,0,40,37,33,20,35,25,0,0,29,0;22,0,0,34,33,0,24,30,0,28,28,23,21,24,30,0,0,31,29,35,36,0,0,37,25,24,38,0,40,0;22,0,0,0,27,40,24,36,24,23,23,25,32,37,0,33,27,0,0,24,0,36,28,25,36,0,26,39,33,22;0,0,0,40,0,38,26,0,0,25,0,36,22,0,0,0,37,0,40,0,0,24,0,22,0,26,27,0,27,36;0,0,0,31,37,0,37,36,0,24,0,0,0,0,0,0,35,38,19,0,21,33,0,0,25,19,29,0,28,30;0,0,38,27,0,0,0,0,0,28,20,0,28,0,29,22,39,0,26,38,22,0,39,0,0,26,0,34,0,22;0,0,0,20,33,31,0,0,23,0,21,26,39,0,29,38,0,0,0,0,20,0,33,0,26,0,20,0,0,20;34,37,0,0,0,38,0,0,0,40,39,38,36,0,36,38,35,25,35,0,0,0,38,39,38,20,0,34,27,22;40,0,36,0,33,0,0,34,40,0,39,20,0,40,37,32,0,30,0,25,33,0,0,31,29,30,26,0,0,0;0,20,36,40,0,0,27,0,31,30,0,30,38,30,31,0,40,26,0,29,36,0,27,0,0,26,25,33,37,37;29,21,0,35,0,23,31,0,0,0,0,0,0,33,0,27,0,29,35,0,28,0,35,0,0,37,39,0,0,22;0,34,0,0,24,23,20,0,0,39,21,38,0,34,0,29,20,0,21,0,29,0,35,0,0,0,0,24,29,0;27,0,36,31,0,0,33,40,36,0,0,0,39,0,0,34,27,0,26,31,22,36,0,0,20,34,0,0,0,0;24,0,0,0,30,30,31,0,36,0,20,25,38,0,0,27,36,27,0,33,0,0,40,0,0,21,21,0,38,0;0,0,29,22,33,36,0,33,0,0,0,39,37,34,26,0,30,39,31,0,24,34,0,40,34,26,23,39,24,0;22,0,0,22,40,0,0,30,22,25,38,23,20,29,36,32,0,0,27,37,0,0,40,40,0,29,28,0,0,0;31,0,31,24,0,0,20,0,0,32,34,0,25,30,0,0,34,0,40,0,0,0,0,28,0,26,0,22,38,0;36,34,0,35,33,34,0,40,0,0,32,0,35,38,20,0,21,0,0,0,28,31,20,35,0,29,34,20,0,21;26,31,0,0,0,0,23,0,34,32,0,0,26,0,37,27,26,20,26,0,0,0,32,0,22,33,0,21,23,0;39,20,0,39,0,30,38,34,24,0,36,36,25,33,0,0,35,20,27,0,0,0,30,39,34,39,0,28,0,0;0,29,22,25,0,29,24,39,0,20,0,0,31,35,34,20,33,31,26,31,36,0,0,0,0,30,31,28,40,24;0,0,0,0,21,0,0,39,36,20,20,27,28,30,26,0,24,21,39,20,35,23,0,29,0,40,22,31,25,0;0,0,34,24,29,0,0,0,26,36,31,0,25,39,32,32,0,30,0,22,0,31,0,0,34,26,28,0,28,29;26,23,0,0,0,0,0,0,0,36,31,25,24,0,20,20,0,0,31,31,0,30,28,0,0,34,34,33,20,26;24,22,25,27,0,0,29,28,40,26,40,0,20,30,39,21,23,35,0,0,0,0,0,35,0,0,0,38,39,0;26,0,0,31,37,31,0,0,0,0,20,0,39,0,29,36,33,0,0,27,24,0,0,38,0,0,0,33,37,0;0,0,0,20,0,34,29,21,23,33,29,33,0,27,34,23,0,39,37,20,31,37,31,31,35,0,32,0,34,35;31,28,0,0,0,20,31,0,25,31,21,0,29,31,25,33,39,38,0,40,0,32,0,20,22,0,0,33,0,28;31,26,40,0,0,27,36,35,0,20,35,0,21,0,40,37,0,0,29,29,0,0,37,0,0,33,39,38,0,0
-7,25,0,0,0,0,0,19,22,0,0,0,0,18,0,-4,0,-7,-26,-10,-15,25,-23,0,0,-17,0,0,0,0
------------- End of Scenario k = 5 -------
0,36,38,76,0,41,0,30,48,61,75,0,43,0,0,0,0,0,47,0,50,71,45,55,35,0,80,37,48,0;0,0,80,0,0,57,0,65,0,60,0,37,0,51,62,75,77,0,0,0,51,52,80,36,20,41,0,0,72,0;52,0,0,80,26,0,58,22,0,30,64,54,47,70,27,0,0,69,37,77,75,0,0,23,67,20,75,0,69,0;74,0,0,0,51,47,33,50,56,20,40,21,68,63,0,32,29,0,0,25,0,34,66,40,79,0,34,23,41,71;0,0,0,67,0,22,60,0,0,48,0,35,41,0,0,0,43,0,76,0,0,40,0,59,0,33,53,0,68,48;0,0,0,27,33,0,80,31,0,43,0,0,0,0,0,0,77,33,80,0,70,54,0,0,42,80,27,0,48,72;0,0,33,28,0,0,0,0,0,63,22,0,78,0,73,78,67,0,52,46,80,0,38,0,0,21,0,55,0,41;0,0,0,28,80,60,0,0,79,0,68,59,66,0,74,72,0,0,0,0,63,0,74,0,23,0,43,0,0,34;27,71,0,0,0,78,0,0,0,68,60,56,78,0,23,59,77,49,49,0,0,0,53,37,39,20,0,44,21,73;47,0,23,0,74,0,0,34,54,0,28,48,0,25,27,35,0,47,0,80,73,0,0,62,75,69,42,0,0,0;0,68,20,54,0,0,20,0,62,27,0,80,50,31,80,0,63,80,0,42,78,0,45,0,0,80,21,29,62,38;80,79,0,44,0,47,50,0,0,0,0,0,0,50,0,53,0,74,71,0,24,0,33,0,0,50,57,0,0,22;0,31,0,0,48,68,50,0,0,63,67,47,0,40,0,61,49,0,64,0,50,0,80,0,0,0,0,50,56,0;51,0,67,65,0,0,26,56,42,0,0,0,80,0,0,67,65,0,80,64,76,71,0,0,73,78,0,0,0,0;23,0,0,0,64,38,71,0,25,0,44,56,62,0,0,29,46,38,0,23,0,0,67,0,0,53,33,0,47,0;0,0,43,34,46,21,0,52,0,0,0,77,54,67,31,0,21,51,42,0,61,30,0,72,33,52,74,56,40,0;44,0,0,76,20,0,0,36,60,36,32,38,36,69,52,39,0,0,46,41,0,0,66,80,0,31,24,0,0,0;78,0,53,67,0,0,34,0,0,51,54,0,39,33,0,0,42,0,52,0,0,0,0,78,0,63,0,70,31,0;60,20,0,45,31,72,0,56,0,0,79,0,76,35,32,0,56,0,0,0,28,44,52,36,0,38,52,21,0,29;37,30,0,0,0,0,45,0,52,26,0,0,20,0,52,26,71,62,51,0,0,0,30,0,62,22,0,33,72,0;60,41,0,75,0,71,24,48,45,0,68,21,54,76,0,0,53,50,46,0,0,0,72,63,46,66,0,64,0,0;0,77,52,41,0,49,80,43,0,62,0,0,26,30,80,32,62,55,22,51,59,0,0,0,0,30,30,28,22,32;0,0,0,0,69,0,0,25,52,61,72,26,34,46,45,0,67,26,57,38,59,35,0,29,0,68,76,66,48,0;0,0,26,65,39,0,0,0,43,30,33,0,32,58,27,80,0,43,0,24,0,39,0,0,80,34,37,0,45,22;29,47,0,0,0,0,0,0,0,39,64,29,57,0,75,69,0,0,65,80,0,72,57,0,0,77,60,68,34,44;65,40,32,65,0,0,31,31,68,40,21,0,22,72,25,80,48,28,0,0,0,0,0,46,0,0,0,54,45,0;60,0,0,50,58,77,0,0,0,0,59,0,64,0,22,55,56,0,0,30,75,0,0,36,0,0,0,80,63,0;0,0,0,30,0,63,72,23,66,67,30,25,0,73,24,37,0,57,56,49,37,43,70,32,59,0,64,0,80,35;71,42,0,0,0,40,32,0,45,67,51,0,47,46,63,68,56,80,0,45,0,56,0,58,44,0,0,51,0,80;45,46,77,0,0,26,72,78,0,38,40,0,53,0,57,72,0,0,24,59,0,0,68,0,0,21,58,47,0,0
0,36,24,28,0,31,0,31,30,40,40,0,36,0,0,0,0,0,34,0,37,21,38,29,25,0,28,36,25,0;0,0,32,0,0,33,0,40,0,34,0,39,0,30,29,35,37,0,0,0,37,33,30,30,29,37,0,0,20,0;36,0,0,27,20,0,39,24,0,30,33,31,25,20,22,0,0,22,36,29,28,0,0,29,33,39,34,0,28,0;20,0,0,0,32,26,21,33,24,37,22,20,35,33,0,30,22,0,0,37,0,20,33,34,23,0,24,29,33,34;0,0,0,34,0,24,30,0,0,34,0,31,25,0,0,0,40,0,38,0,0,35,0,36,0,25,36,0,40,23;0,0,0,24,22,0,30,37,0,26,0,0,0,0,0,0,24,35,32,0,20,37,0,0,30,18,38,0,25,31;0,0,33,40,0,0,0,0,0,22,40,0,36,0,25,33,22,0,22,38,36,0,35,0,0,32,0,20,0,38;0,0,0,30,18,31,0,0,25,0,25,31,22,0,40,22,0,0,0,0,31,0,20,0,21,0,40,0,0,34;27,27,0,0,0,40,0,0,0,33,25,40,34,0,31,20,29,29,23,0,0,0,33,23,38,32,0,32,31,36;37,0,38,0,29,0,0,32,35,0,40,33,0,36,36,20,0,27,0,28,34,0,0,22,20,35,28,0,0,0;0,30,40,29,0,0,25,0,30,28,0,38,24,39,38,0,32,31,0,38,31,0,27,0,0,38,24,38,33,37;38,33,0,36,0,31,25,0,0,0,0,0,0,28,0,22,0,24,28,0,28,0,30,0,0,32,35,0,0,27;0,34,0,0,32,34,29,0,0,31,33,32,0,25,0,36,39,0,37,0,22,0,39,0,0,0,0,39,32,0;22,0,30,24,0,0,32,31,35,0,0,0,25,0,0,16,30,0,33,25,40,23,0,0,21,35,0,0,0,0;23,0,0,0,39,39,26,0,22,0,32,39,26,0,0,27,22,21,0,29,0,0,21,0,0,40,39,0,29,0;0,0,24,29,32,40,0,26,0,0,0,26,38,26,29,0,38,33,20,0,20,32,0,28,35,36,31,22,30,0;35,0,0,32,20,0,0,27,36,27,34,38,25,28,40,33,0,0,40,34,0,0,40,25,0,15,32,0,0,0;20,0,31,35,0,0,40,0,0,22,36,0,32,22,0,0,24,0,22,0,0,0,0,39,0,35,0,34,40,0;38,36,0,39,23,33,0,31,0,0,30,0,21,35,24,0,20,0,0,0,37,20,36,40,0,34,29,21,0,33;32,38,0,0,0,0,27,0,30,31,0,0,39,0,34,29,26,25,31,0,0,0,34,0,32,37,0,29,23,0;31,30,0,32,0,37,31,39,39,0,21,32,28,31,0,0,24,25,38,0,0,0,25,22,39,22,0,27,0,0;0,35,34,39,0,39,38,30,0,33,0,0,28,36,40,33,29,32,27,35,22,0,0,0,0,37,27,31,28,38;0,0,0,0,32,0,0,38,31,25,36,37,25,32,29,0,40,32,39,32,40,24,0,27,0,27,31,21,31,0;0,0,20,25,37,0,0,0,30,24,27,0,39,20,22,23,0,39,0,23,0,25,0,0,19,24,30,0,28,34;33,40,0,0,0,0,0,0,0,34,34,38,34,0,33,20,0,0,27,36,0,26,29,0,0,22,16,22,25,38;37,38,20,39,0,0,25,29,31,31,24,0,29,38,36,29,20,26,0,0,0,0,0,21,0,0,0,20,40,0;20,0,0,25,22,37,0,0,0,0,39,0,25,0,40,30,31,0,0,29,31,0,0,25,0,0,0,14,28,0;0,0,0,25,0,36,32,32,26,34,35,22,0,40,23,22,0,20,31,37,35,25,29,32,26,0,27,0,17,39;38,30,0,0,0,33,40,0,30,25,35,0,20,24,20,34,22,27,0,24,0,40,0,38,20,0,0,29,0,33;36,22,20,0,0,39,25,23,0,34,24,0,34,0,26,30,0,0,34,27,0,0,35,0,0,29,35,36,0,0
-2,20,0,0,0,0,0,17,27,0,0,0,0,10,0,-5,0,-26,-7,-5,-23,12,-4,0,0,-14,0,0,0,0
------------- End of Scenario k = 6 -------
0,24,73,67,0,61,0,30,64,67,32,0,62,0,0,0,0,0,73,0,35,40,44,68,70,0,69,67,71,0;0,0,80,0,0,39,0,51,0,29,0,54,0,74,22,60,64,0,0,0,68,29,68,27,40,56,0,0,42,0;71,0,0,66,42,0,35,39,0,71,50,39,35,78,75,0,0,80,46,48,38,0,0,44,79,65,27,0,74,0;32,0,0,0,22,36,53,55,43,80,35,33,69,78,0,80,68,0,0,22,0,48,64,22,47,0,37,36,43,68;0,0,0,51,0,80,44,0,0,27,0,64,77,0,0,0,74,0,68,0,0,24,0,80,0,74,40,0,70,39;0,0,0,27,77,0,80,78,0,78,0,0,0,0,0,0,53,69,80,0,68,50,0,0,48,63,32,0,74,71;0,0,38,57,0,0,0,0,0,47,40,0,69,0,35,75,51,0,73,72,35,0,38,0,0,76,0,56,0,34;0,0,0,31,80,65,0,0,77,0,40,54,48,0,61,65,0,0,0,0,54,0,65,0,67,0,71,0,0,64;40,74,0,0,0,24,0,0,0,80,59,53,37,0,67,31,75,56,76,0,0,0,77,28,52,70,0,41,75,31;61,0,47,0,48,0,0,45,38,0,80,22,0,44,22,32,0,37,0,24,51,0,0,73,21,32,53,0,0,0;0,76,49,35,0,0,78,0,26,32,0,80,43,23,20,0,27,53,0,74,80,0,78,0,0,54,47,61,38,80;31,66,0,41,0,48,72,0,0,0,0,0,0,40,0,73,0,79,29,0,21,0,59,0,0,45,31,0,0,61;0,78,0,0,25,60,21,0,0,38,66,72,0,29,0,33,26,0,40,0,50,0,80,0,0,0,0,76,43,0;60,0,44,21,0,0,27,60,65,0,0,0,80,0,0,80,35,0,31,73,57,56,0,0,65,68,0,0,0,0;32,0,0,0,69,28,33,0,72,0,42,35,52,0,0,38,59,74,0,24,0,0,43,0,0,25,62,0,60,0;0,0,77,71,55,78,0,39,0,0,0,56,28,31,32,0,37,54,30,0,62,74,0,31,60,67,71,59,41,0;24,0,0,69,40,0,0,67,55,37,37,58,60,55,68,30,0,0,72,45,0,0,24,57,0,80,40,0,0,0;41,0,33,60,0,0,21,0,0,66,74,0,28,31,0,0,40,0,28,0,0,0,0,48,0,60,0,54,35,0;57,60,0,41,74,80,0,56,0,0,20,0,69,45,65,0,42,0,0,0,47,34,46,64,0,51,38,53,0,39;67,21,0,0,0,0,45,0,55,30,0,0,49,0,75,73,71,79,78,0,0,0,47,0,39,68,0,63,53,0;39,68,0,28,0,68,32,30,67,0,54,34,80,42,0,0,56,38,30,0,0,0,31,58,43,20,0,77,0,0;0,44,32,20,0,59,74,50,0,72,0,0,69,31,80,37,40,23,80,28,80,0,0,0,0,78,41,63,70,70;0,0,0,0,78,0,0,68,64,28,73,62,80,61,26,0,59,38,34,26,50,45,0,73,0,22,64,39,79,0;0,0,20,67,22,0,0,0,76,51,58,0,75,21,79,66,0,33,0,66,0,25,0,0,28,79,45,0,43,78;50,74,0,0,0,0,0,0,0,50,78,59,51,0,64,80,0,0,40,80,0,22,80,0,0,24,80,66,69,69;40,49,26,35,0,0,41,33,53,21,57,0,39,31,53,44,22,74,0,0,0,0,0,33,0,0,0,22,76,0;24,0,0,58,38,65,0,0,0,0,33,0,57,0,37,28,59,0,0,48,63,0,0,59,0,0,0,80,67,0;0,0,0,78,0,52,60,44,30,73,61,77,0,56,49,61,0,72,71,48,41,69,80,29,69,0,23,0,20,45;80,62,0,0,0,32,47,0,41,31,39,0,61,21,59,39,55,33,0,33,0,23,0,29,63,0,0,37,0,31;69,69,57,0,0,61,38,31,0,66,58,0,29,0,56,73,0,0,43,39,0,0,34,0,0,76,50,74,0,0
0,24,23,28,0,40,0,39,39,21,28,0,22,0,0,0,0,0,21,0,24,23,31,37,28,0,23,39,29,0;0,0,40,0,0,36,0,33,0,39,0,33,0,23,31,31,37,0,0,0,33,28,32,30,32,33,0,0,31,0;22,0,0,37,31,0,36,23,0,40,22,26,39,33,23,0,0,34,37,33,27,0,0,32,25,26,22,0,22,0;27,0,0,0,34,26,38,34,30,23,40,29,34,38,0,37,26,0,0,22,0,21,40,29,34,0,27,34,29,27;0,0,0,33,0,29,28,0,0,30,0,34,39,0,0,0,37,0,22,0,0,23,0,38,0,36,33,0,25,34;0,0,0,31,21,0,40,20,0,22,0,0,0,0,0,0,35,37,40,0,27,40,0,0,30,33,35,0,30,31;0,0,25,26,0,0,0,0,0,36,36,0,22,0,25,29,25,0,36,36,30,0,33,0,0,39,0,28,0,21;0,0,0,33,31,33,0,0,38,0,38,33,34,0,21,36,0,0,0,0,36,0,21,0,32,0,30,0,0,26;33,23,0,0,0,33,0,0,0,18,30,39,38,0,40,31,20,20,23,0,0,0,31,39,22,35,0,20,21,27;20,0,23,0,39,0,0,34,27,0,38,26,0,27,27,23,0,21,0,15,37,0,0,27,20,27,34,0,0,0;0,39,37,40,0,0,36,0,35,29,0,38,29,29,35,0,38,26,0,33,34,0,30,0,0,37,33,29,35,30;26,28,0,34,0,27,39,0,0,0,0,0,0,24,0,26,0,38,22,0,39,0,34,0,0,28,30,0,0,21;0,35,0,0,32,30,26,0,0,36,31,31,0,31,0,26,23,0,26,0,40,0,27,0,0,0,0,24,33,0;17,0,26,37,0,0,28,26,28,0,0,0,23,0,0,28,27,0,26,23,27,36,0,0,25,26,0,0,0,0;32,0,0,0,22,37,25,0,28,0,35,31,40,0,0,22,24,38,0,26,0,0,26,0,0,33,21,0,33,0;0,0,24,20,29,26,0,27,0,0,0,20,36,22,38,0,26,22,37,0,20,20,0,31,27,40,35,37,22,0;31,0,0,31,38,0,0,26,29,39,34,38,25,32,38,33,0,0,35,32,0,0,36,29,0,21,38,0,0,0;22,0,34,24,0,0,25,0,0,23,26,0,40,39,0,0,30,0,22,0,0,0,0,22,0,29,0,39,33,0;29,25,0,37,33,39,0,23,0,0,20,0,27,34,27,0,20,0,0,0,31,24,29,38,0,25,33,24,0,38;20,20,0,0,0,0,28,0,25,26,0,0,38,0,35,31,20,21,24,0,0,0,23,0,30,32,0,40,34,0;22,35,0,37,0,38,23,23,34,0,25,20,29,38,0,0,31,25,39,0,0,0,24,33,37,35,0,25,0,0;0,31,32,29,0,23,26,34,0,35,0,0,32,36,14,29,40,37,11,23,34,0,0,0,0,27,26,38,40,31;0,0,0,0,36,0,0,27,31,29,31,26,23,29,25,0,39,26,30,20,34,20,0,27,0,38,22,24,35,0;0,0,39,20,31,0,0,0,28,25,34,0,25,37,30,36,0,40,0,23,0,22,0,0,20,34,29,0,26,23;33,27,0,0,0,0,0,0,0,27,40,27,34,0,30,38,0,0,37,35,0,32,35,0,0,37,22,25,34,27;34,28,27,27,0,0,22,38,28,27,26,0,39,24,34,39,26,33,0,0,0,0,0,23,0,0,0,25,31,0;32,0,0,36,25,32,0,0,0,0,21,0,22,0,25,35,28,0,0,37,25,0,0,23,0,0,0,28,25,0;0,0,0,39,0,25,37,28,30,25,35,26,0,30,23,28,0,26,35,31,34,24,36,29,25,0,35,0,28,28;32,25,0,0,0,22,30,0,31,26,36,0,31,31,38,24,25,28,0,28,0,21,0,34,27,0,0,36,0,39;40,35,25,0,0,21,30,21,0,29,39,0,31,0,34,39,0,0,40,36,0,0,29,0,0,27,34,29,0,0
-4,29,0,0,0,0,0,25,15,0,0,0,0,17,0,-7,0,-12,-13,-10,-9,11,-21,0,0,-21,0,0,0,0
------------- End of Scenario k = 7 -------
0,28,73,50,0,53,0,32,29,51,55,0,37,0,0,0,0,0,28,0,67,24,57,58,79,0,74,37,37,0;0,0,80,0,0,68,0,75,0,78,0,80,0,34,36,74,48,0,0,0,34,56,52,44,65,31,0,0,71,0;58,0,0,80,74,0,43,30,0,70,54,69,55,37,32,0,0,49,76,40,57,0,0,37,79,56,40,0,69,0;69,0,0,0,21,69,38,21,43,21,53,75,56,75,0,80,33,0,0,68,0,75,57,24,51,0,62,22,40,58;0,0,0,21,0,80,30,0,0,35,0,79,29,0,0,0,39,0,62,0,0,79,0,26,0,56,34,0,77,71;0,0,0,57,37,0,70,51,0,55,0,0,0,0,0,0,27,30,58,0,80,79,0,0,56,80,47,0,51,56;0,0,42,43,0,0,0,0,0,55,29,0,27,0,53,42,57,0,20,32,50,0,76,0,0,80,0,74,0,61;0,0,0,79,65,47,0,0,49,0,34,25,79,0,21,70,0,0,0,0,55,0,21,0,41,0,31,0,0,34;51,63,0,0,0,34,0,0,0,33,75,36,42,0,64,45,42,65,48,0,0,0,61,20,71,61,0,31,70,46;21,0,62,0,65,0,0,30,65,0,38,32,0,26,50,56,0,75,0,46,27,0,0,61,72,74,48,0,0,0;0,47,58,74,0,0,21,0,39,21,0,80,34,35,49,0,39,25,0,30,80,0,48,0,0,51,37,53,30,44;65,59,0,39,0,23,30,0,0,0,0,0,0,76,0,66,0,27,64,0,80,0,40,0,0,76,36,0,0,28;0,77,0,0,33,43,70,0,0,36,38,46,0,40,0,29,52,0,21,0,68,0,34,0,0,0,0,63,24,0;67,0,53,69,0,0,65,72,73,0,0,0,41,0,0,59,39,0,70,80,30,45,0,0,27,80,0,0,0,0;34,0,0,0,32,74,48,0,27,0,26,38,63,0,0,21,47,67,0,36,0,0,33,0,0,47,58,0,62,0;0,0,46,35,32,34,0,54,0,0,0,53,20,60,55,0,48,36,72,0,66,60,0,66,50,43,42,56,35,0;71,0,0,69,74,0,0,79,45,20,76,54,28,44,69,59,0,0,51,45,0,0,66,80,0,33,27,0,0,0;57,0,54,72,0,0,56,0,0,77,40,0,28,27,0,0,62,0,68,0,0,0,0,70,0,50,0,34,54,0;48,71,0,21,66,46,0,80,0,0,25,0,57,42,77,0,31,0,0,0,69,65,27,24,0,37,79,33,0,55;71,69,0,0,0,0,60,0,20,21,0,0,34,0,56,63,34,75,69,0,0,0,56,0,63,59,0,46,25,0;22,74,0,34,0,34,48,44,76,0,22,64,47,28,0,0,29,72,55,0,0,0,47,50,73,38,0,72,0,0;0,30,24,56,0,60,47,48,0,38,0,0,28,51,80,75,34,20,70,20,80,0,0,0,0,30,26,38,66,59;0,0,0,0,63,0,0,71,52,39,62,44,47,29,35,0,29,74,56,37,41,79,0,60,0,59,28,66,69,0;0,0,43,25,45,0,0,0,21,48,50,0,62,42,60,80,0,49,0,75,0,57,0,0,80,80,23,0,28,76;72,75,0,0,0,0,0,0,0,67,36,26,71,0,57,52,0,0,64,80,0,23,71,0,0,77,80,54,60,58;63,53,50,77,0,0,20,65,77,20,73,0,33,69,61,27,21,52,0,0,0,0,0,48,0,0,0,33,36,0;55,0,0,72,44,55,0,0,0,0,46,0,73,0,47,24,51,0,0,70,62,0,0,80,0,0,0,58,22,0;0,0,0,62,0,27,46,49,34,68,74,35,0,30,38,22,0,50,29,74,24,43,23,48,60,0,48,0,44,73;50,69,0,0,0,35,59,0,41,34,70,0,72,23,32,77,27,80,0,32,0,47,0,39,78,0,0,46,0,52;37,52,71,0,0,57,70,51,0,39,41,0,40,0,32,67,0,0,66,49,0,0,37,0,0,47,69,76,0,0
0,39,29,36,0,20,0,38,20,39,29,0,27,0,0,0,0,0,34,0,34,33,23,35,26,0,21,38,22,0;0,0,29,0,0,30,0,35,0,30,0,22,0,26,32,26,30,0,0,0,21,20,27,28,25,22,0,0,36,0;26,0,0,29,38,0,35,32,0,22,29,38,30,40,29,0,0,37,33,34,26,0,0,25,35,23,24,0,31,0;34,0,0,0,22,30,22,38,25,32,26,39,37,38,0,33,35,0,0,36,0,24,35,28,24,0,24,29,22,25;0,0,0,33,0,12,36,0,0,20,0,28,33,0,0,0,34,0,31,0,0,22,0,37,0,34,22,0,39,40;0,0,0,20,40,0,14,31,0,22,0,0,0,0,0,0,23,37,22,0,30,26,0,0,20,33,30,0,20,30;0,0,31,40,0,0,0,0,0,22,30,0,40,0,31,37,26,0,27,34,20,0,31,0,0,35,0,25,0,32;0,0,0,21,26,31,0,0,35,0,38,20,27,0,20,33,0,0,0,0,27,0,27,0,22,0,35,0,0,20;36,40,0,0,0,32,0,0,0,37,32,25,26,0,33,40,32,33,27,0,0,0,35,26,39,21,0,22,28,26;24,0,35,0,22,0,0,24,39,0,32,32,0,39,38,22,0,31,0,31,23,0,0,21,22,21,38,0,0,0;0,36,28,35,0,0,29,0,21,37,0,33,39,25,29,0,22,34,0,39,39,0,36,0,0,37,39,25,21,22;36,35,0,38,0,23,35,0,0,0,0,0,0,25,0,33,0,38,36,0,39,0,29,0,0,38,23,0,0,22;0,21,0,0,28,28,26,0,0,26,38,29,0,27,0,25,27,0,39,0,29,0,33,0,0,0,0,36,33,0;40,0,23,23,0,0,30,37,34,0,0,0,30,0,0,32,40,0,28,26,20,35,0,0,21,39,0,0,0,0;22,0,0,0,21,22,25,0,27,0,37,34,23,0,0,20,25,23,0,26,0,0,36,0,0,36,28,0,23,0;0,0,31,32,32,31,0,23,0,0,0,27,35,31,39,0,21,20,23,0,28,23,0,35,25,38,32,30,35,0;32,0,0,23,25,0,0,20,31,40,26,28,33,27,34,22,0,0,28,33,0,0,38,33,0,27,32,0,0,0;26,0,27,27,0,0,37,0,0,37,30,0,21,35,0,0,28,0,30,0,0,0,0,22,0,20,0,32,28,0;21,27,0,34,38,32,0,20,0,0,24,0,35,22,37,0,30,0,0,0,23,34,36,38,0,38,40,37,0,30;40,25,0,0,0,0,39,0,30,40,0,0,30,0,20,23,22,38,26,0,0,0,31,0,26,35,0,26,38,0;38,37,0,37,0,26,27,36,24,0,31,32,33,27,0,0,33,32,20,0,0,0,39,21,21,27,0,39,0,0;0,33,39,38,0,36,25,40,0,21,0,0,33,32,40,37,30,22,25,28,38,0,0,0,0,40,40,23,23,40;0,0,0,0,24,0,0,31,29,29,22,39,26,37,37,0,23,25,20,24,31,26,0,21,0,20,20,37,30,0;0,0,33,25,30,0,0,0,32,36,25,0,22,35,33,38,0,27,0,38,0,40,0,0,34,25,40,0,31,40;22,34,0,0,0,0,0,0,0,37,22,32,33,0,30,23,0,0,24,32,0,23,33,0,0,20,38,21,34,21;37,21,21,38,0,0,27,36,25,37,20,0,40,25,26,30,34,37,0,0,0,0,0,31,0,0,0,39,32,0;38,0,0,25,36,29,0,0,0,0,32,0,21,0,25,27,38,0,0,22,31,0,0,20,0,0,0,29,30,0;0,0,0,23,0,29,34,39,37,27,38,38,0,35,26,31,0,37,28,35,40,35,38,25,26,0,28,0,37,21;39,23,0,0,0,33,37,0,20,20,33,0,36,35,31,38,29,37,0,34,0,25,0,28,22,0,0,27,0,31;39,39,27,0,0,30,27,22,0,37,38,0,32,0,31,27,0,0,22,35,0,0,36,0,0,26,20,32,0,0
-11,16,0,0,0,0,0,12,30,0,0,0,0,26,0,-5,0,-16,-6,-12,-24,22,-17,0,0,-15,0,0,0,0
------------- End of Scenario k = 8 -------
0,52,46,73,0,28,0,59,63,29,56,0,70,0,0,0,0,0,35,0,59,80,25,59,51,0,44,79,69,0;0,0,80,0,0,39,0,29,0,66,0,50,0,27,76,46,26,0,0,0,58,56,80,24,20,68,0,0,29,0;76,0,0,80,67,0,30,71,0,38,33,36,39,42,68,0,0,63,74,34,22,0,0,78,62,30,44,0,34,0;70,0,0,0,72,74,68,27,30,65,65,40,23,74,0,53,31,0,0,20,0,28,57,48,26,0,57,54,53,70;0,0,0,28,0,80,32,0,0,75,0,35,62,0,0,0,49,0,69,0,0,25,0,29,0,25,52,0,43,50;0,0,0,54,33,0,80,32,0,74,0,0,0,0,0,0,60,78,80,0,42,79,0,0,21,80,70,0,42,68;0,0,65,24,0,0,0,0,0,76,27,0,55,0,58,36,76,0,49,29,39,0,69,0,0,58,0,54,0,66;0,0,0,51,77,29,0,0,40,0,43,58,20,0,42,24,0,0,0,0,59,0,57,0,44,0,47,0,0,45;62,65,0,0,0,53,0,0,0,80,26,51,51,0,23,22,44,58,38,0,0,0,73,20,65,63,0,48,26,77;49,0,75,0,59,0,0,79,71,0,28,50,0,25,50,65,0,24,0,80,48,0,0,20,77,29,69,0,0,0;0,56,29,69,0,0,26,0,40,71,0,26,32,80,69,0,57,60,0,21,80,0,80,0,0,80,60,40,36,79;80,52,0,33,0,72,29,0,0,0,0,0,0,53,0,38,0,37,50,0,68,0,39,0,0,36,62,0,0,60;0,57,0,0,52,37,42,0,0,48,42,31,0,38,0,56,27,0,64,0,42,0,51,0,0,0,0,59,38,0;55,0,46,75,0,0,26,32,64,0,0,0,80,0,0,80,25,0,80,80,71,62,0,0,55,25,0,0,0,0;40,0,0,0,69,48,35,0,57,0,33,32,32,0,0,59,69,64,0,54,0,0,37,0,0,22,63,0,23,0;0,0,53,23,23,80,0,76,0,0,0,71,53,71,42,0,36,46,48,0,21,30,0,29,71,26,74,57,22,0;34,0,0,49,26,0,0,51,41,78,57,53,54,62,35,79,0,0,77,41,0,0,20,80,0,45,66,0,0,0;72,0,55,54,0,0,34,0,0,44,57,0,66,37,0,0,31,0,49,0,0,0,0,73,0,65,0,40,78,0;74,46,0,64,36,61,0,39,0,0,55,0,41,36,78,0,24,0,0,0,50,47,45,22,0,28,24,59,0,22;49,75,0,0,0,0,21,0,69,80,0,0,56,0,20,58,37,75,32,0,0,0,26,0,70,69,0,44,21,0;29,28,0,22,0,57,51,57,57,0,28,32,39,43,0,0,65,28,67,0,0,0,56,31,63,61,0,80,0,0;0,56,65,37,0,48,48,43,0,56,0,0,76,42,80,36,53,23,80,32,80,0,0,0,0,71,50,24,77,49;0,0,0,0,66,0,0,46,50,47,29,28,65,28,79,0,42,59,32,31,59,75,0,28,0,34,44,39,72,0;0,0,64,36,20,0,0,0,68,53,68,0,61,40,29,67,0,28,0,78,0,71,0,0,80,25,27,0,61,36;77,42,0,0,0,0,0,0,0,31,37,27,58,0,69,31,0,0,31,64,0,20,28,0,0,58,39,80,42,51;46,59,67,60,0,0,79,62,48,44,21,0,73,44,58,57,80,75,0,0,0,0,0,32,0,0,0,27,40,0;51,0,0,74,46,59,0,0,0,0,75,0,26,0,44,31,31,0,0,75,51,0,0,24,0,0,0,80,36,0;0,0,0,70,0,75,25,38,21,43,33,28,0,39,50,36,0,75,79,31,27,37,63,48,32,0,67,0,25,37;47,50,0,0,0,37,25,0,46,50,26,0,36,47,66,31,40,26,0,25,0,31,0,47,33,0,0,63,0,42;57,28,58,0,0,70,53,28,0,34,57,0,53,0,56,51,0,0,42,80,0,0,50,0,0,73,44,74,0,0
0,30,20,37,0,21,0,21,22,34,21,0,37,0,0,0,0,0,26,0,33,26,38,28,36,0,35,30,37,0;0,0,21,0,0,38,0,38,0,38,0,32,0,22,37,36,21,0,0,0,35,20,31,27,20,40,0,0,27,0;25,0,0,28,29,0,21,40,0,35,33,30,38,28,35,0,0,23,30,37,24,0,0,24,25,35,24,0,32,0;36,0,0,0,28,23,24,31,35,27,22,36,32,38,0,39,38,0,0,20,0,40,31,25,26,0,37,33,33,23;0,0,0,23,0,38,24,0,0,36,0,23,23,0,0,0,33,0,23,0,0,25,0,31,0,32,33,0,23,29;0,0,0,24,28,0,36,39,0,36,0,0,0,0,0,0,39,35,30,0,36,29,0,0,24,34,31,0,33,29;0,0,24,28,0,0,0,0,0,23,20,0,25,0,29,20,28,0,34,29,24,0,35,0,0,25,0,33,0,39;0,0,0,21,33,27,0,0,24,0,32,21,33,0,24,36,0,0,0,0,30,0,39,0,21,0,34,0,0,36;32,36,0,0,0,38,0,0,0,19,29,39,32,0,23,24,22,30,20,0,0,0,28,38,29,21,0,27,20,23;28,0,26,0,37,0,0,32,34,0,35,27,0,31,24,28,0,32,0,29,30,0,0,27,25,34,36,0,0,0;0,39,31,27,0,0,39,0,24,23,0,23,31,30,37,0,29,30,0,22,39,0,38,0,0,17,23,40,30,31;32,33,0,30,0,22,21,0,0,0,0,0,0,36,0,35,0,35,26,0,34,0,20,0,0,39,32,0,0,28;0,38,0,0,31,24,26,0,0,32,39,27,0,32,0,28,24,0,22,0,38,0,22,0,0,0,0,33,30,0;29,0,38,34,0,0,22,27,21,0,0,0,26,0,0,35,21,0,22,25,40,29,0,0,27,37,0,0,0,0;39,0,0,0,40,21,40,0,23,0,40,22,20,0,0,33,34,24,0,30,0,0,31,0,0,37,30,0,30,0;0,0,35,22,22,32,0,30,0,0,0,34,37,38,21,0,27,22,22,0,22,29,0,35,30,24,23,21,27,0;31,0,0,33,29,0,0,30,31,28,31,31,27,23,35,31,0,0,37,26,0,0,20,37,0,35,37,0,0,0;22,0,30,23,0,0,20,0,0,39,31,0,32,29,0,0,23,0,38,0,0,0,0,39,0,28,0,24,40,0;37,40,0,28,20,34,0,36,0,0,25,0,23,35,33,0,23,0,0,0,31,21,31,26,0,31,37,39,0,29;40,30,0,0,0,0,35,0,31,30,0,0,30,0,21,24,38,25,35,0,0,0,30,0,25,37,0,39,36,0;26,22,0,33,0,29,37,32,39,0,31,25,28,21,0,0,29,24,25,0,0,0,40,32,34,24,0,35,0,0;0,30,22,21,0,27,38,34,0,29,0,0,23,34,25,26,29,26,33,26,38,0,0,0,0,25,31,34,38,23;0,0,0,0,32,0,0,30,23,39,33,24,32,35,31,0,22,37,36,26,22,38,0,23,0,24,40,26,40,0;0,0,24,25,40,0,0,0,31,29,27,0,30,40,36,25,0,31,0,25,0,20,0,0,29,29,20,0,37,29;40,34,0,0,0,0,0,0,0,35,29,31,20,0,21,34,0,0,25,32,0,38,30,0,0,20,36,35,25,40;32,29,38,24,0,0,21,20,33,24,36,0,32,21,35,32,28,22,0,0,0,0,0,31,0,0,0,25,25,0;35,0,0,24,40,26,0,0,0,0,32,0,39,0,23,31,23,0,0,39,30,0,0,23,0,0,0,34,38,0;0,0,0,35,0,35,22,35,23,40,33,24,0,39,40,23,0,36,39,20,28,29,24,28,31,0,33,0,30,37;36,35,0,0,0,36,39,0,37,25,25,0,31,21,31,33,23,27,0,40,0,33,0,23,33,0,0,31,0,29;35,21,37,0,0,27,31,37,0,36,23,0,35,0,37,35,0,0,20,23,0,0,32,0,0,32,22,38,0,0
-8,21,0,0,0,0,0,30,12,0,0,0,0,22,0,-6,0,-19,-13,-9,-13,21,-5,0,0,-33,0,0,0,0
------------- End of Scenario k = 9 -------
