/ -------------------------------------------------------------------------
An instance of the stochastic Fixed - charge Network Flow Problem using NETGEN.
/ -------------------------------------------------------------------------
Number of Nodes (no Dummy node is added), n
Graph Density, density
The fixed cost to variable cost ratio, f
Adjacency Matrix, A
Fixed Cost Matrix, c
Number of scenarios, K
Scenario Probabilities, p
----The following three rows will be repeated K times.----
Var Cost Matrix, d
Capacity, u
demand, b
/ -------------------------------------------------------------------------
+
10
0.6
200
0,0,1,1,1,1,1,1,1,0;1,0,1,0,1,0,1,1,1,0;1,0,0,1,1,0,1,1,0,1;1,1,0,0,1,0,1,1,1,1;1,0,0,1,0,1,0,1,0,1;0,1,1,1,0,0,1,0,0,0;1,1,1,0,1,0,0,1,0,0;1,0,1,1,1,0,1,0,1,0;1,1,1,0,0,0,0,0,0,0;1,0,0,0,1,1,1,1,0,0
0,0,8806,10680,10186,8893,8766,10320,10106,0;13186,0,13613,0,10913,0,8400,10026,9793,0;9706,0,0,9613,9573,0,10746,9866,0,9946;11820,9666,0,0,10820,0,9360,10286,9653,9880;12793,0,0,9413,0,9940,0,9953,0,10226;0,9420,9253,13173,0,0,9960,0,0,0;9240,10793,10800,0,12633,0,0,9386,0,0;9606,0,9493,8613,9913,0,9606,0,12533,0;14326,9213,10493,0,0,0,0,0,0,0;9266,0,0,0,9513,9586,10580,12266,0,0
30
0.06,0.1,0.05,0.03,0.05,0.01,0.01,0.01,0.01,0.01,0.01,0.03,0.01,0.01,0.08,0.01,0.01,0.05,0.01,0.08,0.03,0.03,0.01,0.03,0.01,0.05,0.01,0.01,0.03,0.15
--Scenarios--
0,0,25,60,56,23,52,68,33,0;48,0,80,0,80,0,40,27,58,0;31,0,0,24,24,0,24,65,0,44;80,46,0,0,44,0,72,52,32,43;80,0,0,72,0,28,0,38,0,50;0,41,68,34,0,0,28,0,0,0;42,22,47,0,76,0,0,32,0,0;46,0,67,33,73,0,37,0,80,0;80,34,42,0,0,0,0,0,0,0;24,0,0,0,60,74,36,59,0,0
0,0,30,28,35,26,28,30,27,0;24,0,32,0,24,0,27,31,35,0;31,0,0,25,29,0,20,32,0,25;32,27,0,0,23,0,21,37,37,25;24,0,0,34,0,36,0,40,0,36;0,31,35,21,0,0,33,0,0,0;21,29,27,0,40,0,0,28,0,0;31,0,36,38,39,0,26,0,33,0;36,23,27,0,0,0,0,0,0,0;32,0,0,0,22,23,35,27,0,0
-82,21,0,0,0,13,23,0,0,25
------------- End of Scenario k = 0 -------
0,0,43,50,68,22,23,60,32,0;51,0,80,0,66,0,38,57,21,0;80,0,0,32,45,0,60,31,0,25;25,27,0,0,65,0,42,28,63,32;80,0,0,49,0,68,0,26,0,45;0,39,50,25,0,0,27,0,0,0;64,46,47,0,80,0,0,77,0,0;67,0,21,39,78,0,51,0,80,0;60,23,48,0,0,0,0,0,0,0;24,0,0,0,20,22,68,80,0,0
0,0,38,38,31,23,36,23,39,0;27,0,13,0,28,0,28,36,27,0;32,0,0,36,32,0,21,38,0,37;31,26,0,0,20,0,27,40,32,38;20,0,0,40,0,28,0,34,0,30;0,23,39,30,0,0,20,0,0,0;37,27,33,0,33,0,0,34,0,0;30,0,21,29,40,0,21,0,15,0;15,23,38,0,0,0,0,0,0,0;26,0,0,0,22,23,21,26,0,0
-67,10,0,0,0,27,20,0,0,10
------------- End of Scenario k = 1 -------
0,0,67,66,32,49,60,63,27,0;71,0,55,0,31,0,54,48,35,0;58,0,0,76,48,0,36,58,0,71;38,33,0,0,34,0,41,69,59,72;80,0,0,53,0,59,0,41,0,60;0,28,25,80,0,0,54,0,0,0;57,61,47,0,46,0,0,51,0,0;50,0,24,59,76,0,37,0,80,0;80,37,42,0,0,0,0,0,0,0;68,0,0,0,47,41,64,80,0,0
0,0,37,32,20,26,20,31,33,0;34,0,37,0,37,0,32,27,28,0;39,0,0,37,38,0,38,32,0,20;36,35,0,0,25,0,29,30,33,32;29,0,0,22,0,25,0,31,0,21;0,21,40,36,0,0,31,0,0,0;34,29,35,0,37,0,0,27,0,0;22,0,31,24,38,0,30,0,26,0;38,23,21,0,0,0,0,0,0,0;20,0,0,0,37,38,31,39,0,0
-95,24,0,0,0,20,29,0,0,22
------------- End of Scenario k = 2 -------
0,0,36,48,36,43,58,21,39,0;80,0,47,0,66,0,43,50,55,0;59,0,0,35,74,0,78,74,0,43;80,43,0,0,22,0,34,41,58,77;55,0,0,59,0,33,0,72,0,78;0,28,42,66,0,0,22,0,0,0;58,55,44,0,66,0,0,27,0,0;38,0,59,24,40,0,63,0,25,0;80,41,68,0,0,0,0,0,0,0;50,0,0,0,75,63,37,80,0,0
0,0,26,28,32,28,35,38,24,0;27,0,12,0,22,0,23,24,29,0;31,0,0,20,28,0,40,22,0,36;31,39,0,0,40,0,36,27,34,24;31,0,0,34,0,33,0,24,0,30;0,33,31,23,0,0,29,0,0,0;40,26,38,0,33,0,0,36,0,0;20,0,37,21,21,0,22,0,34,0;39,36,26,0,0,0,0,0,0,0;26,0,0,0,23,39,21,24,0,0
-81,10,0,0,0,21,29,0,0,21
------------- End of Scenario k = 3 -------
0,0,41,66,42,59,59,55,60,0;80,0,55,0,36,0,57,41,63,0;57,0,0,20,54,0,24,69,0,63;31,35,0,0,80,0,76,40,25,54;56,0,0,44,0,62,0,22,0,49;0,62,52,80,0,0,45,0,0,0;62,20,50,0,31,0,0,29,0,0;21,0,47,29,45,0,69,0,45,0;60,46,32,0,0,0,0,0,0,0;21,0,0,0,70,53,56,80,0,0
0,0,23,36,29,38,40,20,23,0;34,0,38,0,30,0,27,23,22,0;34,0,0,24,35,0,31,31,0,34;27,27,0,0,36,0,38,29,23,40;26,0,0,29,0,23,0,23,0,37;0,39,34,34,0,0,22,0,0,0;27,22,20,0,28,0,0,32,0,0;36,0,36,37,30,0,34,0,30,0;39,25,40,0,0,0,0,0,0,0;36,0,0,0,26,23,33,30,0,0
-89,30,0,0,0,27,19,0,0,13
------------- End of Scenario k = 4 -------
0,0,42,80,23,37,27,20,22,0;70,0,80,0,53,0,30,53,54,0;46,0,0,53,54,0,71,60,0,44;72,38,0,0,33,0,39,60,69,25;56,0,0,43,0,21,0,74,0,54;0,41,23,50,0,0,49,0,0,0;53,71,66,0,55,0,0,46,0,0;63,0,78,26,49,0,68,0,23,0;80,37,23,0,0,0,0,0,0,0;22,0,0,0,57,30,70,80,0,0
0,0,38,25,29,29,25,30,28,0;35,0,28,0,34,0,22,38,33,0;32,0,0,22,36,0,36,36,0,35;29,23,0,0,21,0,31,23,25,27;25,0,0,38,0,24,0,23,0,33;0,38,26,13,0,0,31,0,0,0;27,24,37,0,28,0,0,23,0,0;24,0,25,23,39,0,35,0,31,0;35,37,21,0,0,0,0,0,0,0;25,0,0,0,39,40,25,29,0,0
-75,17,0,0,0,10,19,0,0,29
------------- End of Scenario k = 5 -------
0,0,47,64,52,54,40,79,72,0;80,0,80,0,44,0,38,75,51,0;34,0,0,78,41,0,61,44,0,24;35,42,0,0,65,0,47,66,23,33;54,0,0,76,0,33,0,68,0,78;0,51,46,26,0,0,57,0,0,0;34,50,70,0,73,0,0,29,0,0;22,0,41,42,34,0,39,0,46,0;80,69,33,0,0,0,0,0,0,0;27,0,0,0,23,45,48,80,0,0
0,0,32,36,35,33,39,29,35,0;34,0,40,0,34,0,36,25,32,0;29,0,0,28,23,0,35,23,0,27;34,37,0,0,32,0,22,35,35,38;32,0,0,37,0,24,0,30,0,24;0,29,38,38,0,0,36,0,0,0;35,32,29,0,29,0,0,24,0,0;34,0,32,22,37,0,29,0,35,0;34,22,35,0,0,0,0,0,0,0;32,0,0,0,27,33,31,32,0,0
-84,20,0,0,0,29,21,0,0,14
------------- End of Scenario k = 6 -------
0,0,37,36,31,62,23,53,78,0;48,0,62,0,27,0,78,73,61,0;44,0,0,58,74,0,51,63,0,26;80,69,0,0,42,0,37,35,25,30;80,0,0,74,0,26,0,80,0,25;0,73,31,68,0,0,37,0,0,0;60,74,39,0,80,0,0,36,0,0;66,0,45,23,72,0,53,0,80,0;80,24,57,0,0,0,0,0,0,0;20,0,0,0,71,36,72,57,0,0
0,0,25,24,21,30,33,32,40,0;15,0,31,0,27,0,35,35,31,0;25,0,0,34,33,0,35,33,0,28;27,33,0,0,34,0,24,34,39,26;33,0,0,32,0,29,0,30,0,22;0,25,35,31,0,0,28,0,0,0;21,38,37,0,36,0,0,30,0,0;31,0,20,38,28,0,26,0,21,0;21,21,20,0,0,0,0,0,0,0;33,0,0,0,30,39,34,29,0,0
-79,14,0,0,0,25,25,0,0,15
------------- End of Scenario k = 7 -------
0,0,24,32,80,44,42,28,66,0;80,0,80,0,75,0,51,43,53,0;67,0,0,80,27,0,21,25,0,59;35,35,0,0,32,0,43,59,30,43;67,0,0,39,0,23,0,53,0,32;0,45,32,80,0,0,72,0,0,0;59,78,42,0,80,0,0,60,0,0;54,0,66,22,65,0,30,0,80,0;80,37,53,0,0,0,0,0,0,0;80,0,0,0,30,43,39,75,0,0
0,0,26,32,22,31,39,40,40,0;18,0,36,0,39,0,22,26,26,0;38,0,0,25,21,0,24,35,0,27;33,28,0,0,34,0,30,23,40,26;19,0,0,27,0,34,0,27,0,20;0,36,38,30,0,0,21,0,0,0;39,32,27,0,20,0,0,36,0,0;24,0,33,37,32,0,26,0,36,0;37,29,29,0,0,0,0,0,0,0;38,0,0,0,38,28,29,31,0,0
-74,12,0,0,0,19,14,0,0,29
------------- End of Scenario k = 8 -------
0,0,41,36,36,70,43,64,79,0;22,0,55,0,43,0,73,63,41,0;55,0,0,78,58,0,77,47,0,26;72,49,0,0,59,0,32,32,23,78;34,0,0,64,0,54,0,37,0,35;0,37,43,80,0,0,31,0,0,0;25,51,63,0,80,0,0,21,0,0;46,0,58,78,54,0,49,0,80,0;80,20,20,0,0,0,0,0,0,0;72,0,0,0,75,59,79,25,0,0
0,0,39,27,33,28,28,33,29,0;29,0,27,0,28,0,40,25,36,0;33,0,0,36,26,0,31,24,0,37;28,30,0,0,28,0,25,33,40,27;24,0,0,20,0,22,0,24,0,35;0,23,21,21,0,0,39,0,0,0;39,28,23,0,35,0,0,38,0,0;38,0,29,21,32,0,24,0,31,0;31,35,38,0,0,0,0,0,0,0;36,0,0,0,29,23,20,29,0,0
-89,27,0,0,0,14,24,0,0,24
------------- End of Scenario k = 9 -------
0,0,20,24,21,22,54,63,38,0;49,0,46,0,66,0,54,22,51,0;57,0,0,20,45,0,75,26,0,41;80,62,0,0,77,0,75,31,30,37;80,0,0,72,0,45,0,23,0,57;0,80,27,51,0,0,22,0,0,0;40,50,75,0,47,0,0,75,0,0;45,0,20,41,35,0,30,0,80,0;21,24,33,0,0,0,0,0,0,0;29,0,0,0,21,72,45,42,0,0
0,0,39,20,35,29,23,27,23,0;30,0,29,0,24,0,36,22,33,0;29,0,0,26,36,0,24,31,0,33;39,40,0,0,40,0,37,29,24,31;28,0,0,28,0,23,0,26,0,37;0,25,39,19,0,0,36,0,0,0;40,37,23,0,31,0,0,39,0,0;38,0,30,34,26,0,32,0,26,0;30,32,25,0,0,0,0,0,0,0;34,0,0,0,34,23,40,39,0,0
-88,29,0,0,0,19,20,0,0,20
------------- End of Scenario k = 10 -------
0,0,24,71,56,43,36,52,36,0;76,0,80,0,28,0,29,64,46,0;20,0,0,59,49,0,65,22,0,30;80,53,0,0,36,0,33,38,27,34;80,0,0,26,0,55,0,62,0,70;0,55,72,37,0,0,63,0,0,0;30,55,73,0,50,0,0,32,0,0;36,0,58,48,43,0,33,0,80,0;80,54,64,0,0,0,0,0,0,0;33,0,0,0,76,47,56,80,0,0
0,0,33,25,26,24,34,28,32,0;28,0,28,0,32,0,33,25,34,0;21,0,0,26,36,0,25,33,0,20;24,31,0,0,38,0,25,28,21,27;34,0,0,23,0,23,0,29,0,40;0,40,36,28,0,0,37,0,0,0;21,35,35,0,29,0,0,26,0,0;39,0,29,30,35,0,34,0,34,0;20,39,28,0,0,0,0,0,0,0;39,0,0,0,21,21,22,38,0,0
-74,20,0,0,0,21,13,0,0,20
------------- End of Scenario k = 11 -------
0,0,57,53,57,40,44,46,52,0;80,0,78,0,60,0,32,46,21,0;23,0,0,36,28,0,61,68,0,66;65,36,0,0,35,0,27,70,54,39;80,0,0,64,0,51,0,39,0,25;0,44,50,80,0,0,73,0,0,0;53,56,39,0,80,0,0,74,0,0;72,0,27,51,60,0,54,0,80,0;80,76,78,0,0,0,0,0,0,0;73,0,0,0,48,20,50,80,0,0
0,0,28,22,37,23,30,37,26,0;37,0,37,0,23,0,21,30,21,0;35,0,0,40,29,0,37,23,0,40;36,21,0,0,22,0,34,38,20,31;18,0,0,31,0,27,0,40,0,27;0,31,28,28,0,0,29,0,0,0;33,40,27,0,14,0,0,30,0,0;27,0,29,30,38,0,27,0,34,0;29,25,20,0,0,0,0,0,0,0;22,0,0,0,26,37,40,37,0,0
-74,26,0,0,0,18,14,0,0,16
------------- End of Scenario k = 12 -------
0,0,47,23,65,29,41,33,27,0;80,0,80,0,61,0,44,70,35,0;76,0,0,70,45,0,79,51,0,34;60,75,0,0,75,0,64,78,62,65;41,0,0,36,0,75,0,38,0,37;0,49,32,54,0,0,56,0,0,0;20,53,68,0,27,0,0,26,0,0;36,0,21,58,26,0,78,0,65,0;80,52,79,0,0,0,0,0,0,0;78,0,0,0,22,63,22,56,0,0
0,0,25,39,32,34,34,20,33,0;28,0,40,0,28,0,36,26,40,0;22,0,0,26,39,0,32,25,0,31;32,28,0,0,24,0,39,33,29,39;18,0,0,21,0,38,0,34,0,33;0,21,30,26,0,0,28,0,0,0;32,26,39,0,19,0,0,23,0,0;36,0,25,26,25,0,23,0,28,0;32,24,28,0,0,0,0,0,0,0;32,0,0,0,26,21,24,27,0,0
-76,28,0,0,0,15,16,0,0,17
------------- End of Scenario k = 13 -------
0,0,62,73,53,43,50,79,73,0;80,0,80,0,69,0,33,26,78,0;62,0,0,39,62,0,36,22,0,68;80,79,0,0,72,0,47,28,51,80;69,0,0,24,0,59,0,62,0,59;0,54,65,80,0,0,51,0,0,0;53,43,79,0,80,0,0,59,0,0;53,0,47,49,43,0,60,0,39,0;72,44,39,0,0,0,0,0,0,0;73,0,0,0,49,38,79,42,0,0
0,0,26,23,29,40,23,24,23,0;32,0,38,0,35,0,22,28,38,0;40,0,0,40,28,0,40,29,0,30;39,32,0,0,25,0,26,40,29,34;19,0,0,20,0,33,0,30,0,37;0,37,25,30,0,0,36,0,0,0;29,25,39,0,19,0,0,40,0,0;39,0,22,33,21,0,29,0,31,0;18,27,23,0,0,0,0,0,0,0;39,0,0,0,32,25,23,40,0,0
-74,19,0,0,0,29,12,0,0,14
------------- End of Scenario k = 14 -------
0,0,30,46,49,55,72,64,56,0;80,0,80,0,50,0,32,36,44,0;26,0,0,34,34,0,60,60,0,43;80,35,0,0,42,0,67,70,30,26;64,0,0,66,0,61,0,33,0,31;0,48,45,80,0,0,60,0,0,0;21,60,79,0,57,0,0,20,0,0;36,0,23,40,46,0,44,0,55,0;80,76,29,0,0,0,0,0,0,0;56,0,0,0,79,24,77,21,0,0
0,0,22,23,23,39,37,24,33,0;10,0,27,0,33,0,31,27,32,0;28,0,0,33,32,0,36,22,0,35;34,36,0,0,20,0,39,36,23,27;31,0,0,38,0,34,0,32,0,30;0,23,40,24,0,0,31,0,0,0;29,32,31,0,35,0,0,21,0,0;40,0,35,23,35,0,21,0,35,0;37,23,27,0,0,0,0,0,0,0;34,0,0,0,39,28,26,39,0,0
-82,10,0,0,0,21,21,0,0,30
------------- End of Scenario k = 15 -------
0,0,23,70,61,35,44,51,39,0;68,0,80,0,47,0,23,79,53,0;33,0,0,53,57,0,47,29,0,46;20,57,0,0,64,0,62,49,72,28;80,0,0,54,0,66,0,64,0,75;0,34,36,80,0,0,50,0,0,0;70,76,53,0,43,0,0,78,0,0;79,0,80,32,37,0,68,0,52,0;80,42,58,0,0,0,0,0,0,0;37,0,0,0,53,57,29,23,0,0
0,0,28,25,35,30,22,39,37,0;33,0,35,0,28,0,20,29,38,0;24,0,0,35,32,0,27,22,0,24;38,31,0,0,32,0,35,26,32,26;30,0,0,38,0,25,0,37,0,23;0,30,38,29,0,0,25,0,0,0;34,33,20,0,40,0,0,40,0,0;36,0,39,26,34,0,40,0,23,0;31,36,28,0,0,0,0,0,0,0;25,0,0,0,24,36,31,24,0,0
-84,11,0,0,0,24,29,0,0,20
------------- End of Scenario k = 16 -------
0,0,65,25,47,69,53,35,44,0;31,0,43,0,78,0,61,46,37,0;47,0,0,40,61,0,24,51,0,25;80,66,0,0,65,0,33,54,74,78;80,0,0,22,0,66,0,29,0,35;0,49,42,80,0,0,56,0,0,0;54,27,62,0,80,0,0,70,0,0;79,0,62,62,78,0,34,0,80,0;80,31,35,0,0,0,0,0,0,0;27,0,0,0,20,55,30,24,0,0
0,0,30,24,24,30,40,24,36,0;30,0,40,0,36,0,33,30,21,0;38,0,0,32,27,0,38,25,0,21;36,37,0,0,26,0,39,36,30,38;23,0,0,21,0,23,0,28,0,22;0,37,31,32,0,0,27,0,0,0;35,21,37,0,31,0,0,21,0,0;20,0,32,40,27,0,29,0,28,0;37,35,23,0,0,0,0,0,0,0;28,0,0,0,25,24,21,38,0,0
-64,11,0,0,0,18,21,0,0,14
------------- End of Scenario k = 17 -------
0,0,53,37,76,49,31,80,20,0;78,0,35,0,58,0,34,33,64,0;55,0,0,67,20,0,57,36,0,79;80,39,0,0,49,0,21,50,78,78;80,0,0,44,0,49,0,59,0,78;0,49,52,80,0,0,68,0,0,0;33,62,31,0,38,0,0,34,0,0;34,0,53,38,24,0,59,0,80,0;76,79,70,0,0,0,0,0,0,0;46,0,0,0,20,54,68,49,0,0
0,0,26,40,34,38,34,39,27,0;39,0,25,0,23,0,40,38,27,0;22,0,0,38,26,0,30,29,0,37;40,26,0,0,35,0,33,27,32,40;27,0,0,26,0,31,0,37,0,34;0,29,29,36,0,0,24,0,0,0;24,24,24,0,28,0,0,29,0,0;32,0,25,22,33,0,37,0,25,0;24,33,38,0,0,0,0,0,0,0;23,0,0,0,22,34,38,40,0,0
-92,20,0,0,0,29,26,0,0,17
------------- End of Scenario k = 18 -------
0,0,57,70,79,25,33,45,43,0;46,0,56,0,78,0,57,45,38,0;56,0,0,20,63,0,63,35,0,38;22,56,0,0,41,0,40,59,77,64;80,0,0,55,0,37,0,80,0,67;0,27,35,64,0,0,22,0,0,0;38,66,62,0,74,0,0,52,0,0;68,0,51,60,23,0,24,0,80,0;26,60,69,0,0,0,0,0,0,0;26,0,0,0,27,60,49,45,0,0
0,0,39,23,23,31,32,40,33,0;31,0,39,0,26,0,20,29,21,0;38,0,0,33,23,0,21,31,0,22;13,37,0,0,39,0,23,23,32,38;40,0,0,39,0,29,0,39,0,23;0,32,38,40,0,0,33,0,0,0;22,33,34,0,27,0,0,33,0,0;40,0,34,37,30,0,36,0,38,0;25,20,30,0,0,0,0,0,0,0;32,0,0,0,30,25,28,35,0,0
-76,29,0,0,0,10,23,0,0,14
------------- End of Scenario k = 19 -------
0,0,28,60,64,50,46,59,28,0;80,0,62,0,47,0,25,72,53,0;23,0,0,65,54,0,43,68,0,66;21,55,0,0,69,0,40,30,30,24;47,0,0,21,0,78,0,55,0,56;0,63,46,44,0,0,38,0,0,0;44,32,62,0,63,0,0,80,0,0;42,0,76,76,54,0,63,0,80,0;80,24,53,0,0,0,0,0,0,0;39,0,0,0,58,48,20,80,0,0
0,0,35,23,30,37,36,23,26,0;29,0,22,0,31,0,26,32,25,0;23,0,0,33,34,0,20,34,0,22;40,34,0,0,25,0,32,22,34,38;31,0,0,33,0,23,0,27,0,20;0,36,37,35,0,0,31,0,0,0;32,33,23,0,31,0,0,36,0,0;29,0,34,28,40,0,30,0,27,0;30,36,39,0,0,0,0,0,0,0;33,0,0,0,35,27,20,29,0,0
-72,13,0,0,0,11,30,0,0,18
------------- End of Scenario k = 20 -------
0,0,34,59,75,74,21,64,77,0;71,0,37,0,76,0,31,80,39,0;65,0,0,56,52,0,27,78,0,64;80,61,0,0,79,0,26,76,51,40;80,0,0,32,0,42,0,46,0,41;0,63,58,80,0,0,74,0,0,0;41,65,26,0,51,0,0,54,0,0;32,0,24,78,37,0,26,0,76,0;80,34,27,0,0,0,0,0,0,0;30,0,0,0,60,48,42,34,0,0
0,0,25,32,29,28,28,34,23,0;19,0,21,0,29,0,22,21,23,0;39,0,0,32,36,0,26,30,0,40;35,23,0,0,26,0,31,30,25,20;32,0,0,25,0,21,0,35,0,39;0,23,36,33,0,0,37,0,0,0;31,26,31,0,37,0,0,21,0,0;30,0,25,22,39,0,34,0,33,0;39,24,40,0,0,0,0,0,0,0;37,0,0,0,40,28,20,28,0,0
-84,18,0,0,0,26,27,0,0,13
------------- End of Scenario k = 21 -------
0,0,72,58,47,23,61,37,27,0;41,0,75,0,50,0,21,40,63,0;33,0,0,33,71,0,72,54,0,51;54,20,0,0,70,0,57,72,38,43;80,0,0,23,0,44,0,40,0,75;0,32,77,67,0,0,46,0,0,0;39,53,62,0,80,0,0,28,0,0;34,0,62,76,34,0,54,0,68,0;80,39,54,0,0,0,0,0,0,0;79,0,0,0,42,67,36,32,0,0
0,0,25,25,33,34,33,22,26,0;25,0,29,0,39,0,34,31,30,0;29,0,0,35,31,0,35,33,0,28;32,25,0,0,28,0,25,29,31,34;26,0,0,28,0,20,0,31,0,38;0,33,29,27,0,0,20,0,0,0;39,35,28,0,33,0,0,29,0,0;29,0,26,24,30,0,34,0,17,0;20,24,38,0,0,0,0,0,0,0;38,0,0,0,37,29,26,29,0,0
-75,24,0,0,0,21,13,0,0,17
------------- End of Scenario k = 22 -------
0,0,70,36,65,42,59,55,60,0;80,0,71,0,40,0,37,49,33,0;76,0,0,62,41,0,74,74,0,74;40,26,0,0,22,0,51,52,52,37;80,0,0,22,0,39,0,37,0,69;0,34,46,80,0,0,74,0,0,0;46,67,62,0,80,0,0,73,0,0;55,0,30,28,47,0,25,0,47,0;80,53,73,0,0,0,0,0,0,0;20,0,0,0,40,38,75,80,0,0
0,0,28,40,22,30,28,24,32,0;26,0,28,0,23,0,34,21,26,0;22,0,0,37,30,0,22,26,0,27;22,32,0,0,33,0,35,35,33,20;31,0,0,20,0,33,0,20,0,35;0,22,32,37,0,0,33,0,0,0;38,39,37,0,35,0,0,22,0,0;39,0,31,34,21,0,30,0,22,0;22,34,36,0,0,0,0,0,0,0;23,0,0,0,30,36,32,20,0,0
-81,24,0,0,0,10,28,0,0,19
------------- End of Scenario k = 23 -------
0,0,68,72,60,79,39,54,66,0;80,0,80,0,76,0,51,47,49,0;80,0,0,47,58,0,45,52,0,47;80,47,0,0,67,0,61,74,45,31;20,0,0,66,0,62,0,21,0,42;0,60,75,58,0,0,72,0,0,0;27,77,38,0,72,0,0,32,0,0;24,0,73,34,30,0,27,0,44,0;80,37,66,0,0,0,0,0,0,0;57,0,0,0,53,64,38,56,0,0
0,0,38,27,39,40,20,30,39,0;26,0,20,0,29,0,38,30,24,0;35,0,0,35,26,0,26,21,0,24;28,38,0,0,32,0,37,27,38,38;36,0,0,35,0,24,0,36,0,24;0,40,39,38,0,0,22,0,0,0;34,27,35,0,27,0,0,31,0,0;32,0,26,33,20,0,34,0,39,0;32,34,30,0,0,0,0,0,0,0;30,0,0,0,32,23,39,29,0,0
-86,13,0,0,0,17,27,0,0,29
------------- End of Scenario k = 24 -------
0,0,46,62,34,32,23,35,70,0;37,0,65,0,37,0,35,38,65,0;31,0,0,36,35,0,76,44,0,74;80,65,0,0,67,0,57,73,68,35;80,0,0,28,0,28,0,79,0,50;0,48,45,52,0,0,55,0,0,0;41,56,52,0,25,0,0,62,0,0;58,0,80,25,54,0,21,0,39,0;30,71,75,0,0,0,0,0,0,0;66,0,0,0,41,21,78,80,0,0
0,0,24,20,34,36,33,21,29,0;16,0,39,0,35,0,32,25,23,0;25,0,0,36,32,0,31,37,0,27;32,38,0,0,34,0,23,37,22,21;24,0,0,33,0,37,0,25,0,35;0,25,23,33,0,0,34,0,0,0;22,27,38,0,19,0,0,31,0,0;23,0,40,30,33,0,20,0,40,0;37,27,29,0,0,0,0,0,0,0;23,0,0,0,33,21,20,33,0,0
-91,16,0,0,0,27,18,0,0,30
------------- End of Scenario k = 25 -------
0,0,73,63,24,25,44,28,60,0;72,0,80,0,70,0,27,71,75,0;28,0,0,45,33,0,47,20,0,43;80,43,0,0,76,0,33,44,64,35;52,0,0,75,0,50,0,48,0,23;0,30,46,80,0,0,32,0,0,0;78,61,61,0,70,0,0,45,0,0;43,0,31,29,70,0,74,0,75,0;80,64,66,0,0,0,0,0,0,0;60,0,0,0,64,38,53,80,0,0
0,0,30,20,39,25,22,31,39,0;16,0,30,0,37,0,37,34,24,0;20,0,0,36,38,0,34,33,0,37;40,34,0,0,25,0,24,20,27,23;38,0,0,30,0,31,0,36,0,25;0,25,30,35,0,0,33,0,0,0;35,36,26,0,39,0,0,35,0,0;25,0,28,28,23,0,24,0,34,0;35,23,29,0,0,0,0,0,0,0;36,0,0,0,25,20,27,26,0,0
-67,12,0,0,0,11,19,0,0,25
------------- End of Scenario k = 26 -------
0,0,27,28,43,27,46,41,72,0;80,0,80,0,26,0,26,57,74,0;71,0,0,20,21,0,78,40,0,72;34,61,0,0,21,0,73,57,63,77;22,0,0,22,0,56,0,31,0,26;0,34,56,80,0,0,33,0,0,0;73,30,56,0,80,0,0,43,0,0;80,0,50,41,70,0,60,0,39,0;80,32,71,0,0,0,0,0,0,0;31,0,0,0,21,61,53,80,0,0
0,0,21,24,37,34,30,27,22,0;31,0,20,0,23,0,34,30,40,0;21,0,0,31,21,0,38,28,0,35;24,38,0,0,33,0,21,29,40,30;18,0,0,36,0,39,0,33,0,24;0,29,35,40,0,0,33,0,0,0;28,28,37,0,29,0,0,34,0,0;32,0,32,27,20,0,24,0,27,0;28,23,30,0,0,0,0,0,0,0;21,0,0,0,25,34,40,34,0,0
-66,15,0,0,0,22,12,0,0,17
------------- End of Scenario k = 27 -------
0,0,29,79,36,51,68,65,55,0;73,0,80,0,64,0,41,27,24,0;40,0,0,33,45,0,30,69,0,70;80,51,0,0,52,0,53,30,35,68;39,0,0,58,0,75,0,66,0,67;0,60,26,80,0,0,54,0,0,0;33,28,34,0,51,0,0,35,0,0;41,0,29,31,22,0,59,0,22,0;80,51,43,0,0,0,0,0,0,0;46,0,0,0,66,61,51,80,0,0
0,0,36,40,27,30,27,39,22,0;26,0,23,0,30,0,33,35,31,0;34,0,0,21,36,0,21,22,0,35;38,23,0,0,26,0,37,23,35,36;26,0,0,28,0,33,0,27,0,27;0,29,33,38,0,0,35,0,0,0;36,36,38,0,17,0,0,24,0,0;37,0,20,22,37,0,40,0,25,0;39,27,40,0,0,0,0,0,0,0;26,0,0,0,22,31,28,26,0,0
-59,10,0,0,0,26,13,0,0,10
------------- End of Scenario k = 28 -------
0,0,33,55,60,58,23,51,65,0;66,0,80,0,35,0,65,26,35,0;23,0,0,73,63,0,50,45,0,36;29,46,0,0,68,0,21,26,40,76;43,0,0,29,0,46,0,70,0,45;0,55,45,80,0,0,73,0,0,0;38,74,31,0,80,0,0,28,0,0;21,0,21,20,68,0,52,0,80,0;44,71,74,0,0,0,0,0,0,0;76,0,0,0,39,36,67,80,0,0
0,0,29,32,32,40,31,30,33,0;27,0,29,0,28,0,40,25,38,0;31,0,0,27,32,0,37,37,0,29;36,32,0,0,37,0,23,20,30,27;18,0,0,29,0,30,0,37,0,31;0,23,20,37,0,0,39,0,0,0;34,36,27,0,26,0,0,24,0,0;21,0,38,24,25,0,36,0,37,0;30,34,26,0,0,0,0,0,0,0;23,0,0,0,40,20,34,39,0,0
-80,24,0,0,0,19,15,0,0,22
------------- End of Scenario k = 29 -------
