/ -------------------------------------------------------------------------
An instance of the stochastic Fixed - charge Network Flow Problem using NETGEN.
/ -------------------------------------------------------------------------
Number of Nodes (no Dummy node is added), n
Graph Density, density
The fixed cost to variable cost ratio, f
Adjacency Matrix, A
Fixed Cost Matrix, c
Number of scenarios, K
Scenario Probabilities, p
----The following three rows will be repeated K times.----
Var Cost Matrix, d
Capacity, u
demand, b
/ -------------------------------------------------------------------------
+
10
0.6
200
0,1,1,0,0,1,1,0,1,1;1,0,1,1,1,1,0,0,1,0;1,1,0,1,0,0,1,0,1,1;1,0,1,0,0,1,0,1,1,0;1,0,0,1,0,1,0,1,1,0;0,0,1,1,1,0,1,1,1,0;0,0,1,0,0,1,0,1,0,0;1,1,0,1,0,1,1,0,1,1;0,0,0,0,0,1,1,1,0,1;0,1,1,1,1,0,1,1,0,0
0,11480,10160,0,0,10480,10620,0,10700,10320;9020,0,13419,9640,11180,9340,0,0,9600,0;10100,8920,0,13240,0,0,10040,0,9520,10500;11660,0,9520,0,0,12480,0,9740,8040,0;7700,0,0,9300,0,8840,0,11720,11280,0;0,0,8760,9580,10420,0,14260,10900,10640,0;0,0,11320,0,0,10320,0,9640,0,0;10840,10060,0,10640,0,10700,9020,0,13180,9740;0,0,0,0,0,9500,10840,9920,0,11360;0,9700,9120,9960,8920,0,8960,10260,0,0
10
0.15,0.05,0.05,0.05,0.05,0.1,0.1,0.05,0.25,0.15
--Scenarios--
0,28,48,0,0,28,29,0,77,67;44,0,65,24,29,74,0,0,37,0;69,49,0,31,0,0,51,0,36,54;28,0,69,0,0,33,0,69,35,0;39,0,0,79,0,31,0,80,70,0;0,0,20,56,57,0,80,67,51,0;0,0,50,0,0,41,0,48,0,0;20,28,0,44,0,39,47,0,24,52;0,0,0,0,0,40,36,64,0,25;0,31,40,73,24,0,64,66,0,0
0,29,40,0,0,36,27,0,36,25;33,0,31,27,21,27,0,0,33,0;34,23,0,34,0,0,34,0,39,35;32,0,30,0,0,32,0,32,20,0;40,0,0,28,0,24,0,31,40,0;0,0,24,26,29,0,31,27,34,0;0,0,33,0,0,36,0,23,0,0;33,32,0,20,0,22,40,0,29,20;0,0,0,0,0,22,35,28,0,14;0,24,31,28,33,0,20,37,0,0
-35,23,0,0,12,0,0,0,0,0
------------- End of Scenario k = 0 -------
0,51,67,0,0,64,20,0,66,28;32,0,80,35,24,68,0,0,43,0;28,28,0,80,0,0,76,0,50,24;74,0,65,0,0,80,0,35,20,0;32,0,0,76,0,67,0,30,36,0;0,0,78,48,29,0,60,22,49,0;0,0,70,0,0,59,0,64,0,0;44,39,0,72,0,69,79,0,56,33;0,0,0,0,0,37,78,42,0,80;0,35,56,35,35,0,47,28,0,0
0,40,29,0,0,24,28,0,33,22;21,0,35,38,32,30,0,0,23,0;32,36,0,39,0,0,29,0,37,20;33,0,32,0,0,25,0,21,39,0;35,0,0,23,0,24,0,31,30,0;0,0,25,35,28,0,40,34,24,0;0,0,37,0,0,28,0,36,0,0;33,27,0,32,0,27,22,0,39,34;0,0,0,0,0,30,28,38,0,32;0,32,35,20,24,0,39,32,0,0
-41,14,0,0,27,0,0,0,0,0
------------- End of Scenario k = 1 -------
0,76,53,0,0,60,56,0,66,55;30,0,78,28,75,44,0,0,25,0;76,42,0,80,0,0,49,0,53,43;23,0,36,0,0,80,0,65,76,0;40,0,0,23,0,58,0,30,48,0;0,0,35,38,46,0,37,70,56,0;0,0,66,0,0,35,0,67,0,0;80,56,0,76,0,32,39,0,80,66;0,0,0,0,0,49,31,76,0,80;0,40,60,80,75,0,32,43,0,0
0,22,26,0,0,27,39,0,27,36;38,0,40,35,24,40,0,0,39,0;26,32,0,30,0,0,37,0,38,35;29,0,27,0,0,28,0,39,40,0;27,0,0,20,0,28,0,33,27,0;0,0,40,27,30,0,30,35,31,0;0,0,39,0,0,26,0,24,0,0;37,27,0,20,0,33,26,0,37,28;0,0,0,0,0,29,30,31,0,37;0,27,37,31,25,0,39,31,0,0
-49,21,0,0,28,0,0,0,0,0
------------- End of Scenario k = 2 -------
0,75,78,0,0,29,54,0,66,60;27,0,80,72,71,35,0,0,55,0;31,37,0,62,0,0,62,0,24,40;34,0,39,0,0,26,0,50,25,0;51,0,0,34,0,38,0,46,68,0;0,0,35,51,72,0,80,80,38,0;0,0,29,0,0,20,0,30,0,0;80,79,0,61,0,75,71,0,80,25;0,0,0,0,0,67,72,70,0,52;0,66,62,50,47,0,27,68,0,0
0,35,29,0,0,33,30,0,36,22;37,0,35,37,28,20,0,0,28,0;33,20,0,40,0,0,26,0,30,32;39,0,38,0,0,25,0,40,26,0;24,0,0,20,0,35,0,35,24,0;0,0,25,30,24,0,40,29,38,0;0,0,29,0,0,25,0,33,0,0;38,22,0,25,0,30,40,0,40,39;0,0,0,0,0,38,37,25,0,38;0,27,38,38,26,0,33,37,0,0
-55,25,0,0,30,0,0,0,0,0
------------- End of Scenario k = 3 -------
0,77,54,0,0,70,71,0,58,59;64,0,80,47,28,21,0,0,71,0;68,27,0,80,0,0,39,0,40,49;80,0,26,0,0,52,0,46,62,0;31,0,0,33,0,73,0,45,48,0;0,0,29,40,36,0,80,21,40,0;0,0,75,0,0,60,0,32,0,0;75,74,0,26,0,62,39,0,38,77;0,0,0,0,0,25,40,56,0,34;0,63,50,22,55,0,47,54,0,0
0,35,32,0,0,23,33,0,35,22;36,0,21,32,29,39,0,0,35,0;39,32,0,40,0,0,35,0,29,20;26,0,21,0,0,38,0,29,39,0;27,0,0,26,0,22,0,29,40,0;0,0,39,35,30,0,39,32,27,0;0,0,28,0,0,24,0,40,0,0;28,30,0,21,0,28,30,0,35,32;0,0,0,0,0,33,40,26,0,30;0,24,34,39,28,0,36,33,0,0
-44,19,0,0,25,0,0,0,0,0
------------- End of Scenario k = 4 -------
0,58,43,0,0,63,78,0,67,39;24,0,80,75,79,39,0,0,39,0;62,61,0,54,0,0,50,0,34,79;80,0,49,0,0,80,0,77,44,0;65,0,0,57,0,44,0,35,63,0;0,0,41,24,54,0,80,74,53,0;0,0,73,0,0,70,0,61,0,0;41,30,0,36,0,69,48,0,80,77;0,0,0,0,0,42,46,27,0,24;0,50,31,60,31,0,25,26,0,0
0,34,22,0,0,34,36,0,20,22;26,0,38,23,27,31,0,0,33,0;25,39,0,36,0,0,38,0,30,25;25,0,31,0,0,40,0,20,28,0;40,0,0,20,0,36,0,28,36,0;0,0,40,35,22,0,34,38,22,0;0,0,23,0,0,39,0,27,0,0;38,38,0,31,0,34,20,0,39,36;0,0,0,0,0,26,26,26,0,28;0,35,23,30,24,0,21,36,0,0
-41,24,0,0,17,0,0,0,0,0
------------- End of Scenario k = 5 -------
0,63,31,0,0,27,29,0,43,46;70,0,35,72,59,41,0,0,60,0;29,54,0,54,0,0,32,0,32,65;80,0,50,0,0,80,0,23,30,0;39,0,0,53,0,27,0,80,54,0;0,0,52,70,42,0,80,73,68,0;0,0,23,0,0,62,0,26,0,0;20,25,0,78,0,47,34,0,80,32;0,0,0,0,0,78,64,45,0,33;0,47,29,53,38,0,74,56,0,0
0,33,40,0,0,32,28,0,34,36;29,0,15,36,35,39,0,0,22,0;21,31,0,24,0,0,37,0,37,26;10,0,26,0,0,26,0,31,32,0;39,0,0,30,0,23,0,38,32,0;0,0,38,37,38,0,35,24,34,0;0,0,31,0,0,35,0,25,0,0;37,29,0,39,0,35,27,0,36,23;0,0,0,0,0,29,22,34,0,36;0,27,27,38,37,0,39,24,0,0
-38,10,0,0,28,0,0,0,0,0
------------- End of Scenario k = 6 -------
0,26,22,0,0,48,57,0,39,59;35,0,69,76,62,76,0,0,27,0;23,53,0,80,0,0,62,0,69,52;24,0,34,0,0,54,0,24,27,0;28,0,0,24,0,63,0,80,79,0;0,0,25,32,61,0,80,25,72,0;0,0,43,0,0,80,0,55,0,0;23,37,0,36,0,45,34,0,61,38;0,0,0,0,0,61,47,36,0,80;0,43,38,68,20,0,73,66,0,0
0,33,21,0,0,28,31,0,27,28;25,0,26,39,22,39,0,0,34,0;27,28,0,16,0,0,32,0,22,31;25,0,26,0,0,36,0,23,28,0;34,0,0,37,0,40,0,40,38,0;0,0,26,34,29,0,39,37,31,0;0,0,38,0,0,39,0,34,0,0;21,40,0,29,0,21,37,0,36,28;0,0,0,0,0,33,36,23,0,24;0,35,24,33,33,0,40,28,0,0
-34,14,0,0,20,0,0,0,0,0
------------- End of Scenario k = 7 -------
0,57,37,0,0,61,71,0,24,34;70,0,53,33,73,41,0,0,51,0;45,37,0,80,0,0,32,0,72,47;80,0,44,0,0,80,0,60,59,0;31,0,0,65,0,21,0,80,38,0;0,0,60,52,63,0,56,35,46,0;0,0,67,0,0,32,0,73,0,0;79,64,0,26,0,69,34,0,80,48;0,0,0,0,0,50,75,41,0,80;0,51,52,30,79,0,22,36,0,0
0,38,23,0,0,38,27,0,22,26;20,0,27,25,28,35,0,0,33,0;26,25,0,26,0,0,29,0,39,28;32,0,32,0,0,36,0,35,34,0;32,0,0,23,0,39,0,19,27,0;0,0,34,36,39,0,18,29,38,0;0,0,34,0,0,22,0,21,0,0;16,29,0,23,0,22,27,0,27,40;0,0,0,0,0,23,29,20,0,16;0,33,28,28,38,0,25,40,0,0
-28,14,0,0,14,0,0,0,0,0
------------- End of Scenario k = 8 -------
0,63,75,0,0,74,66,0,29,69;55,0,51,20,59,28,0,0,72,0;74,58,0,61,0,0,49,0,66,72;80,0,64,0,0,59,0,38,24,0;29,0,0,21,0,20,0,80,60,0;0,0,63,68,61,0,80,78,59,0;0,0,70,0,0,57,0,26,0,0;80,71,0,77,0,28,26,0,80,39;0,0,0,0,0,26,53,39,0,80;0,59,38,27,42,0,37,70,0,0
0,35,33,0,0,24,24,0,20,29;21,0,31,25,27,38,0,0,20,0;40,27,0,37,0,0,20,0,32,32;30,0,34,0,0,36,0,30,40,0;36,0,0,25,0,28,0,28,40,0;0,0,40,36,27,0,26,39,31,0;0,0,40,0,0,33,0,32,0,0;27,27,0,40,0,24,31,0,33,34;0,0,0,0,0,32,38,36,0,34;0,34,21,23,26,0,39,23,0,0
-50,25,0,0,25,0,0,0,0,0
------------- End of Scenario k = 9 -------
