/ -------------------------------------------------------------------------
An instance of the stochastic Fixed - charge Network Flow Problem using NETGEN.
/ -------------------------------------------------------------------------
Number of Nodes (no Dummy node is added), n
Graph Density, density
The fixed cost to variable cost ratio, f
Adjacency Matrix, A
Fixed Cost Matrix, c
Number of scenarios, K
Scenario Probabilities, p
----The following three rows will be repeated K times.----
Var Cost Matrix, d
Capacity, u
demand, b
/ -------------------------------------------------------------------------
+
30
0.3
200
0,1,1,0,0,0,0,0,1,0,0,0,1,0,1,1,0,0,0,0,0,0,0,0,0,0,1,0,1,1;0,0,1,0,0,0,0,0,0,1,1,1,0,1,0,0,0,0,1,0,0,1,0,0,1,0,0,0,1,0;0,0,0,0,0,1,0,0,0,0,1,0,0,0,0,0,0,0,1,0,1,0,0,1,1,0,0,0,0,0;0,0,0,0,0,1,0,0,0,0,0,0,0,0,0,0,1,0,0,0,1,1,0,0,1,0,0,0,0,0;0,0,0,0,0,0,1,0,0,1,0,0,1,1,0,0,0,1,0,0,0,1,0,1,0,0,0,0,1,0;1,0,1,1,1,0,1,0,0,0,0,0,1,0,0,1,0,0,0,1,1,1,0,0,0,0,1,1,1,1;1,0,0,1,0,0,0,0,0,0,1,1,0,0,0,1,0,1,1,1,0,0,1,0,0,1,0,0,1,1;1,0,0,1,0,1,0,0,1,0,1,0,1,0,0,0,0,1,1,1,0,1,0,0,1,1,0,0,1,1;0,0,0,0,1,1,0,0,0,1,1,0,0,0,0,1,0,0,0,0,0,1,0,0,1,1,0,1,1,0;0,1,1,1,0,1,0,0,0,0,0,0,1,1,0,0,0,1,0,0,0,0,0,0,0,0,1,0,1,0;0,1,0,0,0,1,0,0,0,1,0,0,1,0,0,0,0,0,0,0,0,0,0,0,0,1,1,0,0,1;0,0,0,1,1,1,1,0,1,0,0,0,0,0,1,0,1,0,1,1,0,1,0,0,0,0,0,0,1,0;0,0,0,0,0,1,0,0,0,0,0,0,0,0,0,1,0,0,1,0,0,0,1,0,0,0,0,0,0,0;1,0,0,0,0,0,0,0,0,0,0,0,0,0,0,0,0,0,1,0,0,0,0,0,0,0,0,0,1,0;0,0,0,1,1,0,0,0,1,1,0,0,0,0,0,1,1,1,1,0,0,0,0,0,0,0,1,0,0,0;1,0,1,1,0,0,0,0,1,0,1,0,0,1,0,0,0,1,1,0,1,0,1,0,0,0,1,0,0,0;1,1,0,0,1,0,0,0,1,0,0,0,1,0,0,1,0,1,0,0,0,0,0,1,0,0,0,0,0,0;0,0,1,0,1,0,0,1,0,0,1,0,0,0,0,0,0,0,1,1,1,0,1,0,0,0,0,0,1,0;0,1,0,1,0,0,0,0,0,0,1,0,1,1,1,0,1,0,0,0,0,0,0,1,0,0,1,1,1,0;0,0,0,1,0,0,1,0,0,0,0,0,1,0,0,1,1,1,0,0,1,0,0,1,0,0,0,0,0,0;0,0,1,0,0,1,0,0,1,0,0,0,0,0,0,0,1,0,0,1,0,1,0,0,0,0,0,1,1,0;0,0,0,0,0,0,0,0,0,0,0,1,1,0,0,0,1,0,0,0,0,0,0,1,0,0,0,1,0,0;0,1,0,1,0,0,0,0,0,1,0,0,0,1,0,1,1,0,0,1,0,0,0,0,1,0,1,0,0,0;0,1,1,1,0,0,0,0,0,1,0,0,0,0,1,1,1,1,1,0,1,0,0,0,1,1,0,0,0,0;0,0,0,0,1,1,0,0,0,1,0,0,1,1,0,0,0,0,1,0,1,0,0,1,0,1,1,1,1,0;0,0,1,1,0,0,0,0,0,0,0,1,0,0,1,0,0,0,0,0,0,0,0,0,0,0,0,1,0,0;1,1,0,0,0,1,0,0,0,0,0,0,0,0,0,0,1,0,1,0,1,0,0,0,1,0,0,0,1,1;1,0,0,0,0,1,0,0,0,0,1,0,0,1,0,0,0,1,0,1,0,1,1,0,0,1,0,0,1,1;0,0,1,0,0,0,0,0,0,0,1,0,0,1,0,0,0,0,0,1,0,0,0,1,1,0,1,0,0,0;0,0,1,0,0,0,0,0,0,0,1,0,0,0,1,0,0,0,0,0,0,0,0,0,0,1,1,1,0,0
0,11740,11720,0,0,0,0,0,8950,0,0,0,10400,0,9090,9810,0,0,0,0,0,0,0,0,0,0,9390,0,8450,10250;0,0,13650,0,0,0,0,0,0,10650,10910,9990,0,8520,0,0,0,0,9040,0,0,10980,0,0,10340,0,0,0,9880,0;0,0,0,0,0,13080,0,0,0,0,9630,0,0,0,0,0,0,0,9770,0,8450,0,0,10540,10490,0,0,0,0,0;0,0,0,0,0,11030,0,0,0,0,0,0,0,0,0,0,8450,0,0,0,9350,10210,0,0,10310,0,0,0,0,0;0,0,0,0,0,0,10240,0,0,10580,0,0,10370,9690,0,0,0,10050,0,0,0,10380,0,11030,0,0,0,0,9380,0;13269,0,10040,8580,12110,0,12100,0,0,0,0,0,12880,0,0,10540,0,0,0,9080,12110,9480,0,0,0,0,9780,9480,9740,10070;10690,0,0,9970,0,0,0,0,0,0,10630,8610,0,0,0,12580,0,8240,9720,9970,0,0,10330,0,0,9700,0,0,13630,9240;12840,0,0,13430,0,11340,0,0,13419,0,8310,0,10410,0,0,0,0,8620,9810,10410,0,10720,0,0,9250,10200,0,0,13300,10320;0,0,0,0,15000,10250,0,0,0,9370,13480,0,0,0,0,10670,0,0,0,0,0,10500,0,0,9300,10390,0,10090,10360,0;0,8750,9300,8840,0,9330,0,0,0,0,0,0,13490,13010,0,0,0,9580,0,0,0,0,0,0,0,0,10670,0,10130,0;0,11680,0,0,0,8690,0,0,0,9440,0,0,13530,0,0,0,0,0,0,0,0,0,0,0,0,10800,13600,0,0,10970;0,0,0,10630,11620,10950,10460,0,10300,0,0,0,0,0,13830,0,10460,0,9410,12200,0,10280,0,0,0,0,0,0,10250,0;0,0,0,0,0,9770,0,0,0,0,0,0,0,0,0,9270,0,0,10170,0,0,0,10320,0,0,0,0,0,0,0;10400,0,0,0,0,0,0,0,0,0,0,0,0,0,0,0,0,0,9990,0,0,0,0,0,0,0,0,0,10370,0;0,0,0,13810,12819,0,0,0,9290,9360,0,0,0,0,0,14319,10450,9810,9810,0,0,0,0,0,0,0,13919,0,0,0;9400,0,11100,10420,0,0,0,0,9910,0,9150,0,0,9830,0,0,0,10590,11480,0,9400,0,9920,0,0,0,9540,0,0,0;14000,11700,0,0,10410,0,0,0,9740,0,0,0,11020,0,0,12040,0,13460,0,0,0,0,0,10260,0,0,0,0,0,0;0,0,10080,0,10870,0,0,10320,0,0,9880,0,0,0,0,0,0,0,13800,10220,10610,0,9660,0,0,0,0,0,9490,0;0,10560,0,9910,0,0,0,0,0,0,10530,0,11690,10790,9940,0,9450,0,0,0,0,0,0,10070,0,0,14340,11620,12460,0;0,0,0,9760,0,0,9630,0,0,0,0,0,11000,0,0,9140,10800,9940,0,0,12250,0,0,10200,0,0,0,0,0,0;0,0,9660,0,0,9380,0,0,8820,0,0,0,0,0,0,0,9630,0,0,10310,0,12370,0,0,0,0,0,11110,11730,0;0,0,0,0,0,0,0,0,0,0,0,9760,10170,0,0,0,9720,0,0,0,0,0,0,12750,0,0,0,10790,0,0;0,9770,0,9360,0,0,0,0,0,8870,0,0,0,10150,0,9410,11220,0,0,12730,0,0,0,0,10640,0,12260,0,0,0;0,11080,10660,9070,0,0,0,0,0,9730,0,0,0,0,8680,12640,8660,12040,10730,0,9670,0,0,0,13960,9280,0,0,0,0;0,0,0,0,14050,10800,0,0,0,8640,0,0,8530,9020,0,0,0,0,8610,0,9710,0,0,10880,0,12540,10590,8970,10150,0;0,0,11010,13200,0,0,0,0,0,0,0,9730,0,0,9850,0,0,0,0,0,0,0,0,0,0,0,0,12230,0,0;10660,9550,0,0,0,10210,0,0,0,0,0,0,0,0,0,0,11360,0,10580,0,10950,0,0,0,11110,0,0,0,10830,11030;12330,0,0,0,0,9090,0,0,0,0,9670,0,0,9840,0,0,0,10070,0,9190,0,11120,10010,0,0,9020,0,0,13450,13700;0,0,11850,0,0,0,0,0,0,0,8700,0,0,9300,0,0,0,0,0,10900,0,0,0,9810,10290,0,11170,0,0,0;0,0,9670,0,0,0,0,0,0,0,9090,0,0,0,9060,0,0,0,0,0,0,0,0,0,0,10030,11560,10210,0,0
20
0.02,0.05,0.1,0.07,0.05,0.02,0.02,0.02,0.07,0.02,0.07,0.05,0.02,0.02,0.17,0.05,0.05,0.02,0.02,0.09
--Scenarios--
0,22,75,0,0,0,0,0,42,0,0,0,70,0,28,59,0,0,0,0,0,0,0,0,0,0,38,0,39,72;0,0,80,0,0,0,0,0,0,57,61,78,0,59,0,0,0,0,26,0,0,79,0,0,50,0,0,0,22,0;0,0,0,0,0,33,0,0,0,0,77,0,0,0,0,0,0,0,63,0,68,0,0,45,32,0,0,0,0,0;0,0,0,0,0,76,0,0,0,0,0,0,0,0,0,0,50,0,0,0,27,35,0,0,69,0,0,0,0,0;0,0,0,0,0,0,68,0,0,53,0,0,74,54,0,0,0,76,0,0,0,71,0,47,0,0,0,0,31,0;80,0,40,49,58,0,45,0,0,0,0,0,80,0,0,70,0,0,0,39,69,52,0,0,0,0,77,75,25,80;20,0,0,22,0,0,0,0,0,0,74,46,0,0,0,80,0,55,70,38,0,0,55,0,0,61,0,0,67,69;31,0,0,80,0,62,0,0,35,0,66,0,75,0,0,0,0,45,21,79,0,72,0,0,77,53,0,0,80,78;0,0,0,0,80,38,0,0,0,53,41,0,0,0,0,37,0,0,0,0,0,53,0,0,28,77,0,75,61,0;0,63,55,30,0,24,0,0,0,0,0,0,33,80,0,0,0,49,0,0,0,0,0,0,0,0,76,0,79,0;0,50,0,0,0,58,0,0,0,77,0,0,80,0,0,0,0,0,0,0,0,0,0,0,0,33,80,0,0,80;0,0,0,72,68,63,43,0,67,0,0,0,0,0,80,0,57,0,51,76,0,72,0,0,0,0,0,0,31,0;0,0,0,0,0,71,0,0,0,0,0,0,0,0,0,24,0,0,68,0,0,0,74,0,0,0,0,0,0,0;38,0,0,0,0,0,0,0,0,0,0,0,0,0,0,0,0,0,35,0,0,0,0,0,0,0,0,0,54,0;0,0,0,27,80,0,0,0,51,40,0,0,0,0,0,80,76,42,45,0,0,0,0,0,0,0,80,0,0,0;72,0,56,80,0,0,0,0,65,0,29,0,0,76,0,0,0,60,49,0,72,0,79,0,0,0,33,0,0,0;78,70,0,0,37,0,0,0,39,0,0,0,42,0,0,28,0,68,0,0,0,0,0,67,0,0,0,0,0,0;0,0,50,0,59,0,0,34,0,0,57,0,0,0,0,0,0,0,80,31,27,0,34,0,0,0,0,0,62,0;0,50,0,47,0,0,0,0,0,0,67,0,40,51,57,0,50,0,0,0,0,0,0,69,0,0,80,60,24,0;0,0,0,21,0,0,47,0,0,0,0,0,71,0,0,33,78,33,0,0,29,0,0,66,0,0,0,0,0,0;0,0,23,0,0,37,0,0,43,0,0,0,0,0,0,0,69,0,0,74,0,80,0,0,0,0,0,51,34,0;0,0,0,0,0,0,0,0,0,0,0,31,60,0,0,0,45,0,0,0,0,0,0,58,0,0,0,72,0,0;0,42,0,38,0,0,0,0,0,33,0,0,0,50,0,55,73,0,0,71,0,0,0,0,66,0,80,0,0,0;0,77,78,65,0,0,0,0,0,53,0,0,0,0,29,20,56,24,41,0,48,0,0,0,72,32,0,0,0,0;0,0,0,0,80,75,0,0,0,64,0,0,40,70,0,0,0,0,54,0,43,0,0,62,0,49,65,37,59,0;0,0,60,75,0,0,0,0,0,0,0,38,0,0,37,0,0,0,0,0,0,0,0,0,0,0,0,31,0,0;30,79,0,0,0,69,0,0,0,0,0,0,0,0,0,0,71,0,27,0,62,0,0,0,76,0,0,0,53,39;80,0,0,0,0,53,0,0,0,0,76,0,0,37,0,0,0,76,0,25,0,58,57,0,0,76,0,0,38,74;0,0,33,0,0,0,0,0,0,0,34,0,0,39,0,0,0,0,0,47,0,0,0,78,78,0,58,0,0,0;0,0,60,0,0,0,0,0,0,0,36,0,0,0,24,0,0,0,0,0,0,0,0,0,0,37,26,38,0,0
0,29,20,0,0,0,0,0,24,0,0,0,34,0,32,29,0,0,0,0,0,0,0,0,0,0,28,0,24,25;0,0,25,0,0,0,0,0,0,31,32,25,0,38,0,0,0,0,27,0,0,38,0,0,32,0,0,0,28,0;0,0,0,0,0,16,0,0,0,0,29,0,0,0,0,0,0,0,39,0,29,0,0,25,34,0,0,0,0,0;0,0,0,0,0,35,0,0,0,0,0,0,0,0,0,0,29,0,0,0,30,35,0,0,27,0,0,0,0,0;0,0,0,0,0,0,21,0,0,39,0,0,30,24,0,0,0,40,0,0,0,35,0,23,0,0,0,0,20,0;28,0,31,23,33,0,16,0,0,0,0,0,38,0,0,30,0,0,0,21,22,22,0,0,0,0,22,36,22,37;39,0,0,34,0,0,0,0,0,0,38,24,0,0,0,27,0,31,32,33,0,0,22,0,0,24,0,0,22,29;37,0,0,37,0,34,0,0,33,0,27,0,20,0,0,0,0,26,40,38,0,27,0,0,22,32,0,0,33,27;0,0,0,0,38,33,0,0,0,33,39,0,0,0,0,29,0,0,0,0,0,22,0,0,30,21,0,29,39,0;0,26,32,21,0,36,0,0,0,0,0,0,39,34,0,0,0,29,0,0,0,0,0,0,0,0,21,0,38,0;0,33,0,0,0,36,0,0,0,38,0,0,40,0,0,0,0,0,0,0,0,0,0,0,0,33,35,0,0,24;0,0,0,31,26,21,22,0,21,0,0,0,0,0,27,0,32,0,26,39,0,29,0,0,0,0,0,0,24,0;0,0,0,0,0,29,0,0,0,0,0,0,0,0,0,29,0,0,20,0,0,0,32,0,0,0,0,0,0,0;27,0,0,0,0,0,0,0,0,0,0,0,0,0,0,0,0,0,21,0,0,0,0,0,0,0,0,0,22,0;0,0,0,35,28,0,0,0,34,38,0,0,0,0,0,40,31,40,37,0,0,0,0,0,0,0,24,0,0,0;28,0,20,23,0,0,0,0,23,0,30,0,0,34,0,0,0,27,36,0,21,0,26,0,0,0,27,0,0,0;30,22,0,0,31,0,0,0,36,0,0,0,29,0,0,24,0,20,0,0,0,0,0,32,0,0,0,0,0,0;0,0,38,0,27,0,0,25,0,0,28,0,0,0,0,0,0,0,25,33,20,0,31,0,0,0,0,0,38,0;0,29,0,38,0,0,0,0,0,0,24,0,30,40,40,0,33,0,0,0,0,0,0,31,0,0,37,32,37,0;0,0,0,30,0,0,21,0,0,0,0,0,26,0,0,39,32,26,0,0,23,0,0,29,0,0,0,0,0,0;0,0,33,0,0,39,0,0,40,0,0,0,0,0,0,0,31,0,0,37,0,25,0,0,0,0,0,32,33,0;0,0,0,0,0,0,0,0,0,0,0,32,38,0,0,0,30,0,0,0,0,0,0,32,0,0,0,26,0,0;0,27,0,35,0,0,0,0,0,36,0,0,0,35,0,32,24,0,0,23,0,0,0,0,28,0,36,0,0,0;0,33,26,33,0,0,0,0,0,34,0,0,0,0,27,19,27,31,29,0,39,0,0,0,27,21,0,0,0,0;0,0,0,0,34,35,0,0,0,30,0,0,22,22,0,0,0,0,25,0,21,0,0,28,0,29,34,33,21,0;0,0,21,35,0,0,0,0,0,0,0,40,0,0,34,0,0,0,0,0,0,0,0,0,0,0,0,21,0,0;23,29,0,0,0,27,0,0,0,0,0,0,0,0,0,0,28,0,20,0,25,0,0,0,40,0,0,0,37,37;28,0,0,0,0,21,0,0,0,0,25,0,0,22,0,0,0,23,0,34,0,20,20,0,0,31,0,0,31,30;0,0,28,0,0,0,0,0,0,0,34,0,0,30,0,0,0,0,0,31,0,0,0,37,31,0,32,0,0,0;0,0,31,0,0,0,0,0,0,0,22,0,0,0,33,0,0,0,0,0,0,0,0,0,0,35,23,33,0,0
-6,11,0,-16,-11,0,0,29,0,28,0,19,-38,0,0,-9,20,0,0,0,0,0,17,0,0,0,-21,0,-23,0
------------- End of Scenario k = 0 -------
0,52,29,0,0,0,0,0,80,0,0,0,76,0,68,54,0,0,0,0,0,0,0,0,0,0,29,0,67,24;0,0,34,0,0,0,0,0,0,42,34,44,0,33,0,0,0,0,49,0,0,64,0,0,54,0,0,0,57,0;0,0,0,0,0,27,0,0,0,0,23,0,0,0,0,0,0,0,46,0,52,0,0,79,52,0,0,0,0,0;0,0,0,0,0,68,0,0,0,0,0,0,0,0,0,0,62,0,0,0,67,54,0,0,43,0,0,0,0,0;0,0,0,0,0,0,54,0,0,44,0,0,50,61,0,0,0,59,0,0,0,39,0,32,0,0,0,0,79,0;80,0,72,25,80,0,55,0,0,0,0,0,75,0,0,24,0,0,0,24,46,69,0,0,0,0,64,42,33,56;33,0,0,63,0,0,0,0,0,0,65,72,0,0,0,50,0,42,66,76,0,0,62,0,0,32,0,0,80,75;80,0,0,80,0,36,0,0,80,0,66,0,49,0,0,0,0,23,25,39,0,52,0,0,29,43,0,0,80,26;0,0,0,0,80,50,0,0,0,75,80,0,0,0,0,34,0,0,0,0,0,67,0,0,57,66,0,24,70,0;0,29,58,54,0,42,0,0,0,0,0,0,80,70,0,0,0,40,0,0,0,0,0,0,0,0,37,0,45,0;0,76,0,0,0,60,0,0,0,42,0,0,80,0,0,0,0,0,0,0,0,0,0,0,0,59,64,0,0,58;0,0,0,32,74,58,48,0,50,0,0,0,0,0,38,0,61,0,53,49,0,49,0,0,0,0,0,0,57,0;0,0,0,0,0,36,0,0,0,0,0,0,0,0,0,39,0,0,54,0,0,0,27,0,0,0,0,0,0,0;80,0,0,0,0,0,0,0,0,0,0,0,0,0,0,0,0,0,66,0,0,0,0,0,0,0,0,0,61,0;0,0,0,80,53,0,0,0,35,47,0,0,0,0,0,56,33,53,26,0,0,0,0,0,0,0,80,0,0,0;20,0,80,25,0,0,0,0,47,0,53,0,0,39,0,0,0,58,30,0,62,0,43,0,0,0,27,0,0,0;43,24,0,0,42,0,0,0,61,0,0,0,80,0,0,80,0,67,0,0,0,0,0,37,0,0,0,0,0,0;0,0,80,0,45,0,0,33,0,0,67,0,0,0,0,0,0,0,80,29,27,0,52,0,0,0,0,0,38,0;0,71,0,63,0,0,0,0,0,0,80,0,80,67,35,0,27,0,0,0,0,0,0,69,0,0,51,39,80,0;0,0,0,77,0,0,71,0,0,0,0,0,36,0,0,55,76,58,0,0,31,0,0,38,0,0,0,0,0,0;0,0,20,0,0,54,0,0,64,0,0,0,0,0,0,0,59,0,0,78,0,80,0,0,0,0,0,65,69,0;0,0,0,0,0,0,0,0,0,0,0,43,29,0,0,0,75,0,0,0,0,0,0,76,0,0,0,57,0,0;0,72,0,78,0,0,0,0,0,31,0,0,0,31,0,67,30,0,0,80,0,0,0,0,68,0,80,0,0,0;0,50,64,53,0,0,0,0,0,20,0,0,0,0,49,80,54,80,74,0,69,0,0,0,53,54,0,0,0,0;0,0,0,0,80,42,0,0,0,63,0,0,35,35,0,0,0,0,68,0,77,0,0,39,0,40,51,43,76,0;0,0,61,80,0,0,0,0,0,0,0,38,0,0,60,0,0,0,0,0,0,0,0,0,0,0,0,80,0,0;79,78,0,0,0,30,0,0,0,0,0,0,0,0,0,0,20,0,51,0,54,0,0,0,37,0,0,0,56,75;80,0,0,0,0,52,0,0,0,0,63,0,0,38,0,0,0,31,0,25,0,65,66,0,0,25,0,0,43,77;0,0,37,0,0,0,0,0,0,0,49,0,0,49,0,0,0,0,0,52,0,0,0,32,34,0,59,0,0,0;0,0,53,0,0,0,0,0,0,0,31,0,0,0,28,0,0,0,0,0,0,0,0,0,0,48,51,47,0,0
0,37,38,0,0,0,0,0,36,0,0,0,38,0,25,24,0,0,0,0,0,0,0,0,0,0,35,0,31,28;0,0,16,0,0,0,0,0,0,40,35,38,0,20,0,0,0,0,38,0,0,33,0,0,34,0,0,0,29,0;0,0,0,0,0,21,0,0,0,0,35,0,0,0,0,0,0,0,22,0,35,0,0,23,40,0,0,0,0,0;0,0,0,0,0,39,0,0,0,0,0,0,0,0,0,0,36,0,0,0,28,31,0,0,31,0,0,0,0,0;0,0,0,0,0,0,34,0,0,34,0,0,20,22,0,0,0,40,0,0,0,22,0,23,0,0,0,0,40,0;31,0,25,35,38,0,13,0,0,0,0,0,16,0,0,39,0,0,0,24,31,20,0,0,0,0,20,24,39,33;33,0,0,35,0,0,0,0,0,0,39,29,0,0,0,23,0,20,25,37,0,0,20,0,0,34,0,0,16,35;40,0,0,29,0,34,0,0,34,0,25,0,26,0,0,0,0,22,25,35,0,25,0,0,32,33,0,0,31,27;0,0,0,0,32,23,0,0,0,34,32,0,0,0,0,28,0,0,0,0,0,24,0,0,25,28,0,35,39,0;0,25,31,38,0,38,0,0,0,0,0,0,31,22,0,0,0,37,0,0,0,0,0,0,0,0,35,0,33,0;0,34,0,0,0,37,0,0,0,32,0,0,29,0,0,0,0,0,0,0,0,0,0,0,0,31,39,0,0,33;0,0,0,40,26,31,25,0,28,0,0,0,0,0,31,0,23,0,25,28,0,29,0,0,0,0,0,0,27,0;0,0,0,0,0,26,0,0,0,0,0,0,0,0,0,27,0,0,27,0,0,0,32,0,0,0,0,0,0,0;39,0,0,0,0,0,0,0,0,0,0,0,0,0,0,0,0,0,33,0,0,0,0,0,0,0,0,0,34,0;0,0,0,32,37,0,0,0,20,28,0,0,0,0,0,34,32,30,30,0,0,0,0,0,0,0,38,0,0,0;32,0,25,28,0,0,0,0,38,0,38,0,0,28,0,0,0,22,23,0,35,0,38,0,0,0,37,0,0,0;30,31,0,0,26,0,0,0,24,0,0,0,32,0,0,28,0,25,0,0,0,0,0,38,0,0,0,0,0,0;0,0,29,0,38,0,0,29,0,0,25,0,0,0,0,0,0,0,29,34,25,0,29,0,0,0,0,0,40,0;0,26,0,36,0,0,0,0,0,0,30,0,29,38,28,0,23,0,0,0,0,0,0,32,0,0,38,33,25,0;0,0,0,20,0,0,29,0,0,0,0,0,20,0,0,22,37,30,0,0,25,0,0,22,0,0,0,0,0,0;0,0,25,0,0,33,0,0,21,0,0,0,0,0,0,0,39,0,0,20,0,36,0,0,0,0,0,20,40,0;0,0,0,0,0,0,0,0,0,0,0,38,32,0,0,0,32,0,0,0,0,0,0,27,0,0,0,37,0,0;0,24,0,23,0,0,0,0,0,29,0,0,0,21,0,38,22,0,0,39,0,0,0,0,35,0,35,0,0,0;0,23,28,22,0,0,0,0,0,20,0,0,0,0,36,35,36,21,36,0,36,0,0,0,23,33,0,0,0,0;0,0,0,0,25,37,0,0,0,23,0,0,33,34,0,0,0,0,20,0,32,0,0,27,0,33,28,40,38,0;0,0,33,20,0,0,0,0,0,0,0,31,0,0,31,0,0,0,0,0,0,0,0,0,0,0,0,20,0,0;30,25,0,0,0,24,0,0,0,0,0,0,0,0,0,0,27,0,32,0,39,0,0,0,27,0,0,0,22,31;34,0,0,0,0,31,0,0,0,0,40,0,0,32,0,0,0,31,0,25,0,33,39,0,0,26,0,0,39,40;0,0,35,0,0,0,0,0,0,0,29,0,0,20,0,0,0,0,0,35,0,0,0,26,38,0,39,0,0,0;0,0,38,0,0,0,0,0,0,0,29,0,0,0,37,0,0,0,0,0,0,0,0,0,0,25,25,35,0,0
-8,12,0,-28,-12,0,0,28,0,11,0,29,-24,0,0,-16,24,0,0,0,0,0,20,0,0,0,-24,0,-12,0
------------- End of Scenario k = 1 -------
0,70,67,0,0,0,0,0,45,0,0,0,68,0,28,75,0,0,0,0,0,0,0,0,0,0,41,0,58,33;0,0,79,0,0,0,0,0,0,49,51,56,0,56,0,0,0,0,59,0,0,34,0,0,76,0,0,0,52,0;0,0,0,0,0,52,0,0,0,0,61,0,0,0,0,0,0,0,59,0,62,0,0,29,77,0,0,0,0,0;0,0,0,0,0,22,0,0,0,0,0,0,0,0,0,0,31,0,0,0,65,58,0,0,31,0,0,0,0,0;0,0,0,0,0,0,38,0,0,58,0,0,53,42,0,0,0,27,0,0,0,57,0,71,0,0,0,0,69,0;80,0,42,32,53,0,69,0,0,0,0,0,64,0,0,45,0,0,0,29,28,37,0,0,0,0,63,22,32,66;62,0,0,51,0,0,0,0,0,0,63,31,0,0,0,80,0,42,71,39,0,0,64,0,0,41,0,0,80,28;80,0,0,80,0,21,0,0,80,0,41,0,25,0,0,0,0,26,25,66,0,36,0,0,25,51,0,0,64,68;0,0,0,0,80,54,0,0,0,46,80,0,0,0,0,74,0,0,0,0,0,45,0,0,77,75,0,66,27,0;0,21,55,27,0,45,0,0,0,0,0,0,80,80,0,0,0,40,0,0,0,0,0,0,0,0,39,0,29,0;0,58,0,0,0,27,0,0,0,23,0,0,80,0,0,0,0,0,0,0,0,0,0,0,0,29,57,0,0,69;0,0,0,38,36,52,53,0,34,0,0,0,0,0,80,0,71,0,65,79,0,79,0,0,0,0,0,0,26,0;0,0,0,0,0,22,0,0,0,0,0,0,0,0,0,78,0,0,64,0,0,0,57,0,0,0,0,0,0,0;47,0,0,0,0,0,0,0,0,0,0,0,0,0,0,0,0,0,35,0,0,0,0,0,0,0,0,0,39,0;0,0,0,80,80,0,0,0,71,52,0,0,0,0,0,65,60,26,77,0,0,0,0,0,0,0,80,0,0,0;77,0,20,46,0,0,0,0,45,0,23,0,0,39,0,0,0,56,76,0,42,0,66,0,0,0,76,0,0,0;80,55,0,0,21,0,0,0,29,0,0,0,70,0,0,32,0,46,0,0,0,0,0,31,0,0,0,0,0,0;0,0,20,0,60,0,0,36,0,0,26,0,0,0,0,0,0,0,58,65,49,0,31,0,0,0,0,0,77,0;0,47,0,48,0,0,0,0,0,0,24,0,22,57,29,0,34,0,0,0,0,0,0,64,0,0,74,23,80,0;0,0,0,77,0,0,23,0,0,0,0,0,80,0,0,25,46,40,0,0,80,0,0,66,0,0,0,0,0,0;0,0,51,0,0,38,0,0,59,0,0,0,0,0,0,0,25,0,0,48,0,42,0,0,0,0,0,74,48,0;0,0,0,0,0,0,0,0,0,0,0,37,53,0,0,0,37,0,0,0,0,0,0,80,0,0,0,73,0,0;0,22,0,48,0,0,0,0,0,33,0,0,0,33,0,70,46,0,0,76,0,0,0,0,48,0,80,0,0,0;0,30,39,20,0,0,0,0,0,30,0,0,0,0,27,75,38,70,47,0,32,0,0,0,50,71,0,0,0,0;0,0,0,0,80,32,0,0,0,39,0,0,45,56,0,0,0,0,69,0,42,0,0,66,0,80,34,30,32,0;0,0,28,66,0,0,0,0,0,0,0,67,0,0,41,0,0,0,0,0,0,0,0,0,0,0,0,80,0,0;31,31,0,0,0,34,0,0,0,0,0,0,0,0,0,0,69,0,65,0,64,0,0,0,49,0,0,0,29,67;59,0,0,0,0,32,0,0,0,0,78,0,0,46,0,0,0,48,0,50,0,49,50,0,0,36,0,0,79,25;0,0,70,0,0,0,0,0,0,0,21,0,0,51,0,0,0,0,0,62,0,0,0,64,67,0,66,0,0,0;0,0,71,0,0,0,0,0,0,0,36,0,0,0,66,0,0,0,0,0,0,0,0,0,0,31,74,69,0,0
0,24,23,0,0,0,0,0,31,0,0,0,27,0,30,23,0,0,0,0,0,0,0,0,0,0,37,0,20,20;0,0,34,0,0,0,0,0,0,37,28,31,0,28,0,0,0,0,36,0,0,21,0,0,21,0,0,0,38,0;0,0,0,0,0,36,0,0,0,0,34,0,0,0,0,0,0,0,26,0,25,0,0,38,20,0,0,0,0,0;0,0,0,0,0,24,0,0,0,0,0,0,0,0,0,0,29,0,0,0,35,24,0,0,31,0,0,0,0,0;0,0,0,0,0,0,39,0,0,34,0,0,30,33,0,0,0,26,0,0,0,34,0,39,0,0,0,0,33,0;34,0,37,39,34,0,40,0,0,0,0,0,35,0,0,23,0,0,0,23,26,25,0,0,0,0,26,26,24,39;31,0,0,23,0,0,0,0,0,0,22,28,0,0,0,36,0,26,22,37,0,0,20,0,0,27,0,0,37,32;27,0,0,39,0,40,0,0,33,0,34,0,35,0,0,0,0,38,28,23,0,25,0,0,21,24,0,0,27,23;0,0,0,0,30,32,0,0,0,21,26,0,0,0,0,24,0,0,0,0,0,20,0,0,23,34,0,33,26,0;0,37,20,35,0,35,0,0,0,0,0,0,39,32,0,0,0,21,0,0,0,0,0,0,0,0,40,0,36,0;0,22,0,0,0,37,0,0,0,20,0,0,37,0,0,0,0,0,0,0,0,0,0,0,0,23,38,0,0,30;0,0,0,33,38,30,27,0,23,0,0,0,0,0,40,0,26,0,36,27,0,35,0,0,0,0,0,0,37,0;0,0,0,0,0,25,0,0,0,0,0,0,0,0,0,37,0,0,40,0,0,0,21,0,0,0,0,0,0,0;30,0,0,0,0,0,0,0,0,0,0,0,0,0,0,0,0,0,27,0,0,0,0,0,0,0,0,0,35,0;0,0,0,28,34,0,0,0,32,32,0,0,0,0,0,32,30,31,31,0,0,0,0,0,0,0,25,0,0,0;26,0,30,27,0,0,0,0,24,0,38,0,0,33,0,0,0,25,21,0,35,0,37,0,0,0,26,0,0,0;34,25,0,0,30,0,0,0,35,0,0,0,30,0,0,34,0,29,0,0,0,0,0,20,0,0,0,0,0,0;0,0,32,0,27,0,0,22,0,0,38,0,0,0,0,0,0,0,24,33,21,0,26,0,0,0,0,0,30,0;0,37,0,29,0,0,0,0,0,0,28,0,36,35,35,0,26,0,0,0,0,0,0,23,0,0,22,29,36,0;0,0,0,36,0,0,36,0,0,0,0,0,37,0,0,30,39,25,0,0,29,0,0,29,0,0,0,0,0,0;0,0,20,0,0,20,0,0,28,0,0,0,0,0,0,0,37,0,0,29,0,35,0,0,0,0,0,29,30,0;0,0,0,0,0,0,0,0,0,0,0,27,37,0,0,0,40,0,0,0,0,0,0,29,0,0,0,34,0,0;0,28,0,29,0,0,0,0,0,40,0,0,0,34,0,27,20,0,0,38,0,0,0,0,36,0,30,0,0,0;0,31,30,32,0,0,0,0,0,35,0,0,0,0,30,26,20,30,22,0,33,0,0,0,32,32,0,0,0,0;0,0,0,0,29,36,0,0,0,40,0,0,28,40,0,0,0,0,24,0,20,0,0,40,0,33,30,39,35,0;0,0,33,34,0,0,0,0,0,0,0,36,0,0,34,0,0,0,0,0,0,0,0,0,0,0,0,32,0,0;26,33,0,0,0,20,0,0,0,0,0,0,0,0,0,0,23,0,20,0,31,0,0,0,36,0,0,0,39,38;26,0,0,0,0,30,0,0,0,0,22,0,0,40,0,0,0,38,0,28,0,22,25,0,0,33,0,0,29,34;0,0,25,0,0,0,0,0,0,0,39,0,0,35,0,0,0,0,0,30,0,0,0,23,30,0,34,0,0,0;0,0,36,0,0,0,0,0,0,0,34,0,0,0,38,0,0,0,0,0,0,0,0,0,0,30,32,22,0,0
-22,28,0,-15,-17,0,0,24,0,18,0,24,-25,0,0,-20,21,0,0,0,0,0,26,0,0,0,-16,0,-26,0
------------- End of Scenario k = 2 -------
0,77,42,0,0,0,0,0,34,0,0,0,57,0,57,56,0,0,0,0,0,0,0,0,0,0,58,0,76,22;0,0,80,0,0,0,0,0,0,40,37,41,0,28,0,0,0,0,25,0,0,77,0,0,24,0,0,0,80,0;0,0,0,0,0,80,0,0,0,0,22,0,0,0,0,0,0,0,65,0,41,0,0,44,64,0,0,0,0,0;0,0,0,0,0,74,0,0,0,0,0,0,0,0,0,0,58,0,0,0,33,30,0,0,41,0,0,0,0,0;0,0,0,0,0,0,68,0,0,62,0,0,68,79,0,0,0,47,0,0,0,66,0,58,0,0,0,0,47,0;57,0,43,64,22,0,80,0,0,0,0,0,80,0,0,80,0,0,0,41,24,55,0,0,0,0,40,62,62,66;30,0,0,53,0,0,0,0,0,0,26,21,0,0,0,76,0,72,79,30,0,0,41,0,0,58,0,0,80,30;57,0,0,36,0,57,0,0,57,0,59,0,54,0,0,0,0,40,75,35,0,76,0,0,44,65,0,0,59,38;0,0,0,0,80,74,0,0,0,21,61,0,0,0,0,61,0,0,0,0,0,24,0,0,67,75,0,21,66,0;0,36,36,25,0,20,0,0,0,0,0,0,80,36,0,0,0,53,0,0,0,0,0,0,0,0,67,0,70,0;0,80,0,0,0,71,0,0,0,55,0,0,80,0,0,0,0,0,0,0,0,0,0,0,0,52,35,0,0,25;0,0,0,62,70,73,80,0,36,0,0,0,0,0,80,0,29,0,23,48,0,78,0,0,0,0,0,0,39,0;0,0,0,0,0,28,0,0,0,0,0,0,0,0,0,28,0,0,59,0,0,0,78,0,0,0,0,0,0,0;77,0,0,0,0,0,0,0,0,0,0,0,0,0,0,0,0,0,79,0,0,0,0,0,0,0,0,0,62,0;0,0,0,80,80,0,0,0,37,45,0,0,0,0,0,80,58,28,26,0,0,0,0,0,0,0,59,0,0,0;26,0,76,59,0,0,0,0,32,0,63,0,0,32,0,0,0,31,76,0,38,0,67,0,0,0,21,0,0,0;80,57,0,0,31,0,0,0,30,0,0,0,28,0,0,60,0,80,0,0,0,0,0,41,0,0,0,0,0,0;0,0,78,0,67,0,0,46,0,0,64,0,0,0,0,0,0,0,80,55,73,0,58,0,0,0,0,0,70,0;0,26,0,54,0,0,0,0,0,0,59,0,62,70,40,0,65,0,0,0,0,0,0,56,0,0,80,51,80,0;0,0,0,76,0,0,22,0,0,0,0,0,77,0,0,31,57,40,0,0,80,0,0,43,0,0,0,0,0,0;0,0,23,0,0,39,0,0,23,0,0,0,0,0,0,0,53,0,0,22,0,80,0,0,0,0,0,69,73,0;0,0,0,0,0,0,0,0,0,0,0,52,67,0,0,0,54,0,0,0,0,0,0,56,0,0,0,49,0,0;0,33,0,77,0,0,0,0,0,60,0,0,0,29,0,60,22,0,0,55,0,0,0,0,23,0,80,0,0,0;0,66,57,23,0,0,0,0,0,67,0,0,0,0,58,80,33,32,25,0,31,0,0,0,50,39,0,0,0,0;0,0,0,0,80,71,0,0,0,58,0,0,80,75,0,0,0,0,21,0,38,0,0,78,0,32,33,32,22,0;0,0,33,36,0,0,0,0,0,0,0,47,0,0,45,0,0,0,0,0,0,0,0,0,0,0,0,80,0,0;80,42,0,0,0,29,0,0,0,0,0,0,0,0,0,0,72,0,40,0,73,0,0,0,71,0,0,0,68,74;80,0,0,0,0,41,0,0,0,0,29,0,0,74,0,0,0,50,0,37,0,56,31,0,0,28,0,0,80,26;0,0,69,0,0,0,0,0,0,0,51,0,0,45,0,0,0,0,0,26,0,0,0,40,29,0,69,0,0,0;0,0,65,0,0,0,0,0,0,0,58,0,0,0,45,0,0,0,0,0,0,0,0,0,0,56,29,44,0,0
0,23,25,0,0,0,0,0,35,0,0,0,30,0,24,40,0,0,0,0,0,0,0,0,0,0,25,0,22,38;0,0,30,0,0,0,0,0,0,35,34,32,0,23,0,0,0,0,34,0,0,38,0,0,32,0,0,0,20,0;0,0,0,0,0,32,0,0,0,0,40,0,0,0,0,0,0,0,35,0,25,0,0,23,23,0,0,0,0,0;0,0,0,0,0,23,0,0,0,0,0,0,0,0,0,0,33,0,0,0,38,27,0,0,30,0,0,0,0,0;0,0,0,0,0,0,33,0,0,39,0,0,20,25,0,0,0,33,0,0,0,20,0,29,0,0,0,0,30,0;27,0,30,39,38,0,29,0,0,0,0,0,35,0,0,40,0,0,0,29,33,20,0,0,0,0,30,31,22,23;40,0,0,39,0,0,0,0,0,0,33,22,0,0,0,28,0,26,32,34,0,0,35,0,0,36,0,0,30,29;21,0,0,17,0,35,0,0,14,0,37,0,26,0,0,0,0,34,39,24,0,20,0,0,37,21,0,0,21,33;0,0,0,0,22,22,0,0,0,36,36,0,0,0,0,24,0,0,0,0,0,36,0,0,28,30,0,29,23,0;0,25,24,36,0,32,0,0,0,0,0,0,20,17,0,0,0,40,0,0,0,0,0,0,0,0,29,0,32,0;0,39,0,0,0,29,0,0,0,25,0,0,37,0,0,0,0,0,0,0,0,0,0,0,0,35,18,0,0,35;0,0,0,29,36,24,33,0,27,0,0,0,0,0,40,0,20,0,20,24,0,35,0,0,0,0,0,0,35,0;0,0,0,0,0,37,0,0,0,0,0,0,0,0,0,24,0,0,33,0,0,0,23,0,0,0,0,0,0,0;32,0,0,0,0,0,0,0,0,0,0,0,0,0,0,0,0,0,32,0,0,0,0,0,0,0,0,0,25,0;0,0,0,35,40,0,0,0,26,33,0,0,0,0,0,33,30,38,23,0,0,0,0,0,0,0,30,0,0,0;33,0,40,39,0,0,0,0,25,0,27,0,0,35,0,0,0,39,20,0,29,0,23,0,0,0,39,0,0,0;30,20,0,0,27,0,0,0,23,0,0,0,30,0,0,31,0,35,0,0,0,0,0,23,0,0,0,0,0,0;0,0,22,0,30,0,0,39,0,0,32,0,0,0,0,0,0,0,29,25,20,0,29,0,0,0,0,0,32,0;0,20,0,23,0,0,0,0,0,0,32,0,35,24,39,0,33,0,0,0,0,0,0,35,0,0,40,25,32,0;0,0,0,32,0,0,34,0,0,0,0,0,20,0,0,28,39,39,0,0,30,0,0,21,0,0,0,0,0,0;0,0,28,0,0,40,0,0,24,0,0,0,0,0,0,0,23,0,0,34,0,36,0,0,0,0,0,40,20,0;0,0,0,0,0,0,0,0,0,0,0,39,20,0,0,0,39,0,0,0,0,0,0,39,0,0,0,38,0,0;0,31,0,29,0,0,0,0,0,37,0,0,0,25,0,32,31,0,0,32,0,0,0,0,22,0,28,0,0,0;0,32,28,35,0,0,0,0,0,27,0,0,0,0,29,34,22,23,20,0,38,0,0,0,35,34,0,0,0,0;0,0,0,0,38,22,0,0,0,40,0,0,34,38,0,0,0,0,37,0,27,0,0,35,0,37,21,26,20,0;0,0,33,28,0,0,0,0,0,0,0,31,0,0,39,0,0,0,0,0,0,0,0,0,0,0,0,31,0,0;31,33,0,0,0,23,0,0,0,0,0,0,0,0,0,0,32,0,36,0,34,0,0,0,26,0,0,0,38,32;33,0,0,0,0,21,0,0,0,0,24,0,0,23,0,0,0,37,0,20,0,20,31,0,0,20,0,0,38,29;0,0,34,0,0,0,0,0,0,0,38,0,0,34,0,0,0,0,0,26,0,0,0,20,34,0,33,0,0,0;0,0,28,0,0,0,0,0,0,0,29,0,0,0,40,0,0,0,0,0,0,0,0,0,0,31,29,34,0,0
-42,26,0,-10,-20,0,0,11,0,15,0,30,-32,0,0,-16,29,0,0,0,0,0,26,0,0,0,-6,0,-11,0
------------- End of Scenario k = 3 -------
0,45,70,0,0,0,0,0,42,0,0,0,22,0,35,51,0,0,0,0,0,0,0,0,0,0,22,0,44,79;0,0,80,0,0,0,0,0,0,67,63,61,0,38,0,0,0,0,63,0,0,66,0,0,48,0,0,0,29,0;0,0,0,0,0,80,0,0,0,0,40,0,0,0,0,0,0,0,40,0,26,0,0,68,56,0,0,0,0,0;0,0,0,0,0,44,0,0,0,0,0,0,0,0,0,0,20,0,0,0,28,65,0,0,24,0,0,0,0,0;0,0,0,0,0,0,47,0,0,39,0,0,80,30,0,0,0,21,0,0,0,46,0,55,0,0,0,0,27,0;80,0,77,21,80,0,80,0,0,0,0,0,80,0,0,46,0,0,0,42,78,43,0,0,0,0,63,33,77,24;77,0,0,74,0,0,0,0,0,0,20,52,0,0,0,80,0,27,42,47,0,0,32,0,0,61,0,0,80,25;80,0,0,80,0,58,0,0,78,0,32,0,75,0,0,0,0,53,46,42,0,65,0,0,20,41,0,0,80,32;0,0,0,0,80,72,0,0,0,27,80,0,0,0,0,44,0,0,0,0,0,37,0,0,39,50,0,68,62,0;0,25,36,25,0,61,0,0,0,0,0,0,80,25,0,0,0,20,0,0,0,0,0,0,0,0,44,0,21,0;0,62,0,0,0,29,0,0,0,44,0,0,80,0,0,0,0,0,0,0,0,0,0,0,0,74,80,0,0,75;0,0,0,32,27,31,57,0,72,0,0,0,0,0,80,0,66,0,71,67,0,23,0,0,0,0,0,0,77,0;0,0,0,0,0,63,0,0,0,0,0,0,0,0,0,22,0,0,71,0,0,0,54,0,0,0,0,0,0,0;43,0,0,0,0,0,0,0,0,0,0,0,0,0,0,0,0,0,39,0,0,0,0,0,0,0,0,0,50,0;0,0,0,62,35,0,0,0,47,54,0,0,0,0,0,70,65,31,70,0,0,0,0,0,0,0,80,0,0,0;35,0,43,20,0,0,0,0,54,0,72,0,0,55,0,0,0,33,34,0,25,0,25,0,0,0,60,0,0,0;80,49,0,0,71,0,0,0,66,0,0,0,56,0,0,80,0,39,0,0,0,0,0,58,0,0,0,0,0,0;0,0,54,0,22,0,0,79,0,0,53,0,0,0,0,0,0,0,80,60,44,0,76,0,0,0,0,0,61,0;0,72,0,38,0,0,0,0,0,0,74,0,73,78,80,0,68,0,0,0,0,0,0,37,0,0,80,73,80,0;0,0,0,52,0,0,55,0,0,0,0,0,21,0,0,21,44,23,0,0,30,0,0,60,0,0,0,0,0,0;0,0,26,0,0,66,0,0,26,0,0,0,0,0,0,0,49,0,0,73,0,57,0,0,0,0,0,74,56,0;0,0,0,0,0,0,0,0,0,0,0,61,60,0,0,0,68,0,0,0,0,0,0,50,0,0,0,59,0,0;0,80,0,20,0,0,0,0,0,43,0,0,0,31,0,31,55,0,0,52,0,0,0,0,43,0,63,0,0,0;0,21,31,67,0,0,0,0,0,49,0,0,0,0,46,41,26,46,47,0,38,0,0,0,80,80,0,0,0,0;0,0,0,0,80,36,0,0,0,50,0,0,42,35,0,0,0,0,21,0,65,0,0,57,0,80,34,61,63,0;0,0,73,80,0,0,0,0,0,0,0,45,0,0,60,0,0,0,0,0,0,0,0,0,0,0,0,69,0,0;31,60,0,0,0,56,0,0,0,0,0,0,0,0,0,0,75,0,32,0,27,0,0,0,69,0,0,0,80,52;80,0,0,0,0,58,0,0,0,0,32,0,0,30,0,0,0,77,0,45,0,28,20,0,0,42,0,0,66,80;0,0,73,0,0,0,0,0,0,0,20,0,0,52,0,0,0,0,0,34,0,0,0,62,67,0,37,0,0,0;0,0,57,0,0,0,0,0,0,0,51,0,0,0,28,0,0,0,0,0,0,0,0,0,0,29,60,76,0,0
0,31,36,0,0,0,0,0,30,0,0,0,23,0,27,23,0,0,0,0,0,0,0,0,0,0,30,0,27,33;0,0,32,0,0,0,0,0,0,23,23,21,0,34,0,0,0,0,40,0,0,38,0,0,35,0,0,0,30,0;0,0,0,0,0,30,0,0,0,0,28,0,0,0,0,0,0,0,32,0,26,0,0,38,40,0,0,0,0,0;0,0,0,0,0,40,0,0,0,0,0,0,0,0,0,0,30,0,0,0,20,28,0,0,25,0,0,0,0,0;0,0,0,0,0,0,39,0,0,27,0,0,28,33,0,0,0,35,0,0,0,24,0,24,0,0,0,0,30,0;33,0,34,33,35,0,38,0,0,0,0,0,34,0,0,38,0,0,0,35,36,39,0,0,0,0,24,32,27,37;39,0,0,24,0,0,0,0,0,0,32,21,0,0,0,40,0,37,28,29,0,0,20,0,0,26,0,0,31,40;35,0,0,26,0,33,0,0,33,0,40,0,32,0,0,0,0,24,32,27,0,40,0,0,21,31,0,0,31,23;0,0,0,0,38,34,0,0,0,36,31,0,0,0,0,37,0,0,0,0,0,36,0,0,39,30,0,20,22,0;0,39,21,21,0,21,0,0,0,0,0,0,20,36,0,0,0,37,0,0,0,0,0,0,0,0,26,0,40,0;0,23,0,0,0,38,0,0,0,21,0,0,31,0,0,0,0,0,0,0,0,0,0,0,0,28,24,0,0,36;0,0,0,31,36,37,21,0,24,0,0,0,0,0,25,0,30,0,32,39,0,33,0,0,0,0,0,0,24,0;0,0,0,0,0,35,0,0,0,0,0,0,0,0,0,39,0,0,36,0,0,0,34,0,0,0,0,0,0,0;22,0,0,0,0,0,0,0,0,0,0,0,0,0,0,0,0,0,31,0,0,0,0,0,0,0,0,0,20,0;0,0,0,24,19,0,0,0,35,29,0,0,0,0,0,30,29,22,26,0,0,0,0,0,0,0,17,0,0,0;39,0,40,37,0,0,0,0,40,0,24,0,0,33,0,0,0,33,32,0,29,0,25,0,0,0,32,0,0,0;19,39,0,0,28,0,0,0,21,0,0,0,38,0,0,20,0,30,0,0,0,0,0,35,0,0,0,0,0,0;0,0,21,0,34,0,0,36,0,0,31,0,0,0,0,0,0,0,23,22,39,0,34,0,0,0,0,0,30,0;0,32,0,38,0,0,0,0,0,0,21,0,18,34,32,0,28,0,0,0,0,0,0,30,0,0,40,22,27,0;0,0,0,40,0,0,21,0,0,0,0,0,22,0,0,31,37,23,0,0,19,0,0,20,0,0,0,0,0,0;0,0,36,0,0,29,0,0,38,0,0,0,0,0,0,0,20,0,0,30,0,37,0,0,0,0,0,38,37,0;0,0,0,0,0,0,0,0,0,0,0,39,29,0,0,0,20,0,0,0,0,0,0,35,0,0,0,27,0,0;0,37,0,31,0,0,0,0,0,36,0,0,0,26,0,33,34,0,0,20,0,0,0,0,32,0,35,0,0,0;0,32,36,28,0,0,0,0,0,37,0,0,0,0,26,35,20,20,20,0,22,0,0,0,17,32,0,0,0,0;0,0,0,0,28,30,0,0,0,38,0,0,21,38,0,0,0,0,29,0,27,0,0,24,0,28,30,28,39,0;0,0,30,20,0,0,0,0,0,0,0,22,0,0,34,0,0,0,0,0,0,0,0,0,0,0,0,29,0,0;32,34,0,0,0,23,0,0,0,0,0,0,0,0,0,0,31,0,25,0,36,0,0,0,24,0,0,0,40,34;27,0,0,0,0,33,0,0,0,0,35,0,0,26,0,0,0,31,0,35,0,30,33,0,0,33,0,0,16,30;0,0,30,0,0,0,0,0,0,0,33,0,0,22,0,0,0,0,0,32,0,0,0,32,27,0,27,0,0,0;0,0,24,0,0,0,0,0,0,0,40,0,0,0,22,0,0,0,0,0,0,0,0,0,0,28,30,21,0,0
-8,30,0,-11,-13,0,0,23,0,15,0,17,-23,0,0,-14,11,0,0,0,0,0,11,0,0,0,-9,0,-29,0
------------- End of Scenario k = 4 -------
0,61,59,0,0,0,0,0,43,0,0,0,80,0,39,30,0,0,0,0,0,0,0,0,0,0,35,0,46,53;0,0,80,0,0,0,0,0,0,55,63,59,0,73,0,0,0,0,44,0,0,20,0,0,64,0,0,0,68,0;0,0,0,0,0,80,0,0,0,0,71,0,0,0,0,0,0,0,63,0,28,0,0,45,50,0,0,0,0,0;0,0,0,0,0,61,0,0,0,0,0,0,0,0,0,0,26,0,0,0,54,67,0,0,54,0,0,0,0,0;0,0,0,0,0,0,21,0,0,73,0,0,34,68,0,0,0,59,0,0,0,72,0,69,0,0,0,0,32,0;53,0,69,39,51,0,50,0,0,0,0,0,69,0,0,63,0,0,0,45,78,62,0,0,0,0,37,48,27,24;42,0,0,34,0,0,0,0,0,0,65,73,0,0,0,37,0,35,27,38,0,0,59,0,0,22,0,0,51,41;80,0,0,32,0,75,0,0,57,0,50,0,23,0,0,0,0,61,61,56,0,77,0,0,62,20,0,0,50,40;0,0,0,0,35,38,0,0,0,80,59,0,0,0,0,71,0,0,0,0,0,59,0,0,21,42,0,59,28,0;0,33,42,43,0,48,0,0,0,0,0,0,64,34,0,0,0,75,0,0,0,0,0,0,0,0,71,0,66,0;0,74,0,0,0,21,0,0,0,62,0,0,80,0,0,0,0,0,0,0,0,0,0,0,0,46,80,0,0,20;0,0,0,79,70,61,25,0,55,0,0,0,0,0,23,0,30,0,24,77,0,47,0,0,0,0,0,0,61,0;0,0,0,0,0,49,0,0,0,0,0,0,0,0,0,49,0,0,30,0,0,0,51,0,0,0,0,0,0,0;67,0,0,0,0,0,0,0,0,0,0,0,0,0,0,0,0,0,68,0,0,0,0,0,0,0,0,0,68,0;0,0,0,80,24,0,0,0,68,25,0,0,0,0,0,80,31,43,43,0,0,0,0,0,0,0,66,0,0,0;58,0,28,26,0,0,0,0,75,0,47,0,0,58,0,0,0,47,53,0,38,0,20,0,0,0,66,0,0,0;80,80,0,0,60,0,0,0,51,0,0,0,49,0,0,44,0,80,0,0,0,0,0,53,0,0,0,0,0,0;0,0,25,0,78,0,0,39,0,0,74,0,0,0,0,0,0,0,20,32,65,0,26,0,0,0,0,0,20,0;0,69,0,62,0,0,0,0,0,0,57,0,80,76,39,0,40,0,0,0,0,0,0,33,0,0,80,54,27,0;0,0,0,42,0,0,24,0,0,0,0,0,40,0,0,80,75,48,0,0,65,0,0,62,0,0,0,0,0,0;0,0,78,0,0,38,0,0,26,0,0,0,0,0,0,0,41,0,0,54,0,22,0,0,0,0,0,36,80,0;0,0,0,0,0,0,0,0,0,0,0,26,33,0,0,0,80,0,0,0,0,0,0,80,0,0,0,46,0,0;0,62,0,62,0,0,0,0,0,27,0,0,0,59,0,55,67,0,0,79,0,0,0,0,43,0,39,0,0,0;0,75,51,22,0,0,0,0,0,39,0,0,0,0,75,80,25,72,68,0,25,0,0,0,80,65,0,0,0,0;0,0,0,0,69,62,0,0,0,39,0,0,22,31,0,0,0,0,22,0,63,0,0,44,0,43,34,20,79,0;0,0,49,80,0,0,0,0,0,0,0,54,0,0,45,0,0,0,0,0,0,0,0,0,0,0,0,80,0,0;80,68,0,0,0,56,0,0,0,0,0,0,0,0,0,0,34,0,72,0,79,0,0,0,72,0,0,0,51,78;36,0,0,0,0,28,0,0,0,0,59,0,0,45,0,0,0,36,0,29,0,79,64,0,0,21,0,0,60,80;0,0,78,0,0,0,0,0,0,0,40,0,0,38,0,0,0,0,0,79,0,0,0,20,79,0,62,0,0,0;0,0,71,0,0,0,0,0,0,0,71,0,0,0,53,0,0,0,0,0,0,0,0,0,0,74,66,80,0,0
0,31,35,0,0,0,0,0,39,0,0,0,26,0,28,33,0,0,0,0,0,0,0,0,0,0,40,0,27,38;0,0,36,0,0,0,0,0,0,24,28,26,0,23,0,0,0,0,21,0,0,38,0,0,38,0,0,0,36,0;0,0,0,0,0,35,0,0,0,0,28,0,0,0,0,0,0,0,31,0,20,0,0,23,35,0,0,0,0,0;0,0,0,0,0,38,0,0,0,0,0,0,0,0,0,0,33,0,0,0,40,36,0,0,30,0,0,0,0,0;0,0,0,0,0,0,28,0,0,34,0,0,31,20,0,0,0,22,0,0,0,32,0,23,0,0,0,0,39,0;34,0,29,26,33,0,25,0,0,0,0,0,23,0,0,38,0,0,0,38,20,29,0,0,0,0,29,29,29,28;39,0,0,31,0,0,0,0,0,0,31,25,0,0,0,35,0,27,23,29,0,0,40,0,0,29,0,0,24,33;39,0,0,22,0,38,0,0,17,0,38,0,29,0,0,0,0,27,27,29,0,20,0,0,38,27,0,0,22,32;0,0,0,0,28,32,0,0,0,24,38,0,0,0,0,32,0,0,0,0,0,35,0,0,39,31,0,38,28,0;0,39,24,36,0,35,0,0,0,0,0,0,39,39,0,0,0,24,0,0,0,0,0,0,0,0,21,0,28,0;0,25,0,0,0,36,0,0,0,32,0,0,36,0,0,0,0,0,0,0,0,0,0,0,0,32,38,0,0,32;0,0,0,37,37,36,29,0,40,0,0,0,0,0,32,0,33,0,38,30,0,22,0,0,0,0,0,0,37,0;0,0,0,0,0,20,0,0,0,0,0,0,0,0,0,39,0,0,38,0,0,0,32,0,0,0,0,0,0,0;39,0,0,0,0,0,0,0,0,0,0,0,0,0,0,0,0,0,24,0,0,0,0,0,0,0,0,0,27,0;0,0,0,30,32,0,0,0,35,20,0,0,0,0,0,40,37,30,20,0,0,0,0,0,0,0,38,0,0,0;27,0,22,26,0,0,0,0,23,0,34,0,0,27,0,0,0,20,38,0,26,0,30,0,0,0,28,0,0,0;27,23,0,0,20,0,0,0,25,0,0,0,26,0,0,29,0,36,0,0,0,0,0,21,0,0,0,0,0,0;0,0,21,0,37,0,0,35,0,0,25,0,0,0,0,0,0,0,40,26,36,0,20,0,0,0,0,0,38,0;0,32,0,24,0,0,0,0,0,0,29,0,40,26,30,0,33,0,0,0,0,0,0,36,0,0,31,30,28,0;0,0,0,24,0,0,20,0,0,0,0,0,28,0,0,20,36,35,0,0,23,0,0,26,0,0,0,0,0,0;0,0,28,0,0,25,0,0,27,0,0,0,0,0,0,0,21,0,0,26,0,32,0,0,0,0,0,24,32,0;0,0,0,0,0,0,0,0,0,0,0,35,23,0,0,0,23,0,0,0,0,0,0,39,0,0,0,37,0,0;0,23,0,30,0,0,0,0,0,39,0,0,0,24,0,23,36,0,0,24,0,0,0,0,27,0,28,0,0,0;0,23,40,25,0,0,0,0,0,37,0,0,0,0,20,30,32,35,23,0,21,0,0,0,19,30,0,0,0,0;0,0,0,0,23,40,0,0,0,21,0,0,30,34,0,0,0,0,24,0,40,0,0,29,0,26,28,20,29,0;0,0,39,32,0,0,0,0,0,0,0,23,0,0,36,0,0,0,0,0,0,0,0,0,0,0,0,24,0,0;25,28,0,0,0,39,0,0,0,0,0,0,0,0,0,0,23,0,29,0,37,0,0,0,28,0,0,0,23,37;32,0,0,0,0,37,0,0,0,0,30,0,0,31,0,0,0,26,0,22,0,36,27,0,0,22,0,0,35,33;0,0,38,0,0,0,0,0,0,0,23,0,0,26,0,0,0,0,0,30,0,0,0,30,26,0,28,0,0,0;0,0,31,0,0,0,0,0,0,0,21,0,0,0,38,0,0,0,0,0,0,0,0,0,0,30,33,35,0,0
-25,21,0,-18,-14,0,0,17,0,15,0,28,-27,0,0,-8,25,0,0,0,0,0,18,0,0,0,-26,0,-6,0
------------- End of Scenario k = 5 -------
0,73,59,0,0,0,0,0,23,0,0,0,21,0,31,21,0,0,0,0,0,0,0,0,0,0,20,0,22,70;0,0,80,0,0,0,0,0,0,72,56,31,0,33,0,0,0,0,20,0,0,20,0,0,47,0,0,0,80,0;0,0,0,0,0,80,0,0,0,0,51,0,0,0,0,0,0,0,52,0,49,0,0,73,23,0,0,0,0,0;0,0,0,0,0,68,0,0,0,0,0,0,0,0,0,0,54,0,0,0,20,53,0,0,52,0,0,0,0,0;0,0,0,0,0,0,72,0,0,22,0,0,33,33,0,0,0,48,0,0,0,72,0,62,0,0,0,0,32,0;40,0,23,45,43,0,23,0,0,0,0,0,80,0,0,72,0,0,0,25,53,26,0,0,0,0,66,46,58,74;47,0,0,48,0,0,0,0,0,0,41,80,0,0,0,47,0,46,61,52,0,0,59,0,0,30,0,0,71,45;53,0,0,80,0,30,0,0,31,0,36,0,80,0,0,0,0,51,76,37,0,50,0,0,21,57,0,0,77,38;0,0,0,0,80,22,0,0,0,30,80,0,0,0,0,27,0,0,0,0,0,37,0,0,60,78,0,46,68,0;0,54,25,71,0,71,0,0,0,0,0,0,21,60,0,0,0,44,0,0,0,0,0,0,0,0,44,0,26,0;0,42,0,0,0,22,0,0,0,27,0,0,74,0,0,0,0,0,0,0,0,0,0,0,0,73,80,0,0,23;0,0,0,27,70,74,49,0,40,0,0,0,0,0,75,0,56,0,50,58,0,27,0,0,0,0,0,0,21,0;0,0,0,0,0,80,0,0,0,0,0,0,0,0,0,57,0,0,45,0,0,0,29,0,0,0,0,0,0,0;58,0,0,0,0,0,0,0,0,0,0,0,0,0,0,0,0,0,38,0,0,0,0,0,0,0,0,0,22,0;0,0,0,80,50,0,0,0,39,42,0,0,0,0,0,50,54,65,60,0,0,0,0,0,0,0,65,0,0,0;78,0,78,78,0,0,0,0,28,0,24,0,0,59,0,0,0,31,77,0,52,0,61,0,0,0,39,0,0,0;73,59,0,0,77,0,0,0,24,0,0,0,69,0,0,80,0,80,0,0,0,0,0,45,0,0,0,0,0,0;0,0,44,0,21,0,0,75,0,0,63,0,0,0,0,0,0,0,59,59,70,0,77,0,0,0,0,0,63,0;0,61,0,79,0,0,0,0,0,0,24,0,62,76,39,0,40,0,0,0,0,0,0,40,0,0,79,58,80,0;0,0,0,56,0,0,41,0,0,0,0,0,60,0,0,24,47,68,0,0,80,0,0,25,0,0,0,0,0,0;0,0,58,0,0,60,0,0,25,0,0,0,0,0,0,0,20,0,0,38,0,80,0,0,0,0,0,64,72,0;0,0,0,0,0,0,0,0,0,0,0,32,51,0,0,0,23,0,0,0,0,0,0,63,0,0,0,62,0,0;0,20,0,32,0,0,0,0,0,34,0,0,0,80,0,23,66,0,0,80,0,0,0,0,52,0,80,0,0,0;0,80,65,27,0,0,0,0,0,51,0,0,0,0,43,80,49,79,72,0,48,0,0,0,80,35,0,0,0,0;0,0,0,0,80,58,0,0,0,54,0,0,56,29,0,0,0,0,23,0,62,0,0,28,0,58,48,51,59,0;0,0,80,80,0,0,0,0,0,0,0,59,0,0,66,0,0,0,0,0,0,0,0,0,0,0,0,44,0,0;32,38,0,0,0,60,0,0,0,0,0,0,0,0,0,0,63,0,46,0,49,0,0,0,29,0,0,0,69,35;80,0,0,0,0,44,0,0,0,0,26,0,0,68,0,0,0,43,0,59,0,79,33,0,0,50,0,0,37,80;0,0,35,0,0,0,0,0,0,0,48,0,0,22,0,0,0,0,0,76,0,0,0,20,40,0,76,0,0,0;0,0,46,0,0,0,0,0,0,0,80,0,0,0,63,0,0,0,0,0,0,0,0,0,0,68,78,23,0,0
0,25,34,0,0,0,0,0,38,0,0,0,38,0,40,34,0,0,0,0,0,0,0,0,0,0,39,0,26,40;0,0,18,0,0,0,0,0,0,21,20,26,0,27,0,0,0,0,21,0,0,31,0,0,28,0,0,0,30,0;0,0,0,0,0,31,0,0,0,0,26,0,0,0,0,0,0,0,33,0,28,0,0,34,30,0,0,0,0,0;0,0,0,0,0,39,0,0,0,0,0,0,0,0,0,0,28,0,0,0,32,31,0,0,27,0,0,0,0,0;0,0,0,0,0,0,27,0,0,26,0,0,37,37,0,0,0,39,0,0,0,31,0,22,0,0,0,0,31,0;35,0,35,30,26,0,37,0,0,0,0,0,33,0,0,39,0,0,0,27,23,24,0,0,0,0,24,31,32,31;21,0,0,36,0,0,0,0,0,0,39,38,0,0,0,24,0,23,30,40,0,0,27,0,0,22,0,0,35,20;38,0,0,28,0,23,0,0,40,0,39,0,40,0,0,0,0,24,22,34,0,35,0,0,21,34,0,0,38,27;0,0,0,0,24,40,0,0,0,38,36,0,0,0,0,25,0,0,0,0,0,28,0,0,34,37,0,32,40,0;0,33,25,33,0,27,0,0,0,0,0,0,23,24,0,0,0,37,0,0,0,0,0,0,0,0,28,0,26,0;0,39,0,0,0,40,0,0,0,33,0,0,33,0,0,0,0,0,0,0,0,0,0,0,0,40,26,0,0,38;0,0,0,28,31,31,39,0,25,0,0,0,0,0,22,0,32,0,38,24,0,27,0,0,0,0,0,0,25,0;0,0,0,0,0,30,0,0,0,0,0,0,0,0,0,33,0,0,30,0,0,0,21,0,0,0,0,0,0,0;25,0,0,0,0,0,0,0,0,0,0,0,0,0,0,0,0,0,29,0,0,0,0,0,0,0,0,0,32,0;0,0,0,14,27,0,0,0,28,34,0,0,0,0,0,15,32,30,28,0,0,0,0,0,0,0,15,0,0,0;22,0,26,27,0,0,0,0,39,0,38,0,0,31,0,0,0,25,23,0,40,0,35,0,0,0,35,0,0,0;31,25,0,0,32,0,0,0,40,0,0,0,37,0,0,18,0,21,0,0,0,0,0,37,0,0,0,0,0,0;0,0,28,0,21,0,0,26,0,0,36,0,0,0,0,0,0,0,19,36,20,0,35,0,0,0,0,0,33,0;0,22,0,28,0,0,0,0,0,0,34,0,33,26,24,0,21,0,0,0,0,0,0,31,0,0,26,32,33,0;0,0,0,38,0,0,35,0,0,0,0,0,23,0,0,36,25,22,0,0,29,0,0,37,0,0,0,0,0,0;0,0,26,0,0,24,0,0,23,0,0,0,0,0,0,0,28,0,0,27,0,33,0,0,0,0,0,37,22,0;0,0,0,0,0,0,0,0,0,0,0,32,28,0,0,0,39,0,0,0,0,0,0,34,0,0,0,34,0,0;0,37,0,22,0,0,0,0,0,25,0,0,0,30,0,38,34,0,0,26,0,0,0,0,32,0,35,0,0,0;0,27,39,21,0,0,0,0,0,39,0,0,0,0,28,28,36,31,22,0,40,0,0,0,26,34,0,0,0,0;0,0,0,0,37,31,0,0,0,22,0,0,30,37,0,0,0,0,25,0,30,0,0,29,0,27,29,38,25,0;0,0,38,35,0,0,0,0,0,0,0,38,0,0,39,0,0,0,0,0,0,0,0,0,0,0,0,24,0,0;33,22,0,0,0,27,0,0,0,0,0,0,0,0,0,0,39,0,29,0,27,0,0,0,40,0,0,0,29,23;25,0,0,0,0,35,0,0,0,0,38,0,0,23,0,0,0,23,0,22,0,36,33,0,0,27,0,0,23,33;0,0,40,0,0,0,0,0,0,0,30,0,0,27,0,0,0,0,0,40,0,0,0,31,28,0,34,0,0,0;0,0,34,0,0,0,0,0,0,0,20,0,0,0,30,0,0,0,0,0,0,0,0,0,0,22,37,39,0,0
-15,17,0,-14,-8,0,0,24,0,12,0,11,-24,0,0,-20,18,0,0,0,0,0,22,0,0,0,-8,0,-15,0
------------- End of Scenario k = 6 -------
0,60,76,0,0,0,0,0,47,0,0,0,66,0,50,46,0,0,0,0,0,0,0,0,0,0,63,0,61,25;0,0,80,0,0,0,0,0,0,68,29,78,0,38,0,0,0,0,20,0,0,80,0,0,73,0,0,0,68,0;0,0,0,0,0,80,0,0,0,0,65,0,0,0,0,0,0,0,40,0,53,0,0,42,35,0,0,0,0,0;0,0,0,0,0,78,0,0,0,0,0,0,0,0,0,0,34,0,0,0,21,24,0,0,58,0,0,0,0,0;0,0,0,0,0,0,58,0,0,79,0,0,36,20,0,0,0,59,0,0,0,35,0,50,0,0,0,0,37,0;80,0,62,38,66,0,28,0,0,0,0,0,80,0,0,24,0,0,0,68,78,65,0,0,0,0,45,60,76,74;36,0,0,66,0,0,0,0,0,0,70,30,0,0,0,21,0,32,26,23,0,0,50,0,0,51,0,0,80,22;80,0,0,24,0,75,0,0,80,0,39,0,58,0,0,0,0,41,63,67,0,49,0,0,32,45,0,0,71,60;0,0,0,0,47,45,0,0,0,49,80,0,0,0,0,79,0,0,0,0,0,58,0,0,45,27,0,59,67,0;0,34,62,36,0,70,0,0,0,0,0,0,80,80,0,0,0,22,0,0,0,0,0,0,0,0,24,0,25,0;0,68,0,0,0,33,0,0,0,46,0,0,54,0,0,0,0,0,0,0,0,0,0,0,0,59,80,0,0,63;0,0,0,36,77,63,25,0,56,0,0,0,0,0,59,0,74,0,22,70,0,52,0,0,0,0,0,0,58,0;0,0,0,0,0,21,0,0,0,0,0,0,0,0,0,22,0,0,41,0,0,0,57,0,0,0,0,0,0,0;23,0,0,0,0,0,0,0,0,0,0,0,0,0,0,0,0,0,44,0,0,0,0,0,0,0,0,0,28,0;0,0,0,72,80,0,0,0,33,56,0,0,0,0,0,50,28,68,32,0,0,0,0,0,0,0,80,0,0,0;66,0,75,40,0,0,0,0,45,0,65,0,0,20,0,0,0,73,31,0,47,0,23,0,0,0,39,0,0,0;49,64,0,0,63,0,0,0,64,0,0,0,58,0,0,80,0,40,0,0,0,0,0,39,0,0,0,0,0,0;0,0,38,0,54,0,0,38,0,0,70,0,0,0,0,0,0,0,45,36,79,0,44,0,0,0,0,0,44,0;0,40,0,35,0,0,0,0,0,0,29,0,80,46,77,0,20,0,0,0,0,0,0,20,0,0,80,79,20,0;0,0,0,31,0,0,58,0,0,0,0,0,35,0,0,29,27,55,0,0,35,0,0,77,0,0,0,0,0,0;0,0,80,0,0,58,0,0,46,0,0,0,0,0,0,0,58,0,0,61,0,80,0,0,0,0,0,41,21,0;0,0,0,0,0,0,0,0,0,0,0,66,29,0,0,0,32,0,0,0,0,0,0,47,0,0,0,67,0,0;0,64,0,56,0,0,0,0,0,78,0,0,0,79,0,64,37,0,0,80,0,0,0,0,45,0,76,0,0,0;0,24,74,74,0,0,0,0,0,76,0,0,0,0,43,21,55,66,64,0,53,0,0,0,71,29,0,0,0,0;0,0,0,0,80,43,0,0,0,21,0,0,57,49,0,0,0,0,20,0,29,0,0,50,0,80,78,40,20,0;0,0,56,80,0,0,0,0,0,0,0,71,0,0,29,0,0,0,0,0,0,0,0,0,0,0,0,80,0,0;35,67,0,0,0,66,0,0,0,0,0,0,0,0,0,0,74,0,65,0,74,0,0,0,73,0,0,0,77,64;71,0,0,0,0,53,0,0,0,0,72,0,0,73,0,0,0,23,0,61,0,80,38,0,0,26,0,0,77,76;0,0,77,0,0,0,0,0,0,0,34,0,0,70,0,0,0,0,0,51,0,0,0,74,67,0,78,0,0,0;0,0,33,0,0,0,0,0,0,0,34,0,0,0,24,0,0,0,0,0,0,0,0,0,0,37,56,28,0,0
0,34,37,0,0,0,0,0,22,0,0,0,21,0,23,35,0,0,0,0,0,0,0,0,0,0,31,0,31,38;0,0,18,0,0,0,0,0,0,29,36,22,0,24,0,0,0,0,30,0,0,38,0,0,24,0,0,0,29,0;0,0,0,0,0,17,0,0,0,0,38,0,0,0,0,0,0,0,23,0,33,0,0,21,29,0,0,0,0,0;0,0,0,0,0,28,0,0,0,0,0,0,0,0,0,0,29,0,0,0,27,37,0,0,29,0,0,0,0,0;0,0,0,0,0,0,21,0,0,23,0,0,32,25,0,0,0,30,0,0,0,35,0,24,0,0,0,0,35,0;35,0,38,31,40,0,20,0,0,0,0,0,32,0,0,20,0,0,0,33,37,34,0,0,0,0,31,25,35,25;29,0,0,29,0,0,0,0,0,0,31,30,0,0,0,18,0,24,23,35,0,0,37,0,0,23,0,0,32,33;26,0,0,25,0,34,0,0,21,0,20,0,37,0,0,0,0,21,21,28,0,20,0,0,22,29,0,0,27,22;0,0,0,0,27,27,0,0,0,24,30,0,0,0,0,24,0,0,0,0,0,26,0,0,33,39,0,34,39,0;0,24,34,31,0,36,0,0,0,0,0,0,21,40,0,0,0,27,0,0,0,0,0,0,0,0,33,0,33,0;0,20,0,0,0,22,0,0,0,32,0,0,36,0,0,0,0,0,0,0,0,0,0,0,0,40,24,0,0,30;0,0,0,24,26,36,40,0,23,0,0,0,0,0,40,0,22,0,20,22,0,34,0,0,0,0,0,0,37,0;0,0,0,0,0,20,0,0,0,0,0,0,0,0,0,36,0,0,20,0,0,0,21,0,0,0,0,0,0,0;21,0,0,0,0,0,0,0,0,0,0,0,0,0,0,0,0,0,40,0,0,0,0,0,0,0,0,0,30,0;0,0,0,32,39,0,0,0,21,23,0,0,0,0,0,18,21,32,22,0,0,0,0,0,0,0,24,0,0,0;37,0,34,31,0,0,0,0,38,0,40,0,0,33,0,0,0,37,27,0,32,0,21,0,0,0,23,0,0,0;37,37,0,0,25,0,0,0,20,0,0,0,34,0,0,39,0,27,0,0,0,0,0,35,0,0,0,0,0,0;0,0,38,0,33,0,0,35,0,0,33,0,0,0,0,0,0,0,30,23,25,0,34,0,0,0,0,0,22,0;0,21,0,36,0,0,0,0,0,0,21,0,38,22,33,0,39,0,0,0,0,0,0,30,0,0,27,38,26,0;0,0,0,29,0,0,34,0,0,0,0,0,22,0,0,39,39,31,0,0,35,0,0,36,0,0,0,0,0,0;0,0,31,0,0,33,0,0,23,0,0,0,0,0,0,0,36,0,0,39,0,14,0,0,0,0,0,36,28,0;0,0,0,0,0,0,0,0,0,0,0,35,28,0,0,0,31,0,0,0,0,0,0,16,0,0,0,36,0,0;0,32,0,21,0,0,0,0,0,33,0,0,0,31,0,29,36,0,0,40,0,0,0,0,25,0,38,0,0,0;0,23,20,35,0,0,0,0,0,36,0,0,0,0,39,22,33,37,36,0,23,0,0,0,15,20,0,0,0,0;0,0,0,0,15,27,0,0,0,20,0,0,26,39,0,0,0,0,34,0,39,0,0,32,0,38,38,40,30,0;0,0,26,40,0,0,0,0,0,0,0,32,0,0,28,0,0,0,0,0,0,0,0,0,0,0,0,30,0,0;29,40,0,0,0,37,0,0,0,0,0,0,0,0,0,0,28,0,22,0,32,0,0,0,22,0,0,0,40,20;38,0,0,0,0,24,0,0,0,0,20,0,0,30,0,0,0,25,0,30,0,31,23,0,0,25,0,0,20,31;0,0,25,0,0,0,0,0,0,0,37,0,0,29,0,0,0,0,0,34,0,0,0,40,26,0,38,0,0,0;0,0,25,0,0,0,0,0,0,0,30,0,0,0,27,0,0,0,0,0,0,0,0,0,0,32,22,36,0,0
-21,12,0,-8,-6,0,0,19,0,21,0,14,-30,0,0,-13,23,0,0,0,0,0,12,0,0,0,-10,0,-13,0
------------- End of Scenario k = 7 -------
0,37,45,0,0,0,0,0,62,0,0,0,65,0,71,38,0,0,0,0,0,0,0,0,0,0,80,0,21,36;0,0,80,0,0,0,0,0,0,59,62,42,0,33,0,0,0,0,65,0,0,51,0,0,68,0,0,0,69,0;0,0,0,0,0,41,0,0,0,0,48,0,0,0,0,0,0,0,56,0,26,0,0,71,65,0,0,0,0,0;0,0,0,0,0,73,0,0,0,0,0,0,0,0,0,0,33,0,0,0,53,39,0,0,45,0,0,0,0,0;0,0,0,0,0,0,22,0,0,30,0,0,74,37,0,0,0,67,0,0,0,61,0,54,0,0,0,0,71,0;41,0,62,52,31,0,53,0,0,0,0,0,58,0,0,46,0,0,0,77,31,32,0,0,0,0,53,69,54,22;75,0,0,44,0,0,0,0,0,0,53,31,0,0,0,45,0,66,38,75,0,0,72,0,0,56,0,0,80,35;47,0,0,80,0,71,0,0,48,0,25,0,52,0,0,0,0,70,59,35,0,75,0,0,64,64,0,0,54,38;0,0,0,0,80,58,0,0,0,55,39,0,0,0,0,64,0,0,0,0,0,49,0,0,68,40,0,49,79,0;0,68,50,70,0,66,0,0,0,0,0,0,80,80,0,0,0,55,0,0,0,0,0,0,0,0,37,0,71,0;0,68,0,0,0,25,0,0,0,74,0,0,80,0,0,0,0,0,0,0,0,0,0,0,0,78,55,0,0,63;0,0,0,59,76,50,78,0,59,0,0,0,0,0,80,0,73,0,60,27,0,58,0,0,0,0,0,0,75,0;0,0,0,0,0,26,0,0,0,0,0,0,0,0,0,43,0,0,76,0,0,0,49,0,0,0,0,0,0,0;63,0,0,0,0,0,0,0,0,0,0,0,0,0,0,0,0,0,24,0,0,0,0,0,0,0,0,0,66,0;0,0,0,34,80,0,0,0,64,29,0,0,0,0,0,80,71,66,64,0,0,0,0,0,0,0,80,0,0,0;49,0,49,76,0,0,0,0,22,0,40,0,0,72,0,0,0,80,57,0,31,0,24,0,0,0,71,0,0,0;80,34,0,0,63,0,0,0,62,0,0,0,54,0,0,34,0,80,0,0,0,0,0,39,0,0,0,0,0,0;0,0,23,0,76,0,0,76,0,0,40,0,0,0,0,0,0,0,73,45,48,0,24,0,0,0,0,0,32,0;0,56,0,64,0,0,0,0,0,0,61,0,77,21,48,0,36,0,0,0,0,0,0,69,0,0,80,75,41,0;0,0,0,38,0,0,73,0,0,0,0,0,31,0,0,40,33,71,0,0,45,0,0,69,0,0,0,0,0,0;0,0,43,0,0,58,0,0,64,0,0,0,0,0,0,0,55,0,0,62,0,38,0,0,0,0,0,50,68,0;0,0,0,0,0,0,0,0,0,0,0,38,68,0,0,0,34,0,0,0,0,0,0,80,0,0,0,34,0,0;0,36,0,79,0,0,0,0,0,32,0,0,0,63,0,29,38,0,0,32,0,0,0,0,20,0,27,0,0,0;0,77,60,75,0,0,0,0,0,47,0,0,0,0,43,80,44,68,32,0,55,0,0,0,56,34,0,0,0,0;0,0,0,0,80,23,0,0,0,73,0,0,36,72,0,0,0,0,68,0,35,0,0,51,0,80,33,47,58,0;0,0,43,80,0,0,0,0,0,0,0,35,0,0,56,0,0,0,0,0,0,0,0,0,0,0,0,53,0,0;29,66,0,0,0,39,0,0,0,0,0,0,0,0,0,0,32,0,43,0,41,0,0,0,24,0,0,0,27,72;57,0,0,0,0,75,0,0,0,0,24,0,0,41,0,0,0,69,0,30,0,74,71,0,0,77,0,0,76,80;0,0,59,0,0,0,0,0,0,0,51,0,0,43,0,0,0,0,0,64,0,0,0,43,39,0,34,0,0,0;0,0,74,0,0,0,0,0,0,0,62,0,0,0,60,0,0,0,0,0,0,0,0,0,0,30,52,42,0,0
0,32,27,0,0,0,0,0,36,0,0,0,32,0,38,27,0,0,0,0,0,0,0,0,0,0,35,0,21,28;0,0,33,0,0,0,0,0,0,37,37,27,0,29,0,0,0,0,29,0,0,26,0,0,24,0,0,0,38,0;0,0,0,0,0,37,0,0,0,0,32,0,0,0,0,0,0,0,31,0,39,0,0,31,20,0,0,0,0,0;0,0,0,0,0,26,0,0,0,0,0,0,0,0,0,0,20,0,0,0,26,36,0,0,30,0,0,0,0,0;0,0,0,0,0,0,24,0,0,37,0,0,28,36,0,0,0,29,0,0,0,20,0,24,0,0,0,0,20,0;40,0,26,40,33,0,39,0,0,0,0,0,29,0,0,21,0,0,0,28,20,24,0,0,0,0,27,39,26,20;21,0,0,40,0,0,0,0,0,0,27,39,0,0,0,34,0,20,31,37,0,0,25,0,0,26,0,0,36,37;33,0,0,25,0,29,0,0,28,0,22,0,30,0,0,0,0,26,33,35,0,25,0,0,20,27,0,0,22,21;0,0,0,0,30,36,0,0,0,26,25,0,0,0,0,35,0,0,0,0,0,22,0,0,36,31,0,22,40,0;0,29,29,22,0,25,0,0,0,0,0,0,24,30,0,0,0,28,0,0,0,0,0,0,0,0,27,0,35,0;0,40,0,0,0,36,0,0,0,35,0,0,21,0,0,0,0,0,0,0,0,0,0,0,0,30,37,0,0,27;0,0,0,34,36,34,34,0,24,0,0,0,0,0,28,0,24,0,40,21,0,38,0,0,0,0,0,0,20,0;0,0,0,0,0,28,0,0,0,0,0,0,0,0,0,25,0,0,39,0,0,0,39,0,0,0,0,0,0,0;36,0,0,0,0,0,0,0,0,0,0,0,0,0,0,0,0,0,37,0,0,0,0,0,0,0,0,0,36,0;0,0,0,39,26,0,0,0,28,27,0,0,0,0,0,39,27,22,26,0,0,0,0,0,0,0,31,0,0,0;21,0,40,30,0,0,0,0,33,0,30,0,0,20,0,0,0,27,40,0,32,0,38,0,0,0,20,0,0,0;40,32,0,0,35,0,0,0,36,0,0,0,23,0,0,35,0,24,0,0,0,0,0,38,0,0,0,0,0,0;0,0,32,0,28,0,0,36,0,0,26,0,0,0,0,0,0,0,38,21,21,0,21,0,0,0,0,0,38,0;0,29,0,32,0,0,0,0,0,0,36,0,40,28,20,0,39,0,0,0,0,0,0,23,0,0,27,29,20,0;0,0,0,28,0,0,27,0,0,0,0,0,31,0,0,23,26,35,0,0,34,0,0,33,0,0,0,0,0,0;0,0,20,0,0,20,0,0,36,0,0,0,0,0,0,0,27,0,0,32,0,27,0,0,0,0,0,36,26,0;0,0,0,0,0,0,0,0,0,0,0,25,26,0,0,0,28,0,0,0,0,0,0,40,0,0,0,40,0,0;0,31,0,31,0,0,0,0,0,30,0,0,0,24,0,31,28,0,0,31,0,0,0,0,32,0,31,0,0,0;0,29,37,21,0,0,0,0,0,28,0,0,0,0,29,24,24,23,34,0,21,0,0,0,35,20,0,0,0,0;0,0,0,0,40,26,0,0,0,39,0,0,40,31,0,0,0,0,31,0,25,0,0,38,0,23,24,33,23,0;0,0,31,32,0,0,0,0,0,0,0,40,0,0,21,0,0,0,0,0,0,0,0,0,0,0,0,36,0,0;20,29,0,0,0,37,0,0,0,0,0,0,0,0,0,0,23,0,38,0,28,0,0,0,34,0,0,0,29,20;22,0,0,0,0,27,0,0,0,0,36,0,0,35,0,0,0,30,0,40,0,40,27,0,0,30,0,0,38,36;0,0,36,0,0,0,0,0,0,0,37,0,0,37,0,0,0,0,0,32,0,0,0,34,28,0,26,0,0,0;0,0,25,0,0,0,0,0,0,0,23,0,0,0,35,0,0,0,0,0,0,0,0,0,0,33,32,24,0,0
-11,21,0,-18,-22,0,0,21,0,16,0,24,-28,0,0,-10,18,0,0,0,0,0,22,0,0,0,-6,0,-27,0
------------- End of Scenario k = 8 -------
0,52,67,0,0,0,0,0,68,0,0,0,76,0,37,37,0,0,0,0,0,0,0,0,0,0,23,0,23,54;0,0,80,0,0,0,0,0,0,52,23,29,0,58,0,0,0,0,67,0,0,59,0,0,58,0,0,0,20,0;0,0,0,0,0,57,0,0,0,0,45,0,0,0,0,0,0,0,32,0,29,0,0,79,67,0,0,0,0,0;0,0,0,0,0,28,0,0,0,0,0,0,0,0,0,0,38,0,0,0,33,54,0,0,32,0,0,0,0,0;0,0,0,0,0,0,43,0,0,30,0,0,40,53,0,0,0,21,0,0,0,74,0,59,0,0,0,0,49,0;48,0,34,26,80,0,80,0,0,0,0,0,48,0,0,72,0,0,0,30,28,71,0,0,0,0,32,71,65,72;38,0,0,73,0,0,0,0,0,0,66,48,0,0,0,50,0,74,60,72,0,0,25,0,0,72,0,0,80,74;80,0,0,80,0,61,0,0,80,0,20,0,46,0,0,0,0,75,35,38,0,63,0,0,45,48,0,0,57,47;0,0,0,0,80,64,0,0,0,54,80,0,0,0,0,67,0,0,0,0,0,59,0,0,41,41,0,42,55,0;0,22,35,48,0,77,0,0,0,0,0,0,54,80,0,0,0,49,0,0,0,0,0,0,0,0,76,0,50,0;0,73,0,0,0,34,0,0,0,35,0,0,70,0,0,0,0,0,0,0,0,0,0,0,0,41,80,0,0,48;0,0,0,20,56,39,32,0,80,0,0,0,0,0,80,0,38,0,56,77,0,48,0,0,0,0,0,0,76,0;0,0,0,0,0,28,0,0,0,0,0,0,0,0,0,55,0,0,46,0,0,0,28,0,0,0,0,0,0,0;45,0,0,0,0,0,0,0,0,0,0,0,0,0,0,0,0,0,72,0,0,0,0,0,0,0,0,0,58,0;0,0,0,80,80,0,0,0,29,56,0,0,0,0,0,68,48,40,25,0,0,0,0,0,0,0,80,0,0,0;70,0,79,59,0,0,0,0,74,0,76,0,0,21,0,0,0,38,32,0,25,0,51,0,0,0,54,0,0,0;80,54,0,0,44,0,0,0,63,0,0,0,60,0,0,80,0,78,0,0,0,0,0,57,0,0,0,0,0,0;0,0,78,0,71,0,0,59,0,0,46,0,0,0,0,0,0,0,44,54,63,0,76,0,0,0,0,0,20,0;0,44,0,53,0,0,0,0,0,0,70,0,43,45,31,0,69,0,0,0,0,0,0,56,0,0,56,59,37,0;0,0,0,31,0,0,78,0,0,0,0,0,55,0,0,73,78,67,0,0,80,0,0,57,0,0,0,0,0,0;0,0,74,0,0,26,0,0,20,0,0,0,0,0,0,0,71,0,0,78,0,80,0,0,0,0,0,32,45,0;0,0,0,0,0,0,0,0,0,0,0,56,57,0,0,0,47,0,0,0,0,0,0,64,0,0,0,51,0,0;0,75,0,26,0,0,0,0,0,33,0,0,0,75,0,71,74,0,0,25,0,0,0,0,69,0,52,0,0,0;0,53,25,68,0,0,0,0,0,25,0,0,0,0,46,80,22,38,37,0,48,0,0,0,44,71,0,0,0,0;0,0,0,0,56,77,0,0,0,21,0,0,53,21,0,0,0,0,35,0,29,0,0,23,0,80,46,33,23,0;0,0,35,80,0,0,0,0,0,0,0,67,0,0,54,0,0,0,0,0,0,0,0,0,0,0,0,80,0,0;70,23,0,0,0,68,0,0,0,0,0,0,0,0,0,0,38,0,39,0,24,0,0,0,63,0,0,0,62,56;36,0,0,0,0,35,0,0,0,0,21,0,0,73,0,0,0,65,0,37,0,57,48,0,0,28,0,0,80,80;0,0,69,0,0,0,0,0,0,0,34,0,0,50,0,0,0,0,0,68,0,0,0,66,51,0,23,0,0,0;0,0,70,0,0,0,0,0,0,0,20,0,0,0,27,0,0,0,0,0,0,0,0,0,0,60,71,37,0,0
0,40,40,0,0,0,0,0,27,0,0,0,31,0,40,24,0,0,0,0,0,0,0,0,0,0,27,0,38,32;0,0,35,0,0,0,0,0,0,24,23,40,0,26,0,0,0,0,35,0,0,21,0,0,36,0,0,0,31,0;0,0,0,0,0,26,0,0,0,0,32,0,0,0,0,0,0,0,34,0,22,0,0,34,34,0,0,0,0,0;0,0,0,0,0,22,0,0,0,0,0,0,0,0,0,0,27,0,0,0,26,37,0,0,34,0,0,0,0,0;0,0,0,0,0,0,28,0,0,22,0,0,39,38,0,0,0,37,0,0,0,40,0,28,0,0,0,0,27,0;26,0,37,32,29,0,29,0,0,0,0,0,23,0,0,33,0,0,0,28,29,27,0,0,0,0,29,29,24,20;24,0,0,36,0,0,0,0,0,0,40,31,0,0,0,33,0,36,37,28,0,0,22,0,0,37,0,0,26,22;40,0,0,38,0,28,0,0,29,0,31,0,21,0,0,0,0,40,28,26,0,35,0,0,20,30,0,0,37,22;0,0,0,0,40,29,0,0,0,26,31,0,0,0,0,26,0,0,0,0,0,26,0,0,36,29,0,39,25,0;0,29,23,23,0,36,0,0,0,0,0,0,40,35,0,0,0,35,0,0,0,0,0,0,0,0,39,0,30,0;0,23,0,0,0,40,0,0,0,37,0,0,39,0,0,0,0,0,0,0,0,0,0,0,0,21,28,0,0,26;0,0,0,30,28,20,23,0,32,0,0,0,0,0,40,0,35,0,20,24,0,36,0,0,0,0,0,0,39,0;0,0,0,0,0,22,0,0,0,0,0,0,0,0,0,33,0,0,33,0,0,0,38,0,0,0,0,0,0,0;30,0,0,0,0,0,0,0,0,0,0,0,0,0,0,0,0,0,23,0,0,0,0,0,0,0,0,0,33,0;0,0,0,39,37,0,0,0,20,32,0,0,0,0,0,33,21,35,20,0,0,0,0,0,0,0,39,0,0,0;27,0,27,22,0,0,0,0,30,0,27,0,0,27,0,0,0,31,39,0,26,0,33,0,0,0,28,0,0,0;28,39,0,0,37,0,0,0,23,0,0,0,26,0,0,38,0,34,0,0,0,0,0,38,0,0,0,0,0,0;0,0,36,0,37,0,0,35,0,0,39,0,0,0,0,0,0,0,27,27,33,0,30,0,0,0,0,0,34,0;0,34,0,25,0,0,0,0,0,0,26,0,26,29,34,0,39,0,0,0,0,0,0,38,0,0,38,20,32,0;0,0,0,39,0,0,24,0,0,0,0,0,26,0,0,32,26,22,0,0,37,0,0,27,0,0,0,0,0,0;0,0,22,0,0,37,0,0,24,0,0,0,0,0,0,0,36,0,0,37,0,25,0,0,0,0,0,30,29,0;0,0,0,0,0,0,0,0,0,0,0,36,29,0,0,0,25,0,0,0,0,0,0,38,0,0,0,40,0,0;0,29,0,30,0,0,0,0,0,32,0,0,0,33,0,21,23,0,0,31,0,0,0,0,39,0,17,0,0,0;0,22,31,20,0,0,0,0,0,36,0,0,0,0,26,36,22,36,39,0,27,0,0,0,39,40,0,0,0,0;0,0,0,0,35,25,0,0,0,31,0,0,32,33,0,0,0,0,31,0,34,0,0,31,0,24,21,25,32,0;0,0,40,29,0,0,0,0,0,0,0,32,0,0,40,0,0,0,0,0,0,0,0,0,0,0,0,34,0,0;21,32,0,0,0,36,0,0,0,0,0,0,0,0,0,0,32,0,28,0,30,0,0,0,34,0,0,0,35,27;40,0,0,0,0,40,0,0,0,0,23,0,0,22,0,0,0,34,0,31,0,25,35,0,0,40,0,0,20,24;0,0,31,0,0,0,0,0,0,0,23,0,0,38,0,0,0,0,0,21,0,0,0,26,40,0,34,0,0,0;0,0,31,0,0,0,0,0,0,0,40,0,0,0,29,0,0,0,0,0,0,0,0,0,0,21,33,29,0,0
-15,19,0,-21,-15,0,0,27,0,28,0,25,-46,0,0,-14,23,0,0,0,0,0,17,0,0,0,-13,0,-15,0
------------- End of Scenario k = 9 -------
0,64,63,0,0,0,0,0,71,0,0,0,48,0,52,55,0,0,0,0,0,0,0,0,0,0,44,0,25,39;0,0,22,0,0,0,0,0,0,53,78,25,0,26,0,0,0,0,63,0,0,66,0,0,63,0,0,0,24,0;0,0,0,0,0,80,0,0,0,0,77,0,0,0,0,0,0,0,30,0,34,0,0,24,21,0,0,0,0,0;0,0,0,0,0,77,0,0,0,0,0,0,0,0,0,0,36,0,0,0,52,58,0,0,70,0,0,0,0,0;0,0,0,0,0,0,72,0,0,33,0,0,79,31,0,0,0,56,0,0,0,36,0,26,0,0,0,0,37,0;30,0,27,54,28,0,47,0,0,0,0,0,74,0,0,44,0,0,0,42,80,41,0,0,0,0,54,30,71,46;68,0,0,29,0,0,0,0,0,0,54,55,0,0,0,80,0,20,43,46,0,0,21,0,0,34,0,0,80,38;80,0,0,80,0,64,0,0,80,0,65,0,36,0,0,0,0,69,57,56,0,25,0,0,64,36,0,0,80,78;0,0,0,0,80,72,0,0,0,41,80,0,0,0,0,36,0,0,0,0,0,53,0,0,27,31,0,67,49,0;0,35,31,21,0,53,0,0,0,0,0,0,80,80,0,0,0,49,0,0,0,0,0,0,0,0,51,0,77,0;0,76,0,0,0,33,0,0,0,69,0,0,57,0,0,0,0,0,0,0,0,0,0,0,0,77,80,0,0,69;0,0,0,60,49,80,45,0,36,0,0,0,0,0,59,0,31,0,76,74,0,29,0,0,0,0,0,0,39,0;0,0,0,0,0,63,0,0,0,0,0,0,0,0,0,39,0,0,43,0,0,0,36,0,0,0,0,0,0,0;26,0,0,0,0,0,0,0,0,0,0,0,0,0,0,0,0,0,71,0,0,0,0,0,0,0,0,0,76,0;0,0,0,80,25,0,0,0,37,26,0,0,0,0,0,66,25,57,23,0,0,0,0,0,0,0,66,0,0,0;70,0,26,69,0,0,0,0,79,0,26,0,0,40,0,0,0,36,61,0,33,0,53,0,0,0,26,0,0,0;80,67,0,0,35,0,0,0,44,0,0,0,42,0,0,46,0,26,0,0,0,0,0,56,0,0,0,0,0,0;0,0,72,0,52,0,0,22,0,0,37,0,0,0,0,0,0,0,66,72,74,0,21,0,0,0,0,0,64,0;0,70,0,78,0,0,0,0,0,0,23,0,80,58,57,0,77,0,0,0,0,0,0,43,0,0,80,20,80,0;0,0,0,57,0,0,62,0,0,0,0,0,62,0,0,69,23,43,0,0,41,0,0,71,0,0,0,0,0,0;0,0,25,0,0,41,0,0,59,0,0,0,0,0,0,0,20,0,0,23,0,23,0,0,0,0,0,73,77,0;0,0,0,0,0,0,0,0,0,0,0,34,48,0,0,0,21,0,0,0,0,0,0,80,0,0,0,28,0,0;0,51,0,55,0,0,0,0,0,46,0,0,0,25,0,21,55,0,0,80,0,0,0,0,54,0,80,0,0,0;0,43,34,69,0,0,0,0,0,59,0,0,0,0,35,80,42,64,36,0,26,0,0,0,72,32,0,0,0,0;0,0,0,0,80,61,0,0,0,23,0,0,36,54,0,0,0,0,40,0,59,0,0,65,0,80,65,73,69,0;0,0,76,80,0,0,0,0,0,0,0,34,0,0,76,0,0,0,0,0,0,0,0,0,0,0,0,33,0,0;55,51,0,0,0,56,0,0,0,0,0,0,0,0,0,0,64,0,47,0,66,0,0,0,35,0,0,0,53,50;43,0,0,0,0,53,0,0,0,0,53,0,0,58,0,0,0,52,0,64,0,67,23,0,0,69,0,0,80,79;0,0,58,0,0,0,0,0,0,0,62,0,0,34,0,0,0,0,0,25,0,0,0,31,29,0,72,0,0,0;0,0,42,0,0,0,0,0,0,0,36,0,0,0,65,0,0,0,0,0,0,0,0,0,0,47,74,34,0,0
0,24,24,0,0,0,0,0,40,0,0,0,26,0,27,34,0,0,0,0,0,0,0,0,0,0,38,0,26,34;0,0,24,0,0,0,0,0,0,40,32,33,0,20,0,0,0,0,20,0,0,33,0,0,35,0,0,0,25,0;0,0,0,0,0,23,0,0,0,0,40,0,0,0,0,0,0,0,25,0,27,0,0,33,26,0,0,0,0,0;0,0,0,0,0,33,0,0,0,0,0,0,0,0,0,0,32,0,0,0,20,29,0,0,39,0,0,0,0,0;0,0,0,0,0,0,23,0,0,27,0,0,29,36,0,0,0,27,0,0,0,39,0,24,0,0,0,0,27,0;20,0,20,28,26,0,30,0,0,0,0,0,22,0,0,30,0,0,0,23,39,36,0,0,0,0,32,35,35,30;27,0,0,39,0,0,0,0,0,0,23,35,0,0,0,34,0,24,38,21,0,0,21,0,0,36,0,0,14,31;35,0,0,34,0,40,0,0,30,0,20,0,32,0,0,0,0,30,26,22,0,22,0,0,35,38,0,0,39,38;0,0,0,0,38,23,0,0,0,33,34,0,0,0,0,32,0,0,0,0,0,38,0,0,22,36,0,36,25,0;0,24,29,35,0,28,0,0,0,0,0,0,33,22,0,0,0,25,0,0,0,0,0,0,0,0,26,0,30,0;0,37,0,0,0,26,0,0,0,34,0,0,34,0,0,0,0,0,0,0,0,0,0,0,0,28,39,0,0,27;0,0,0,26,32,28,38,0,40,0,0,0,0,0,27,0,21,0,27,37,0,31,0,0,0,0,0,0,27,0;0,0,0,0,0,34,0,0,0,0,0,0,0,0,0,30,0,0,28,0,0,0,24,0,0,0,0,0,0,0;39,0,0,0,0,0,0,0,0,0,0,0,0,0,0,0,0,0,20,0,0,0,0,0,0,0,0,0,39,0;0,0,0,22,18,0,0,0,37,35,0,0,0,0,0,28,39,40,39,0,0,0,0,0,0,0,15,0,0,0;34,0,40,26,0,0,0,0,30,0,40,0,0,34,0,0,0,21,31,0,26,0,37,0,0,0,32,0,0,0;34,23,0,0,22,0,0,0,30,0,0,0,40,0,0,38,0,26,0,0,0,0,0,31,0,0,0,0,0,0;0,0,24,0,40,0,0,24,0,0,22,0,0,0,0,0,0,0,35,25,34,0,38,0,0,0,0,0,22,0;0,22,0,29,0,0,0,0,0,0,24,0,30,34,20,0,27,0,0,0,0,0,0,34,0,0,26,20,31,0;0,0,0,36,0,0,24,0,0,0,0,0,39,0,0,31,22,24,0,0,29,0,0,38,0,0,0,0,0,0;0,0,20,0,0,22,0,0,33,0,0,0,0,0,0,0,33,0,0,40,0,38,0,0,0,0,0,37,23,0;0,0,0,0,0,0,0,0,0,0,0,22,27,0,0,0,22,0,0,0,0,0,0,37,0,0,0,24,0,0;0,20,0,35,0,0,0,0,0,27,0,0,0,31,0,23,27,0,0,37,0,0,0,0,32,0,28,0,0,0;0,36,31,29,0,0,0,0,0,32,0,0,0,0,27,40,21,33,24,0,24,0,0,0,36,37,0,0,0,0;0,0,0,0,26,27,0,0,0,22,0,0,32,24,0,0,0,0,36,0,25,0,0,30,0,27,30,36,28,0;0,0,32,32,0,0,0,0,0,0,0,32,0,0,25,0,0,0,0,0,0,0,0,0,0,0,0,39,0,0;20,40,0,0,0,24,0,0,0,0,0,0,0,0,0,0,34,0,27,0,38,0,0,0,22,0,0,0,27,24;36,0,0,0,0,40,0,0,0,0,23,0,0,33,0,0,0,30,0,20,0,40,35,0,0,30,0,0,35,38;0,0,32,0,0,0,0,0,0,0,35,0,0,35,0,0,0,0,0,28,0,0,0,39,37,0,26,0,0,0;0,0,20,0,0,0,0,0,0,0,29,0,0,0,27,0,0,0,0,0,0,0,0,0,0,22,29,26,0,0
-25,13,0,-13,-16,0,0,30,0,16,0,15,-26,0,0,-16,23,0,0,0,0,0,24,0,0,0,-13,0,-12,0
------------- End of Scenario k = 10 -------
0,80,71,0,0,0,0,0,60,0,0,0,54,0,45,60,0,0,0,0,0,0,0,0,0,0,65,0,20,39;0,0,80,0,0,0,0,0,0,39,72,23,0,23,0,0,0,0,75,0,0,40,0,0,48,0,0,0,76,0;0,0,0,0,0,80,0,0,0,0,25,0,0,0,0,0,0,0,53,0,61,0,0,47,74,0,0,0,0,0;0,0,0,0,0,34,0,0,0,0,0,0,0,0,0,0,41,0,0,0,47,23,0,0,50,0,0,0,0,0;0,0,0,0,0,0,60,0,0,37,0,0,47,20,0,0,0,50,0,0,0,71,0,51,0,0,0,0,73,0;77,0,46,25,80,0,80,0,0,0,0,0,80,0,0,28,0,0,0,78,76,72,0,0,0,0,29,33,24,37;68,0,0,38,0,0,0,0,0,0,31,44,0,0,0,45,0,20,41,53,0,0,53,0,0,55,0,0,80,79;60,0,0,44,0,74,0,0,55,0,25,0,21,0,0,0,0,32,55,67,0,21,0,0,57,39,0,0,56,68;0,0,0,0,80,38,0,0,0,59,65,0,0,0,0,45,0,0,0,0,0,36,0,0,55,25,0,25,69,0;0,52,77,71,0,33,0,0,0,0,0,0,71,80,0,0,0,51,0,0,0,0,0,0,0,0,57,0,71,0;0,41,0,0,0,59,0,0,0,23,0,0,80,0,0,0,0,0,0,0,0,0,0,0,0,78,70,0,0,36;0,0,0,42,22,71,47,0,41,0,0,0,0,0,80,0,68,0,44,58,0,75,0,0,0,0,0,0,48,0;0,0,0,0,0,46,0,0,0,0,0,0,0,0,0,78,0,0,67,0,0,0,63,0,0,0,0,0,0,0;34,0,0,0,0,0,0,0,0,0,0,0,0,0,0,0,0,0,56,0,0,0,0,0,0,0,0,0,43,0;0,0,0,80,80,0,0,0,21,39,0,0,0,0,0,80,71,73,75,0,0,0,0,0,0,0,74,0,0,0;40,0,52,55,0,0,0,0,62,0,27,0,0,40,0,0,0,80,64,0,60,0,51,0,0,0,76,0,0,0;80,66,0,0,51,0,0,0,52,0,0,0,36,0,0,80,0,80,0,0,0,0,0,56,0,0,0,0,0,0;0,0,57,0,65,0,0,64,0,0,28,0,0,0,0,0,0,0,80,49,78,0,47,0,0,0,0,0,58,0;0,37,0,63,0,0,0,0,0,0,55,0,29,62,40,0,64,0,0,0,0,0,0,31,0,0,80,68,80,0;0,0,0,51,0,0,31,0,0,0,0,0,65,0,0,59,80,72,0,0,61,0,0,55,0,0,0,0,0,0;0,0,74,0,0,60,0,0,53,0,0,0,0,0,0,0,65,0,0,31,0,80,0,0,0,0,0,38,76,0;0,0,0,0,0,0,0,0,0,0,0,68,64,0,0,0,77,0,0,0,0,0,0,26,0,0,0,29,0,0;0,28,0,53,0,0,0,0,0,79,0,0,0,23,0,42,75,0,0,25,0,0,0,0,80,0,60,0,0,0;0,70,71,21,0,0,0,0,0,51,0,0,0,0,70,80,33,63,38,0,65,0,0,0,80,45,0,0,0,0;0,0,0,0,71,80,0,0,0,31,0,0,26,41,0,0,0,0,63,0,29,0,0,78,0,42,31,79,75,0;0,0,77,49,0,0,0,0,0,0,0,20,0,0,64,0,0,0,0,0,0,0,0,0,0,0,0,80,0,0;71,45,0,0,0,52,0,0,0,0,0,0,0,0,0,0,71,0,72,0,75,0,0,0,42,0,0,0,69,28;80,0,0,0,0,46,0,0,0,0,50,0,0,35,0,0,0,75,0,66,0,41,69,0,0,30,0,0,80,80;0,0,63,0,0,0,0,0,0,0,39,0,0,70,0,0,0,0,0,48,0,0,0,43,37,0,25,0,0,0;0,0,26,0,0,0,0,0,0,0,21,0,0,0,20,0,0,0,0,0,0,0,0,0,0,51,71,69,0,0
0,24,24,0,0,0,0,0,35,0,0,0,23,0,22,23,0,0,0,0,0,0,0,0,0,0,37,0,30,20;0,0,38,0,0,0,0,0,0,38,35,40,0,37,0,0,0,0,20,0,0,26,0,0,30,0,0,0,22,0;0,0,0,0,0,30,0,0,0,0,20,0,0,0,0,0,0,0,27,0,37,0,0,29,33,0,0,0,0,0;0,0,0,0,0,28,0,0,0,0,0,0,0,0,0,0,29,0,0,0,39,38,0,0,20,0,0,0,0,0;0,0,0,0,0,0,22,0,0,28,0,0,40,20,0,0,0,28,0,0,0,36,0,29,0,0,0,0,27,0;31,0,25,35,35,0,31,0,0,0,0,0,31,0,0,23,0,0,0,26,39,22,0,0,0,0,38,35,22,39;23,0,0,28,0,0,0,0,0,0,38,28,0,0,0,36,0,28,31,22,0,0,21,0,0,38,0,0,40,34;15,0,0,40,0,27,0,0,21,0,32,0,26,0,0,0,0,20,26,24,0,24,0,0,20,27,0,0,39,33;0,0,0,0,21,27,0,0,0,27,20,0,0,0,0,39,0,0,0,0,0,38,0,0,26,24,0,35,25,0;0,31,32,33,0,28,0,0,0,0,0,0,28,40,0,0,0,30,0,0,0,0,0,0,0,0,27,0,38,0;0,28,0,0,0,30,0,0,0,31,0,0,34,0,0,0,0,0,0,0,0,0,0,0,0,37,32,0,0,21;0,0,0,22,40,36,37,0,25,0,0,0,0,0,17,0,20,0,29,30,0,21,0,0,0,0,0,0,37,0;0,0,0,0,0,38,0,0,0,0,0,0,0,0,0,34,0,0,40,0,0,0,38,0,0,0,0,0,0,0;29,0,0,0,0,0,0,0,0,0,0,0,0,0,0,0,0,0,28,0,0,0,0,0,0,0,0,0,23,0;0,0,0,27,32,0,0,0,27,26,0,0,0,0,0,25,40,21,35,0,0,0,0,0,0,0,36,0,0,0;34,0,29,28,0,0,0,0,36,0,20,0,0,36,0,0,0,26,39,0,23,0,39,0,0,0,28,0,0,0;33,28,0,0,36,0,0,0,36,0,0,0,32,0,0,28,0,24,0,0,0,0,0,38,0,0,0,0,0,0;0,0,35,0,24,0,0,38,0,0,38,0,0,0,0,0,0,0,39,31,36,0,31,0,0,0,0,0,37,0;0,31,0,34,0,0,0,0,0,0,26,0,27,40,40,0,38,0,0,0,0,0,0,39,0,0,32,32,37,0;0,0,0,31,0,0,20,0,0,0,0,0,38,0,0,30,34,39,0,0,27,0,0,32,0,0,0,0,0,0;0,0,28,0,0,27,0,0,32,0,0,0,0,0,0,0,27,0,0,25,0,37,0,0,0,0,0,31,23,0;0,0,0,0,0,0,0,0,0,0,0,33,23,0,0,0,30,0,0,0,0,0,0,23,0,0,0,28,0,0;0,28,0,20,0,0,0,0,0,39,0,0,0,40,0,30,30,0,0,29,0,0,0,0,40,0,29,0,0,0;0,29,33,24,0,0,0,0,0,27,0,0,0,0,22,30,24,28,30,0,30,0,0,0,22,22,0,0,0,0;0,0,0,0,25,36,0,0,0,29,0,0,40,27,0,0,0,0,38,0,20,0,0,26,0,35,25,21,32,0;0,0,32,29,0,0,0,0,0,0,0,24,0,0,22,0,0,0,0,0,0,0,0,0,0,0,0,27,0,0;29,27,0,0,0,20,0,0,0,0,0,0,0,0,0,0,31,0,21,0,31,0,0,0,21,0,0,0,26,30;34,0,0,0,0,38,0,0,0,0,28,0,0,27,0,0,0,24,0,34,0,39,33,0,0,28,0,0,29,36;0,0,22,0,0,0,0,0,0,0,21,0,0,20,0,0,0,0,0,40,0,0,0,21,29,0,31,0,0,0;0,0,35,0,0,0,0,0,0,0,38,0,0,0,36,0,0,0,0,0,0,0,0,0,0,35,25,26,0,0
-9,29,0,-12,-18,0,0,14,0,28,0,16,-44,0,0,-15,20,0,0,0,0,0,22,0,0,0,-8,0,-23,0
------------- End of Scenario k = 11 -------
0,75,33,0,0,0,0,0,28,0,0,0,40,0,61,24,0,0,0,0,0,0,0,0,0,0,46,0,38,70;0,0,79,0,0,0,0,0,0,66,71,30,0,20,0,0,0,0,20,0,0,65,0,0,59,0,0,0,58,0;0,0,0,0,0,80,0,0,0,0,51,0,0,0,0,0,0,0,74,0,78,0,0,30,57,0,0,0,0,0;0,0,0,0,0,59,0,0,0,0,0,0,0,0,0,0,30,0,0,0,51,49,0,0,41,0,0,0,0,0;0,0,0,0,0,0,67,0,0,37,0,0,62,58,0,0,0,64,0,0,0,27,0,73,0,0,0,0,36,0;80,0,44,62,55,0,21,0,0,0,0,0,25,0,0,43,0,0,0,33,56,34,0,0,0,0,62,27,45,25;78,0,0,66,0,0,0,0,0,0,38,27,0,0,0,80,0,24,46,79,0,0,69,0,0,74,0,0,27,27;22,0,0,80,0,36,0,0,80,0,35,0,37,0,0,0,0,29,55,28,0,63,0,0,48,80,0,0,80,71;0,0,0,0,65,33,0,0,0,20,80,0,0,0,0,80,0,0,0,0,0,55,0,0,32,66,0,64,36,0;0,48,61,24,0,34,0,0,0,0,0,0,80,61,0,0,0,55,0,0,0,0,0,0,0,0,53,0,34,0;0,79,0,0,0,43,0,0,0,44,0,0,34,0,0,0,0,0,0,0,0,0,0,0,0,55,52,0,0,72;0,0,0,73,73,49,24,0,30,0,0,0,0,0,69,0,60,0,76,69,0,53,0,0,0,0,0,0,73,0;0,0,0,0,0,45,0,0,0,0,0,0,0,0,0,50,0,0,45,0,0,0,63,0,0,0,0,0,0,0;42,0,0,0,0,0,0,0,0,0,0,0,0,0,0,0,0,0,39,0,0,0,0,0,0,0,0,0,64,0;0,0,0,55,80,0,0,0,79,66,0,0,0,0,0,48,47,38,57,0,0,0,0,0,0,0,33,0,0,0;34,0,62,39,0,0,0,0,60,0,33,0,0,75,0,0,0,22,72,0,75,0,67,0,0,0,34,0,0,0;33,78,0,0,70,0,0,0,60,0,0,0,63,0,0,50,0,80,0,0,0,0,0,68,0,0,0,0,0,0;0,0,31,0,35,0,0,79,0,0,28,0,0,0,0,0,0,0,78,41,55,0,29,0,0,0,0,0,69,0;0,64,0,29,0,0,0,0,0,0,72,0,37,50,64,0,55,0,0,0,0,0,0,46,0,0,44,77,47,0;0,0,0,22,0,0,56,0,0,0,0,0,80,0,0,64,46,31,0,0,80,0,0,72,0,0,0,0,0,0;0,0,61,0,0,52,0,0,45,0,0,0,0,0,0,0,29,0,0,40,0,80,0,0,0,0,0,71,80,0;0,0,0,0,0,0,0,0,0,0,0,51,39,0,0,0,45,0,0,0,0,0,0,80,0,0,0,59,0,0;0,40,0,20,0,0,0,0,0,80,0,0,0,43,0,32,74,0,0,80,0,0,0,0,41,0,34,0,0,0;0,51,37,50,0,0,0,0,0,79,0,0,0,0,35,80,70,65,70,0,79,0,0,0,80,24,0,0,0,0;0,0,0,0,40,60,0,0,0,26,0,0,40,22,0,0,0,0,65,0,54,0,0,61,0,80,64,33,70,0;0,0,22,35,0,0,0,0,0,0,0,65,0,0,63,0,0,0,0,0,0,0,0,0,0,0,0,37,0,0;76,31,0,0,0,31,0,0,0,0,0,0,0,0,0,0,47,0,79,0,46,0,0,0,58,0,0,0,25,36;42,0,0,0,0,30,0,0,0,0,79,0,0,46,0,0,0,48,0,51,0,35,40,0,0,60,0,0,53,80;0,0,70,0,0,0,0,0,0,0,45,0,0,22,0,0,0,0,0,66,0,0,0,34,48,0,55,0,0,0;0,0,37,0,0,0,0,0,0,0,58,0,0,0,42,0,0,0,0,0,0,0,0,0,0,45,50,62,0,0
0,21,33,0,0,0,0,0,23,0,0,0,24,0,38,25,0,0,0,0,0,0,0,0,0,0,38,0,40,38;0,0,32,0,0,0,0,0,0,24,37,38,0,34,0,0,0,0,31,0,0,39,0,0,21,0,0,0,24,0;0,0,0,0,0,35,0,0,0,0,24,0,0,0,0,0,0,0,24,0,22,0,0,39,32,0,0,0,0,0;0,0,0,0,0,27,0,0,0,0,0,0,0,0,0,0,34,0,0,0,35,22,0,0,37,0,0,0,0,0;0,0,0,0,0,0,30,0,0,24,0,0,28,39,0,0,0,21,0,0,0,35,0,25,0,0,0,0,23,0;29,0,26,32,35,0,30,0,0,0,0,0,27,0,0,34,0,0,0,40,25,39,0,0,0,0,36,33,28,23;24,0,0,24,0,0,0,0,0,0,38,36,0,0,0,39,0,23,34,21,0,0,30,0,0,21,0,0,39,28;36,0,0,30,0,39,0,0,32,0,20,0,29,0,0,0,0,35,20,29,0,27,0,0,38,20,0,0,33,27;0,0,0,0,30,40,0,0,0,20,34,0,0,0,0,30,0,0,0,0,0,28,0,0,38,31,0,37,27,0;0,21,34,29,0,35,0,0,0,0,0,0,26,40,0,0,0,24,0,0,0,0,0,0,0,0,40,0,21,0;0,22,0,0,0,31,0,0,0,36,0,0,39,0,0,0,0,0,0,0,0,0,0,0,0,30,38,0,0,36;0,0,0,39,32,35,21,0,28,0,0,0,0,0,29,0,27,0,35,35,0,23,0,0,0,0,0,0,21,0;0,0,0,0,0,23,0,0,0,0,0,0,0,0,0,24,0,0,39,0,0,0,31,0,0,0,0,0,0,0;23,0,0,0,0,0,0,0,0,0,0,0,0,0,0,0,0,0,28,0,0,0,0,0,0,0,0,0,20,0;0,0,0,39,39,0,0,0,34,25,0,0,0,0,0,37,31,37,22,0,0,0,0,0,0,0,30,0,0,0;36,0,32,37,0,0,0,0,28,0,20,0,0,36,0,0,0,35,28,0,33,0,32,0,0,0,29,0,0,0;27,36,0,0,31,0,0,0,32,0,0,0,31,0,0,37,0,35,0,0,0,0,0,20,0,0,0,0,0,0;0,0,37,0,33,0,0,40,0,0,20,0,0,0,0,0,0,0,24,23,25,0,26,0,0,0,0,0,27,0;0,23,0,39,0,0,0,0,0,0,35,0,31,32,27,0,21,0,0,0,0,0,0,39,0,0,30,28,22,0;0,0,0,25,0,0,38,0,0,0,0,0,24,0,0,33,37,30,0,0,37,0,0,29,0,0,0,0,0,0;0,0,30,0,0,20,0,0,25,0,0,0,0,0,0,0,34,0,0,36,0,30,0,0,0,0,0,34,20,0;0,0,0,0,0,0,0,0,0,0,0,39,26,0,0,0,31,0,0,0,0,0,0,28,0,0,0,26,0,0;0,32,0,37,0,0,0,0,0,38,0,0,0,25,0,22,29,0,0,27,0,0,0,0,39,0,32,0,0,0;0,38,40,20,0,0,0,0,0,39,0,0,0,0,32,40,24,38,30,0,21,0,0,0,40,36,0,0,0,0;0,0,0,0,37,28,0,0,0,37,0,0,26,34,0,0,0,0,30,0,26,0,0,39,0,36,28,22,27,0;0,0,33,32,0,0,0,0,0,0,0,22,0,0,36,0,0,0,0,0,0,0,0,0,0,0,0,26,0,0;32,20,0,0,0,26,0,0,0,0,0,0,0,0,0,0,26,0,35,0,33,0,0,0,37,0,0,0,21,30;30,0,0,0,0,33,0,0,0,0,21,0,0,27,0,0,0,29,0,33,0,27,25,0,0,39,0,0,30,33;0,0,27,0,0,0,0,0,0,0,30,0,0,39,0,0,0,0,0,35,0,0,0,29,36,0,38,0,0,0;0,0,35,0,0,0,0,0,0,0,27,0,0,0,28,0,0,0,0,0,0,0,0,0,0,32,40,28,0,0
-29,21,0,-12,-20,0,0,29,0,19,0,28,-40,0,0,-19,21,0,0,0,0,0,26,0,0,0,-17,0,-7,0
------------- End of Scenario k = 12 -------
0,65,70,0,0,0,0,0,22,0,0,0,61,0,38,54,0,0,0,0,0,0,0,0,0,0,60,0,51,69;0,0,59,0,0,0,0,0,0,33,23,39,0,50,0,0,0,0,40,0,0,32,0,0,39,0,0,0,35,0;0,0,0,0,0,80,0,0,0,0,30,0,0,0,0,0,0,0,53,0,42,0,0,58,24,0,0,0,0,0;0,0,0,0,0,49,0,0,0,0,0,0,0,0,0,0,66,0,0,0,61,51,0,0,70,0,0,0,0,0;0,0,0,0,0,0,48,0,0,68,0,0,20,62,0,0,0,58,0,0,0,62,0,38,0,0,0,0,42,0;80,0,39,46,69,0,80,0,0,0,0,0,80,0,0,57,0,0,0,62,80,75,0,0,0,0,65,73,38,52;46,0,0,79,0,0,0,0,0,0,57,42,0,0,0,73,0,63,58,42,0,0,24,0,0,79,0,0,46,73;80,0,0,80,0,72,0,0,80,0,63,0,26,0,0,0,0,26,65,56,0,54,0,0,64,46,0,0,43,26;0,0,0,0,80,43,0,0,0,52,80,0,0,0,0,63,0,0,0,0,0,45,0,0,25,37,0,20,44,0;0,20,27,36,0,21,0,0,0,0,0,0,21,80,0,0,0,35,0,0,0,0,0,0,0,0,75,0,79,0;0,22,0,0,0,37,0,0,0,65,0,0,80,0,0,0,0,0,0,0,0,0,0,0,0,41,80,0,0,56;0,0,0,60,27,70,72,0,34,0,0,0,0,0,80,0,49,0,34,37,0,40,0,0,0,0,0,0,69,0;0,0,0,0,0,66,0,0,0,0,0,0,0,0,0,55,0,0,28,0,0,0,32,0,0,0,0,0,0,0;59,0,0,0,0,0,0,0,0,0,0,0,0,0,0,0,0,0,45,0,0,0,0,0,0,0,0,0,59,0;0,0,0,28,80,0,0,0,59,71,0,0,0,0,0,80,73,44,66,0,0,0,0,0,0,0,80,0,0,0;28,0,45,29,0,0,0,0,22,0,53,0,0,80,0,0,0,30,50,0,28,0,61,0,0,0,79,0,0,0;80,72,0,0,51,0,0,0,44,0,0,0,64,0,0,45,0,57,0,0,0,0,0,65,0,0,0,0,0,0;0,0,20,0,80,0,0,73,0,0,23,0,0,0,0,0,0,0,65,38,34,0,39,0,0,0,0,0,29,0;0,57,0,33,0,0,0,0,0,0,66,0,62,31,32,0,31,0,0,0,0,0,0,66,0,0,80,66,80,0;0,0,0,50,0,0,76,0,0,0,0,0,54,0,0,21,51,64,0,0,80,0,0,37,0,0,0,0,0,0;0,0,30,0,0,49,0,0,29,0,0,0,0,0,0,0,25,0,0,65,0,80,0,0,0,0,0,58,55,0;0,0,0,0,0,0,0,0,0,0,0,20,65,0,0,0,71,0,0,0,0,0,0,80,0,0,0,75,0,0;0,28,0,20,0,0,0,0,0,23,0,0,0,39,0,59,48,0,0,43,0,0,0,0,51,0,69,0,0,0;0,75,70,34,0,0,0,0,0,27,0,0,0,0,20,47,24,80,79,0,64,0,0,0,80,62,0,0,0,0;0,0,0,0,65,38,0,0,0,34,0,0,31,64,0,0,0,0,37,0,67,0,0,47,0,80,68,28,21,0;0,0,56,38,0,0,0,0,0,0,0,40,0,0,26,0,0,0,0,0,0,0,0,0,0,0,0,80,0,0;27,31,0,0,0,67,0,0,0,0,0,0,0,0,0,0,78,0,49,0,74,0,0,0,55,0,0,0,31,27;80,0,0,0,0,63,0,0,0,0,76,0,0,69,0,0,0,42,0,27,0,65,78,0,0,56,0,0,80,50;0,0,77,0,0,0,0,0,0,0,34,0,0,24,0,0,0,0,0,80,0,0,0,58,73,0,70,0,0,0;0,0,22,0,0,0,0,0,0,0,56,0,0,0,62,0,0,0,0,0,0,0,0,0,0,23,68,68,0,0
0,39,30,0,0,0,0,0,34,0,0,0,25,0,40,40,0,0,0,0,0,0,0,0,0,0,31,0,39,39;0,0,32,0,0,0,0,0,0,37,39,36,0,27,0,0,0,0,22,0,0,39,0,0,20,0,0,0,29,0;0,0,0,0,0,30,0,0,0,0,30,0,0,0,0,0,0,0,32,0,25,0,0,20,24,0,0,0,0,0;0,0,0,0,0,38,0,0,0,0,0,0,0,0,0,0,35,0,0,0,35,22,0,0,37,0,0,0,0,0;0,0,0,0,0,0,39,0,0,28,0,0,24,33,0,0,0,38,0,0,0,24,0,26,0,0,0,0,34,0;32,0,25,26,30,0,35,0,0,0,0,0,32,0,0,40,0,0,0,22,33,21,0,0,0,0,25,30,37,29;25,0,0,22,0,0,0,0,0,0,36,32,0,0,0,35,0,33,34,36,0,0,38,0,0,26,0,0,35,21;36,0,0,20,0,39,0,0,15,0,37,0,35,0,0,0,0,36,38,36,0,39,0,0,22,30,0,0,39,20;0,0,0,0,27,24,0,0,0,37,15,0,0,0,0,27,0,0,0,0,0,22,0,0,24,38,0,26,21,0;0,33,27,30,0,34,0,0,0,0,0,0,16,19,0,0,0,40,0,0,0,0,0,0,0,0,30,0,40,0;0,22,0,0,0,36,0,0,0,33,0,0,37,0,0,0,0,0,0,0,0,0,0,0,0,24,15,0,0,31;0,0,0,26,20,32,34,0,25,0,0,0,0,0,30,0,32,0,40,29,0,32,0,0,0,0,0,0,35,0;0,0,0,0,0,36,0,0,0,0,0,0,0,0,0,20,0,0,27,0,0,0,29,0,0,0,0,0,0,0;30,0,0,0,0,0,0,0,0,0,0,0,0,0,0,0,0,0,25,0,0,0,0,0,0,0,0,0,39,0;0,0,0,31,33,0,0,0,27,29,0,0,0,0,0,39,36,34,23,0,0,0,0,0,0,0,40,0,0,0;40,0,38,38,0,0,0,0,34,0,20,0,0,22,0,0,0,30,29,0,20,0,32,0,0,0,38,0,0,0;30,32,0,0,40,0,0,0,25,0,0,0,21,0,0,29,0,39,0,0,0,0,0,21,0,0,0,0,0,0;0,0,33,0,40,0,0,24,0,0,31,0,0,0,0,0,0,0,38,37,22,0,33,0,0,0,0,0,21,0;0,22,0,31,0,0,0,0,0,0,37,0,25,25,23,0,31,0,0,0,0,0,0,28,0,0,25,31,33,0;0,0,0,27,0,0,31,0,0,0,0,0,31,0,0,36,29,25,0,0,37,0,0,29,0,0,0,0,0,0;0,0,33,0,0,22,0,0,26,0,0,0,0,0,0,0,28,0,0,31,0,31,0,0,0,0,0,40,30,0;0,0,0,0,0,0,0,0,0,0,0,25,32,0,0,0,24,0,0,0,0,0,0,16,0,0,0,35,0,0;0,40,0,38,0,0,0,0,0,31,0,0,0,38,0,20,30,0,0,23,0,0,0,0,23,0,23,0,0,0;0,28,40,20,0,0,0,0,0,26,0,0,0,0,20,30,37,28,30,0,38,0,0,0,15,35,0,0,0,0;0,0,0,0,28,22,0,0,0,38,0,0,36,23,0,0,0,0,36,0,32,0,0,38,0,24,34,32,34,0;0,0,20,31,0,0,0,0,0,0,0,31,0,0,29,0,0,0,0,0,0,0,0,0,0,0,0,22,0,0;24,38,0,0,0,36,0,0,0,0,0,0,0,0,0,0,30,0,27,0,39,0,0,0,22,0,0,0,26,21;16,0,0,0,0,34,0,0,0,0,24,0,0,37,0,0,0,33,0,32,0,35,24,0,0,36,0,0,26,39;0,0,31,0,0,0,0,0,0,0,33,0,0,20,0,0,0,0,0,22,0,0,0,33,21,0,22,0,0,0;0,0,26,0,0,0,0,0,0,0,24,0,0,0,22,0,0,0,0,0,0,0,0,0,0,20,35,24,0,0
-9,30,0,-7,-26,0,0,10,0,13,0,28,-27,0,0,-20,18,0,0,0,0,0,10,0,0,0,-8,0,-12,0
------------- End of Scenario k = 13 -------
0,32,62,0,0,0,0,0,74,0,0,0,20,0,57,37,0,0,0,0,0,0,0,0,0,0,55,0,67,48;0,0,80,0,0,0,0,0,0,39,43,64,0,24,0,0,0,0,30,0,0,79,0,0,29,0,0,0,24,0;0,0,0,0,0,48,0,0,0,0,56,0,0,0,0,0,0,0,51,0,22,0,0,60,76,0,0,0,0,0;0,0,0,0,0,75,0,0,0,0,0,0,0,0,0,0,50,0,0,0,23,78,0,0,34,0,0,0,0,0;0,0,0,0,0,0,54,0,0,71,0,0,76,60,0,0,0,64,0,0,0,21,0,74,0,0,0,0,39,0;80,0,55,61,80,0,40,0,0,0,0,0,38,0,0,69,0,0,0,77,67,52,0,0,0,0,30,26,43,73;63,0,0,73,0,0,0,0,0,0,58,35,0,0,0,42,0,23,32,64,0,0,78,0,0,44,0,0,80,68;80,0,0,80,0,56,0,0,45,0,27,0,69,0,0,0,0,35,22,65,0,44,0,0,55,70,0,0,22,35;0,0,0,0,80,67,0,0,0,47,80,0,0,0,0,22,0,0,0,0,0,66,0,0,36,34,0,54,70,0;0,75,29,26,0,56,0,0,0,0,0,0,45,35,0,0,0,63,0,0,0,0,0,0,0,0,75,0,29,0;0,41,0,0,0,39,0,0,0,27,0,0,64,0,0,0,0,0,0,0,0,0,0,0,0,41,68,0,0,41;0,0,0,78,74,24,71,0,31,0,0,0,0,0,20,0,58,0,66,69,0,63,0,0,0,0,0,0,59,0;0,0,0,0,0,60,0,0,0,0,0,0,0,0,0,65,0,0,51,0,0,0,35,0,0,0,0,0,0,0;20,0,0,0,0,0,0,0,0,0,0,0,0,0,0,0,0,0,73,0,0,0,0,0,0,0,0,0,77,0;0,0,0,80,80,0,0,0,42,62,0,0,0,0,0,80,72,76,34,0,0,0,0,0,0,0,80,0,0,0;25,0,56,68,0,0,0,0,44,0,45,0,0,35,0,0,0,33,77,0,40,0,20,0,0,0,41,0,0,0;80,61,0,0,78,0,0,0,50,0,0,0,27,0,0,57,0,80,0,0,0,0,0,21,0,0,0,0,0,0;0,0,39,0,34,0,0,55,0,0,66,0,0,0,0,0,0,0,72,72,45,0,55,0,0,0,0,0,35,0;0,23,0,53,0,0,0,0,0,0,53,0,63,61,60,0,49,0,0,0,0,0,0,41,0,0,80,44,80,0;0,0,0,50,0,0,50,0,0,0,0,0,53,0,0,64,68,62,0,0,80,0,0,48,0,0,0,0,0,0;0,0,52,0,0,47,0,0,30,0,0,0,0,0,0,0,42,0,0,48,0,33,0,0,0,0,0,28,22,0;0,0,0,0,0,0,0,0,0,0,0,34,37,0,0,0,22,0,0,0,0,0,0,80,0,0,0,41,0,0;0,64,0,33,0,0,0,0,0,47,0,0,0,65,0,27,71,0,0,67,0,0,0,0,28,0,24,0,0,0;0,73,40,20,0,0,0,0,0,54,0,0,0,0,33,33,58,73,44,0,35,0,0,0,80,27,0,0,0,0;0,0,0,0,80,56,0,0,0,40,0,0,23,22,0,0,0,0,39,0,40,0,0,56,0,27,32,61,45,0;0,0,35,48,0,0,0,0,0,0,0,74,0,0,54,0,0,0,0,0,0,0,0,0,0,0,0,23,0,0;48,29,0,0,0,55,0,0,0,0,0,0,0,0,0,0,38,0,49,0,25,0,0,0,80,0,0,0,44,65;22,0,0,0,0,44,0,0,0,0,64,0,0,39,0,0,0,24,0,71,0,63,77,0,0,61,0,0,62,80;0,0,26,0,0,0,0,0,0,0,52,0,0,25,0,0,0,0,0,69,0,0,0,55,42,0,46,0,0,0;0,0,24,0,0,0,0,0,0,0,45,0,0,0,49,0,0,0,0,0,0,0,0,0,0,73,65,47,0,0
0,20,23,0,0,0,0,0,20,0,0,0,23,0,26,30,0,0,0,0,0,0,0,0,0,0,29,0,24,20;0,0,23,0,0,0,0,0,0,30,31,36,0,23,0,0,0,0,20,0,0,34,0,0,37,0,0,0,31,0;0,0,0,0,0,36,0,0,0,0,25,0,0,0,0,0,0,0,25,0,39,0,0,20,38,0,0,0,0,0;0,0,0,0,0,32,0,0,0,0,0,0,0,0,0,0,20,0,0,0,21,24,0,0,40,0,0,0,0,0;0,0,0,0,0,0,37,0,0,39,0,0,36,20,0,0,0,28,0,0,0,23,0,37,0,0,0,0,34,0;16,0,31,31,39,0,16,0,0,0,0,0,38,0,0,28,0,0,0,34,24,21,0,0,0,0,28,36,27,32;31,0,0,26,0,0,0,0,0,0,32,29,0,0,0,39,0,23,36,30,0,0,23,0,0,22,0,0,26,25;33,0,0,32,0,21,0,0,40,0,32,0,34,0,0,0,0,25,33,25,0,30,0,0,30,32,0,0,30,23;0,0,0,0,39,33,0,0,0,30,37,0,0,0,0,30,0,0,0,0,0,39,0,0,35,21,0,35,36,0;0,33,28,26,0,38,0,0,0,0,0,0,30,35,0,0,0,29,0,0,0,0,0,0,0,0,32,0,33,0;0,23,0,0,0,32,0,0,0,34,0,0,33,0,0,0,0,0,0,0,0,0,0,0,0,26,33,0,0,27;0,0,0,28,34,28,34,0,36,0,0,0,0,0,33,0,37,0,38,35,0,25,0,0,0,0,0,0,28,0;0,0,0,0,0,28,0,0,0,0,0,0,0,0,0,31,0,0,29,0,0,0,25,0,0,0,0,0,0,0;23,0,0,0,0,0,0,0,0,0,0,0,0,0,0,0,0,0,33,0,0,0,0,0,0,0,0,0,40,0;0,0,0,37,34,0,0,0,35,34,0,0,0,0,0,19,34,36,21,0,0,0,0,0,0,0,29,0,0,0;24,0,28,23,0,0,0,0,31,0,35,0,0,39,0,0,0,29,25,0,30,0,21,0,0,0,32,0,0,0;25,26,0,0,34,0,0,0,22,0,0,0,22,0,0,37,0,37,0,0,0,0,0,26,0,0,0,0,0,0;0,0,38,0,35,0,0,33,0,0,22,0,0,0,0,0,0,0,24,38,24,0,37,0,0,0,0,0,39,0;0,29,0,20,0,0,0,0,0,0,39,0,15,36,35,0,27,0,0,0,0,0,0,29,0,0,18,26,22,0;0,0,0,23,0,0,38,0,0,0,0,0,35,0,0,28,35,28,0,0,40,0,0,24,0,0,0,0,0,0;0,0,21,0,0,25,0,0,28,0,0,0,0,0,0,0,32,0,0,25,0,34,0,0,0,0,0,38,38,0;0,0,0,0,0,0,0,0,0,0,0,38,22,0,0,0,33,0,0,0,0,0,0,32,0,0,0,40,0,0;0,35,0,29,0,0,0,0,0,32,0,0,0,36,0,25,24,0,0,24,0,0,0,0,21,0,26,0,0,0;0,28,24,21,0,0,0,0,0,31,0,0,0,0,27,36,38,21,30,0,34,0,0,0,25,29,0,0,0,0;0,0,0,0,26,31,0,0,0,36,0,0,33,35,0,0,0,0,26,0,27,0,0,22,0,24,25,27,38,0;0,0,27,27,0,0,0,0,0,0,0,40,0,0,40,0,0,0,0,0,0,0,0,0,0,0,0,38,0,0;21,28,0,0,0,23,0,0,0,0,0,0,0,0,0,0,24,0,26,0,26,0,0,0,38,0,0,0,38,31;24,0,0,0,0,33,0,0,0,0,37,0,0,25,0,0,0,24,0,26,0,22,38,0,0,26,0,0,34,30;0,0,31,0,0,0,0,0,0,0,37,0,0,36,0,0,0,0,0,23,0,0,0,22,27,0,30,0,0,0;0,0,30,0,0,0,0,0,0,0,31,0,0,0,30,0,0,0,0,0,0,0,0,0,0,36,34,39,0,0
-24,16,0,-6,-22,0,0,26,0,30,0,13,-34,0,0,-9,11,0,0,0,0,0,24,0,0,0,-7,0,-18,0
------------- End of Scenario k = 14 -------
0,55,41,0,0,0,0,0,53,0,0,0,38,0,56,37,0,0,0,0,0,0,0,0,0,0,44,0,27,77;0,0,77,0,0,0,0,0,0,51,73,37,0,78,0,0,0,0,57,0,0,26,0,0,28,0,0,0,44,0;0,0,0,0,0,80,0,0,0,0,64,0,0,0,0,0,0,0,43,0,29,0,0,68,58,0,0,0,0,0;0,0,0,0,0,28,0,0,0,0,0,0,0,0,0,0,31,0,0,0,64,64,0,0,53,0,0,0,0,0;0,0,0,0,0,0,74,0,0,75,0,0,38,72,0,0,0,72,0,0,0,23,0,34,0,0,0,0,64,0;80,0,73,33,80,0,78,0,0,0,0,0,80,0,0,78,0,0,0,21,76,22,0,0,0,0,47,45,78,56;36,0,0,29,0,0,0,0,0,0,42,29,0,0,0,80,0,61,69,37,0,0,27,0,0,23,0,0,49,28;80,0,0,80,0,77,0,0,80,0,30,0,67,0,0,0,0,22,30,25,0,45,0,0,22,39,0,0,80,36;0,0,0,0,73,26,0,0,0,54,52,0,0,0,0,66,0,0,0,0,0,63,0,0,40,66,0,73,49,0;0,50,32,58,0,32,0,0,0,0,0,0,80,77,0,0,0,32,0,0,0,0,0,0,0,0,20,0,62,0;0,60,0,0,0,47,0,0,0,61,0,0,80,0,0,0,0,0,0,0,0,0,0,0,0,50,44,0,0,38;0,0,0,69,34,48,73,0,53,0,0,0,0,0,80,0,76,0,20,52,0,27,0,0,0,0,0,0,39,0;0,0,0,0,0,26,0,0,0,0,0,0,0,0,0,38,0,0,29,0,0,0,78,0,0,0,0,0,0,0;52,0,0,0,0,0,0,0,0,0,0,0,0,0,0,0,0,0,66,0,0,0,0,0,0,0,0,0,31,0;0,0,0,63,80,0,0,0,79,35,0,0,0,0,0,80,80,74,28,0,0,0,0,0,0,0,56,0,0,0;51,0,71,65,0,0,0,0,26,0,70,0,0,26,0,0,0,79,75,0,44,0,78,0,0,0,65,0,0,0;80,76,0,0,56,0,0,0,35,0,0,0,76,0,0,74,0,80,0,0,0,0,0,74,0,0,0,0,0,0;0,0,73,0,66,0,0,59,0,0,43,0,0,0,0,0,0,0,80,76,34,0,24,0,0,0,0,0,41,0;0,77,0,21,0,0,0,0,0,0,61,0,80,38,56,0,51,0,0,0,0,0,0,44,0,0,80,61,68,0;0,0,0,42,0,0,54,0,0,0,0,0,49,0,0,32,65,64,0,0,69,0,0,22,0,0,0,0,0,0;0,0,69,0,0,48,0,0,68,0,0,0,0,0,0,0,74,0,0,55,0,73,0,0,0,0,0,48,52,0;0,0,0,0,0,0,0,0,0,0,0,62,28,0,0,0,68,0,0,0,0,0,0,45,0,0,0,45,0,0;0,41,0,29,0,0,0,0,0,51,0,0,0,55,0,52,56,0,0,80,0,0,0,0,75,0,37,0,0,0;0,68,33,33,0,0,0,0,0,29,0,0,0,0,70,58,75,42,61,0,28,0,0,0,80,24,0,0,0,0;0,0,0,0,38,30,0,0,0,24,0,0,23,64,0,0,0,0,50,0,26,0,0,49,0,80,48,54,33,0;0,0,59,42,0,0,0,0,0,0,0,57,0,0,63,0,0,0,0,0,0,0,0,0,0,0,0,80,0,0;62,20,0,0,0,35,0,0,0,0,0,0,0,0,0,0,22,0,58,0,64,0,0,0,37,0,0,0,26,44;80,0,0,0,0,45,0,0,0,0,36,0,0,71,0,0,0,59,0,56,0,26,79,0,0,32,0,0,80,45;0,0,59,0,0,0,0,0,0,0,46,0,0,61,0,0,0,0,0,76,0,0,0,41,65,0,24,0,0,0;0,0,40,0,0,0,0,0,0,0,25,0,0,0,52,0,0,0,0,0,0,0,0,0,0,57,25,34,0,0
0,28,40,0,0,0,0,0,21,0,0,0,21,0,26,20,0,0,0,0,0,0,0,0,0,0,40,0,32,32;0,0,21,0,0,0,0,0,0,31,27,32,0,25,0,0,0,0,22,0,0,20,0,0,39,0,0,0,21,0;0,0,0,0,0,35,0,0,0,0,22,0,0,0,0,0,0,0,33,0,21,0,0,21,35,0,0,0,0,0;0,0,0,0,0,36,0,0,0,0,0,0,0,0,0,0,20,0,0,0,35,40,0,0,25,0,0,0,0,0;0,0,0,0,0,0,36,0,0,28,0,0,36,29,0,0,0,34,0,0,0,24,0,40,0,0,0,0,31,0;19,0,28,32,40,0,28,0,0,0,0,0,31,0,0,21,0,0,0,32,33,28,0,0,0,0,38,31,31,23;32,0,0,21,0,0,0,0,0,0,26,29,0,0,0,28,0,33,36,37,0,0,32,0,0,33,0,0,28,36;37,0,0,32,0,21,0,0,39,0,27,0,26,0,0,0,0,26,21,38,0,22,0,0,32,35,0,0,34,37;0,0,0,0,32,24,0,0,0,34,38,0,0,0,0,32,0,0,0,0,0,33,0,0,39,37,0,35,34,0;0,29,37,37,0,27,0,0,0,0,0,0,32,27,0,0,0,34,0,0,0,0,0,0,0,0,40,0,24,0;0,34,0,0,0,29,0,0,0,35,0,0,39,0,0,0,0,0,0,0,0,0,0,0,0,32,28,0,0,27;0,0,0,23,33,30,34,0,26,0,0,0,0,0,26,0,29,0,37,35,0,34,0,0,0,0,0,0,40,0;0,0,0,0,0,27,0,0,0,0,0,0,0,0,0,29,0,0,31,0,0,0,39,0,0,0,0,0,0,0;40,0,0,0,0,0,0,0,0,0,0,0,0,0,0,0,0,0,22,0,0,0,0,0,0,0,0,0,40,0;0,0,0,27,25,0,0,0,26,21,0,0,0,0,0,25,27,23,22,0,0,0,0,0,0,0,22,0,0,0;25,0,34,25,0,0,0,0,35,0,26,0,0,36,0,0,0,23,31,0,33,0,20,0,0,0,28,0,0,0;23,28,0,0,36,0,0,0,34,0,0,0,22,0,0,20,0,21,0,0,0,0,0,40,0,0,0,0,0,0;0,0,28,0,38,0,0,28,0,0,27,0,0,0,0,0,0,0,34,30,29,0,35,0,0,0,0,0,40,0;0,28,0,30,0,0,0,0,0,0,29,0,33,35,30,0,29,0,0,0,0,0,0,39,0,0,32,27,26,0;0,0,0,38,0,0,24,0,0,0,0,0,30,0,0,22,36,30,0,0,23,0,0,39,0,0,0,0,0,0;0,0,22,0,0,29,0,0,24,0,0,0,0,0,0,0,38,0,0,22,0,29,0,0,0,0,0,22,35,0;0,0,0,0,0,0,0,0,0,0,0,21,40,0,0,0,29,0,0,0,0,0,0,40,0,0,0,27,0,0;0,27,0,40,0,0,0,0,0,35,0,0,0,39,0,35,22,0,0,39,0,0,0,0,26,0,25,0,0,0;0,24,38,21,0,0,0,0,0,20,0,0,0,0,32,36,32,23,20,0,22,0,0,0,35,38,0,0,0,0;0,0,0,0,36,39,0,0,0,29,0,0,23,40,0,0,0,0,31,0,32,0,0,40,0,26,33,27,39,0;0,0,21,31,0,0,0,0,0,0,0,31,0,0,32,0,0,0,0,0,0,0,0,0,0,0,0,30,0,0;38,40,0,0,0,35,0,0,0,0,0,0,0,0,0,0,22,0,21,0,29,0,0,0,36,0,0,0,31,29;20,0,0,0,0,39,0,0,0,0,37,0,0,29,0,0,0,26,0,40,0,27,32,0,0,20,0,0,40,26;0,0,28,0,0,0,0,0,0,0,35,0,0,25,0,0,0,0,0,36,0,0,0,25,28,0,36,0,0,0;0,0,25,0,0,0,0,0,0,0,30,0,0,0,21,0,0,0,0,0,0,0,0,0,0,27,30,30,0,0
-22,17,0,-5,-26,0,0,26,0,18,0,17,-30,0,0,-6,18,0,0,0,0,0,20,0,0,0,-14,0,-13,0
------------- End of Scenario k = 15 -------
0,74,76,0,0,0,0,0,32,0,0,0,26,0,35,39,0,0,0,0,0,0,0,0,0,0,76,0,39,79;0,0,80,0,0,0,0,0,0,56,70,52,0,24,0,0,0,0,75,0,0,77,0,0,22,0,0,0,24,0;0,0,0,0,0,80,0,0,0,0,25,0,0,0,0,0,0,0,31,0,23,0,0,51,59,0,0,0,0,0;0,0,0,0,0,53,0,0,0,0,0,0,0,0,0,0,52,0,0,0,80,45,0,0,62,0,0,0,0,0;0,0,0,0,0,0,31,0,0,56,0,0,38,58,0,0,0,34,0,0,0,67,0,50,0,0,0,0,51,0;21,0,58,42,50,0,80,0,0,0,0,0,21,0,0,24,0,0,0,62,32,22,0,0,0,0,28,28,54,49;71,0,0,38,0,0,0,0,0,0,73,22,0,0,0,70,0,27,42,23,0,0,57,0,0,29,0,0,80,32;28,0,0,80,0,67,0,0,80,0,57,0,79,0,0,0,0,43,58,62,0,25,0,0,65,54,0,0,57,65;0,0,0,0,80,45,0,0,0,31,37,0,0,0,0,70,0,0,0,0,0,69,0,0,39,49,0,21,32,0;0,79,24,64,0,40,0,0,0,0,0,0,80,72,0,0,0,64,0,0,0,0,0,0,0,0,79,0,26,0;0,29,0,0,0,62,0,0,0,50,0,0,58,0,0,0,0,0,0,0,0,0,0,0,0,52,74,0,0,65;0,0,0,64,50,51,70,0,79,0,0,0,0,0,80,0,34,0,29,59,0,62,0,0,0,0,0,0,61,0;0,0,0,0,0,66,0,0,0,0,0,0,0,0,0,39,0,0,21,0,0,0,70,0,0,0,0,0,0,0;52,0,0,0,0,0,0,0,0,0,0,0,0,0,0,0,0,0,49,0,0,0,0,0,0,0,0,0,69,0;0,0,0,80,80,0,0,0,23,39,0,0,0,0,0,80,56,43,72,0,0,0,0,0,0,0,58,0,0,0;48,0,78,63,0,0,0,0,75,0,23,0,0,66,0,0,0,51,27,0,76,0,57,0,0,0,27,0,0,0;80,67,0,0,24,0,0,0,59,0,0,0,73,0,0,80,0,59,0,0,0,0,0,77,0,0,0,0,0,0;0,0,60,0,67,0,0,35,0,0,22,0,0,0,0,0,0,0,80,60,24,0,51,0,0,0,0,0,26,0;0,66,0,33,0,0,0,0,0,0,45,0,80,22,21,0,32,0,0,0,0,0,0,65,0,0,80,72,80,0;0,0,0,37,0,0,29,0,0,0,0,0,61,0,0,63,25,51,0,0,53,0,0,51,0,0,0,0,0,0;0,0,44,0,0,27,0,0,57,0,0,0,0,0,0,0,28,0,0,27,0,52,0,0,0,0,0,70,77,0;0,0,0,0,0,0,0,0,0,0,0,62,54,0,0,0,35,0,0,0,0,0,0,80,0,0,0,75,0,0;0,40,0,28,0,0,0,0,0,21,0,0,0,57,0,73,34,0,0,80,0,0,0,0,54,0,64,0,0,0;0,23,66,32,0,0,0,0,0,29,0,0,0,0,34,50,41,53,49,0,57,0,0,0,80,37,0,0,0,0;0,0,0,0,26,69,0,0,0,40,0,0,43,23,0,0,0,0,29,0,61,0,0,31,0,62,70,38,65,0;0,0,65,80,0,0,0,0,0,0,0,42,0,0,23,0,0,0,0,0,0,0,0,0,0,0,0,80,0,0;67,41,0,0,0,76,0,0,0,0,0,0,0,0,0,0,79,0,56,0,42,0,0,0,79,0,0,0,64,70;80,0,0,0,0,22,0,0,0,0,21,0,0,49,0,0,0,21,0,53,0,55,35,0,0,74,0,0,80,80;0,0,45,0,0,0,0,0,0,0,25,0,0,55,0,0,0,0,0,69,0,0,0,70,68,0,52,0,0,0;0,0,55,0,0,0,0,0,0,0,39,0,0,0,46,0,0,0,0,0,0,0,0,0,0,80,48,64,0,0
0,20,31,0,0,0,0,0,28,0,0,0,24,0,27,33,0,0,0,0,0,0,0,0,0,0,39,0,22,23;0,0,23,0,0,0,0,0,0,27,36,37,0,38,0,0,0,0,21,0,0,26,0,0,35,0,0,0,29,0;0,0,0,0,0,39,0,0,0,0,23,0,0,0,0,0,0,0,27,0,37,0,0,23,24,0,0,0,0,0;0,0,0,0,0,22,0,0,0,0,0,0,0,0,0,0,22,0,0,0,40,31,0,0,30,0,0,0,0,0;0,0,0,0,0,0,39,0,0,32,0,0,29,23,0,0,0,23,0,0,0,34,0,28,0,0,0,0,29,0;22,0,26,20,30,0,22,0,0,0,0,0,27,0,0,25,0,0,0,22,34,32,0,0,0,0,27,36,22,33;38,0,0,39,0,0,0,0,0,0,21,34,0,0,0,18,0,36,20,27,0,0,31,0,0,22,0,0,24,23;36,0,0,33,0,26,0,0,36,0,24,0,22,0,0,0,0,30,28,28,0,39,0,0,33,30,0,0,26,23;0,0,0,0,28,22,0,0,0,37,26,0,0,0,0,40,0,0,0,0,0,35,0,0,24,30,0,37,32,0;0,27,31,21,0,27,0,0,0,0,0,0,28,22,0,0,0,35,0,0,0,0,0,0,0,0,36,0,25,0;0,26,0,0,0,31,0,0,0,35,0,0,28,0,0,0,0,0,0,0,0,0,0,0,0,33,21,0,0,38;0,0,0,23,21,22,35,0,40,0,0,0,0,0,30,0,31,0,20,28,0,29,0,0,0,0,0,0,37,0;0,0,0,0,0,27,0,0,0,0,0,0,0,0,0,34,0,0,36,0,0,0,39,0,0,0,0,0,0,0;25,0,0,0,0,0,0,0,0,0,0,0,0,0,0,0,0,0,32,0,0,0,0,0,0,0,0,0,21,0;0,0,0,26,18,0,0,0,37,22,0,0,0,0,0,27,40,30,21,0,0,0,0,0,0,0,30,0,0,0;25,0,22,36,0,0,0,0,21,0,28,0,0,25,0,0,0,21,23,0,36,0,35,0,0,0,23,0,0,0;21,20,0,0,29,0,0,0,40,0,0,0,32,0,0,26,0,34,0,0,0,0,0,33,0,0,0,0,0,0;0,0,23,0,22,0,0,32,0,0,36,0,0,0,0,0,0,0,28,39,22,0,22,0,0,0,0,0,25,0;0,33,0,37,0,0,0,0,0,0,29,0,31,29,20,0,35,0,0,0,0,0,0,24,0,0,37,22,30,0;0,0,0,32,0,0,37,0,0,0,0,0,26,0,0,34,22,36,0,0,27,0,0,29,0,0,0,0,0,0;0,0,20,0,0,21,0,0,33,0,0,0,0,0,0,0,24,0,0,28,0,29,0,0,0,0,0,34,39,0;0,0,0,0,0,0,0,0,0,0,0,34,20,0,0,0,30,0,0,0,0,0,0,31,0,0,0,30,0,0;0,37,0,25,0,0,0,0,0,23,0,0,0,28,0,39,22,0,0,27,0,0,0,0,36,0,36,0,0,0;0,32,40,21,0,0,0,0,0,33,0,0,0,0,37,32,27,40,26,0,40,0,0,0,36,39,0,0,0,0;0,0,0,0,28,24,0,0,0,30,0,0,27,27,0,0,0,0,25,0,25,0,0,33,0,18,21,34,21,0;0,0,30,15,0,0,0,0,0,0,0,31,0,0,38,0,0,0,0,0,0,0,0,0,0,0,0,27,0,0;28,39,0,0,0,40,0,0,0,0,0,0,0,0,0,0,25,0,36,0,23,0,0,0,37,0,0,0,23,30;38,0,0,0,0,33,0,0,0,0,31,0,0,30,0,0,0,29,0,30,0,30,20,0,0,27,0,0,17,32;0,0,22,0,0,0,0,0,0,0,21,0,0,22,0,0,0,0,0,23,0,0,0,40,34,0,24,0,0,0;0,0,24,0,0,0,0,0,0,0,27,0,0,0,36,0,0,0,0,0,0,0,0,0,0,27,32,26,0,0
-13,14,0,-9,-11,0,0,19,0,10,0,18,-18,0,0,-12,21,0,0,0,0,0,15,0,0,0,-13,0,-21,0
------------- End of Scenario k = 16 -------
0,66,78,0,0,0,0,0,25,0,0,0,21,0,22,69,0,0,0,0,0,0,0,0,0,0,45,0,30,31;0,0,31,0,0,0,0,0,0,39,26,75,0,56,0,0,0,0,66,0,0,66,0,0,68,0,0,0,35,0;0,0,0,0,0,59,0,0,0,0,23,0,0,0,0,0,0,0,69,0,36,0,0,71,60,0,0,0,0,0;0,0,0,0,0,28,0,0,0,0,0,0,0,0,0,0,58,0,0,0,20,38,0,0,66,0,0,0,0,0;0,0,0,0,0,0,41,0,0,78,0,0,24,22,0,0,0,61,0,0,0,37,0,77,0,0,0,0,41,0;80,0,23,27,80,0,80,0,0,0,0,0,80,0,0,33,0,0,0,31,77,47,0,0,0,0,41,41,52,31;52,0,0,38,0,0,0,0,0,0,54,31,0,0,0,80,0,23,42,31,0,0,61,0,0,35,0,0,79,64;37,0,0,80,0,41,0,0,77,0,25,0,25,0,0,0,0,33,64,48,0,57,0,0,42,46,0,0,80,58;0,0,0,0,80,71,0,0,0,46,34,0,0,0,0,34,0,0,0,0,0,72,0,0,70,55,0,80,25,0;0,41,76,78,0,49,0,0,0,0,0,0,80,80,0,0,0,23,0,0,0,0,0,0,0,0,45,0,34,0;0,53,0,0,0,65,0,0,0,26,0,0,23,0,0,0,0,0,0,0,0,0,0,0,0,74,80,0,0,80;0,0,0,74,71,64,29,0,70,0,0,0,0,0,80,0,26,0,25,49,0,55,0,0,0,0,0,0,24,0;0,0,0,0,0,74,0,0,0,0,0,0,0,0,0,51,0,0,32,0,0,0,68,0,0,0,0,0,0,0;61,0,0,0,0,0,0,0,0,0,0,0,0,0,0,0,0,0,35,0,0,0,0,0,0,0,0,0,51,0;0,0,0,80,53,0,0,0,58,63,0,0,0,0,0,80,36,38,50,0,0,0,0,0,0,0,80,0,0,0;33,0,73,31,0,0,0,0,56,0,55,0,0,65,0,0,0,80,64,0,76,0,35,0,0,0,21,0,0,0;22,41,0,0,73,0,0,0,28,0,0,0,49,0,0,56,0,80,0,0,0,0,0,32,0,0,0,0,0,0;0,0,80,0,70,0,0,42,0,0,79,0,0,0,0,0,0,0,80,24,62,0,67,0,0,0,0,0,71,0;0,20,0,59,0,0,0,0,0,0,55,0,45,80,69,0,64,0,0,0,0,0,0,60,0,0,26,71,80,0;0,0,0,78,0,0,26,0,0,0,0,0,35,0,0,27,65,45,0,0,80,0,0,40,0,0,0,0,0,0;0,0,26,0,0,21,0,0,35,0,0,0,0,0,0,0,46,0,0,65,0,80,0,0,0,0,0,49,59,0;0,0,0,0,0,0,0,0,0,0,0,56,58,0,0,0,51,0,0,0,0,0,0,45,0,0,0,67,0,0;0,43,0,66,0,0,0,0,0,36,0,0,0,71,0,49,79,0,0,28,0,0,0,0,62,0,80,0,0,0;0,39,70,65,0,0,0,0,0,78,0,0,0,0,20,78,26,53,41,0,67,0,0,0,48,76,0,0,0,0;0,0,0,0,80,45,0,0,0,77,0,0,44,46,0,0,0,0,39,0,64,0,0,77,0,52,74,34,47,0;0,0,70,80,0,0,0,0,0,0,0,53,0,0,31,0,0,0,0,0,0,0,0,0,0,0,0,80,0,0;65,30,0,0,0,77,0,0,0,0,0,0,0,0,0,0,65,0,70,0,49,0,0,0,20,0,0,0,67,20;80,0,0,0,0,32,0,0,0,0,34,0,0,20,0,0,0,74,0,34,0,46,32,0,0,22,0,0,80,41;0,0,60,0,0,0,0,0,0,0,72,0,0,63,0,0,0,0,0,25,0,0,0,50,44,0,73,0,0,0;0,0,59,0,0,0,0,0,0,0,47,0,0,0,34,0,0,0,0,0,0,0,0,0,0,58,72,71,0,0
0,22,40,0,0,0,0,0,34,0,0,0,28,0,40,24,0,0,0,0,0,0,0,0,0,0,25,0,33,20;0,0,38,0,0,0,0,0,0,22,34,31,0,36,0,0,0,0,39,0,0,31,0,0,29,0,0,0,34,0;0,0,0,0,0,36,0,0,0,0,27,0,0,0,0,0,0,0,21,0,21,0,0,32,21,0,0,0,0,0;0,0,0,0,0,24,0,0,0,0,0,0,0,0,0,0,35,0,0,0,35,31,0,0,22,0,0,0,0,0;0,0,0,0,0,0,38,0,0,35,0,0,34,23,0,0,0,36,0,0,0,32,0,22,0,0,0,0,34,0;40,0,39,36,38,0,39,0,0,0,0,0,34,0,0,23,0,0,0,24,36,40,0,0,0,0,22,26,25,28;28,0,0,22,0,0,0,0,0,0,36,29,0,0,0,29,0,26,38,27,0,0,31,0,0,21,0,0,33,28;31,0,0,30,0,39,0,0,31,0,24,0,40,0,0,0,0,36,34,25,0,28,0,0,40,40,0,0,32,21;0,0,0,0,27,34,0,0,0,24,26,0,0,0,0,22,0,0,0,0,0,25,0,0,37,27,0,36,27,0;0,34,38,37,0,30,0,0,0,0,0,0,10,24,0,0,0,40,0,0,0,0,0,0,0,0,37,0,32,0;0,24,0,0,0,31,0,0,0,23,0,0,40,0,0,0,0,0,0,0,0,0,0,0,0,40,40,0,0,26;0,0,0,22,24,33,23,0,29,0,0,0,0,0,32,0,25,0,23,24,0,26,0,0,0,0,0,0,28,0;0,0,0,0,0,39,0,0,0,0,0,0,0,0,0,25,0,0,38,0,0,0,39,0,0,0,0,0,0,0;32,0,0,0,0,0,0,0,0,0,0,0,0,0,0,0,0,0,27,0,0,0,0,0,0,0,0,0,26,0;0,0,0,33,33,0,0,0,39,36,0,0,0,0,0,31,38,40,22,0,0,0,0,0,0,0,26,0,0,0;30,0,23,33,0,0,0,0,27,0,22,0,0,23,0,0,0,24,20,0,22,0,27,0,0,0,20,0,0,0;13,28,0,0,33,0,0,0,26,0,0,0,21,0,0,29,0,17,0,0,0,0,0,39,0,0,0,0,0,0;0,0,32,0,31,0,0,29,0,0,35,0,0,0,0,0,0,0,28,21,32,0,25,0,0,0,0,0,29,0;0,29,0,31,0,0,0,0,0,0,25,0,40,36,27,0,35,0,0,0,0,0,0,20,0,0,24,21,16,0;0,0,0,34,0,0,40,0,0,0,0,0,30,0,0,28,25,35,0,0,30,0,0,36,0,0,0,0,0,0;0,0,25,0,0,39,0,0,31,0,0,0,0,0,0,0,20,0,0,21,0,36,0,0,0,0,0,23,22,0;0,0,0,0,0,0,0,0,0,0,0,40,26,0,0,0,33,0,0,0,0,0,0,40,0,0,0,36,0,0;0,21,0,40,0,0,0,0,0,40,0,0,0,23,0,36,37,0,0,31,0,0,0,0,27,0,32,0,0,0;0,36,26,34,0,0,0,0,0,35,0,0,0,0,28,25,26,32,28,0,30,0,0,0,32,23,0,0,0,0;0,0,0,0,33,21,0,0,0,31,0,0,34,31,0,0,0,0,27,0,35,0,0,20,0,33,33,23,32,0;0,0,24,30,0,0,0,0,0,0,0,23,0,0,21,0,0,0,0,0,0,0,0,0,0,0,0,30,0,0;21,37,0,0,0,30,0,0,0,0,0,0,0,0,0,0,40,0,20,0,33,0,0,0,23,0,0,0,20,22;24,0,0,0,0,32,0,0,0,0,23,0,0,36,0,0,0,24,0,28,0,38,20,0,0,33,0,0,25,32;0,0,38,0,0,0,0,0,0,0,30,0,0,31,0,0,0,0,0,31,0,0,0,21,35,0,23,0,0,0;0,0,27,0,0,0,0,0,0,0,24,0,0,0,35,0,0,0,0,0,0,0,0,0,0,37,34,29,0,0
-31,27,0,-12,-9,0,0,26,0,10,0,17,-24,0,0,-20,10,0,0,0,0,0,23,0,0,0,-8,0,-9,0
------------- End of Scenario k = 17 -------
0,43,42,0,0,0,0,0,21,0,0,0,73,0,24,60,0,0,0,0,0,0,0,0,0,0,71,0,64,70;0,0,37,0,0,0,0,0,0,78,80,57,0,41,0,0,0,0,20,0,0,47,0,0,38,0,0,0,49,0;0,0,0,0,0,31,0,0,0,0,59,0,0,0,0,0,0,0,24,0,65,0,0,29,77,0,0,0,0,0;0,0,0,0,0,68,0,0,0,0,0,0,0,0,0,0,31,0,0,0,68,57,0,0,66,0,0,0,0,0;0,0,0,0,0,0,34,0,0,50,0,0,57,32,0,0,0,33,0,0,0,23,0,45,0,0,0,0,32,0;80,0,77,65,80,0,61,0,0,0,0,0,54,0,0,78,0,0,0,44,80,50,0,0,0,0,32,71,31,38;65,0,0,24,0,0,0,0,0,0,58,39,0,0,0,62,0,37,23,68,0,0,52,0,0,67,0,0,53,33;80,0,0,38,0,47,0,0,80,0,46,0,73,0,0,0,0,61,37,71,0,66,0,0,30,60,0,0,80,54;0,0,0,0,80,59,0,0,0,35,80,0,0,0,0,36,0,0,0,0,0,68,0,0,43,58,0,53,23,0;0,35,63,43,0,22,0,0,0,0,0,0,80,80,0,0,0,73,0,0,0,0,0,0,0,0,27,0,65,0;0,47,0,0,0,72,0,0,0,32,0,0,80,0,0,0,0,0,0,0,0,0,0,0,0,30,41,0,0,69;0,0,0,45,63,44,63,0,69,0,0,0,0,0,80,0,66,0,35,55,0,30,0,0,0,0,0,0,48,0;0,0,0,0,0,66,0,0,0,0,0,0,0,0,0,41,0,0,78,0,0,0,20,0,0,0,0,0,0,0;76,0,0,0,0,0,0,0,0,0,0,0,0,0,0,0,0,0,21,0,0,0,0,0,0,0,0,0,38,0;0,0,0,80,38,0,0,0,29,54,0,0,0,0,0,80,39,38,77,0,0,0,0,0,0,0,35,0,0,0;33,0,27,71,0,0,0,0,38,0,70,0,0,27,0,0,0,67,69,0,55,0,50,0,0,0,70,0,0,0;62,46,0,0,21,0,0,0,36,0,0,0,66,0,0,38,0,80,0,0,0,0,0,40,0,0,0,0,0,0;0,0,21,0,26,0,0,44,0,0,67,0,0,0,0,0,0,0,80,69,51,0,59,0,0,0,0,0,41,0;0,42,0,21,0,0,0,0,0,0,55,0,35,70,74,0,22,0,0,0,0,0,0,71,0,0,64,35,80,0;0,0,0,53,0,0,36,0,0,0,0,0,58,0,0,27,39,33,0,0,46,0,0,20,0,0,0,0,0,0;0,0,76,0,0,80,0,0,50,0,0,0,0,0,0,0,62,0,0,60,0,65,0,0,0,0,0,76,59,0;0,0,0,0,0,0,0,0,0,0,0,72,49,0,0,0,47,0,0,0,0,0,0,80,0,0,0,36,0,0;0,57,0,67,0,0,0,0,0,55,0,0,0,44,0,23,71,0,0,80,0,0,0,0,72,0,41,0,0,0;0,64,75,66,0,0,0,0,0,71,0,0,0,0,52,80,34,56,73,0,51,0,0,0,80,41,0,0,0,0;0,0,0,0,80,66,0,0,0,43,0,0,50,65,0,0,0,0,75,0,22,0,0,71,0,49,73,26,70,0;0,0,53,56,0,0,0,0,0,0,0,29,0,0,37,0,0,0,0,0,0,0,0,0,0,0,0,23,0,0;78,55,0,0,0,39,0,0,0,0,0,0,0,0,0,0,70,0,33,0,30,0,0,0,75,0,0,0,80,75;25,0,0,0,0,30,0,0,0,0,29,0,0,21,0,0,0,68,0,37,0,24,40,0,0,48,0,0,80,77;0,0,56,0,0,0,0,0,0,0,37,0,0,76,0,0,0,0,0,23,0,0,0,74,26,0,58,0,0,0;0,0,29,0,0,0,0,0,0,0,79,0,0,0,41,0,0,0,0,0,0,0,0,0,0,62,68,31,0,0
0,34,37,0,0,0,0,0,39,0,0,0,38,0,37,32,0,0,0,0,0,0,0,0,0,0,28,0,22,36;0,0,28,0,0,0,0,0,0,23,32,34,0,29,0,0,0,0,24,0,0,21,0,0,29,0,0,0,37,0;0,0,0,0,0,25,0,0,0,0,40,0,0,0,0,0,0,0,32,0,26,0,0,22,20,0,0,0,0,0;0,0,0,0,0,33,0,0,0,0,0,0,0,0,0,0,37,0,0,0,40,26,0,0,21,0,0,0,0,0;0,0,0,0,0,0,35,0,0,39,0,0,39,30,0,0,0,30,0,0,0,39,0,33,0,0,0,0,20,0;30,0,24,22,30,0,30,0,0,0,0,0,26,0,0,37,0,0,0,21,23,22,0,0,0,0,24,27,28,40;36,0,0,24,0,0,0,0,0,0,33,37,0,0,0,25,0,26,29,24,0,0,20,0,0,24,0,0,28,39;29,0,0,35,0,24,0,0,39,0,31,0,26,0,0,0,0,39,35,33,0,35,0,0,26,31,0,0,36,24;0,0,0,0,30,39,0,0,0,27,34,0,0,0,0,27,0,0,0,0,0,21,0,0,28,40,0,27,30,0;0,39,34,22,0,38,0,0,0,0,0,0,26,14,0,0,0,39,0,0,0,0,0,0,0,0,38,0,21,0;0,28,0,0,0,31,0,0,0,38,0,0,29,0,0,0,0,0,0,0,0,0,0,0,0,26,35,0,0,39;0,0,0,25,22,22,30,0,26,0,0,0,0,0,33,0,29,0,24,28,0,23,0,0,0,0,0,0,32,0;0,0,0,0,0,34,0,0,0,0,0,0,0,0,0,21,0,0,29,0,0,0,25,0,0,0,0,0,0,0;27,0,0,0,0,0,0,0,0,0,0,0,0,0,0,0,0,0,25,0,0,0,0,0,0,0,0,0,36,0;0,0,0,30,38,0,0,0,27,36,0,0,0,0,0,28,39,33,29,0,0,0,0,0,0,0,31,0,0,0;32,0,34,28,0,0,0,0,33,0,25,0,0,27,0,0,0,32,26,0,39,0,27,0,0,0,25,0,0,0;32,39,0,0,21,0,0,0,28,0,0,0,35,0,0,30,0,31,0,0,0,0,0,34,0,0,0,0,0,0;0,0,34,0,26,0,0,33,0,0,40,0,0,0,0,0,0,0,28,35,22,0,20,0,0,0,0,0,20,0;0,21,0,27,0,0,0,0,0,0,30,0,28,20,30,0,35,0,0,0,0,0,0,40,0,0,37,26,39,0;0,0,0,21,0,0,39,0,0,0,0,0,31,0,0,34,40,32,0,0,30,0,0,37,0,0,0,0,0,0;0,0,28,0,0,20,0,0,34,0,0,0,0,0,0,0,31,0,0,24,0,34,0,0,0,0,0,20,38,0;0,0,0,0,0,0,0,0,0,0,0,37,20,0,0,0,33,0,0,0,0,0,0,19,0,0,0,39,0,0;0,35,0,22,0,0,0,0,0,26,0,0,0,31,0,35,31,0,0,29,0,0,0,0,25,0,16,0,0,0;0,25,36,32,0,0,0,0,0,25,0,0,0,0,40,25,35,26,33,0,37,0,0,0,32,36,0,0,0,0;0,0,0,0,15,32,0,0,0,20,0,0,21,39,0,0,0,0,22,0,24,0,0,21,0,39,38,34,37,0;0,0,29,30,0,0,0,0,0,0,0,26,0,0,25,0,0,0,0,0,0,0,0,0,0,0,0,22,0,0;29,39,0,0,0,23,0,0,0,0,0,0,0,0,0,0,20,0,35,0,39,0,0,0,37,0,0,0,34,27;38,0,0,0,0,36,0,0,0,0,39,0,0,37,0,0,0,32,0,21,0,34,34,0,0,20,0,0,38,40;0,0,32,0,0,0,0,0,0,0,37,0,0,30,0,0,0,0,0,20,0,0,0,38,37,0,24,0,0,0;0,0,26,0,0,0,0,0,0,0,31,0,0,0,21,0,0,0,0,0,0,0,0,0,0,26,40,26,0,0
-16,13,0,-18,-13,0,0,29,0,10,0,26,-24,0,0,-12,25,0,0,0,0,0,14,0,0,0,-11,0,-23,0
------------- End of Scenario k = 18 -------
0,71,47,0,0,0,0,0,23,0,0,0,58,0,75,79,0,0,0,0,0,0,0,0,0,0,24,0,27,35;0,0,67,0,0,0,0,0,0,50,76,78,0,61,0,0,0,0,20,0,0,50,0,0,78,0,0,0,74,0;0,0,0,0,0,80,0,0,0,0,50,0,0,0,0,0,0,0,33,0,21,0,0,41,22,0,0,0,0,0;0,0,0,0,0,40,0,0,0,0,0,0,0,0,0,0,44,0,0,0,68,79,0,0,70,0,0,0,0,0;0,0,0,0,0,0,52,0,0,63,0,0,54,77,0,0,0,29,0,0,0,78,0,78,0,0,0,0,49,0;80,0,38,52,45,0,80,0,0,0,0,0,42,0,0,58,0,0,0,38,74,21,0,0,0,0,50,46,29,42;62,0,0,55,0,0,0,0,0,0,55,53,0,0,0,80,0,35,36,64,0,0,72,0,0,46,0,0,40,38;69,0,0,49,0,54,0,0,59,0,24,0,71,0,0,0,0,27,52,69,0,57,0,0,59,63,0,0,80,76;0,0,0,0,80,56,0,0,0,62,80,0,0,0,0,57,0,0,0,0,0,35,0,0,60,47,0,43,56,0;0,55,56,34,0,69,0,0,0,0,0,0,80,31,0,0,0,66,0,0,0,0,0,0,0,0,70,0,54,0;0,69,0,0,0,32,0,0,0,62,0,0,39,0,0,0,0,0,0,0,0,0,0,0,0,38,80,0,0,47;0,0,0,41,75,30,62,0,38,0,0,0,0,0,80,0,23,0,61,70,0,61,0,0,0,0,0,0,44,0;0,0,0,0,0,41,0,0,0,0,0,0,0,0,0,54,0,0,69,0,0,0,63,0,0,0,0,0,0,0;77,0,0,0,0,0,0,0,0,0,0,0,0,0,0,0,0,0,44,0,0,0,0,0,0,0,0,0,21,0;0,0,0,80,44,0,0,0,28,35,0,0,0,0,0,79,22,38,31,0,0,0,0,0,0,0,80,0,0,0;27,0,36,43,0,0,0,0,42,0,21,0,0,58,0,0,0,74,74,0,21,0,61,0,0,0,29,0,0,0;80,50,0,0,73,0,0,0,77,0,0,0,40,0,0,80,0,66,0,0,0,0,0,70,0,0,0,0,0,0;0,0,65,0,39,0,0,44,0,0,35,0,0,0,0,0,0,0,80,55,59,0,76,0,0,0,0,0,28,0;0,64,0,58,0,0,0,0,0,0,23,0,39,20,46,0,51,0,0,0,0,0,0,27,0,0,80,77,22,0;0,0,0,35,0,0,51,0,0,0,0,0,77,0,0,77,57,26,0,0,80,0,0,41,0,0,0,0,0,0;0,0,33,0,0,39,0,0,60,0,0,0,0,0,0,0,72,0,0,29,0,32,0,0,0,0,0,44,50,0;0,0,0,0,0,0,0,0,0,0,0,75,68,0,0,0,40,0,0,0,0,0,0,25,0,0,0,54,0,0;0,79,0,49,0,0,0,0,0,45,0,0,0,63,0,38,51,0,0,80,0,0,0,0,70,0,80,0,0,0;0,49,26,23,0,0,0,0,0,39,0,0,0,0,40,41,61,80,75,0,48,0,0,0,80,50,0,0,0,0;0,0,0,0,80,56,0,0,0,44,0,0,71,28,0,0,0,0,23,0,66,0,0,55,0,80,78,77,29,0;0,0,70,75,0,0,0,0,0,0,0,38,0,0,55,0,0,0,0,0,0,0,0,0,0,0,0,30,0,0;20,70,0,0,0,26,0,0,0,0,0,0,0,0,0,0,54,0,65,0,77,0,0,0,67,0,0,0,52,76;42,0,0,0,0,73,0,0,0,0,45,0,0,51,0,0,0,26,0,62,0,65,50,0,0,41,0,0,34,80;0,0,71,0,0,0,0,0,0,0,76,0,0,41,0,0,0,0,0,50,0,0,0,26,46,0,80,0,0,0;0,0,33,0,0,0,0,0,0,0,24,0,0,0,77,0,0,0,0,0,0,0,0,0,0,37,52,57,0,0
0,31,22,0,0,0,0,0,21,0,0,0,32,0,34,29,0,0,0,0,0,0,0,0,0,0,32,0,26,24;0,0,36,0,0,0,0,0,0,20,35,24,0,33,0,0,0,0,37,0,0,24,0,0,35,0,0,0,36,0;0,0,0,0,0,16,0,0,0,0,40,0,0,0,0,0,0,0,30,0,30,0,0,31,35,0,0,0,0,0;0,0,0,0,0,22,0,0,0,0,0,0,0,0,0,0,40,0,0,0,37,33,0,0,22,0,0,0,0,0;0,0,0,0,0,0,20,0,0,21,0,0,30,31,0,0,0,30,0,0,0,21,0,27,0,0,0,0,39,0;26,0,35,40,28,0,37,0,0,0,0,0,33,0,0,37,0,0,0,31,38,31,0,0,0,0,23,21,33,38;35,0,0,38,0,0,0,0,0,0,26,39,0,0,0,25,0,23,33,36,0,0,37,0,0,23,0,0,35,38;34,0,0,37,0,34,0,0,24,0,21,0,28,0,0,0,0,27,36,38,0,27,0,0,27,39,0,0,27,39;0,0,0,0,30,27,0,0,0,35,30,0,0,0,0,33,0,0,0,0,0,27,0,0,36,28,0,28,25,0;0,29,39,29,0,31,0,0,0,0,0,0,35,31,0,0,0,33,0,0,0,0,0,0,0,0,24,0,36,0;0,23,0,0,0,21,0,0,0,34,0,0,35,0,0,0,0,0,0,0,0,0,0,0,0,33,40,0,0,32;0,0,0,23,36,32,32,0,26,0,0,0,0,0,26,0,23,0,25,27,0,39,0,0,0,0,0,0,31,0;0,0,0,0,0,37,0,0,0,0,0,0,0,0,0,22,0,0,27,0,0,0,23,0,0,0,0,0,0,0;24,0,0,0,0,0,0,0,0,0,0,0,0,0,0,0,0,0,27,0,0,0,0,0,0,0,0,0,30,0;0,0,0,37,30,0,0,0,37,34,0,0,0,0,0,26,25,29,30,0,0,0,0,0,0,0,40,0,0,0;33,0,23,34,0,0,0,0,21,0,39,0,0,23,0,0,0,36,21,0,40,0,33,0,0,0,39,0,0,0;20,39,0,0,24,0,0,0,36,0,0,0,34,0,0,24,0,18,0,0,0,0,0,32,0,0,0,0,0,0;0,0,22,0,22,0,0,35,0,0,27,0,0,0,0,0,0,0,24,35,31,0,27,0,0,0,0,0,35,0;0,39,0,33,0,0,0,0,0,0,22,0,16,28,21,0,35,0,0,0,0,0,0,21,0,0,21,28,38,0;0,0,0,33,0,0,37,0,0,0,0,0,27,0,0,27,25,35,0,0,34,0,0,40,0,0,0,0,0,0;0,0,38,0,0,21,0,0,28,0,0,0,0,0,0,0,36,0,0,34,0,18,0,0,0,0,0,22,38,0;0,0,0,0,0,0,0,0,0,0,0,25,40,0,0,0,40,0,0,0,0,0,0,25,0,0,0,36,0,0;0,31,0,30,0,0,0,0,0,26,0,0,0,37,0,36,20,0,0,37,0,0,0,0,21,0,32,0,0,0;0,21,33,29,0,0,0,0,0,28,0,0,0,0,35,40,20,23,36,0,35,0,0,0,15,28,0,0,0,0;0,0,0,0,38,31,0,0,0,32,0,0,26,34,0,0,0,0,22,0,25,0,0,31,0,35,26,34,40,0;0,0,35,17,0,0,0,0,0,0,0,38,0,0,40,0,0,0,0,0,0,0,0,0,0,0,0,30,0,0;40,35,0,0,0,37,0,0,0,0,0,0,0,0,0,0,27,0,35,0,24,0,0,0,22,0,0,0,35,36;20,0,0,0,0,40,0,0,0,0,26,0,0,32,0,0,0,26,0,35,0,28,37,0,0,20,0,0,32,21;0,0,29,0,0,0,0,0,0,0,24,0,0,23,0,0,0,0,0,28,0,0,0,26,34,0,32,0,0,0;0,0,20,0,0,0,0,0,0,0,37,0,0,0,21,0,0,0,0,0,0,0,0,0,0,36,25,36,0,0
-11,14,0,-8,-19,0,0,20,0,27,0,26,-38,0,0,-15,10,0,0,0,0,0,12,0,0,0,-11,0,-7,0
------------- End of Scenario k = 19 -------
