/ -------------------------------------------------------------------------
An instance of the stochastic Fixed - charge Network Flow Problem using NETGEN.
/ -------------------------------------------------------------------------
Number of Nodes (no Dummy node is added), n
Graph Density, density
The fixed cost to variable cost ratio, f
Adjacency Matrix, A
Fixed Cost Matrix, c
Number of scenarios, K
Scenario Probabilities, p
----The following three rows will be repeated K times.----
Var Cost Matrix, d
Capacity, u
demand, b
/ -------------------------------------------------------------------------
+
30
0.6
200
0,0,1,0,0,1,1,1,1,0,1,0,1,1,0,1,0,1,0,0,1,1,0,1,1,0,1,0,1,1;0,0,1,1,1,0,1,0,1,0,0,0,1,1,1,0,1,1,1,1,1,1,1,1,1,1,1,0,1,1;0,0,0,1,1,0,1,0,1,1,1,1,0,0,0,1,1,0,1,0,0,1,0,1,0,0,0,1,1,1;1,0,1,0,1,1,1,1,1,0,0,0,1,0,1,1,1,1,1,0,1,1,0,1,1,1,1,0,1,0;0,1,1,1,0,1,0,1,1,1,0,0,0,0,0,0,1,1,1,1,0,1,0,1,0,1,0,0,0,0;0,1,1,1,0,0,0,0,0,1,0,1,1,1,1,1,1,1,1,1,1,1,1,1,1,0,0,1,0,1;0,0,0,1,1,1,0,1,1,0,1,1,0,0,1,1,1,0,0,1,0,0,1,0,0,0,1,0,1,1;1,0,1,1,0,1,1,0,1,1,1,1,1,1,1,0,0,0,0,0,1,1,1,1,0,1,1,1,0,1;0,1,0,1,1,0,1,0,0,0,1,0,0,1,1,0,1,1,0,1,1,0,0,1,1,0,0,1,1,1;0,1,0,0,1,1,1,1,0,0,0,1,0,0,1,1,1,1,0,1,0,0,1,0,1,1,0,0,1,1;1,1,0,1,0,1,0,1,0,0,0,1,0,1,1,0,0,0,1,0,0,1,1,1,1,0,1,1,1,0;1,0,1,1,0,1,1,1,0,0,0,0,1,1,1,0,1,1,0,1,1,0,1,0,1,1,0,0,1,0;0,0,0,1,0,0,1,1,0,1,0,1,0,0,1,1,1,1,0,0,1,1,1,1,1,1,1,1,0,1;1,1,1,1,0,1,1,1,0,0,1,1,1,0,0,1,1,0,1,1,1,1,1,1,0,1,0,0,0,1;1,0,1,0,0,1,1,0,0,1,1,0,0,0,0,1,1,1,0,0,1,0,0,0,1,1,1,0,1,1;1,0,0,1,0,1,1,0,0,1,1,0,1,0,1,0,1,0,0,0,0,1,1,1,0,0,1,1,0,1;0,0,0,1,1,0,1,1,1,0,1,1,1,1,1,0,0,1,0,0,1,0,0,0,0,0,1,1,1,0;1,1,1,0,1,1,0,1,1,1,1,1,0,1,0,1,1,0,1,1,0,1,1,1,1,0,1,1,0,1;0,1,1,0,1,1,0,1,0,1,0,0,0,1,1,0,0,0,0,1,1,1,0,1,0,1,0,0,0,0;0,1,0,0,1,1,0,1,1,1,1,0,1,1,1,1,1,1,0,0,1,1,0,0,1,0,1,0,0,0;1,1,0,1,1,1,1,1,0,1,0,1,1,1,0,1,1,1,1,1,0,1,1,0,1,1,0,1,1,1;1,0,0,0,1,1,1,1,1,1,0,1,1,1,0,1,0,0,0,0,1,0,1,1,1,1,1,1,1,0;1,0,0,1,1,0,1,0,0,1,1,1,1,1,1,1,1,0,0,0,1,0,0,1,0,1,1,1,1,1;0,0,1,1,0,1,1,1,1,0,1,1,0,0,1,0,1,1,1,0,1,0,1,0,1,0,0,1,1,1;0,0,0,1,1,1,1,1,1,0,1,0,1,1,0,1,0,0,0,0,0,1,1,0,0,0,1,1,0,1;0,1,1,1,0,1,1,1,0,0,0,0,1,1,0,1,1,1,1,1,1,1,0,0,1,0,0,0,1,0;1,0,1,0,0,1,1,0,1,0,1,1,0,0,0,1,0,1,0,0,1,1,1,1,1,0,0,1,0,0;0,1,1,0,1,0,1,1,1,1,0,0,1,0,1,1,1,0,1,1,0,0,0,1,1,1,0,0,1,0;1,1,0,1,1,0,0,1,0,1,0,1,0,1,1,1,0,0,1,1,1,0,0,1,1,1,0,0,0,1;1,0,1,1,0,0,1,1,1,1,0,1,0,0,0,1,1,1,0,1,1,1,0,1,1,1,1,1,1,0
0,0,9420,0,0,9620,8460,10820,9400,0,10820,0,12680,10480,0,9920,0,11400,0,0,10000,9440,0,9360,10080,0,11280,0,10120,10380;0,0,13580,11380,11800,0,10540,0,8840,0,0,0,11720,9800,10900,0,9880,10920,9800,10780,8400,10200,10160,9160,10460,10000,9480,0,8740,9340;0,0,0,10320,10540,0,13280,0,8340,9980,9900,10400,0,0,0,10860,9260,0,8560,0,0,8500,0,8340,0,0,0,12200,10060,9320;9320,0,10240,0,11200,9420,9740,10960,8740,0,0,0,10840,0,8980,11100,9380,10340,10580,0,10200,8960,0,7100,10620,10680,10260,0,10360,0;0,10060,10080,10360,0,7859,0,12520,9560,10420,0,0,0,0,0,0,7059,9000,11680,8000,0,11300,0,9400,0,8520,0,0,0,0;0,7559,8700,10380,0,0,0,0,0,9800,0,9540,11680,10700,9900,8640,10540,10000,11240,9980,10180,10440,9900,9120,9580,0,0,10600,0,10240;0,0,0,8340,9020,10160,0,13880,9640,0,10280,10520,0,0,8860,11260,10620,0,0,11120,0,0,10400,0,0,0,11380,0,9820,9680;10440,0,11280,9420,0,8680,12140,0,12220,10640,8940,10780,8540,7440,10960,0,0,0,0,0,10640,10740,10580,9580,0,11080,10680,9280,0,11060;0,9280,0,10280,9860,0,9580,0,0,0,14400,0,0,10400,9520,0,8040,12140,0,10340,9660,0,0,10240,8680,0,0,9800,10820,11780;0,9780,0,0,9880,10860,8600,9080,0,0,0,9840,0,0,9860,10140,11460,9860,0,9900,0,0,9520,0,9160,10560,0,0,8780,10500;9900,11160,0,10160,0,11180,0,8220,0,0,0,12200,0,9480,7980,0,0,0,8500,0,0,11940,10580,8720,11060,0,10480,10580,10620,0;11080,0,9200,10360,0,9300,9060,7980,0,0,0,0,8320,12420,9580,0,10420,11500,0,10400,12060,0,11340,0,13419,10380,0,0,7700,0;0,0,0,10640,0,0,9140,10900,0,11020,0,9560,0,0,10440,9160,9860,7600,0,0,8640,9700,10860,10160,10500,10000,8300,10840,0,11400;9560,10140,8960,10240,0,10640,10840,10560,0,0,8980,9680,11140,0,0,12080,11440,0,11480,9220,10780,10380,9120,9080,0,8300,0,0,0,10360;10940,0,9020,0,0,10660,12780,0,0,7920,10040,0,0,0,0,12000,9600,9080,0,0,8360,0,0,0,10640,11960,7759,0,9840,9440;12500,0,0,10240,0,9100,10660,0,0,10480,6920,0,10720,0,10880,0,11400,0,0,0,0,8340,8120,8840,0,0,12020,10220,0,9620;0,0,0,10640,10800,0,10160,10720,10020,0,10580,7780,12700,8740,10280,0,0,15140,0,0,9880,0,0,0,0,0,10220,10720,10320,0;9620,11320,9020,0,8840,10780,0,10660,10200,8000,8780,9400,0,9580,0,10900,12040,0,13080,10520,0,11600,10500,9260,11820,0,9520,10000,0,10960;0,10960,9980,0,10360,11500,0,10460,0,10700,0,0,0,8300,10700,0,0,0,0,13040,10460,13000,0,11020,0,10140,0,0,0,0;0,9720,0,0,9380,11820,0,11040,9620,9520,10080,0,10860,9420,9580,8700,10620,10760,0,0,10080,9600,0,0,12880,0,9280,0,0,0;10140,9860,0,9560,8260,9380,9900,9920,0,11380,0,8920,7740,10400,0,9000,9560,9280,10520,11200,0,8180,9260,0,10540,10640,0,10640,9600,9620;9460,0,0,0,9940,11160,8900,10720,8460,8480,0,10720,11560,11520,0,11740,0,0,0,0,10000,0,13480,8840,9400,10880,8580,10980,10800,0;8680,0,0,8240,9000,0,11360,0,0,11460,10060,9580,11300,8780,10980,9060,9000,0,0,0,10900,0,0,12300,0,9800,10900,8720,9760,9940;0,0,8400,10380,0,11140,11680,11180,12360,0,9500,11120,0,0,12080,0,9560,9900,9400,0,9820,0,10100,0,14060,0,0,10560,8900,10280;0,0,0,11640,10520,9740,8140,12060,8640,0,8140,0,10060,11120,0,9240,0,0,0,0,0,10940,10460,0,0,0,12880,9780,0,8280;0,10500,11620,7200,0,10340,8320,9460,0,0,0,0,9040,9300,0,10560,10040,10740,10240,11460,10280,10140,0,0,10360,0,0,0,10860,0;9900,0,9800,0,0,9360,8480,0,12440,0,9080,9580,0,0,0,9940,0,10060,0,0,11140,11400,11380,10020,10880,0,0,13780,0,0;0,11240,9400,0,10960,0,8920,11200,9240,8500,0,0,10820,0,9860,10300,12280,0,9140,9440,0,0,0,8500,11540,9420,0,0,11540,0;9420,8600,0,8900,7580,0,0,10420,0,11120,0,10100,0,10880,11840,11540,0,0,9500,9300,10820,0,0,9880,9080,10560,0,0,0,13600;9700,0,10180,9640,0,0,9460,11140,10540,14240,0,9500,0,0,0,7800,10360,10080,0,10860,9320,9480,0,9200,9040,10280,10920,11360,9080,0
10
0.15,0.1,0.1,0.05,0.15,0.05,0.1,0.05,0.1,0.15
--Scenarios--
0,0,50,0,0,55,46,68,57,0,47,0,71,63,0,51,0,38,0,0,36,72,0,41,53,0,64,0,56,67;0,0,80,55,55,0,80,0,73,0,0,0,46,29,66,0,44,46,59,74,24,73,47,30,50,48,47,0,34,66;0,0,0,54,71,0,67,0,71,28,72,47,0,0,0,47,55,0,75,0,0,35,0,55,0,0,0,52,55,74;64,0,57,0,47,32,58,36,69,0,0,0,51,0,20,64,33,61,36,0,62,60,0,36,25,49,75,0,59,0;0,36,71,70,0,20,0,59,60,45,0,0,0,0,0,0,20,30,24,44,0,69,0,33,0,21,0,0,0,0;0,25,37,39,0,0,0,0,0,34,0,60,76,57,25,43,26,56,78,35,39,60,46,25,71,0,0,71,0,72;0,0,0,65,35,53,0,69,79,0,70,47,0,0,23,63,64,0,0,49,0,0,52,0,0,0,74,0,27,32;52,0,74,76,0,30,57,0,26,64,53,66,22,20,78,0,0,0,0,0,68,24,53,77,0,40,55,32,0,33;0,78,0,73,54,0,38,0,0,0,47,0,0,26,36,0,36,63,0,36,32,0,0,24,76,0,0,31,57,31;0,72,0,0,62,50,30,61,0,0,0,28,0,0,39,63,69,49,0,62,0,0,60,0,22,72,0,0,62,64;76,53,0,30,0,56,0,24,0,0,0,50,0,51,41,0,0,0,22,0,0,64,78,25,70,0,70,70,66,0;67,0,44,44,0,49,56,59,0,0,0,0,39,23,55,0,33,73,0,43,56,0,62,0,62,60,0,0,20,0;0,0,0,48,0,0,22,78,0,78,0,23,0,0,75,32,51,53,0,0,50,68,68,46,28,75,51,55,0,79;38,79,48,26,0,68,36,33,0,0,20,58,60,0,0,44,67,0,71,69,48,78,45,35,0,21,0,0,0,27;64,0,66,0,0,69,69,0,0,38,57,0,0,0,0,80,26,23,0,0,25,0,0,0,65,77,21,0,58,30;38,0,0,65,0,77,48,0,0,28,21,0,75,0,24,0,72,0,0,0,0,21,25,25,0,0,65,70,0,37;0,0,0,20,47,0,66,55,58,0,41,27,62,63,63,0,0,57,0,0,30,0,0,0,0,0,51,68,74,0;57,70,36,0,64,54,0,36,47,45,61,31,0,35,0,50,64,0,20,45,0,36,56,39,59,0,63,29,0,26;0,61,20,0,31,30,0,32,0,22,0,0,0,39,67,0,0,0,0,77,69,74,0,71,0,38,0,0,0,0;0,23,0,0,20,20,0,76,43,30,47,0,67,74,45,31,35,53,0,0,39,80,0,0,21,0,23,0,0,0;65,21,0,54,33,39,70,74,0,65,0,38,32,28,0,42,73,62,44,77,0,37,33,0,50,37,0,35,64,34;60,0,0,0,36,20,26,25,54,49,0,27,57,78,0,59,0,0,0,0,39,0,80,79,53,37,20,38,68,0;24,0,0,52,63,0,71,0,0,72,24,74,48,71,49,44,51,0,0,0,52,0,0,46,0,71,20,41,49,48;0,0,51,63,0,78,33,70,73,0,48,20,0,0,76,0,70,54,25,0,56,0,63,0,80,0,0,23,20,62;0,0,0,47,48,25,24,49,56,0,26,0,78,22,0,60,0,0,0,0,0,45,77,0,0,0,28,67,0,27;0,77,69,53,0,51,20,30,0,0,0,0,53,45,0,60,34,45,63,67,76,39,0,0,34,0,0,0,57,0;52,0,62,0,0,28,35,0,80,0,63,69,0,0,0,29,0,69,0,0,75,79,39,60,75,0,0,69,0,0;0,32,37,0,62,0,65,71,27,80,0,0,74,0,52,32,53,0,29,79,0,0,0,44,69,74,0,0,80,0;31,33,0,76,37,0,0,45,0,62,0,23,0,29,68,68,0,0,63,20,63,0,0,36,20,53,0,0,0,80;32,0,70,32,0,0,66,60,78,65,0,39,0,0,0,79,50,47,0,70,35,76,0,53,50,71,76,34,28,0
0,0,27,0,0,31,26,39,26,0,30,0,25,25,0,27,0,33,0,0,36,36,0,33,31,0,31,0,32,28;0,0,33,38,24,0,38,0,39,0,0,0,27,31,39,0,37,29,39,25,40,28,26,30,36,40,21,0,25,26;0,0,0,38,32,0,38,0,23,22,37,23,0,0,0,27,23,0,34,0,0,33,0,34,0,0,0,25,27,27;31,0,23,0,20,30,26,40,29,0,0,0,25,0,28,24,24,21,39,0,37,28,0,20,30,22,34,0,22,0;0,32,25,25,0,20,0,34,40,40,0,0,0,0,0,0,35,40,30,39,0,24,0,20,0,21,0,0,0,0;0,40,38,29,0,0,0,0,0,38,0,31,32,33,25,30,27,23,22,36,23,28,28,29,23,0,0,20,0,33;0,0,0,35,22,39,0,40,20,0,28,26,0,0,24,34,30,0,0,20,0,0,38,0,0,0,38,0,28,26;30,0,23,28,0,30,20,0,35,36,32,30,25,40,31,0,0,0,0,0,20,38,36,35,0,36,29,32,0,26;0,33,0,31,40,0,27,0,0,0,25,0,0,35,30,0,30,27,0,22,23,0,0,31,39,0,0,25,20,40;0,27,0,0,31,24,31,35,0,0,0,23,0,0,40,25,39,24,0,33,0,0,31,0,29,23,0,0,37,24;26,28,0,21,0,25,0,39,0,0,0,24,0,23,36,0,0,0,29,0,0,37,40,31,40,0,22,21,28,0;24,0,26,33,0,27,39,25,0,0,0,0,31,26,33,0,32,39,0,35,27,0,23,0,26,31,0,0,24,0;0,0,0,34,0,0,24,24,0,27,0,40,0,0,37,34,23,28,0,0,38,39,26,26,20,24,29,29,0,31;36,31,30,35,0,21,23,26,0,0,28,37,34,0,0,26,23,0,29,32,24,21,35,30,0,26,0,0,0,37;38,0,37,0,0,40,37,0,0,24,32,0,0,0,0,38,31,28,0,0,38,0,0,0,27,34,28,0,34,39;24,0,0,30,0,35,35,0,0,34,21,0,36,0,23,0,39,0,0,0,0,20,32,34,0,0,35,33,0,25;0,0,0,23,21,0,27,36,23,0,24,24,30,39,25,0,0,33,0,0,39,0,0,0,0,0,40,35,40,0;36,21,32,0,22,34,0,25,36,33,40,34,0,40,0,33,23,0,32,22,0,35,31,25,35,0,23,39,0,21;0,27,21,0,26,36,0,20,0,33,0,0,0,20,31,0,0,0,0,35,29,33,0,24,0,28,0,0,0,0;0,32,0,0,22,29,0,30,34,28,23,0,27,39,38,40,33,34,0,0,33,31,0,0,22,0,32,0,0,0;32,31,0,32,27,40,20,39,0,34,0,27,27,24,0,35,36,24,23,27,0,21,37,0,26,38,0,30,28,35;26,0,0,0,38,25,28,33,20,27,0,34,28,28,0,27,0,0,0,0,38,0,28,30,28,24,40,29,36,0;33,0,0,33,34,0,39,0,0,37,31,35,38,26,34,40,34,0,0,0,24,0,0,21,0,22,30,34,36,26;0,0,28,29,0,32,22,21,24,0,38,35,0,0,24,0,28,30,34,0,38,0,30,0,18,0,0,24,39,29;0,0,0,27,37,35,31,24,26,0,21,0,32,32,0,31,0,0,0,0,0,24,36,0,0,0,12,37,0,25;0,36,39,27,0,35,25,38,0,0,0,0,32,38,0,36,39,32,29,27,34,40,0,0,36,0,0,0,33,0;24,0,37,0,0,33,22,0,31,0,20,20,0,0,0,26,0,39,0,0,24,23,20,24,37,0,0,29,0,0;0,24,39,0,33,0,30,28,29,33,0,0,35,0,37,38,34,0,33,40,0,0,0,32,26,33,0,0,32,0;36,40,0,30,27,0,0,32,0,40,0,27,0,21,25,38,0,0,22,40,20,0,0,36,22,27,0,0,0,21;25,0,26,24,0,0,26,29,27,13,0,32,0,0,0,33,30,36,0,20,38,40,0,26,24,28,31,30,33,0
0,22,0,0,0,0,0,0,0,-7,0,0,-17,0,11,0,0,0,0,0,-9,0,0,0,0,0,0,0,0,0
------------- End of Scenario k = 0 -------
0,0,54,0,0,29,38,29,23,0,62,0,70,30,0,30,0,62,0,0,44,30,0,75,38,0,54,0,75,47;0,0,43,55,68,0,48,0,28,0,0,0,80,70,73,0,29,56,38,62,40,28,63,25,36,38,76,0,32,21;0,0,0,65,31,0,80,0,24,36,40,49,0,0,0,52,41,0,32,0,0,42,0,43,0,0,0,57,26,21;33,0,25,0,78,43,61,50,24,0,0,0,79,0,65,42,62,61,25,0,26,30,0,73,24,67,31,0,38,0;0,71,42,49,0,25,0,74,53,26,0,0,0,0,0,0,21,53,68,60,0,63,0,44,0,39,0,0,0,0;0,52,43,63,0,0,0,0,0,61,0,46,59,43,66,45,69,47,70,55,75,49,34,33,49,0,0,27,0,77;0,0,0,78,40,20,0,80,39,0,59,58,0,0,38,35,37,0,0,75,0,0,74,0,0,0,55,0,42,76;34,0,34,79,0,67,52,0,24,40,41,51,42,56,65,0,0,0,0,0,48,71,61,48,0,77,44,65,0,54;0,52,0,67,63,0,76,0,0,0,80,0,0,50,30,0,32,78,0,39,80,0,0,48,76,0,0,78,80,44;0,57,0,0,64,51,69,20,0,0,0,33,0,0,26,51,52,27,0,38,0,0,35,0,56,64,0,0,49,42;64,69,0,54,0,36,0,37,0,0,0,50,0,74,27,0,0,0,28,0,0,36,70,61,63,0,24,51,76,0;78,0,38,48,0,36,39,23,0,0,0,0,24,50,39,0,32,74,0,66,70,0,77,0,61,41,0,0,37,0;0,0,0,80,0,0,23,77,0,51,0,56,0,0,78,43,71,56,0,0,24,33,55,77,68,45,61,22,0,61;63,78,54,62,0,36,38,22,0,0,23,46,63,0,0,63,63,0,48,32,34,45,63,44,0,36,0,0,0,52;25,0,26,0,0,79,27,0,0,38,50,0,0,0,0,67,46,21,0,0,38,0,0,0,80,74,35,0,64,32;72,0,0,29,0,29,25,0,0,65,49,0,65,0,71,0,59,0,0,0,0,39,21,33,0,0,63,40,0,78;0,0,0,52,63,0,77,55,68,0,79,22,80,20,54,0,0,80,0,0,68,0,0,0,0,0,39,69,31,0;36,76,36,0,21,53,0,35,71,22,65,73,0,28,0,65,62,0,66,50,0,64,74,79,71,0,59,62,0,80;0,53,68,0,40,78,0,71,0,58,0,0,0,33,68,0,0,0,0,80,32,25,0,31,0,48,0,0,0,0;0,53,0,0,67,30,0,59,65,29,64,0,54,33,47,62,68,32,0,0,61,34,0,0,68,0,65,0,0,0;70,22,0,34,58,46,44,45,0,47,0,50,45,47,0,28,29,51,68,79,0,32,45,0,66,53,0,40,45,47;39,0,0,0,35,69,30,20,44,23,0,53,78,80,0,80,0,0,0,0,80,0,80,77,34,66,55,25,50,0;22,0,0,22,21,0,28,0,0,42,79,44,64,33,43,27,46,0,0,0,43,0,0,70,0,48,77,48,22,78;0,0,27,73,0,77,57,44,67,0,68,44,0,0,74,0,57,30,60,0,25,0,34,0,37,0,0,74,35,67;0,0,0,57,50,49,67,59,25,0,57,0,69,49,0,21,0,0,0,0,0,72,56,0,0,0,80,34,0,55;0,53,66,21,0,35,41,70,0,0,0,0,29,24,0,60,25,46,25,64,25,51,0,0,77,0,0,0,40,0;61,0,47,0,0,54,52,0,71,0,34,52,0,0,0,56,0,35,0,0,47,68,73,35,71,0,0,80,0,0;0,34,80,0,74,0,57,46,34,50,0,0,23,0,67,65,64,0,27,27,0,0,0,44,27,33,0,0,80,0;65,28,0,52,28,0,0,58,0,50,0,50,0,37,80,32,0,0,38,66,75,0,0,41,46,42,0,0,0,80;23,0,71,77,0,0,35,43,67,80,0,60,0,0,0,29,52,63,0,32,63,63,0,64,44,53,20,75,37,0
0,0,28,0,0,34,31,34,36,0,31,0,38,39,0,36,0,27,0,0,27,23,0,30,33,0,26,0,35,20;0,0,29,23,37,0,28,0,24,0,0,0,31,37,31,0,28,26,33,37,25,23,32,37,31,32,30,0,38,35;0,0,0,28,36,0,37,0,40,23,25,29,0,0,0,34,21,0,28,0,0,33,0,22,0,0,0,39,32,28;31,0,35,0,25,35,24,21,39,0,0,0,29,0,24,23,28,29,30,0,34,32,0,39,25,34,28,0,30,0;0,27,30,32,0,37,0,33,35,31,0,0,0,0,0,0,36,38,34,35,0,21,0,21,0,20,0,0,0,0;0,36,36,26,0,0,0,0,0,25,0,24,30,35,33,28,38,37,29,30,37,34,27,22,28,0,0,22,0,24;0,0,0,36,30,33,0,38,21,0,37,32,0,0,33,23,36,0,0,21,0,0,37,0,0,0,32,0,21,27;31,0,25,21,0,30,31,0,31,23,21,20,23,30,33,0,0,0,0,0,37,26,26,21,0,24,33,26,0,29;0,34,0,26,35,0,21,0,0,0,30,0,0,20,35,0,26,39,0,23,36,0,0,32,34,0,0,29,33,40;0,21,0,0,38,30,20,32,0,0,0,28,0,0,35,20,32,39,0,34,0,0,27,0,24,34,0,0,26,20;30,40,0,32,0,20,0,26,0,0,0,38,0,30,40,0,0,0,23,0,0,23,30,21,34,0,30,40,27,0;30,0,34,34,0,33,34,25,0,0,0,0,20,36,37,0,38,31,0,39,35,0,34,0,36,23,0,0,29,0;0,0,0,38,0,0,34,20,0,30,0,28,0,0,27,21,24,25,0,0,32,35,32,39,38,32,35,20,0,24;39,26,25,31,0,24,39,25,0,0,22,24,27,0,0,25,25,0,20,33,39,39,38,34,0,28,0,0,0,21;34,0,32,0,0,20,31,0,0,35,33,0,0,0,0,28,34,34,0,0,28,0,0,0,23,32,34,0,34,29;20,0,0,24,0,39,28,0,0,26,26,0,34,0,22,0,23,0,0,0,0,35,40,39,0,0,40,32,0,35;0,0,0,26,38,0,33,33,31,0,23,21,28,24,40,0,0,38,0,0,21,0,0,0,0,0,23,25,23,0;23,23,40,0,37,35,0,32,29,27,38,37,0,28,0,30,36,0,22,30,0,30,25,32,24,0,23,37,0,34;0,26,25,0,40,29,0,30,0,35,0,0,0,33,36,0,0,0,0,20,39,36,0,40,0,38,0,0,0,0;0,32,0,0,37,31,0,26,31,35,40,0,34,23,37,28,38,30,0,0,25,20,0,0,40,0,31,0,0,0;36,23,0,34,31,36,34,23,0,20,0,20,29,36,0,34,33,23,32,24,0,24,20,0,30,34,0,24,23,37;34,0,0,0,34,22,22,36,40,25,0,30,30,36,0,36,0,0,0,0,24,0,25,36,32,30,21,28,34,0;35,0,0,28,32,0,38,0,0,28,31,33,23,22,32,34,36,0,0,0,28,0,0,23,0,37,35,24,28,36;0,0,31,20,0,40,23,30,28,0,38,28,0,0,37,0,31,40,40,0,40,0,33,0,30,0,0,21,40,20;0,0,0,20,26,24,26,39,31,0,28,0,27,22,0,35,0,0,0,0,0,39,23,0,0,0,21,36,0,25;0,30,27,21,0,36,33,30,0,0,0,0,23,31,0,27,21,37,25,28,31,30,0,0,32,0,0,0,30,0;39,0,24,0,0,30,23,0,23,0,35,23,0,0,0,30,0,28,0,0,26,33,21,24,23,0,0,37,0,0;0,39,39,0,23,0,29,39,23,39,0,0,29,0,29,32,30,0,22,40,0,0,0,23,27,30,0,0,34,0;23,27,0,23,32,0,0,35,0,25,0,38,0,33,22,21,0,0,30,34,34,0,0,30,26,22,0,0,0,38;21,0,29,26,0,0,30,21,24,38,0,26,0,0,0,36,32,20,0,22,21,24,0,28,25,26,24,27,33,0
0,25,0,0,0,0,0,0,0,-12,0,0,-13,0,19,0,0,0,0,0,-19,0,0,0,0,0,0,0,0,0
------------- End of Scenario k = 1 -------
0,0,31,0,0,22,23,70,31,0,35,0,75,70,0,55,0,76,0,0,44,25,0,51,71,0,65,0,67,58;0,0,58,51,47,0,28,0,48,0,0,0,24,79,44,0,54,46,43,40,36,35,38,21,70,37,54,0,43,52;0,0,0,66,45,0,27,0,25,45,76,72,0,0,0,67,54,0,32,0,0,35,0,30,0,0,0,76,34,37;25,0,52,0,29,25,32,47,75,0,0,0,31,0,59,59,29,32,69,0,80,30,0,38,57,70,47,0,26,0;0,37,43,28,0,74,0,79,37,62,0,0,0,0,0,0,71,39,76,22,0,49,0,48,0,37,0,0,0,0;0,25,65,44,0,0,0,0,0,49,0,35,59,64,49,67,79,67,72,80,45,76,25,69,71,0,0,66,0,55;0,0,0,20,38,22,0,80,56,0,71,53,0,0,71,58,70,0,0,41,0,0,48,0,0,0,31,0,76,27;73,0,73,38,0,63,63,0,80,40,29,26,30,26,39,0,0,0,0,0,79,69,42,62,0,21,20,50,0,36;0,31,0,25,62,0,29,0,0,0,80,0,0,56,72,0,57,78,0,41,38,0,0,69,39,0,0,68,41,28;0,67,0,0,44,50,29,61,0,0,0,58,0,0,22,68,63,59,0,51,0,0,20,0,34,32,0,0,75,57;56,62,0,23,0,44,0,41,0,0,0,80,0,22,73,0,0,0,24,0,0,68,41,41,33,0,49,66,80,0;27,0,35,31,0,33,34,43,0,0,0,0,37,49,59,0,60,39,0,26,22,0,30,0,79,60,0,0,58,0;0,0,0,50,0,0,32,60,0,53,0,58,0,0,40,61,22,34,0,0,50,65,64,48,63,59,59,36,0,66;63,47,35,42,0,36,77,37,0,0,68,74,70,0,0,63,56,0,61,64,55,54,57,53,0,41,0,0,0,61;70,0,35,0,0,23,76,0,0,23,24,0,0,0,0,36,68,54,0,0,37,0,0,0,71,51,72,0,60,67;40,0,0,37,0,21,30,0,0,59,34,0,45,0,75,0,22,0,0,0,0,63,40,69,0,0,54,55,0,54;0,0,0,60,28,0,54,37,53,0,44,74,31,80,34,0,0,80,0,0,49,0,0,0,0,0,54,25,75,0;52,31,76,0,45,28,0,50,60,57,22,50,0,63,0,75,58,0,80,58,0,56,30,54,73,0,30,21,0,38;0,54,46,0,80,56,0,48,0,76,0,0,0,21,51,0,0,0,0,71,28,45,0,77,0,66,0,0,0,0;0,67,0,0,41,74,0,53,69,30,52,0,27,36,40,28,75,65,0,0,52,65,0,0,63,0,29,0,0,0;75,70,0,53,58,43,33,20,0,28,0,41,31,73,0,37,52,26,20,24,0,27,52,0,52,55,0,59,30,60;43,0,0,0,59,68,50,70,57,66,0,36,61,42,0,41,0,0,0,0,51,0,51,35,32,59,59,77,63,0;48,0,0,36,36,0,43,0,0,29,44,32,44,26,73,41,55,0,0,0,70,0,0,20,0,21,67,33,38,21;0,0,26,34,0,28,80,61,63,0,36,56,0,0,30,0,27,34,20,0,69,0,79,0,80,0,0,31,26,57;0,0,0,51,35,33,26,56,27,0,65,0,73,78,0,22,0,0,0,0,0,50,20,0,0,0,80,63,0,77;0,50,69,40,0,76,68,48,0,0,0,0,54,25,0,43,63,42,29,35,69,45,0,0,33,0,0,0,26,0;39,0,22,0,0,80,26,0,25,0,74,51,0,0,0,45,0,56,0,0,63,55,77,80,37,0,0,80,0,0;0,55,68,0,69,0,37,67,31,22,0,0,24,0,33,35,63,0,73,49,0,0,0,43,75,41,0,0,53,0;23,46,0,72,51,0,0,21,0,64,0,78,0,51,71,61,0,0,51,42,68,0,0,60,27,77,0,0,0,80;80,0,29,62,0,0,32,75,41,44,0,65,0,0,0,20,48,71,0,75,76,28,0,64,61,29,55,45,64,0
0,0,32,0,0,22,25,22,21,0,31,0,26,40,0,23,0,39,0,0,30,22,0,33,34,0,26,0,21,32;0,0,25,33,25,0,30,0,33,0,0,0,38,33,29,0,24,27,22,29,25,38,29,40,24,30,39,0,34,27;0,0,0,31,32,0,11,0,31,34,36,26,0,0,0,23,28,0,33,0,0,33,0,21,0,0,0,21,37,37;36,0,34,0,22,31,36,27,35,0,0,0,35,0,25,40,29,37,22,0,23,29,0,28,36,31,39,0,29,0;0,32,25,35,0,23,0,36,38,34,0,0,0,0,0,0,29,24,24,22,0,26,0,28,0,21,0,0,0,0;0,28,37,24,0,0,0,0,0,30,0,25,24,25,20,24,34,26,31,38,24,26,31,23,39,0,0,22,0,20;0,0,0,38,21,26,0,17,33,0,35,20,0,0,25,27,24,0,0,25,0,0,34,0,0,0,23,0,36,30;29,0,39,24,0,27,28,0,32,39,35,39,35,22,23,0,0,0,0,0,21,30,40,29,0,33,20,20,0,36;0,32,0,36,38,0,24,0,0,0,19,0,0,30,22,0,30,26,0,23,35,0,0,37,32,0,0,23,36,34;0,31,0,0,27,26,39,29,0,0,0,27,0,0,35,36,33,24,0,23,0,0,34,0,23,33,0,0,38,30;36,24,0,21,0,40,0,28,0,0,0,16,0,39,40,0,0,0,37,0,0,26,32,34,38,0,32,34,39,0;25,0,39,21,0,33,39,38,0,0,0,0,26,31,23,0,29,24,0,26,38,0,24,0,32,35,0,0,20,0;0,0,0,23,0,0,34,23,0,21,0,28,0,0,23,20,37,40,0,0,29,30,24,38,20,27,26,22,0,25;36,23,29,27,0,26,25,21,0,0,22,35,27,0,0,33,20,0,25,23,25,39,38,34,0,26,0,0,0,22;33,0,23,0,0,32,23,0,0,23,39,0,0,0,0,28,22,27,0,0,23,0,0,0,33,35,23,0,24,37;31,0,0,36,0,24,25,0,0,34,26,0,23,0,22,0,35,0,0,0,0,28,20,32,0,0,30,40,0,23;0,0,0,28,39,0,21,40,31,0,27,35,38,23,20,0,0,25,0,0,33,0,0,0,0,0,40,29,30,0;39,28,22,0,25,39,0,40,39,32,40,29,0,34,0,39,40,0,11,33,0,31,22,35,37,0,26,27,0,22;0,24,31,0,36,20,0,26,0,37,0,0,0,38,31,0,0,0,0,38,34,36,0,32,0,22,0,0,0,0;0,37,0,0,30,22,0,36,30,26,24,0,34,33,38,38,39,25,0,0,21,34,0,0,38,0,30,0,0,0;30,21,0,25,37,23,29,33,0,20,0,35,24,31,0,40,32,23,23,28,0,22,28,0,23,23,0,39,27,22;22,0,0,0,24,38,34,23,20,24,0,31,34,22,0,38,0,0,0,0,40,0,33,30,25,23,20,27,20,0;24,0,0,30,40,0,29,0,0,30,33,38,32,32,40,31,27,0,0,0,37,0,0,34,0,33,38,29,30,38;0,0,40,39,0,38,33,26,40,0,31,31,0,0,38,0,38,30,21,0,31,0,26,0,36,0,0,25,28,31;0,0,0,27,27,32,26,23,40,0,22,0,30,28,0,32,0,0,0,0,0,23,26,0,0,0,26,34,0,34;0,21,27,24,0,30,33,28,0,0,0,0,30,21,0,27,22,37,21,27,34,26,0,0,20,0,0,0,24,0;31,0,23,0,0,33,38,0,32,0,33,32,0,0,0,20,0,40,0,0,31,27,28,29,27,0,0,11,0,0;0,22,33,0,24,0,38,27,25,34,0,0,21,0,32,28,34,0,25,27,0,0,0,29,30,38,0,0,22,0;39,38,0,32,23,0,0,29,0,23,0,34,0,39,21,35,0,0,20,39,37,0,0,29,36,40,0,0,0,30;25,0,34,24,0,0,34,26,24,20,0,26,0,0,0,31,39,20,0,36,37,35,0,20,22,21,29,27,33,0
0,10,0,0,0,0,0,0,0,-9,0,0,-8,0,11,0,0,0,0,0,-4,0,0,0,0,0,0,0,0,0
------------- End of Scenario k = 2 -------
0,0,39,0,0,72,48,54,29,0,79,0,79,26,0,48,0,53,0,0,49,55,0,35,65,0,72,0,23,28;0,0,80,78,71,0,58,0,42,0,0,0,38,45,59,0,37,63,44,50,52,80,47,69,67,39,43,0,50,21;0,0,0,60,58,0,80,0,50,73,68,51,0,0,0,38,21,0,32,0,0,33,0,27,0,0,0,41,70,24;36,0,51,0,47,74,35,42,28,0,0,0,42,0,37,31,39,64,63,0,56,42,0,22,36,41,75,0,64,0;0,45,66,31,0,63,0,50,57,66,0,0,0,0,0,0,33,39,56,20,0,42,0,24,0,51,0,0,0,0;0,24,22,77,0,0,0,0,0,29,0,69,52,62,24,33,35,57,60,45,39,51,56,62,52,0,0,28,0,59;0,0,0,64,73,73,0,80,25,0,25,66,0,0,69,77,22,0,0,73,0,0,43,0,0,0,61,0,34,27;70,0,69,36,0,33,75,0,80,41,43,66,37,30,52,0,0,0,0,0,59,26,62,59,0,59,64,20,0,70;0,23,0,23,55,0,28,0,0,0,60,0,0,80,29,0,22,51,0,73,35,0,0,80,25,0,0,62,52,59;0,33,0,0,48,78,48,34,0,0,0,23,0,0,79,38,46,38,0,60,0,0,59,0,68,57,0,0,54,47;39,71,0,47,0,72,0,71,0,0,0,80,0,40,32,0,0,0,75,0,0,75,65,75,63,0,53,29,37,0;58,0,36,40,0,78,56,24,0,0,0,0,39,80,30,0,72,23,0,67,51,0,78,0,74,20,0,0,31,0;0,0,0,32,0,0,77,34,0,58,0,33,0,0,43,59,37,29,0,0,27,63,28,29,41,52,31,77,0,49;28,22,43,76,0,74,30,71,0,0,55,20,70,0,0,67,49,0,40,49,33,50,57,33,0,34,0,0,0,69;50,0,61,0,0,59,77,0,0,36,34,0,0,0,0,80,43,74,0,0,45,0,0,0,35,46,44,0,24,20;63,0,0,44,0,32,80,0,0,53,26,0,21,0,26,0,80,0,0,0,0,23,23,42,0,0,49,42,0,53;0,0,0,64,50,0,26,60,59,0,22,52,36,63,49,0,0,80,0,0,39,0,0,0,0,0,46,35,42,0;49,26,28,0,27,42,0,76,56,64,72,31,0,49,0,28,70,0,80,79,0,65,58,54,67,0,37,38,0,76;0,46,69,0,74,75,0,61,0,40,0,0,0,65,78,0,0,0,0,80,75,73,0,71,0,44,0,0,0,0;0,30,0,0,21,57,0,71,32,65,23,0,43,26,79,67,67,20,0,0,68,22,0,0,75,0,50,0,0,0;65,71,0,40,29,49,27,45,0,74,0,27,25,71,0,40,36,26,66,48,0,46,20,0,69,31,0,76,53,52;53,0,0,0,40,26,79,57,28,52,0,29,79,46,0,68,0,0,0,0,42,0,44,31,37,44,43,60,28,0;62,0,0,33,28,0,53,0,0,71,60,34,33,49,60,55,52,0,0,0,52,0,0,76,0,51,54,31,35,76;0,0,47,58,0,42,76,75,50,0,80,75,0,0,65,0,20,63,54,0,64,0,30,0,80,0,0,37,34,61;0,0,0,51,67,67,75,37,29,0,49,0,38,26,0,49,0,0,0,0,0,63,63,0,0,0,29,33,0,42;0,59,34,34,0,68,52,24,0,0,0,0,38,58,0,37,59,60,39,71,54,47,0,0,71,0,0,0,71,0;27,0,55,0,0,50,67,0,35,0,56,53,0,0,0,43,0,55,0,0,58,72,30,31,52,0,0,80,0,0;0,39,47,0,75,0,45,71,78,20,0,0,67,0,44,57,69,0,66,49,0,0,0,22,80,24,0,0,34,0;20,53,0,21,34,0,0,33,0,43,0,78,0,49,20,71,0,0,20,74,66,0,0,59,55,54,0,0,0,80;29,0,48,73,0,0,57,68,22,80,0,39,0,0,0,41,48,38,0,65,29,20,0,37,56,46,51,59,21,0
0,0,35,0,0,21,26,20,40,0,23,0,36,21,0,30,0,20,0,0,34,24,0,28,38,0,32,0,26,35;0,0,37,28,29,0,32,0,37,0,0,0,40,32,25,0,27,23,34,25,36,35,40,27,28,23,27,0,29,33;0,0,0,28,27,0,30,0,39,26,21,25,0,0,0,39,24,0,26,0,0,31,0,25,0,0,0,31,22,21;40,0,26,0,40,28,26,34,36,0,0,0,28,0,33,20,23,20,38,0,36,24,0,25,23,29,25,0,25,0;0,32,22,33,0,27,0,33,36,33,0,0,0,0,0,0,21,39,25,40,0,35,0,24,0,25,0,0,0,0;0,31,34,22,0,0,0,0,0,25,0,36,31,38,29,38,37,28,35,34,33,25,34,38,20,0,0,40,0,38;0,0,0,30,23,35,0,38,31,0,36,39,0,0,25,40,37,0,0,37,0,0,35,0,0,0,29,0,20,25;23,0,27,26,0,38,39,0,35,22,28,33,32,37,40,0,0,0,0,0,35,21,33,23,0,21,24,28,0,25;0,31,0,34,39,0,26,0,0,0,39,0,0,27,38,0,27,32,0,30,30,0,0,20,24,0,0,38,35,35;0,37,0,0,24,23,38,24,0,0,0,32,0,0,20,37,37,34,0,32,0,0,40,0,27,35,0,0,24,27;24,34,0,37,0,31,0,36,0,0,0,37,0,24,39,0,0,0,37,0,0,35,34,35,31,0,25,30,28,0;33,0,35,31,0,38,31,39,0,0,0,0,37,32,25,0,23,24,0,27,37,0,23,0,24,22,0,0,31,0;0,0,0,33,0,0,21,23,0,29,0,26,0,0,33,28,31,25,0,0,25,31,25,36,29,20,26,32,0,22;24,21,36,40,0,39,35,20,0,0,29,35,32,0,0,22,29,0,40,39,35,38,30,33,0,29,0,0,0,24;38,0,20,0,0,31,32,0,0,29,40,0,0,0,0,23,31,21,0,0,33,0,0,0,22,28,23,0,34,25;39,0,0,26,0,28,35,0,0,25,39,0,25,0,28,0,22,0,0,0,0,26,36,29,0,0,34,30,0,22;0,0,0,26,27,0,26,39,36,0,21,31,21,40,34,0,0,36,0,0,22,0,0,0,0,0,32,24,22,0;27,38,21,0,20,24,0,36,32,39,26,32,0,40,0,30,29,0,21,33,0,22,36,34,29,0,40,28,0,30;0,34,26,0,37,31,0,21,0,23,0,0,0,20,38,0,0,0,0,30,30,29,0,23,0,29,0,0,0,0;0,31,0,0,37,32,0,38,23,26,25,0,33,23,21,35,22,23,0,0,40,26,0,0,23,0,33,0,0,0;25,39,0,20,23,21,27,26,0,24,0,24,33,31,0,24,30,29,22,20,0,28,27,0,34,30,0,26,32,24;36,0,0,0,24,21,27,28,22,30,0,33,23,33,0,40,0,0,0,0,20,0,34,34,31,31,32,20,36,0;32,0,0,23,22,0,30,0,0,36,21,23,25,27,36,35,40,0,0,0,30,0,0,27,0,29,35,28,34,21;0,0,29,31,0,24,33,20,30,0,28,36,0,0,28,0,26,37,40,0,22,0,24,0,32,0,0,31,31,37;0,0,0,35,31,34,24,34,31,0,38,0,26,36,0,20,0,0,0,0,0,27,37,0,0,0,38,40,0,32;0,22,33,33,0,21,32,37,0,0,0,0,35,38,0,23,23,22,25,26,22,25,0,0,22,0,0,0,26,0;20,0,29,0,0,29,32,0,23,0,33,34,0,0,0,30,0,40,0,0,28,32,39,29,22,0,0,40,0,0;0,31,37,0,20,0,35,23,33,39,0,0,22,0,30,22,38,0,32,26,0,0,0,25,36,36,0,0,33,0;36,21,0,28,21,0,0,25,0,40,0,40,0,38,20,40,0,0,37,39,20,0,0,23,28,38,0,0,0,22;30,0,23,29,0,0,36,35,23,33,0,39,0,0,0,39,34,30,0,38,21,34,0,29,37,31,36,29,23,0
0,29,0,0,0,0,0,0,0,-13,0,0,-32,0,20,0,0,0,0,0,-4,0,0,0,0,0,0,0,0,0
------------- End of Scenario k = 3 -------
0,0,27,0,0,62,21,31,34,0,35,0,45,51,0,27,0,62,0,0,33,28,0,34,37,0,64,0,74,70;0,0,80,71,72,0,39,0,41,0,0,0,80,54,42,0,43,48,43,51,33,54,70,59,73,56,27,0,72,25;0,0,0,51,70,0,80,0,45,50,51,30,0,0,0,48,28,0,31,0,0,34,0,20,0,0,0,76,32,67;36,0,47,0,66,43,57,80,31,0,0,0,43,0,25,38,54,40,65,0,71,42,0,46,44,62,42,0,48,0;0,42,50,65,0,31,0,74,54,61,0,0,0,0,0,0,23,23,50,38,0,73,0,56,0,38,0,0,0,0;0,47,58,43,0,0,0,0,0,56,0,67,42,56,67,27,22,66,46,65,23,36,21,49,40,0,0,53,0,27;0,0,0,30,66,53,0,76,70,0,29,33,0,0,26,65,26,0,0,23,0,0,59,0,0,0,72,0,52,30;56,0,70,24,0,50,58,0,80,58,21,52,64,30,56,0,0,0,0,0,50,44,80,48,0,63,67,69,0,54;0,78,0,77,45,0,53,0,0,0,80,0,0,28,41,0,38,24,0,80,31,0,0,78,26,0,0,28,42,71;0,71,0,0,46,65,27,34,0,0,0,79,0,0,41,63,57,77,0,42,0,0,45,0,55,73,0,0,26,24;47,53,0,40,0,68,0,33,0,0,0,66,0,32,39,0,0,0,27,0,0,80,78,23,75,0,70,59,72,0;75,0,62,68,0,58,45,34,0,0,0,0,51,75,44,0,57,43,0,52,70,0,40,0,78,59,0,0,25,0;0,0,0,49,0,0,47,65,0,39,0,78,0,0,59,25,71,29,0,0,20,24,39,76,75,25,45,62,0,48;45,38,57,52,0,25,64,38,0,0,21,70,61,0,0,76,65,0,59,20,72,42,52,68,0,35,0,0,0,80;65,0,54,0,0,64,68,0,0,42,27,0,0,0,0,80,63,30,0,0,25,0,0,0,27,20,24,0,74,48;68,0,0,66,0,42,78,0,0,58,37,0,43,0,27,0,40,0,0,0,0,63,36,66,0,0,53,49,0,45;0,0,0,76,64,0,34,43,48,0,53,38,80,49,29,0,0,80,0,0,38,0,0,0,0,0,80,63,27,0;62,55,72,0,39,77,0,30,57,20,33,67,0,54,0,48,71,0,80,24,0,64,34,21,76,0,28,77,0,44;0,38,62,0,74,59,0,35,0,62,0,0,0,51,43,0,0,0,0,80,50,75,0,41,0,20,0,0,0,0;0,61,0,0,73,80,0,27,42,37,61,0,59,65,56,34,65,68,0,0,32,51,0,0,59,0,68,0,0,0;51,60,0,61,64,71,47,68,0,76,0,58,24,49,0,76,78,78,28,69,0,32,79,0,46,61,0,61,64,46;73,0,0,0,63,70,44,51,38,27,0,69,71,70,0,77,0,0,0,0,30,0,80,43,41,61,59,56,57,0;71,0,0,41,56,0,57,0,0,40,29,48,67,29,71,50,44,0,0,0,59,0,0,80,0,31,53,46,34,36;0,0,22,42,0,78,79,46,55,0,20,52,0,0,44,0,69,24,62,0,31,0,49,0,80,0,0,59,59,37;0,0,0,48,64,50,33,41,20,0,30,0,47,48,0,31,0,0,0,0,0,67,66,0,0,0,80,31,0,39;0,64,43,20,0,47,56,72,0,0,0,0,40,75,0,61,38,74,33,65,38,54,0,0,54,0,0,0,55,0;79,0,46,0,0,33,49,0,56,0,44,34,0,0,0,66,0,33,0,0,37,67,64,69,80,0,0,35,0,0;0,75,30,0,56,0,32,51,39,65,0,0,72,0,40,45,72,0,32,58,0,0,0,46,59,67,0,0,80,0;80,60,0,49,27,0,0,49,0,68,0,76,0,79,72,35,0,0,72,36,49,0,0,59,76,44,0,0,0,22;77,0,61,35,0,0,22,26,67,80,0,80,0,0,0,38,49,56,0,79,27,32,0,66,28,26,63,47,40,0
0,0,28,0,0,32,33,29,34,0,27,0,27,39,0,35,0,35,0,0,23,39,0,33,22,0,26,0,40,25;0,0,39,40,39,0,36,0,39,0,0,0,25,22,38,0,22,20,35,20,21,35,26,30,28,38,33,0,32,31;0,0,0,27,38,0,40,0,39,25,40,21,0,0,0,36,33,0,20,0,0,37,0,31,0,0,0,27,20,28;23,0,20,0,27,25,23,40,20,0,0,0,38,0,25,20,27,34,35,0,31,26,0,20,34,28,33,0,29,0;0,25,35,39,0,29,0,30,24,30,0,0,0,0,0,0,22,38,28,20,0,23,0,38,0,27,0,0,0,0;0,33,39,38,0,0,0,0,0,31,0,26,23,27,27,33,38,40,40,20,22,29,29,25,26,0,0,36,0,36;0,0,0,30,35,32,0,26,32,0,39,23,0,0,37,21,35,0,0,26,0,0,29,0,0,0,38,0,27,27;34,0,38,23,0,22,33,0,33,33,32,37,37,24,40,0,0,0,0,0,33,22,35,40,0,23,23,28,0,35;0,35,0,30,29,0,39,0,0,0,34,0,0,30,22,0,40,27,0,35,25,0,0,24,35,0,0,23,22,25;0,22,0,0,21,36,33,36,0,0,0,27,0,0,30,34,32,33,0,37,0,0,28,0,40,20,0,0,33,40;27,28,0,35,0,30,0,37,0,0,0,35,0,38,29,0,0,0,25,0,0,30,27,32,31,0,24,29,23,0;31,0,35,38,0,21,22,34,0,0,0,0,39,14,30,0,27,29,0,32,31,0,23,0,26,37,0,0,23,0;0,0,0,22,0,0,38,33,0,30,0,35,0,0,24,30,29,29,0,0,28,37,25,38,35,21,21,37,0,23;36,39,31,31,0,39,31,36,0,0,20,25,29,0,0,32,32,0,40,33,25,27,32,38,0,24,0,0,0,25;38,0,30,0,0,31,39,0,0,35,29,0,0,0,0,37,38,34,0,0,20,0,0,0,22,20,25,0,28,31;36,0,0,29,0,27,25,0,0,32,33,0,39,0,37,0,28,0,0,0,0,21,23,37,0,0,21,30,0,25;0,0,0,31,22,0,22,26,20,0,33,33,25,40,25,0,0,38,0,0,33,0,0,0,0,0,38,35,31,0;22,24,34,0,27,32,0,40,24,20,34,27,0,27,0,40,31,0,22,38,0,20,27,27,31,0,30,39,0,24;0,33,33,0,23,20,0,35,0,22,0,0,0,20,32,0,0,0,0,22,20,32,0,22,0,37,0,0,0,0;0,36,0,0,23,31,0,27,39,21,35,0,30,27,37,24,28,21,0,0,38,37,0,0,23,0,38,0,0,0;26,21,0,39,27,28,38,33,0,22,0,40,35,39,0,27,22,21,30,23,0,29,24,0,23,37,0,22,22,38;23,0,0,0,34,31,36,28,33,38,0,34,20,24,0,26,0,0,0,0,24,0,26,23,36,21,22,29,28,0;24,0,0,28,24,0,28,0,0,35,35,38,36,40,31,39,40,0,0,0,34,0,0,32,0,26,27,23,38,22;0,0,35,29,0,23,25,29,40,0,30,39,0,0,30,0,21,29,27,0,36,0,35,0,35,0,0,20,26,40;0,0,0,34,38,40,31,29,35,0,26,0,28,32,0,34,0,0,0,0,0,38,33,0,0,0,23,39,0,37;0,40,37,31,0,24,28,25,0,0,0,0,35,35,0,33,35,26,38,32,31,27,0,0,36,0,0,0,37,0;28,0,40,0,0,28,34,0,36,0,25,26,0,0,0,35,0,27,0,0,28,27,29,37,21,0,0,25,0,0;0,34,37,0,24,0,31,29,21,35,0,0,36,0,27,27,25,0,29,23,0,0,0,32,31,32,0,0,22,0;23,39,0,32,22,0,0,31,0,35,0,25,0,24,22,31,0,0,38,40,35,0,0,24,33,35,0,0,0,24;37,0,36,36,0,0,28,35,25,30,0,29,0,0,0,27,27,20,0,23,34,31,0,34,29,37,31,24,23,0
0,14,0,0,0,0,0,0,0,-9,0,0,-20,0,18,0,0,0,0,0,-3,0,0,0,0,0,0,0,0,0
------------- End of Scenario k = 4 -------
0,0,80,0,0,53,60,56,52,0,38,0,54,74,0,49,0,42,0,0,72,30,0,31,52,0,27,0,49,42;0,0,79,37,70,0,25,0,71,0,0,0,32,59,56,0,56,63,50,74,21,48,24,40,23,79,22,0,64,41;0,0,0,51,33,0,80,0,40,39,49,51,0,0,0,59,73,0,50,0,0,73,0,55,0,0,0,70,29,51;39,0,69,0,52,79,28,68,36,0,0,0,80,0,39,74,73,24,27,0,69,28,0,36,79,49,51,0,79,0;0,76,25,38,0,33,0,77,29,39,0,0,0,0,0,0,31,37,73,26,0,65,0,51,0,42,0,0,0,0;0,78,74,24,0,0,0,0,0,37,0,52,60,63,72,42,74,36,69,24,72,59,67,61,22,0,0,41,0,65;0,0,0,24,70,29,0,80,26,0,36,61,0,0,31,73,69,0,0,27,0,0,29,0,0,0,65,0,57,47;33,0,62,56,0,30,33,0,80,49,72,73,20,32,60,0,0,0,0,0,32,63,74,20,0,54,44,58,0,62;0,32,0,57,28,0,79,0,0,0,80,0,0,71,25,0,45,37,0,47,35,0,0,26,23,0,0,55,57,65;0,57,0,0,66,33,21,31,0,0,0,56,0,0,66,46,35,27,0,53,0,0,54,0,71,22,0,0,46,55;51,32,0,58,0,38,0,44,0,0,0,43,0,67,42,0,0,0,63,0,0,52,21,39,34,0,60,71,50,0;46,0,73,74,0,72,27,26,0,0,0,0,45,80,40,0,51,67,0,66,26,0,69,0,51,31,0,0,57,0;0,0,0,33,0,0,23,21,0,77,0,53,0,0,50,46,71,37,0,0,68,41,73,60,61,43,32,40,0,71;26,69,34,78,0,71,59,63,0,0,38,63,64,0,0,71,25,0,70,21,76,40,43,36,0,42,0,0,0,46;62,0,22,0,0,22,60,0,0,57,78,0,0,0,0,29,73,28,0,0,56,0,0,0,29,77,54,0,26,39;68,0,0,40,0,23,75,0,0,56,48,0,58,0,73,0,32,0,0,0,0,25,79,52,0,0,47,60,0,21;0,0,0,50,66,0,43,66,44,0,43,40,80,41,52,0,0,71,0,0,27,0,0,0,0,0,44,51,68,0;46,76,31,0,44,42,0,49,73,20,25,39,0,71,0,34,33,0,80,39,0,45,77,27,21,0,53,71,0,56;0,59,65,0,76,74,0,80,0,30,0,0,0,20,55,0,0,0,0,24,30,73,0,67,0,70,0,0,0,0;0,33,0,0,75,65,0,79,42,49,58,0,56,28,45,56,39,26,0,0,42,60,0,0,75,0,26,0,0,0;41,37,0,72,24,46,72,56,0,44,0,32,45,33,0,31,48,72,75,31,0,53,75,0,67,56,0,76,58,48;64,0,0,0,77,77,22,71,29,31,0,58,33,73,0,32,0,0,0,0,80,0,80,40,73,70,44,77,68,0;41,0,0,50,39,0,77,0,0,27,66,57,24,26,64,61,26,0,0,0,65,0,0,80,0,54,75,68,49,56;0,0,75,34,0,39,63,43,73,0,53,51,0,0,70,0,78,46,58,0,45,0,73,0,75,0,0,59,50,37;0,0,0,79,49,30,40,79,75,0,51,0,31,76,0,68,0,0,0,0,0,20,73,0,0,0,80,79,0,38;0,78,78,30,0,43,42,30,0,0,0,0,29,25,0,65,49,68,74,28,66,80,0,0,25,0,0,0,80,0;60,0,60,0,0,32,64,0,60,0,39,57,0,0,0,78,0,68,0,0,46,62,25,74,26,0,0,80,0,0;0,71,58,0,79,0,48,30,32,51,0,0,63,0,57,40,76,0,49,45,0,0,0,30,66,79,0,0,80,0;56,38,0,39,29,0,0,73,0,34,0,49,0,64,56,67,0,0,20,50,68,0,0,26,28,27,0,0,0,27;23,0,63,78,0,0,39,71,48,80,0,24,0,0,0,21,25,28,0,22,23,30,0,23,30,71,71,66,42,0
0,0,34,0,0,21,36,38,20,0,34,0,40,34,0,29,0,20,0,0,35,40,0,34,30,0,30,0,27,27;0,0,35,32,35,0,29,0,32,0,0,0,28,37,27,0,30,35,34,21,35,34,30,33,26,39,22,0,28,36;0,0,0,37,35,0,36,0,39,28,38,39,0,0,0,22,24,0,20,0,0,38,0,22,0,0,0,26,28,27;29,0,32,0,40,31,23,38,32,0,0,0,22,0,24,35,28,36,39,0,40,26,0,35,23,21,33,0,29,0;0,29,37,28,0,39,0,24,31,39,0,0,0,0,0,0,22,20,26,20,0,36,0,30,0,39,0,0,0,0;0,27,36,31,0,0,0,0,0,20,0,29,24,38,22,22,22,32,32,39,37,23,36,33,28,0,0,25,0,23;0,0,0,30,28,27,0,32,30,0,25,34,0,0,39,38,32,0,0,26,0,0,31,0,0,0,25,0,40,40;36,0,31,29,0,27,36,0,29,24,33,36,39,29,39,0,0,0,0,0,26,31,32,32,0,30,30,32,0,24;0,28,0,24,25,0,32,0,0,0,39,0,0,35,20,0,23,29,0,30,27,0,0,22,34,0,0,28,28,38;0,28,0,0,28,39,37,31,0,0,0,27,0,0,30,40,31,39,0,29,0,0,25,0,38,20,0,0,40,35;33,37,0,26,0,28,0,31,0,0,0,28,0,24,23,0,0,0,39,0,0,34,20,36,33,0,26,27,35,0;21,0,40,21,0,20,26,33,0,0,0,0,21,30,36,0,35,39,0,27,39,0,33,0,25,35,0,0,38,0;0,0,0,25,0,0,27,38,0,39,0,40,0,0,36,31,24,35,0,0,23,32,23,38,24,36,27,29,0,25;24,26,39,39,0,25,38,39,0,0,26,26,31,0,0,28,21,0,35,25,27,32,25,36,0,28,0,0,0,22;21,0,39,0,0,21,40,0,0,21,32,0,0,0,0,24,21,27,0,0,28,0,0,0,30,30,24,0,28,33;39,0,0,23,0,26,38,0,0,30,39,0,29,0,40,0,31,0,0,0,0,35,28,39,0,0,29,24,0,30;0,0,0,32,27,0,29,31,21,0,30,39,29,38,40,0,0,33,0,0,37,0,0,0,0,0,35,40,37,0;37,32,36,0,39,32,0,27,29,23,32,33,0,32,0,35,21,0,37,25,0,21,26,20,34,0,28,32,0,28;0,33,36,0,21,36,0,28,0,33,0,0,0,22,21,0,0,0,0,37,36,36,0,20,0,22,0,0,0,0;0,26,0,0,31,30,0,40,21,28,23,0,20,22,37,40,29,30,0,0,22,39,0,0,26,0,27,0,0,0;27,40,0,33,25,21,39,28,0,32,0,24,36,22,0,32,27,31,20,24,0,28,34,0,40,25,0,36,36,20;40,0,0,0,21,20,32,24,38,28,0,29,24,20,0,37,0,0,0,0,39,0,32,34,30,40,33,23,25,0;28,0,0,29,33,0,22,0,0,33,40,40,37,32,20,39,25,0,0,0,35,0,0,40,0,30,21,40,30,33;0,0,27,23,0,27,36,40,33,0,35,27,0,0,26,0,32,35,23,0,24,0,21,0,38,0,0,20,39,37;0,0,0,36,35,22,36,21,33,0,32,0,21,27,0,36,0,0,0,0,0,20,28,0,0,0,39,23,0,40;0,39,38,35,0,30,25,29,0,0,0,0,39,38,0,35,34,35,23,37,33,32,0,0,39,0,0,0,34,0;29,0,39,0,0,35,28,0,34,0,39,22,0,0,0,34,0,20,0,0,34,20,28,24,38,0,0,26,0,0;0,34,37,0,22,0,35,32,23,24,0,0,39,0,35,34,30,0,37,38,0,0,0,27,38,21,0,0,38,0;38,34,0,35,25,0,0,29,0,39,0,35,0,26,23,25,0,0,32,39,24,0,0,28,37,40,0,0,0,22;29,0,21,22,0,0,35,27,40,30,0,38,0,0,0,39,21,33,0,25,36,23,0,32,37,26,25,22,28,0
0,27,0,0,0,0,0,0,0,-13,0,0,-35,0,22,0,0,0,0,0,-1,0,0,0,0,0,0,0,0,0
------------- End of Scenario k = 5 -------
0,0,52,0,0,36,71,71,34,0,78,0,54,29,0,43,0,72,0,0,21,80,0,60,68,0,38,0,35,52;0,0,80,71,32,0,71,0,52,0,0,0,80,27,66,0,61,34,41,49,77,47,40,45,60,23,62,0,52,66;0,0,0,60,38,0,41,0,66,70,37,44,0,0,0,66,22,0,59,0,0,22,0,60,0,0,0,32,64,59;46,0,58,0,72,41,49,77,41,0,0,0,29,0,76,78,42,80,74,0,41,51,0,29,71,55,29,0,53,0;0,53,50,70,0,24,0,33,57,70,0,0,0,0,0,0,35,46,75,44,0,30,0,20,0,49,0,0,0,0;0,37,28,61,0,0,0,0,0,78,0,25,72,46,65,27,73,34,28,70,62,43,66,21,42,0,0,73,0,43;0,0,0,26,23,45,0,23,22,0,57,68,0,0,21,30,73,0,0,55,0,0,77,0,0,0,80,0,72,63;43,0,41,30,0,23,67,0,63,66,70,43,50,45,61,0,0,0,0,0,29,55,22,26,0,57,60,31,0,54;0,76,0,35,29,0,65,0,0,0,80,0,0,30,59,0,32,61,0,66,80,0,0,35,26,0,0,20,29,62;0,20,0,0,39,24,70,58,0,0,0,33,0,0,51,45,66,64,0,71,0,0,32,0,32,22,0,0,21,65;48,56,0,60,0,75,0,41,0,0,0,56,0,42,31,0,0,0,38,0,0,27,27,34,50,0,58,55,23,0;56,0,20,53,0,20,38,67,0,0,0,0,77,80,51,0,55,74,0,29,80,0,44,0,69,44,0,0,24,0;0,0,0,80,0,0,52,76,0,68,0,51,0,0,43,34,66,30,0,0,60,66,43,22,54,20,27,74,0,40;45,57,43,50,0,70,24,45,0,0,23,47,67,0,0,72,70,0,30,58,55,50,39,26,0,44,0,0,0,59;46,0,65,0,0,67,73,0,0,34,67,0,0,0,0,46,28,26,0,0,52,0,0,0,23,80,42,0,44,70;68,0,0,52,0,67,65,0,0,27,40,0,80,0,60,0,42,0,0,0,0,62,28,47,0,0,70,68,0,80;0,0,0,25,61,0,54,61,61,0,62,38,80,46,71,0,0,69,0,0,59,0,0,0,0,0,27,38,54,0;27,71,65,0,75,63,0,78,22,27,55,35,0,49,0,57,62,0,60,71,0,59,80,34,75,0,34,41,0,69;0,42,52,0,34,69,0,31,0,54,0,0,0,50,34,0,0,0,0,80,39,65,0,29,0,74,0,0,0,0;0,51,0,0,23,59,0,77,62,36,44,0,33,28,27,31,55,80,0,0,64,37,0,0,80,0,35,0,0,0;26,75,0,80,38,47,25,55,0,61,0,66,43,31,0,30,32,43,50,65,0,64,27,0,20,78,0,45,27,63;32,0,0,0,73,65,75,76,49,30,0,53,58,37,0,65,0,0,0,0,31,0,33,29,71,78,50,68,66,0;42,0,0,24,47,0,23,0,0,79,77,67,60,59,78,26,34,0,0,0,34,0,0,55,0,62,35,27,71,27;0,0,28,66,0,70,24,65,73,0,33,77,0,0,34,0,49,62,26,0,20,0,34,0,80,0,0,26,55,62;0,0,0,52,24,47,49,65,67,0,40,0,29,57,0,65,0,0,0,0,0,71,45,0,0,0,80,47,0,29;0,29,57,20,0,20,28,41,0,0,0,0,70,32,0,51,79,71,79,68,38,72,0,0,55,0,0,0,65,0;43,0,40,0,0,80,22,0,75,0,25,34,0,0,0,74,0,57,0,0,55,21,77,33,71,0,0,80,0,0;0,66,31,0,27,0,22,76,23,28,0,0,26,0,56,73,71,0,21,48,0,0,0,59,44,34,0,0,34,0;56,47,0,44,50,0,0,69,0,42,0,46,0,80,65,45,0,0,44,39,72,0,0,65,76,50,0,0,0,73;67,0,64,28,0,0,45,66,67,71,0,22,0,0,0,66,71,25,0,74,22,63,0,59,74,48,63,78,55,0
0,0,27,0,0,22,22,24,24,0,24,0,32,26,0,30,0,34,0,0,25,40,0,27,23,0,34,0,26,34;0,0,14,33,22,0,32,0,40,0,0,0,22,33,34,0,29,25,32,22,30,26,24,35,20,37,30,0,37,27;0,0,0,32,39,0,18,0,21,21,24,35,0,0,0,36,38,0,33,0,0,27,0,25,0,0,0,30,33,31;28,0,22,0,37,40,38,29,30,0,0,0,22,0,38,26,23,26,34,0,27,21,0,34,25,27,35,0,37,0;0,35,32,21,0,38,0,25,39,34,0,0,0,0,0,0,40,27,23,24,0,22,0,22,0,24,0,0,0,0;0,40,38,24,0,0,0,0,0,34,0,27,25,30,36,37,38,30,27,39,23,22,28,28,25,0,0,23,0,22;0,0,0,21,36,22,0,37,39,0,29,28,0,0,29,36,20,0,0,20,0,0,34,0,0,0,20,0,33,28;40,0,22,24,0,40,39,0,30,37,31,30,29,20,22,0,0,0,0,0,36,23,31,20,0,28,31,39,0,39;0,31,0,40,32,0,20,0,0,0,29,0,0,31,28,0,26,31,0,31,18,0,0,35,26,0,0,23,30,27;0,38,0,0,40,38,38,40,0,0,0,26,0,0,33,24,39,40,0,37,0,0,31,0,38,34,0,0,22,37;23,22,0,31,0,34,0,31,0,0,0,36,0,27,34,0,0,0,34,0,0,38,22,28,34,0,26,20,38,0;26,0,31,40,0,34,31,27,0,0,0,0,20,24,22,0,35,32,0,23,40,0,23,0,22,20,0,0,37,0;0,0,0,29,0,0,28,39,0,34,0,25,0,0,33,34,25,33,0,0,29,23,20,32,35,39,30,40,0,25;35,34,36,38,0,23,40,36,0,0,34,32,33,0,0,36,29,0,38,30,22,40,36,37,0,40,0,0,0,29;28,0,39,0,0,39,25,0,0,22,25,0,0,0,0,38,29,24,0,0,23,0,0,0,23,27,21,0,40,20;23,0,0,32,0,38,28,0,0,34,24,0,35,0,39,0,39,0,0,0,0,35,21,23,0,0,37,29,0,20;0,0,0,40,25,0,27,32,33,0,29,28,22,38,28,0,0,38,0,0,33,0,0,0,0,0,31,32,38,0;39,40,23,0,31,24,0,39,32,32,25,36,0,23,0,35,26,0,34,40,0,29,35,26,29,0,30,40,0,32;0,22,24,0,33,36,0,40,0,40,0,0,0,29,40,0,0,0,0,28,26,31,0,23,0,38,0,0,0,0;0,26,0,0,22,29,0,35,34,32,36,0,36,39,38,25,37,26,0,0,26,35,0,0,34,0,34,0,0,0;23,26,0,21,27,23,40,32,0,36,0,30,27,30,0,23,26,33,40,36,0,33,34,0,38,31,0,39,30,35;32,0,0,0,25,37,37,23,26,25,0,25,40,24,0,28,0,0,0,0,27,0,27,35,23,27,33,40,36,0;23,0,0,22,23,0,35,0,0,36,22,40,25,24,26,21,25,0,0,0,33,0,0,36,0,30,28,39,37,28;0,0,31,31,0,39,24,28,28,0,28,40,0,0,27,0,26,32,40,0,33,0,29,0,37,0,0,36,20,28;0,0,0,31,23,31,36,28,29,0,33,0,27,21,0,26,0,0,0,0,0,21,33,0,0,0,33,40,0,40;0,25,35,29,0,38,29,33,0,0,0,0,40,22,0,28,28,38,37,37,29,22,0,0,30,0,0,0,31,0;34,0,21,0,0,36,37,0,33,0,20,30,0,0,0,33,0,31,0,0,23,34,38,30,30,0,0,38,0,0;0,27,31,0,38,0,28,34,36,36,0,0,36,0,33,22,31,0,34,35,0,0,0,33,32,39,0,0,35,0;30,37,0,33,29,0,0,20,0,36,0,38,0,36,26,25,0,0,21,27,27,0,0,20,36,23,0,0,0,28;40,0,31,24,0,0,21,29,27,23,0,37,0,0,0,37,29,33,0,35,34,36,0,40,31,40,36,25,33,0
0,14,0,0,0,0,0,0,0,-10,0,0,-24,0,21,0,0,0,0,0,-1,0,0,0,0,0,0,0,0,0
------------- End of Scenario k = 6 -------
0,0,41,0,0,55,48,80,64,0,42,0,57,40,0,77,0,24,0,0,73,42,0,37,36,0,63,0,60,37;0,0,36,46,27,0,47,0,42,0,0,0,80,64,34,0,78,69,28,31,38,42,42,79,59,80,76,0,20,74;0,0,0,25,78,0,69,0,39,66,44,64,0,0,0,65,77,0,33,0,0,78,0,55,0,0,0,71,72,31;63,0,70,0,79,30,59,21,25,0,0,0,69,0,28,79,27,48,48,0,45,66,0,21,79,44,38,0,78,0;0,54,66,70,0,25,0,72,59,79,0,0,0,0,0,0,35,71,51,31,0,60,0,79,0,47,0,0,0,0;0,20,30,71,0,0,0,0,0,35,0,20,70,43,31,55,77,38,67,43,27,65,64,45,31,0,0,71,0,35;0,0,0,46,44,64,0,80,55,0,75,20,0,0,40,55,42,0,0,73,0,0,20,0,0,0,22,0,63,57;53,0,53,48,0,35,77,0,57,60,45,66,74,34,45,0,0,0,0,0,73,55,31,72,0,79,36,54,0,66;0,34,0,78,62,0,34,0,0,0,80,0,0,52,77,0,75,75,0,71,66,0,0,55,70,0,0,56,46,76;0,35,0,0,38,37,55,48,0,0,0,60,0,0,68,61,49,30,0,20,0,0,53,0,29,78,0,0,27,72;46,59,0,77,0,78,0,52,0,0,0,25,0,38,24,0,0,0,34,0,0,58,67,43,25,0,41,20,41,0;33,0,67,70,0,54,43,23,0,0,0,0,25,29,58,0,58,63,0,23,77,0,54,0,48,78,0,0,26,0;0,0,0,45,0,0,78,41,0,42,0,76,0,0,27,28,54,54,0,0,43,37,20,76,36,77,38,42,0,64;71,59,20,39,0,32,79,66,0,0,73,36,60,0,0,55,71,0,63,37,27,44,20,30,0,58,0,0,0,54;45,0,21,0,0,20,50,0,0,37,50,0,0,0,0,27,57,62,0,0,43,0,0,0,70,61,32,0,26,38;54,0,0,80,0,29,66,0,0,79,20,0,52,0,56,0,80,0,0,0,0,40,63,50,0,0,68,50,0,46;0,0,0,80,64,0,56,68,34,0,57,20,52,20,32,0,0,80,0,0,63,0,0,0,0,0,63,52,51,0;45,77,27,0,22,76,0,50,22,50,33,63,0,73,0,71,71,0,80,53,0,71,37,72,58,0,70,42,0,39;0,71,40,0,55,47,0,36,0,75,0,0,0,33,31,0,0,0,0,37,75,80,0,49,0,78,0,0,0,0;0,66,0,0,70,76,0,48,51,62,76,0,67,70,54,45,35,70,0,0,74,47,0,0,56,0,69,0,0,0;41,26,0,23,57,33,29,27,0,38,0,24,48,68,0,74,32,44,79,35,0,39,63,0,65,64,0,27,58,57;27,0,0,0,43,52,38,55,48,21,0,67,61,59,0,80,0,0,0,0,68,0,66,33,74,61,39,38,31,0;38,0,0,59,57,0,75,0,0,62,26,78,75,77,51,51,70,0,0,0,42,0,0,28,0,54,42,70,49,39;0,0,58,78,0,57,64,56,66,0,49,78,0,0,66,0,35,79,60,0,64,0,34,0,73,0,0,77,23,53;0,0,0,64,35,64,29,73,57,0,26,0,62,64,0,54,0,0,0,0,0,66,27,0,0,0,27,69,0,46;0,41,63,55,0,77,45,51,0,0,0,0,52,71,0,63,34,22,31,59,79,26,0,0,73,0,0,0,62,0;43,0,28,0,0,34,36,0,72,0,43,66,0,0,0,32,0,44,0,0,67,63,46,26,74,0,0,71,0,0;0,61,47,0,25,0,80,56,54,33,0,0,50,0,35,56,78,0,75,61,0,0,0,67,45,22,0,0,42,0;48,25,0,47,63,0,0,47,0,44,0,49,0,51,65,47,0,0,76,38,23,0,0,29,62,73,0,0,0,80;33,0,29,20,0,0,78,66,54,80,0,42,0,0,0,26,48,45,0,68,54,37,0,51,26,53,60,65,58,0
0,0,35,0,0,30,27,36,30,0,37,0,21,29,0,35,0,32,0,0,32,27,0,39,33,0,37,0,38,26;0,0,36,40,25,0,23,0,21,0,0,0,29,21,31,0,33,37,40,22,40,30,26,21,32,21,20,0,25,30;0,0,0,24,39,0,40,0,28,24,34,39,0,0,0,34,35,0,31,0,0,27,0,23,0,0,0,23,21,29;33,0,36,0,31,21,22,24,40,0,0,0,28,0,33,24,28,21,36,0,38,31,0,27,26,25,27,0,33,0;0,32,29,34,0,35,0,32,25,35,0,0,0,0,0,0,30,23,20,25,0,33,0,26,0,34,0,0,0,0;0,39,36,21,0,0,0,0,0,36,0,23,35,38,26,29,26,24,30,29,29,36,35,29,22,0,0,33,0,34;0,0,0,33,27,22,0,28,33,0,35,22,0,0,36,29,26,0,0,32,0,0,35,0,0,0,38,0,39,38;26,0,30,32,0,21,24,0,31,34,33,29,26,39,37,0,0,0,0,0,35,32,34,22,0,40,26,29,0,32;0,32,0,28,20,0,38,0,0,0,30,0,0,32,33,0,20,23,0,28,29,0,0,33,30,0,0,30,24,33;0,21,0,0,32,30,34,24,0,0,0,30,0,0,28,31,21,30,0,24,0,0,34,0,29,25,0,0,23,30;28,40,0,20,0,20,0,38,0,0,0,30,0,21,31,0,0,0,22,0,0,26,25,25,33,0,21,31,31,0;22,0,22,31,0,35,34,31,0,0,0,0,32,25,39,0,21,38,0,26,37,0,31,0,30,23,0,0,23,0;0,0,0,38,0,0,31,24,0,22,0,30,0,0,35,29,39,34,0,0,36,27,35,36,31,24,26,30,0,27;20,35,40,37,0,24,27,20,0,0,38,39,24,0,0,35,28,0,23,39,28,33,22,20,0,21,0,0,0,23;22,0,34,0,0,33,23,0,0,26,33,0,0,0,0,30,40,40,0,0,31,0,0,0,37,28,27,0,28,33;21,0,0,29,0,36,22,0,0,24,30,0,36,0,39,0,24,0,0,0,0,26,22,26,0,0,40,28,0,35;0,0,0,28,27,0,36,38,23,0,37,27,19,38,33,0,0,22,0,0,21,0,0,0,0,0,28,39,29,0;21,28,35,0,29,38,0,29,36,20,27,25,0,25,0,28,28,0,38,38,0,21,29,23,25,0,23,27,0,34;0,36,33,0,28,40,0,20,0,34,0,0,0,37,35,0,0,0,0,29,25,36,0,31,0,28,0,0,0,0;0,37,0,0,24,26,0,25,33,22,23,0,35,31,23,22,29,21,0,0,34,39,0,0,26,0,22,0,0,0;20,22,0,38,34,35,23,29,0,23,0,35,37,24,0,29,35,23,25,29,0,37,27,0,27,35,0,38,28,27;29,0,0,0,37,37,27,32,36,32,0,28,27,30,0,38,0,0,0,0,27,0,22,35,37,22,36,28,32,0;26,0,0,23,33,0,36,0,0,24,27,20,27,37,29,23,22,0,0,0,28,0,0,36,0,35,26,22,27,26;0,0,34,26,0,31,27,22,27,0,37,35,0,0,22,0,25,28,27,0,21,0,22,0,33,0,0,29,39,37;0,0,0,30,32,26,20,32,29,0,22,0,32,21,0,25,0,0,0,0,0,26,35,0,0,0,34,27,0,40;0,29,35,23,0,29,36,32,0,0,0,0,31,39,0,35,30,23,21,36,31,26,0,0,40,0,0,0,23,0;24,0,21,0,0,33,34,0,31,0,31,24,0,0,0,32,0,36,0,0,37,25,33,27,20,0,0,34,0,0;0,22,39,0,23,0,36,36,28,24,0,0,38,0,24,31,20,0,29,36,0,0,0,23,25,36,0,0,19,0;29,21,0,23,39,0,0,22,0,23,0,23,0,31,32,29,0,0,27,26,22,0,0,20,30,38,0,0,0,38;35,0,37,21,0,0,39,30,34,20,0,30,0,0,0,40,40,26,0,23,22,24,0,29,23,35,30,21,30,0
0,24,0,0,0,0,0,0,0,-8,0,0,-12,0,17,0,0,0,0,0,-21,0,0,0,0,0,0,0,0,0
------------- End of Scenario k = 7 -------
0,0,60,0,0,76,39,31,73,0,64,0,60,72,0,62,0,70,0,0,73,74,0,60,37,0,48,0,43,60;0,0,63,69,73,0,77,0,21,0,0,0,80,21,38,0,33,80,67,35,49,55,80,54,44,52,32,0,42,65;0,0,0,55,70,0,60,0,23,52,21,54,0,0,0,35,54,0,39,0,0,22,0,36,0,0,0,75,52,69;56,0,48,0,41,58,78,56,66,0,0,0,60,0,63,44,39,48,60,0,36,77,0,26,77,50,80,0,53,0;0,68,47,22,0,25,0,59,39,52,0,0,0,0,0,0,52,61,32,49,0,39,0,72,0,79,0,0,0,0;0,32,37,55,0,0,0,0,0,70,0,27,50,23,56,62,39,24,21,29,56,59,43,30,58,0,0,63,0,52;0,0,0,24,31,76,0,51,60,0,32,56,0,0,78,57,58,0,0,63,0,0,41,0,0,0,74,0,38,79;53,0,53,63,0,79,65,0,41,46,40,58,64,41,71,0,0,0,0,0,48,74,28,38,0,71,67,22,0,50;0,20,0,26,41,0,52,0,0,0,53,0,0,71,54,0,35,79,0,32,63,0,0,64,24,0,0,38,64,76;0,47,0,0,37,80,34,29,0,0,0,65,0,0,37,51,73,78,0,40,0,0,49,0,44,32,0,0,20,59;44,74,0,59,0,21,0,28,0,0,0,80,0,43,63,0,0,0,35,0,0,61,53,52,72,0,31,56,63,0;41,0,65,35,0,21,62,71,0,0,0,0,48,80,78,0,76,63,0,72,77,0,59,0,73,48,0,0,53,0;0,0,0,43,0,0,75,28,0,59,0,26,0,0,48,78,27,38,0,0,64,55,80,35,40,58,44,62,0,67;67,22,57,43,0,56,74,73,0,0,64,23,20,0,0,47,42,0,65,62,68,71,48,66,0,26,0,0,0,31;63,0,41,0,0,60,71,0,0,41,42,0,0,0,0,80,30,62,0,0,57,0,0,0,58,52,29,0,41,74;80,0,0,58,0,75,40,0,0,47,37,0,71,0,57,0,63,0,0,0,0,53,56,33,0,0,60,46,0,35;0,0,0,53,61,0,37,49,54,0,66,22,68,35,52,0,0,80,0,0,78,0,0,0,0,0,33,79,35,0;36,27,44,0,33,75,0,66,27,34,43,34,0,33,0,59,65,0,28,75,0,51,35,58,20,0,29,48,0,74;0,60,49,0,28,49,0,61,0,62,0,0,0,63,64,0,0,0,0,80,62,79,0,47,0,43,0,0,0,0;0,49,0,0,23,74,0,30,40,80,33,0,76,43,60,46,71,69,0,0,40,35,0,0,71,0,59,0,0,0;38,67,0,21,28,50,74,57,0,63,0,77,33,48,0,49,75,37,31,66,0,41,34,0,26,48,0,66,22,40;37,0,0,0,41,58,30,56,54,62,0,70,52,44,0,49,0,0,0,0,59,0,80,51,27,32,24,73,44,0;62,0,0,45,50,0,68,0,0,72,31,25,71,49,22,47,32,0,0,0,63,0,0,80,0,60,50,25,64,37;0,0,49,32,0,63,69,53,25,0,47,66,0,0,70,0,21,27,38,0,49,0,47,0,60,0,0,63,72,38;0,0,0,62,74,47,26,66,35,0,27,0,26,66,0,36,0,0,0,0,0,55,29,0,0,0,80,33,0,22;0,28,51,32,0,45,30,27,0,0,0,0,67,43,0,25,52,51,70,58,46,29,0,0,40,0,0,0,25,0;60,0,70,0,0,23,36,0,70,0,45,21,0,0,0,43,0,44,0,0,43,31,75,32,26,0,0,34,0,0;0,75,50,0,31,0,37,26,65,24,0,0,73,0,40,57,38,0,55,28,0,0,0,35,74,71,0,0,33,0;62,60,0,24,32,0,0,54,0,71,0,21,0,79,36,72,0,0,68,71,22,0,0,76,44,63,0,0,0,80;78,0,22,43,0,0,24,25,45,71,0,74,0,0,0,33,61,78,0,30,65,54,0,22,63,53,65,42,31,0
0,0,22,0,0,36,35,31,25,0,36,0,30,35,0,33,0,27,0,0,29,36,0,30,23,0,34,0,36,25;0,0,25,28,32,0,24,0,38,0,0,0,13,35,38,0,34,20,20,21,29,25,20,22,35,20,39,0,39,21;0,0,0,35,34,0,38,0,30,20,30,33,0,0,0,39,21,0,34,0,0,20,0,40,0,0,0,36,37,26;24,0,31,0,23,29,32,40,29,0,0,0,31,0,32,34,31,29,23,0,28,24,0,20,33,30,32,0,21,0;0,31,40,25,0,33,0,30,39,35,0,0,0,0,0,0,34,30,30,34,0,35,0,26,0,36,0,0,0,0;0,24,29,26,0,0,0,0,0,39,0,27,33,21,25,26,29,39,25,28,37,25,28,39,31,0,0,34,0,24;0,0,0,26,30,39,0,33,36,0,31,30,0,0,22,25,37,0,0,39,0,0,34,0,0,0,40,0,28,22;24,0,34,27,0,28,27,0,34,36,28,24,23,30,40,0,0,0,0,0,25,24,37,39,0,30,31,37,0,23;0,37,0,31,24,0,32,0,0,0,12,0,0,40,21,0,32,23,0,36,40,0,0,32,34,0,0,35,33,23;0,38,0,0,26,23,20,32,0,0,0,23,0,0,39,25,27,35,0,22,0,0,24,0,35,31,0,0,20,38;28,24,0,33,0,29,0,34,0,0,0,20,0,20,35,0,0,0,26,0,0,23,23,27,20,0,26,39,40,0;37,0,39,34,0,36,25,22,0,0,0,0,35,13,39,0,25,28,0,31,26,0,40,0,33,33,0,0,22,0;0,0,0,35,0,0,26,28,0,37,0,27,0,0,35,31,23,21,0,0,29,28,27,25,21,27,35,25,0,20;26,28,23,26,0,21,25,21,0,0,38,22,37,0,0,33,38,0,22,33,29,25,23,33,0,20,0,0,0,25;36,0,40,0,0,30,26,0,0,20,24,0,0,0,0,22,20,33,0,0,21,0,0,0,33,38,21,0,40,35;22,0,0,30,0,35,28,0,0,26,34,0,22,0,40,0,31,0,0,0,0,35,39,25,0,0,30,33,0,32;0,0,0,36,30,0,21,37,39,0,31,26,19,23,32,0,0,38,0,0,22,0,0,0,0,0,33,22,24,0;20,40,31,0,29,24,0,24,25,39,24,28,0,24,0,24,28,0,17,26,0,33,29,33,21,0,34,35,0,36;0,32,28,0,30,39,0,30,0,40,0,0,0,32,34,0,0,0,0,16,26,30,0,31,0,30,0,0,0,0;0,40,0,0,26,31,0,23,29,22,27,0,24,39,32,38,28,22,0,0,28,40,0,0,31,0,40,0,0,0;25,35,0,30,34,38,39,28,0,23,0,35,38,21,0,31,28,31,27,32,0,27,33,0,39,27,0,40,33,35;23,0,0,0,39,40,30,29,29,34,0,31,27,32,0,25,0,0,0,0,31,0,21,39,37,22,32,34,38,0;26,0,0,27,24,0,40,0,0,39,40,33,40,40,34,31,29,0,0,0,21,0,0,28,0,25,38,28,28,20;0,0,35,26,0,29,25,30,32,0,34,21,0,0,39,0,31,31,27,0,34,0,28,0,33,0,0,24,28,30;0,0,0,38,35,37,38,35,39,0,33,0,37,36,0,20,0,0,0,0,0,32,37,0,0,0,21,37,0,35;0,21,35,27,0,26,33,36,0,0,0,0,20,39,0,28,35,36,22,23,32,37,0,0,38,0,0,0,22,0;37,0,39,0,0,30,30,0,23,0,26,40,0,0,0,36,0,32,0,0,33,39,38,39,34,0,0,37,0,0;0,23,40,0,40,0,21,37,30,32,0,0,22,0,24,29,29,0,34,20,0,0,0,21,37,37,0,0,28,0;22,23,0,28,38,0,0,28,0,25,0,29,0,33,29,27,0,0,36,30,23,0,0,28,29,29,0,0,0,39;29,0,40,23,0,0,27,24,35,35,0,25,0,0,0,36,25,35,0,25,26,33,0,32,21,23,34,32,29,0
0,12,0,0,0,0,0,0,0,-2,0,0,-24,0,16,0,0,0,0,0,-2,0,0,0,0,0,0,0,0,0
------------- End of Scenario k = 8 -------
0,0,37,0,0,21,29,51,73,0,61,0,69,69,0,54,0,71,0,0,55,36,0,44,47,0,69,0,24,58;0,0,80,36,75,0,54,0,24,0,0,0,46,42,67,0,59,41,77,73,50,48,57,36,41,48,35,0,28,36;0,0,0,29,33,0,80,0,34,40,37,58,0,0,0,66,38,0,45,0,0,51,0,36,0,0,0,60,69,33;68,0,35,0,49,46,30,71,42,0,0,0,58,0,37,46,71,59,62,0,24,22,0,28,39,47,45,0,20,0;0,21,44,75,0,73,0,49,33,21,0,0,0,0,0,0,32,51,79,66,0,75,0,43,0,23,0,0,0,0;0,38,41,42,0,0,0,0,0,41,0,76,44,78,40,31,33,75,51,53,71,24,73,61,43,0,0,37,0,27;0,0,0,40,31,73,0,75,50,0,60,64,0,0,46,50,70,0,0,77,0,0,77,0,0,0,35,0,30,46;55,0,35,21,0,24,60,0,80,68,33,38,24,58,21,0,0,0,0,0,46,56,76,29,0,33,77,63,0,74;0,40,0,53,54,0,25,0,0,0,80,0,0,56,53,0,30,61,0,32,23,0,0,33,49,0,0,54,73,77;0,30,0,0,50,75,47,78,0,0,0,57,0,0,64,21,63,44,0,58,0,0,69,0,47,76,0,0,59,40;24,29,0,60,0,71,0,40,0,0,0,80,0,65,27,0,0,0,79,0,0,76,29,43,68,0,68,52,23,0;73,0,20,55,0,44,53,29,0,0,0,0,31,75,25,0,27,56,0,76,74,0,54,0,76,78,0,0,54,0;0,0,0,72,0,0,28,65,0,26,0,24,0,0,59,52,23,20,0,0,26,33,73,39,59,46,27,72,0,25;32,36,57,44,0,64,61,80,0,0,64,47,22,0,0,46,64,0,67,49,71,45,32,63,0,78,0,0,0,39;57,0,60,0,0,70,68,0,0,50,73,0,0,0,0,75,46,74,0,0,40,0,0,0,74,60,35,0,75,54;74,0,0,41,0,60,26,0,0,52,34,0,26,0,75,0,80,0,0,0,0,28,35,25,0,0,72,31,0,32;0,0,0,52,36,0,61,42,22,0,62,56,66,20,78,0,0,80,0,0,43,0,0,0,0,0,74,56,59,0;71,57,36,0,72,29,0,63,75,61,30,47,0,24,0,58,46,0,80,32,0,69,44,25,71,0,73,71,0,46;0,64,28,0,26,38,0,68,0,56,0,0,0,40,44,0,0,0,0,43,63,61,0,68,0,26,0,0,0,0;0,53,0,0,56,56,0,32,35,58,46,0,61,68,26,35,21,55,0,0,32,49,0,0,76,0,40,0,0,0;35,44,0,40,24,45,74,49,0,73,0,33,61,72,0,43,23,25,65,66,0,38,35,0,66,49,0,47,59,34;45,0,0,0,30,53,51,55,22,63,0,74,28,47,0,36,0,0,0,0,20,0,80,24,28,36,36,37,65,0;24,0,0,50,53,0,73,0,0,79,67,20,79,20,38,51,40,0,0,0,65,0,0,80,0,38,72,47,77,79;0,0,37,39,0,25,39,46,73,0,41,37,0,0,75,0,52,76,67,0,68,0,62,0,58,0,0,79,71,40;0,0,0,71,80,75,38,78,41,0,36,0,50,70,0,56,0,0,0,0,0,38,67,0,0,0,80,33,0,39;0,46,51,55,0,55,34,80,0,0,0,0,20,67,0,63,69,58,69,58,23,64,0,0,56,0,0,0,62,0;31,0,60,0,0,54,37,0,78,0,31,42,0,0,0,31,0,42,0,0,66,52,63,61,32,0,0,80,0,0;0,54,22,0,50,0,23,66,79,52,0,0,69,0,69,55,30,0,30,28,0,0,0,35,38,26,0,0,61,0;30,40,0,21,28,0,0,72,0,78,0,35,0,25,59,79,0,0,23,29,35,0,0,43,20,45,0,0,0,78;43,0,52,34,0,0,75,57,38,61,0,30,0,0,0,37,66,53,0,28,72,71,0,21,20,64,22,57,78,0
0,0,32,0,0,36,29,32,33,0,27,0,30,32,0,27,0,31,0,0,30,21,0,31,23,0,37,0,32,22;0,0,40,20,24,0,25,0,33,0,0,0,40,20,28,0,23,30,37,20,22,24,34,25,35,29,34,0,30,26;0,0,0,27,36,0,29,0,22,32,25,31,0,0,0,37,25,0,36,0,0,25,0,27,0,0,0,22,23,21;29,0,38,0,31,34,32,31,36,0,0,0,37,0,33,36,20,20,25,0,31,24,0,20,27,25,28,0,28,0;0,37,37,25,0,30,0,23,35,28,0,0,0,0,0,0,34,27,26,23,0,26,0,31,0,36,0,0,0,0;0,22,20,40,0,0,0,0,0,25,0,34,25,36,35,29,31,37,34,31,37,36,31,38,29,0,0,28,0,21;0,0,0,21,37,28,0,40,31,0,39,31,0,0,21,22,22,0,0,21,0,0,39,0,0,0,33,0,23,20;27,0,24,33,0,25,27,0,30,35,38,34,32,33,39,0,0,0,0,0,38,32,27,31,0,38,32,21,0,23;0,20,0,24,40,0,39,0,0,0,36,0,0,33,23,0,22,27,0,23,31,0,0,29,26,0,0,39,26,20;0,29,0,0,21,27,23,38,0,0,0,31,0,0,26,24,23,40,0,36,0,0,35,0,37,40,0,0,25,35;20,23,0,30,0,40,0,27,0,0,0,35,0,33,24,0,0,0,30,0,0,23,23,31,36,0,35,27,40,0;25,0,39,38,0,21,27,39,0,0,0,0,37,32,22,0,37,23,0,27,20,0,26,0,34,29,0,0,21,0;0,0,0,26,0,0,38,31,0,25,0,27,0,0,30,32,26,34,0,0,29,24,33,22,31,34,20,25,0,28;37,32,29,30,0,37,39,38,0,0,23,23,29,0,0,34,34,0,27,21,28,22,21,33,0,22,0,0,0,21;34,0,40,0,0,36,24,0,0,38,34,0,0,0,0,30,37,32,0,0,33,0,0,0,38,26,35,0,30,20;28,0,0,31,0,36,36,0,0,28,40,0,32,0,25,0,38,0,0,0,0,21,22,30,0,0,31,36,0,33;0,0,0,40,24,0,20,29,37,0,27,30,26,30,24,0,0,36,0,0,29,0,0,0,0,0,39,32,30,0;32,34,23,0,31,20,0,26,22,24,35,26,0,34,0,29,34,0,25,23,0,32,40,34,22,0,34,20,0,40;0,28,20,0,29,27,0,40,0,22,0,0,0,33,39,0,0,0,0,22,28,38,0,34,0,30,0,0,0,0;0,32,0,0,28,33,0,29,39,36,28,0,27,25,26,24,35,30,0,0,20,37,0,0,33,0,38,0,0,0;40,30,0,22,37,26,32,28,0,25,0,36,30,38,0,24,29,38,29,33,0,38,31,0,20,27,0,33,28,29;21,0,0,0,27,36,22,40,25,22,0,40,28,22,0,28,0,0,0,0,24,0,39,22,36,35,36,25,27,0;29,0,0,34,28,0,40,0,0,23,22,28,37,27,31,24,38,0,0,0,25,0,0,30,0,30,30,23,31,30;0,0,29,23,0,33,26,23,40,0,34,37,0,0,30,0,34,21,21,0,26,0,26,0,25,0,0,36,39,20;0,0,0,23,37,24,33,24,34,0,32,0,23,31,0,27,0,0,0,0,0,21,29,0,0,0,35,28,0,20;0,25,24,31,0,33,25,34,0,0,0,0,30,36,0,22,36,35,36,23,29,40,0,0,37,0,0,0,30,0;24,0,37,0,0,40,20,0,27,0,33,30,0,0,0,27,0,27,0,0,21,27,31,31,24,0,0,30,0,0;0,27,20,0,33,0,37,21,39,24,0,0,29,0,27,31,24,0,23,26,0,0,0,29,33,38,0,0,35,0;29,38,0,22,39,0,0,27,0,32,0,20,0,20,31,30,0,0,33,23,28,0,0,34,30,36,0,0,0,39;29,0,37,32,0,0,21,39,27,28,0,32,0,0,0,25,29,31,0,27,25,20,0,32,35,34,37,21,20,0
0,29,0,0,0,0,0,0,0,-2,0,0,-41,0,21,0,0,0,0,0,-7,0,0,0,0,0,0,0,0,0
------------- End of Scenario k = 9 -------
