/ -------------------------------------------------------------------------
An instance of the stochastic Fixed - charge Network Flow Problem using NETGEN.
/ -------------------------------------------------------------------------
Number of Nodes (no Dummy node is added), n
Graph Density, density
The fixed cost to variable cost ratio, f
Adjacency Matrix, A
Fixed Cost Matrix, c
Number of scenarios, K
Scenario Probabilities, p
----The following three rows will be repeated K times.----
Var Cost Matrix, d
Capacity, u
demand, b
/ -------------------------------------------------------------------------
+
30
0.3
200
0,0,0,0,1,0,1,0,0,0,1,0,0,0,0,0,1,0,0,0,0,0,0,0,0,1,1,0,0,0;1,0,1,1,1,0,1,0,1,0,1,0,0,0,0,0,1,0,1,0,0,1,1,1,0,0,0,0,0,0;1,0,0,0,0,0,0,1,1,0,1,0,0,0,0,0,0,0,1,0,0,0,0,0,1,1,0,1,0,0;0,0,0,0,1,0,0,0,1,0,0,0,0,1,0,0,0,1,0,0,0,0,0,1,1,0,0,0,0,0;1,0,0,0,0,0,0,1,0,1,0,0,1,1,0,1,0,0,0,0,0,0,0,1,1,1,0,0,0,0;0,1,0,0,1,0,1,0,0,0,0,0,0,0,0,0,0,0,0,0,1,0,1,0,0,0,0,0,0,1;1,1,0,0,1,0,0,0,1,0,0,0,0,0,0,0,1,0,0,1,0,0,1,1,0,1,0,0,1,0;0,0,1,0,1,0,0,0,0,1,1,0,0,0,0,0,1,0,0,0,0,0,0,0,0,1,0,0,1,1;0,0,1,1,0,1,1,0,0,0,0,1,1,1,0,1,0,0,0,1,0,0,0,0,0,1,1,0,1,0;0,1,1,0,0,0,0,0,0,0,1,0,1,1,0,1,0,0,1,0,0,0,0,1,1,0,0,0,0,0;1,0,1,0,0,0,0,0,0,0,0,1,0,1,0,1,0,0,1,0,1,0,0,0,0,0,0,1,0,0;0,0,0,0,0,0,1,0,0,0,0,0,1,1,0,0,0,0,1,0,0,0,0,0,0,0,0,0,0,1;0,0,1,0,0,0,0,0,0,0,0,1,0,1,0,1,0,0,0,1,0,1,0,0,0,0,0,0,0,0;0,0,0,1,0,1,0,0,0,0,0,1,0,0,1,0,0,1,0,1,1,1,1,0,0,0,0,0,0,0;1,0,0,0,0,1,0,1,0,0,1,0,1,0,0,1,0,1,1,0,0,0,0,0,0,0,1,0,0,0;1,0,0,0,0,0,0,0,1,0,0,0,1,1,0,0,0,0,0,0,0,0,1,0,0,0,0,1,0,1;1,0,0,0,0,1,0,0,0,1,0,0,0,1,0,0,0,1,0,0,0,0,1,1,0,0,1,0,0,0;0,1,0,0,0,0,0,0,0,1,1,1,0,1,0,1,0,0,1,0,0,0,0,1,1,0,1,1,0,0;1,0,0,0,1,1,0,0,1,1,0,0,0,0,0,0,1,0,0,0,0,0,1,0,0,0,0,1,0,1;1,0,0,1,1,1,0,1,1,0,0,1,0,0,0,0,1,1,1,0,1,1,0,1,0,0,0,1,0,0;0,1,0,0,0,0,0,0,0,0,1,0,0,0,0,0,0,0,0,1,0,1,1,0,1,0,0,1,0,0;1,0,0,0,0,1,0,0,1,0,0,0,1,0,0,0,0,0,0,0,1,0,1,0,1,1,0,1,0,1;1,0,0,0,0,0,1,0,0,1,0,1,0,0,0,1,0,0,1,0,0,0,0,1,0,1,0,0,1,0;0,0,1,0,0,0,1,1,0,0,0,0,1,0,0,0,1,0,0,1,0,0,0,0,0,0,0,0,1,1;0,1,0,0,1,0,0,1,1,0,0,1,1,0,1,0,0,0,0,0,0,0,0,1,0,0,0,0,1,1;1,0,1,0,1,1,0,0,0,0,1,0,0,0,1,0,0,0,1,0,0,1,0,0,0,0,1,0,0,1;0,0,0,0,0,0,0,0,0,1,0,1,1,0,0,0,0,0,0,0,0,1,1,0,1,0,0,1,1,1;0,0,1,0,0,0,0,0,0,0,1,0,0,1,0,0,0,0,0,0,0,0,0,0,1,0,0,0,1,1;1,0,1,0,1,0,0,0,1,0,0,0,0,0,0,0,0,1,0,0,0,1,0,0,0,0,1,1,0,0;1,0,0,1,1,0,1,0,0,0,1,0,0,0,0,0,1,1,0,0,1,0,0,1,0,1,1,1,0,0
0,0,0,0,10500,0,9600,0,0,0,10620,0,0,0,0,0,6880,0,0,0,0,0,0,0,0,9680,8420,0,0,0;12500,0,12480,11300,10800,0,7959,0,9520,0,9860,0,0,0,0,0,9900,0,8920,0,0,9360,7940,12640,0,0,0,0,0,0;8220,0,0,0,0,0,0,10920,9420,0,9700,0,0,0,0,0,0,0,11120,0,0,0,0,0,11320,10760,0,9860,0,0;0,0,0,0,15200,0,0,0,9380,0,0,0,0,11020,0,0,0,10840,0,0,0,0,0,9920,9560,0,0,0,0,0;12740,0,0,0,0,0,0,10760,0,10200,0,0,9900,10980,0,10400,0,0,0,0,0,0,0,10840,14500,9980,0,0,0,0;0,10020,0,0,8860,0,12760,0,0,0,0,0,0,0,0,0,0,0,0,0,11800,0,7320,0,0,0,0,0,0,10720;9940,9680,0,0,11220,0,0,0,11780,0,0,0,0,0,0,0,9160,0,0,10360,0,0,11040,13000,0,8520,0,0,10700,0;0,0,10420,0,10340,0,0,0,0,11540,13500,0,0,0,0,0,10480,0,0,0,0,0,0,0,0,9980,0,0,11060,10540;0,0,9100,9540,0,9280,10400,0,0,0,0,8340,8640,10660,0,9880,0,0,0,11920,0,0,0,0,0,10700,8220,0,8820,0;0,10540,8980,0,0,0,0,0,0,0,8900,0,9520,13880,0,10860,0,0,11400,0,0,0,0,15119,10800,0,0,0,0,0;12060,0,11660,0,0,0,0,0,0,0,0,13740,0,11340,0,11280,0,0,10820,0,11800,0,0,0,0,0,0,9720,0,0;0,0,0,0,0,0,10300,0,0,0,0,0,12060,11100,0,0,0,0,10060,0,0,0,0,0,0,0,0,0,0,10060;0,0,9100,0,0,0,0,0,0,0,0,12200,0,11040,0,10180,0,0,0,10240,0,9880,0,0,0,0,0,0,0,0;0,0,0,9520,0,11640,0,0,0,0,0,11600,0,0,11820,0,0,8640,0,8680,12600,8620,9640,0,0,0,0,0,0,0;14019,0,0,0,0,10040,0,8760,0,0,9200,0,11120,0,0,11740,0,11920,8100,0,0,0,0,0,0,0,10120,0,0,0;8860,0,0,0,0,0,0,0,10500,0,0,0,9340,9880,0,0,0,0,0,0,0,0,10720,0,0,0,0,7559,0,9440;9720,0,0,0,0,10620,0,0,0,13200,0,0,0,9480,0,0,0,12940,0,0,0,0,9260,9300,0,0,9320,0,0,0;0,8740,0,0,0,0,0,0,0,11860,8680,10320,0,10520,0,9600,0,0,9720,0,0,0,0,12680,14680,0,10400,8300,0,0;10800,0,0,0,7920,8800,0,0,9540,9500,0,0,0,0,0,0,11380,0,0,0,0,0,9180,0,0,0,0,10400,0,9740;11840,0,0,9860,7720,8640,0,8940,11120,0,0,11380,0,0,0,0,9820,9600,9560,0,15580,9240,0,12220,0,0,0,8720,0,0;0,8440,0,0,0,0,0,0,0,0,10180,0,0,0,0,0,0,0,0,10520,0,13519,10060,0,13360,0,0,12160,0,0;10960,0,0,0,0,8540,0,0,9000,0,0,0,9180,0,0,0,0,0,0,0,8880,0,13480,0,9480,9560,0,5880,0,9940;9840,0,0,0,0,0,8040,0,0,9820,0,9940,0,0,0,11380,0,0,8800,0,0,0,0,9860,0,10800,0,0,10440,0;0,0,7740,0,0,0,9780,11660,0,0,0,0,10760,0,0,0,10220,0,0,8860,0,0,0,0,0,0,0,0,10120,9640;0,10240,0,0,11100,0,0,9740,12160,0,0,9900,11460,0,9100,0,0,0,0,0,0,0,0,12140,0,0,0,0,8040,7680;9380,0,9860,0,8140,9740,0,0,0,0,8580,0,0,0,8820,0,0,0,10020,0,0,8020,0,0,0,0,13760,0,0,10840;0,0,0,0,0,0,0,0,0,10760,0,11820,10500,0,0,0,0,0,0,0,0,10560,9360,0,12240,0,0,12660,11500,10680;0,0,10060,0,0,0,0,0,0,0,10300,0,0,9320,0,0,0,0,0,0,0,0,0,0,10300,0,0,0,13319,10060;9360,0,10420,0,9580,0,0,0,11380,0,0,0,0,0,0,0,0,10740,0,0,0,7620,0,0,0,0,9820,9040,0,0;12919,0,0,13040,9280,0,9760,0,0,0,9840,0,0,0,0,0,10520,10140,0,0,10500,0,0,12880,0,11120,10620,9060,0,0
10
0.1,0.05,0.1,0.05,0.05,0.15,0.05,0.05,0.25,0.15
--Scenarios--
0,0,0,0,76,0,47,0,0,0,73,0,0,0,0,0,24,0,0,0,0,0,0,0,0,76,46,0,0,0;80,0,44,65,69,0,52,0,55,0,20,0,0,0,0,0,23,0,37,0,0,23,30,80,0,0,0,0,0,0;60,0,0,0,0,0,0,33,33,0,64,0,0,0,0,0,0,0,28,0,0,0,0,0,26,75,0,63,0,0;0,0,0,0,80,0,0,0,31,0,0,0,0,78,0,0,0,30,0,0,0,0,0,65,33,0,0,0,0,0;32,0,0,0,0,0,0,56,0,36,0,0,73,75,0,34,0,0,0,0,0,0,0,47,75,49,0,0,0,0;0,50,0,0,26,0,74,0,0,0,0,0,0,0,0,0,0,0,0,0,80,0,35,0,0,0,0,0,0,77;48,27,0,0,55,0,0,0,80,0,0,0,0,0,0,0,34,0,0,56,0,0,72,80,0,53,0,0,58,0;0,0,61,0,47,0,0,0,0,65,80,0,0,0,0,0,76,0,0,0,0,0,0,0,0,80,0,0,38,64;0,0,55,59,0,41,38,0,0,0,0,41,45,67,0,42,0,0,0,36,0,0,0,0,0,61,58,0,38,0;0,70,22,0,0,0,0,0,0,0,72,0,60,79,0,34,0,0,69,0,0,0,0,80,66,0,0,0,0,0;32,0,34,0,0,0,0,0,0,0,0,80,0,80,0,49,0,0,75,0,67,0,0,0,0,0,0,42,0,0;0,0,0,0,0,0,33,0,0,0,0,0,29,36,0,0,0,0,50,0,0,0,0,0,0,0,0,0,0,77;0,0,53,0,0,0,0,0,0,0,0,45,0,77,0,62,0,0,0,46,0,72,0,0,0,0,0,0,0,0;0,0,0,25,0,69,0,0,0,0,0,54,0,0,24,0,0,24,0,50,77,77,39,0,0,0,0,0,0,0;70,0,0,0,0,73,0,35,0,0,65,0,35,0,0,80,0,78,41,0,0,0,0,0,0,0,67,0,0,0;54,0,0,0,0,0,0,0,64,0,0,0,31,46,0,0,0,0,0,0,0,0,80,0,0,0,0,72,0,56;34,0,0,0,0,67,0,0,0,63,0,0,0,29,0,0,0,80,0,0,0,0,71,72,0,0,27,0,0,0;0,57,0,0,0,0,0,0,0,80,36,55,0,69,0,69,0,0,63,0,0,0,0,80,80,0,31,20,0,0;68,0,0,0,61,48,0,0,42,20,0,0,0,0,0,0,23,0,0,0,0,0,21,0,0,0,0,39,0,24;67,0,0,79,24,50,0,54,78,0,0,35,0,0,0,0,26,65,58,0,80,66,0,57,0,0,0,41,0,0;0,26,0,0,0,0,0,0,0,0,54,0,0,0,0,0,0,0,0,52,0,80,36,0,72,0,0,61,0,0;69,0,0,0,0,41,0,0,32,0,0,0,40,0,0,0,0,0,0,0,64,0,80,0,75,59,0,61,0,70;24,0,0,0,0,0,33,0,0,75,0,31,0,0,0,79,0,0,31,0,0,0,0,68,0,42,0,0,57,0;0,0,24,0,0,0,22,61,0,0,0,0,48,0,0,0,57,0,0,57,0,0,0,0,0,0,0,0,44,70;0,30,0,0,59,0,0,78,46,0,0,64,54,0,36,0,0,0,0,0,0,0,0,63,0,0,0,0,62,25;74,0,31,0,50,50,0,0,0,0,31,0,0,0,50,0,0,0,67,0,0,23,0,0,0,0,79,0,0,63;0,0,0,0,0,0,0,0,0,80,0,79,56,0,0,0,0,0,0,0,0,51,70,0,80,0,0,80,24,54;0,0,54,0,0,0,0,0,0,0,40,0,0,44,0,0,0,0,0,0,0,0,0,0,26,0,0,0,61,72;60,0,65,0,44,0,0,0,26,0,0,0,0,0,0,0,0,63,0,0,0,46,0,0,0,0,27,48,0,0;80,0,0,75,35,0,47,0,0,0,35,0,0,0,0,0,73,43,0,0,30,0,0,51,0,80,66,42,0,0
0,0,0,0,32,0,20,0,0,0,28,0,0,0,0,0,23,0,0,0,0,0,0,0,0,40,26,0,0,0;34,0,37,37,23,0,34,0,29,0,39,0,0,0,0,0,36,0,32,0,0,22,39,29,0,0,0,0,0,0;21,0,0,0,0,0,0,28,29,0,34,0,0,0,0,0,0,0,40,0,0,0,0,0,28,26,0,38,0,0;0,0,0,0,35,0,0,0,30,0,0,0,0,21,0,0,0,34,0,0,0,0,0,21,32,0,0,0,0,0;37,0,0,0,0,0,0,32,0,25,0,0,23,21,0,40,0,0,0,0,0,0,0,31,10,27,0,0,0,0;0,26,0,0,38,0,33,0,0,0,0,0,0,0,0,0,0,0,0,0,24,0,32,0,0,0,0,0,0,24;38,28,0,0,24,0,0,0,35,0,0,0,0,0,0,0,27,0,0,39,0,0,38,33,0,22,0,0,28,0;0,0,37,0,38,0,0,0,0,39,35,0,0,0,0,0,22,0,0,0,0,0,0,0,0,29,0,0,40,37;0,0,22,33,0,21,21,0,0,0,0,27,40,26,0,32,0,0,0,40,0,0,0,0,0,36,29,0,28,0;0,32,24,0,0,0,0,0,0,0,22,0,32,33,0,36,0,0,35,0,0,0,0,24,22,0,0,0,0,0;39,0,22,0,0,0,0,0,0,0,0,34,0,33,0,29,0,0,28,0,30,0,0,0,0,0,0,21,0,0;0,0,0,0,0,0,26,0,0,0,0,0,30,35,0,0,0,0,33,0,0,0,0,0,0,0,0,0,0,38;0,0,30,0,0,0,0,0,0,0,0,40,0,25,0,27,0,0,0,38,0,31,0,0,0,0,0,0,0,0;0,0,0,34,0,24,0,0,0,0,0,32,0,0,25,0,0,25,0,29,20,35,20,0,0,0,0,0,0,0;40,0,0,0,0,36,0,29,0,0,28,0,23,0,0,31,0,35,21,0,0,0,0,0,0,0,40,0,0,0;31,0,0,0,0,0,0,0,26,0,0,0,27,38,0,0,0,0,0,0,0,0,36,0,0,0,0,40,0,22;30,0,0,0,0,24,0,0,0,29,0,0,0,22,0,0,0,32,0,0,0,0,20,37,0,0,23,0,0,0;0,36,0,0,0,0,0,0,0,38,24,20,0,33,0,32,0,0,22,0,0,0,0,34,30,0,25,25,0,0;40,0,0,0,31,37,0,0,40,26,0,0,0,0,0,0,37,0,0,0,0,0,31,0,0,0,0,37,0,28;37,0,0,39,21,25,0,26,24,0,0,22,0,0,0,0,26,32,20,0,30,33,0,26,0,0,0,38,0,0;0,39,0,0,0,0,0,0,0,0,28,0,0,0,0,0,0,0,0,25,0,32,40,0,31,0,0,20,0,0;25,0,0,0,0,29,0,0,34,0,0,0,24,0,0,0,0,0,0,0,39,0,16,0,28,32,0,33,0,39;21,0,0,0,0,0,32,0,0,29,0,22,0,0,0,31,0,0,40,0,0,0,0,36,0,33,0,0,26,0;0,0,31,0,0,0,28,23,0,0,0,0,27,0,0,0,20,0,0,20,0,0,0,0,0,0,0,0,26,38;0,23,0,0,26,0,0,40,31,0,0,32,40,0,31,0,0,0,0,0,0,0,0,39,0,0,0,0,40,31;26,0,23,0,30,26,0,0,0,0,31,0,0,0,24,0,0,0,33,0,0,32,0,0,0,0,39,0,0,38;0,0,0,0,0,0,0,0,0,31,0,24,23,0,0,0,0,0,0,0,0,27,31,0,31,0,0,39,27,27;0,0,27,0,0,0,0,0,0,0,34,0,0,23,0,0,0,0,0,0,0,0,0,0,20,0,0,0,33,36;39,0,30,0,22,0,0,0,29,0,0,0,0,0,0,0,0,21,0,0,0,39,0,0,0,0,25,34,0,0;37,0,0,22,23,0,36,0,0,0,29,0,0,0,0,0,40,28,0,0,21,0,0,40,0,40,33,36,0,0
-79,18,0,10,0,27,0,29,0,15,0,0,0,0,0,0,0,0,28,14,0,0,0,-58,-34,0,0,0,0,30
------------- End of Scenario k = 0 -------
0,0,0,0,58,0,47,0,0,0,67,0,0,0,0,0,35,0,0,0,0,0,0,0,0,45,37,0,0,0;80,0,80,42,37,0,41,0,59,0,78,0,0,0,0,0,79,0,75,0,0,69,55,39,0,0,0,0,0,0;31,0,0,0,0,0,0,26,52,0,37,0,0,0,0,0,0,0,69,0,0,0,0,0,80,27,0,61,0,0;0,0,0,0,80,0,0,0,40,0,0,0,0,50,0,0,0,23,0,0,0,0,0,60,77,0,0,0,0,0;80,0,0,0,0,0,0,61,0,24,0,0,69,79,0,43,0,0,0,0,0,0,0,75,73,34,0,0,0,0;0,54,0,0,33,0,78,0,0,0,0,0,0,0,0,0,0,0,0,0,43,0,28,0,0,0,0,0,0,37;40,31,0,0,72,0,0,0,68,0,0,0,0,0,0,0,40,0,0,25,0,0,75,45,0,46,0,0,72,0;0,0,61,0,30,0,0,0,0,61,80,0,0,0,0,0,32,0,0,0,0,0,0,0,0,60,0,0,49,63;0,0,28,47,0,58,31,0,0,0,0,52,37,56,0,54,0,0,0,39,0,0,0,0,0,57,63,0,27,0;0,38,35,0,0,0,0,0,0,0,25,0,32,43,0,69,0,0,70,0,0,0,0,80,70,0,0,0,0,0;80,0,40,0,0,0,0,0,0,0,0,79,0,48,0,71,0,0,76,0,75,0,0,0,0,0,0,58,0,0;0,0,0,0,0,0,42,0,0,0,0,0,54,47,0,0,0,0,72,0,0,0,0,0,0,0,0,0,0,34;0,0,78,0,0,0,0,0,0,0,0,68,0,67,0,46,0,0,0,52,0,59,0,0,0,0,0,0,0,0;0,0,0,64,0,79,0,0,0,0,0,70,0,0,23,0,0,27,0,75,68,32,56,0,0,0,0,0,0,0;80,0,0,0,0,69,0,58,0,0,32,0,59,0,0,69,0,51,28,0,0,0,0,0,0,0,63,0,0,0;36,0,0,0,0,0,0,0,47,0,0,0,53,71,0,0,0,0,0,0,0,0,28,0,0,0,0,24,0,74;34,0,0,0,0,78,0,0,0,71,0,0,0,52,0,0,0,39,0,0,0,0,76,57,0,0,33,0,0,0;0,23,0,0,0,0,0,0,0,76,25,50,0,55,0,29,0,0,77,0,0,0,0,80,80,0,80,45,0,0;80,0,0,0,44,54,0,0,56,51,0,0,0,0,0,0,80,0,0,0,0,0,21,0,0,0,0,80,0,51;80,0,0,46,29,47,0,55,74,0,0,79,0,0,0,0,64,32,32,0,69,36,0,50,0,0,0,34,0,0;0,39,0,0,0,0,0,0,0,0,29,0,0,0,0,0,0,0,0,55,0,80,38,0,80,0,0,69,0,0;26,0,0,0,0,33,0,0,39,0,0,0,29,0,0,0,0,0,0,0,80,0,80,0,39,63,0,22,0,67;54,0,0,0,0,0,39,0,0,38,0,75,0,0,0,68,0,0,71,0,0,0,0,22,0,25,0,0,30,0;0,0,26,0,0,0,27,71,0,0,0,0,40,0,0,0,23,0,0,37,0,0,0,0,0,0,0,0,71,32;0,33,0,0,43,0,0,29,36,0,0,48,56,0,75,0,0,0,0,0,0,0,0,78,0,0,0,0,25,47;49,0,31,0,45,27,0,0,0,0,23,0,0,0,41,0,0,0,43,0,0,31,0,0,0,0,43,0,0,57;0,0,0,0,0,0,0,0,0,78,0,77,53,0,0,0,0,0,0,0,0,51,30,0,50,0,0,43,78,64;0,0,43,0,0,0,0,0,0,0,33,0,0,47,0,0,0,0,0,0,0,0,0,0,35,0,0,0,80,27;34,0,38,0,30,0,0,0,26,0,0,0,0,0,0,0,0,28,0,0,0,40,0,0,0,0,55,44,0,0;61,0,0,63,59,0,49,0,0,0,45,0,0,0,0,0,37,71,0,0,73,0,0,80,0,34,33,51,0,0
0,0,0,0,29,0,21,0,0,0,25,0,0,0,0,0,35,0,0,0,0,0,0,0,0,25,30,0,0,0;32,0,37,21,23,0,34,0,23,0,21,0,0,0,0,0,28,0,34,0,0,21,38,30,0,0,0,0,0,0;24,0,0,0,0,0,0,25,20,0,21,0,0,0,0,0,0,0,40,0,0,0,0,0,33,33,0,40,0,0;0,0,0,0,22,0,0,0,32,0,0,0,0,20,0,0,0,35,0,0,0,0,0,35,34,0,0,0,0,0;37,0,0,0,0,0,0,26,0,40,0,0,38,37,0,20,0,0,0,0,0,0,0,31,20,27,0,0,0,0;0,36,0,0,28,0,21,0,0,0,0,0,0,0,0,0,0,0,0,0,33,0,20,0,0,0,0,0,0,38;20,34,0,0,29,0,0,0,24,0,0,0,0,0,0,0,27,0,0,25,0,0,25,26,0,34,0,0,30,0;0,0,39,0,40,0,0,0,0,21,27,0,0,0,0,0,35,0,0,0,0,0,0,0,0,26,0,0,33,34;0,0,28,33,0,26,30,0,0,0,0,37,25,25,0,25,0,0,0,31,0,0,0,0,0,27,38,0,36,0;0,39,27,0,0,0,0,0,0,0,29,0,39,28,0,27,0,0,24,0,0,0,0,26,38,0,0,0,0,0;28,0,30,0,0,0,0,0,0,0,0,24,0,37,0,35,0,0,29,0,30,0,0,0,0,0,0,24,0,0;0,0,0,0,0,0,27,0,0,0,0,0,17,28,0,0,0,0,26,0,0,0,0,0,0,0,0,0,0,35;0,0,33,0,0,0,0,0,0,0,0,33,0,40,0,20,0,0,0,39,0,40,0,0,0,0,0,0,0,0;0,0,0,40,0,22,0,0,0,0,0,23,0,0,30,0,0,31,0,36,29,30,29,0,0,0,0,0,0,0;28,0,0,0,0,23,0,36,0,0,22,0,31,0,0,30,0,28,23,0,0,0,0,0,0,0,37,0,0,0;23,0,0,0,0,0,0,0,21,0,0,0,23,21,0,0,0,0,0,0,0,0,34,0,0,0,0,39,0,38;29,0,0,0,0,38,0,0,0,25,0,0,0,36,0,0,0,19,0,0,0,0,36,38,0,0,22,0,0,0;0,25,0,0,0,0,0,0,0,36,38,40,0,31,0,40,0,0,38,0,0,0,0,18,22,0,23,27,0,0;36,0,0,0,36,32,0,0,40,24,0,0,0,0,0,0,34,0,0,0,0,0,24,0,0,0,0,35,0,33;36,0,0,30,26,32,0,25,26,0,0,25,0,0,0,0,23,23,25,0,35,35,0,40,0,0,0,36,0,0;0,29,0,0,0,0,0,0,0,0,34,0,0,0,0,0,0,0,0,21,0,35,36,0,36,0,0,31,0,0;38,0,0,0,0,31,0,0,23,0,0,0,28,0,0,0,0,0,0,0,29,0,38,0,30,28,0,35,0,38;40,0,0,0,0,0,32,0,0,20,0,36,0,0,0,20,0,0,33,0,0,0,0,21,0,37,0,0,26,0;0,0,34,0,0,0,23,36,0,0,0,0,29,0,0,0,34,0,0,23,0,0,0,0,0,0,0,0,25,20;0,24,0,0,39,0,0,25,25,0,0,29,36,0,27,0,0,0,0,0,0,0,0,21,0,0,0,0,29,21;32,0,24,0,24,38,0,0,0,0,22,0,0,0,27,0,0,0,39,0,0,22,0,0,0,0,23,0,0,23;0,0,0,0,0,0,0,0,0,28,0,22,23,0,0,0,0,0,0,0,0,32,26,0,38,0,0,31,35,35;0,0,24,0,0,0,0,0,0,0,20,0,0,35,0,0,0,0,0,0,0,0,0,0,38,0,0,0,31,36;23,0,39,0,21,0,0,0,29,0,0,0,0,0,0,0,0,30,0,0,0,29,0,0,0,0,20,34,0,0;37,0,0,20,39,0,25,0,0,0,31,0,0,0,0,0,35,28,0,0,38,0,0,32,0,40,27,32,0,0
-42,29,0,15,0,13,0,16,0,24,0,0,0,0,0,0,0,0,17,30,0,0,0,-85,-38,0,0,0,0,21
------------- End of Scenario k = 1 -------
0,0,0,0,31,0,33,0,0,0,63,0,0,0,0,0,55,0,0,0,0,0,0,0,0,74,37,0,0,0;59,0,80,32,54,0,60,0,53,0,59,0,0,0,0,0,71,0,75,0,0,41,37,21,0,0,0,0,0,0;41,0,0,0,0,0,0,40,41,0,65,0,0,0,0,0,0,0,39,0,0,0,0,0,80,39,0,37,0,0;0,0,0,0,80,0,0,0,61,0,0,0,0,56,0,0,0,63,0,0,0,0,0,74,38,0,0,0,0,0;67,0,0,0,0,0,0,30,0,76,0,0,41,74,0,43,0,0,0,0,0,0,0,54,50,29,0,0,0,0;0,38,0,0,41,0,54,0,0,0,0,0,0,0,0,0,0,0,0,0,71,0,24,0,0,0,0,0,0,32;64,75,0,0,55,0,0,0,80,0,0,0,0,0,0,0,23,0,0,64,0,0,51,72,0,45,0,0,80,0;0,0,68,0,23,0,0,0,0,56,79,0,0,0,0,0,56,0,0,0,0,0,0,0,0,26,0,0,36,32;0,0,76,32,0,61,62,0,0,0,0,44,34,36,0,53,0,0,0,72,0,0,0,0,0,65,51,0,29,0;0,43,54,0,0,0,0,0,0,0,37,0,25,80,0,76,0,0,20,0,0,0,0,80,68,0,0,0,0,0;34,0,70,0,0,0,0,0,0,0,0,67,0,38,0,64,0,0,47,0,80,0,0,0,0,0,0,21,0,0;0,0,0,0,0,0,47,0,0,0,0,0,80,76,0,0,0,0,72,0,0,0,0,0,0,0,0,0,0,64;0,0,58,0,0,0,0,0,0,0,0,78,0,72,0,74,0,0,0,60,0,43,0,0,0,0,0,0,0,0;0,0,0,78,0,36,0,0,0,0,0,73,0,0,57,0,0,58,0,51,34,43,32,0,0,0,0,0,0,0;80,0,0,0,0,49,0,31,0,0,37,0,53,0,0,61,0,76,55,0,0,0,0,0,0,0,68,0,0,0;75,0,0,0,0,0,0,0,29,0,0,0,42,63,0,0,0,0,0,0,0,0,56,0,0,0,0,37,0,31;26,0,0,0,0,37,0,0,0,62,0,0,0,21,0,0,0,71,0,0,0,0,53,26,0,0,68,0,0,0;0,58,0,0,0,0,0,0,0,55,22,57,0,37,0,79,0,0,46,0,0,0,0,80,80,0,72,34,0,0;53,0,0,0,26,38,0,0,43,24,0,0,0,0,0,0,40,0,0,0,0,0,54,0,0,0,0,35,0,48;41,0,0,67,27,27,0,61,72,0,0,73,0,0,0,0,28,28,23,0,80,71,0,46,0,0,0,45,0,0;0,62,0,0,0,0,0,0,0,0,31,0,0,0,0,0,0,0,0,32,0,80,66,0,58,0,0,21,0,0;48,0,0,0,0,32,0,0,65,0,0,0,53,0,0,0,0,0,0,0,31,0,45,0,33,28,0,23,0,29;24,0,0,0,0,0,66,0,0,26,0,53,0,0,0,59,0,0,72,0,0,0,0,70,0,52,0,0,70,0;0,0,23,0,0,0,56,64,0,0,0,0,62,0,0,0,54,0,0,51,0,0,0,0,0,0,0,0,49,79;0,32,0,0,71,0,0,76,69,0,0,48,60,0,23,0,0,0,0,0,0,0,0,54,0,0,0,0,23,24;62,0,62,0,20,24,0,0,0,0,49,0,0,0,43,0,0,0,58,0,0,44,0,0,0,0,55,0,0,79;0,0,0,0,0,0,0,0,0,61,0,46,35,0,0,0,0,0,0,0,0,24,26,0,46,0,0,41,63,40;0,0,77,0,0,0,0,0,0,0,79,0,0,26,0,0,0,0,0,0,0,0,0,0,76,0,0,0,80,59;42,0,37,0,35,0,0,0,33,0,0,0,0,0,0,0,0,73,0,0,0,36,0,0,0,0,23,53,0,0;80,0,0,73,42,0,55,0,0,0,67,0,0,0,0,0,25,50,0,0,64,0,0,80,0,26,66,24,0,0
0,0,0,0,30,0,29,0,0,0,37,0,0,0,0,0,36,0,0,0,0,0,0,0,0,21,22,0,0,0;36,0,39,36,40,0,37,0,36,0,31,0,0,0,0,0,23,0,27,0,0,37,25,32,0,0,0,0,0,0;29,0,0,0,0,0,0,27,40,0,34,0,0,0,0,0,0,0,33,0,0,0,0,0,29,32,0,20,0,0;0,0,0,0,36,0,0,0,29,0,0,0,0,35,0,0,0,40,0,0,0,0,0,27,22,0,0,0,0,0;29,0,0,0,0,0,0,25,0,34,0,0,39,34,0,27,0,0,0,0,0,0,0,36,29,37,0,0,0,0;0,24,0,0,26,0,32,0,0,0,0,0,0,0,0,0,0,0,0,0,27,0,38,0,0,0,0,0,0,29;22,27,0,0,23,0,0,0,37,0,0,0,0,0,0,0,33,0,0,36,0,0,37,30,0,21,0,0,20,0;0,0,39,0,23,0,0,0,0,29,34,0,0,0,0,0,33,0,0,0,0,0,0,0,0,30,0,0,26,37;0,0,29,39,0,39,32,0,0,0,0,26,33,40,0,31,0,0,0,38,0,0,0,0,0,28,37,0,31,0;0,30,29,0,0,0,0,0,0,0,38,0,40,29,0,38,0,0,30,0,0,0,0,26,27,0,0,0,0,0;38,0,21,0,0,0,0,0,0,0,0,35,0,23,0,37,0,0,33,0,36,0,0,0,0,0,0,36,0,0;0,0,0,0,0,0,38,0,0,0,0,0,15,33,0,0,0,0,21,0,0,0,0,0,0,0,0,0,0,36;0,0,33,0,0,0,0,0,0,0,0,34,0,34,0,20,0,0,0,33,0,38,0,0,0,0,0,0,0,0;0,0,0,35,0,33,0,0,0,0,0,23,0,0,37,0,0,24,0,29,22,36,24,0,0,0,0,0,0,0;34,0,0,0,0,23,0,31,0,0,24,0,36,0,0,38,0,20,25,0,0,0,0,0,0,0,27,0,0,0;31,0,0,0,0,0,0,0,30,0,0,0,27,33,0,0,0,0,0,0,0,0,36,0,0,0,0,26,0,24;35,0,0,0,0,28,0,0,0,24,0,0,0,20,0,0,0,29,0,0,0,0,29,33,0,0,29,0,0,0;0,20,0,0,0,0,0,0,0,36,26,23,0,40,0,38,0,0,24,0,0,0,0,38,27,0,36,37,0,0;39,0,0,0,28,34,0,0,39,32,0,0,0,0,0,0,31,0,0,0,0,0,31,0,0,0,0,37,0,25;32,0,0,28,31,29,0,34,24,0,0,31,0,0,0,0,26,23,38,0,37,35,0,30,0,0,0,37,0,0;0,33,0,0,0,0,0,0,0,0,38,0,0,0,0,0,0,0,0,27,0,30,39,0,31,0,0,31,0,0;22,0,0,0,0,22,0,0,36,0,0,0,32,0,0,0,0,0,0,0,25,0,40,0,25,21,0,38,0,32;29,0,0,0,0,0,30,0,0,31,0,38,0,0,0,33,0,0,23,0,0,0,0,35,0,37,0,0,39,0;0,0,39,0,0,0,28,27,0,0,0,0,34,0,0,0,34,0,0,36,0,0,0,0,0,0,0,0,29,25;0,37,0,0,30,0,0,35,34,0,0,39,27,0,20,0,0,0,0,0,0,0,0,20,0,0,0,0,38,33;32,0,22,0,26,31,0,0,0,0,22,0,0,0,20,0,0,0,40,0,0,31,0,0,0,0,26,0,0,38;0,0,0,0,0,0,0,0,0,29,0,33,31,0,0,0,0,0,0,0,0,40,40,0,34,0,0,34,24,29;0,0,28,0,0,0,0,0,0,0,31,0,0,24,0,0,0,0,0,0,0,0,0,0,27,0,0,0,40,22;35,0,24,0,28,0,0,0,20,0,0,0,0,0,0,0,0,22,0,0,0,40,0,0,0,0,31,39,0,0;26,0,0,20,24,0,33,0,0,0,22,0,0,0,0,0,23,29,0,0,31,0,0,27,0,35,20,30,0,0
-71,27,0,26,0,28,0,11,0,26,0,0,0,0,0,0,0,0,22,30,0,0,0,-63,-46,0,0,0,0,10
------------- End of Scenario k = 2 -------
0,0,0,0,71,0,70,0,0,0,20,0,0,0,0,0,57,0,0,0,0,0,0,0,0,44,48,0,0,0;32,0,26,44,74,0,21,0,31,0,67,0,0,0,0,0,54,0,42,0,0,29,20,80,0,0,0,0,0,0;51,0,0,0,0,0,0,66,69,0,55,0,0,0,0,0,0,0,58,0,0,0,0,0,49,72,0,21,0,0;0,0,0,0,80,0,0,0,56,0,0,0,0,74,0,0,0,61,0,0,0,0,0,29,66,0,0,0,0,0;80,0,0,0,0,0,0,66,0,50,0,0,44,37,0,60,0,0,0,0,0,0,0,70,47,72,0,0,0,0;0,28,0,0,72,0,66,0,0,0,0,0,0,0,0,0,0,0,0,0,63,0,41,0,0,0,0,0,0,50;49,51,0,0,52,0,0,0,72,0,0,0,0,0,0,0,50,0,0,25,0,0,42,20,0,26,0,0,25,0;0,0,41,0,56,0,0,0,0,50,80,0,0,0,0,0,66,0,0,0,0,0,0,0,0,69,0,0,73,77;0,0,27,44,0,30,20,0,0,0,0,26,25,28,0,38,0,0,0,79,0,0,0,0,0,45,32,0,64,0;0,57,77,0,0,0,0,0,0,0,58,0,70,37,0,32,0,0,48,0,0,0,0,44,52,0,0,0,0,0;80,0,79,0,0,0,0,0,0,0,0,80,0,50,0,80,0,0,56,0,61,0,0,0,0,0,0,76,0,0;0,0,0,0,0,0,79,0,0,0,0,0,80,40,0,0,0,0,33,0,0,0,0,0,0,0,0,0,0,26;0,0,75,0,0,0,0,0,0,0,0,52,0,57,0,22,0,0,0,50,0,27,0,0,0,0,0,0,0,0;0,0,0,37,0,60,0,0,0,0,0,22,0,0,80,0,0,64,0,42,63,30,39,0,0,0,0,0,0,0;31,0,0,0,0,42,0,26,0,0,39,0,23,0,0,80,0,46,59,0,0,0,0,0,0,0,36,0,0,0;27,0,0,0,0,0,0,0,45,0,0,0,50,73,0,0,0,0,0,0,0,0,28,0,0,0,0,41,0,31;41,0,0,0,0,25,0,0,0,73,0,0,0,29,0,0,0,59,0,0,0,0,23,43,0,0,62,0,0,0;0,33,0,0,0,0,0,0,0,22,59,32,0,80,0,52,0,0,41,0,0,0,0,42,72,0,72,23,0,0;80,0,0,0,27,64,0,0,32,63,0,0,0,0,0,0,78,0,0,0,0,0,49,0,0,0,0,36,0,65;80,0,0,65,23,24,0,34,46,0,0,47,0,0,0,0,66,22,27,0,80,57,0,80,0,0,0,37,0,0;0,39,0,0,0,0,0,0,0,0,74,0,0,0,0,0,0,0,0,58,0,21,59,0,30,0,0,78,0,0;64,0,0,0,0,28,0,0,33,0,0,0,56,0,0,0,0,0,0,0,22,0,80,0,55,25,0,23,0,41;70,0,0,0,0,0,54,0,0,26,0,64,0,0,0,33,0,0,30,0,0,0,0,60,0,41,0,0,52,0;0,0,59,0,0,0,48,23,0,0,0,0,73,0,0,0,56,0,0,73,0,0,0,0,0,0,0,0,70,50;0,35,0,0,79,0,0,43,68,0,0,26,37,0,29,0,0,0,0,0,0,0,0,27,0,0,0,0,41,22;28,0,33,0,24,74,0,0,0,0,29,0,0,0,55,0,0,0,23,0,0,21,0,0,0,0,80,0,0,43;0,0,0,0,0,0,0,0,0,50,0,56,32,0,0,0,0,0,0,0,0,64,36,0,47,0,0,80,72,61;0,0,79,0,0,0,0,0,0,0,68,0,0,48,0,0,0,0,0,0,0,0,0,0,58,0,0,0,80,47;23,0,79,0,64,0,0,0,77,0,0,0,0,0,0,0,0,50,0,0,0,51,0,0,0,0,26,46,0,0;61,0,0,77,69,0,41,0,0,0,72,0,0,0,0,0,52,67,0,0,60,0,0,80,0,60,39,58,0,0
0,0,0,0,34,0,36,0,0,0,22,0,0,0,0,0,36,0,0,0,0,0,0,0,0,30,21,0,0,0;24,0,23,30,39,0,27,0,28,0,40,0,0,0,0,0,23,0,37,0,0,39,21,29,0,0,0,0,0,0;39,0,0,0,0,0,0,29,37,0,28,0,0,0,0,0,0,0,38,0,0,0,0,0,34,24,0,21,0,0;0,0,0,0,24,0,0,0,20,0,0,0,0,40,0,0,0,34,0,0,0,0,0,20,21,0,0,0,0,0;19,0,0,0,0,0,0,23,0,25,0,0,36,23,0,21,0,0,0,0,0,0,0,30,21,28,0,0,0,0;0,30,0,0,25,0,31,0,0,0,0,0,0,0,0,0,0,0,0,0,27,0,40,0,0,0,0,0,0,40;38,26,0,0,39,0,0,0,24,0,0,0,0,0,0,0,33,0,0,27,0,0,22,36,0,37,0,0,38,0;0,0,36,0,20,0,0,0,0,39,36,0,0,0,0,0,30,0,0,0,0,0,0,0,0,26,0,0,33,29;0,0,28,34,0,25,37,0,0,0,0,37,32,34,0,23,0,0,0,34,0,0,0,0,0,26,22,0,38,0;0,34,23,0,0,0,0,0,0,0,35,0,40,31,0,37,0,0,33,0,0,0,0,36,28,0,0,0,0,0;30,0,20,0,0,0,0,0,0,0,0,35,0,25,0,34,0,0,25,0,40,0,0,0,0,0,0,23,0,0;0,0,0,0,0,0,33,0,0,0,0,0,30,21,0,0,0,0,35,0,0,0,0,0,0,0,0,0,0,30;0,0,27,0,0,0,0,0,0,0,0,40,0,40,0,20,0,0,0,28,0,39,0,0,0,0,0,0,0,0;0,0,0,40,0,33,0,0,0,0,0,32,0,0,26,0,0,35,0,24,40,27,25,0,0,0,0,0,0,0;18,0,0,0,0,25,0,32,0,0,20,0,37,0,0,30,0,33,35,0,0,0,0,0,0,0,20,0,0,0;30,0,0,0,0,0,0,0,40,0,0,0,34,20,0,0,0,0,0,0,0,0,27,0,0,0,0,22,0,38;30,0,0,0,0,30,0,0,0,22,0,0,0,38,0,0,0,34,0,0,0,0,35,21,0,0,38,0,0,0;0,40,0,0,0,0,0,0,0,30,28,36,0,29,0,23,0,0,21,0,0,0,0,33,18,0,39,34,0,0;29,0,0,0,34,29,0,0,27,29,0,0,0,0,0,0,32,0,0,0,0,0,30,0,0,0,0,39,0,22;22,0,0,37,28,32,0,20,22,0,0,26,0,0,0,0,25,26,23,0,31,27,0,29,0,0,0,40,0,0;0,29,0,0,0,0,0,0,0,0,27,0,0,0,0,0,0,0,0,21,0,32,32,0,19,0,0,40,0,0;30,0,0,0,0,21,0,0,31,0,0,0,29,0,0,0,0,0,0,0,25,0,21,0,23,33,0,33,0,26;34,0,0,0,0,0,23,0,0,40,0,39,0,0,0,33,0,0,39,0,0,0,0,23,0,26,0,0,38,0;0,0,34,0,0,0,38,30,0,0,0,0,23,0,0,0,22,0,0,36,0,0,0,0,0,0,0,0,21,26;0,40,0,0,39,0,0,29,20,0,0,24,33,0,20,0,0,0,0,0,0,0,0,34,0,0,0,0,20,20;36,0,22,0,24,35,0,0,0,0,24,0,0,0,34,0,0,0,27,0,0,26,0,0,0,0,31,0,0,20;0,0,0,0,0,0,0,0,0,36,0,32,33,0,0,0,0,0,0,0,0,32,21,0,35,0,0,25,39,30;0,0,39,0,0,0,0,0,0,0,23,0,0,21,0,0,0,0,0,0,0,0,0,0,30,0,0,0,24,26;30,0,31,0,29,0,0,0,23,0,0,0,0,0,0,0,0,32,0,0,0,22,0,0,0,0,23,24,0,0;26,0,0,34,21,0,22,0,0,0,26,0,0,0,0,0,36,37,0,0,26,0,0,34,0,19,27,34,0,0
-68,23,0,18,0,24,0,23,0,17,0,0,0,0,0,0,0,0,15,17,0,0,0,-56,-29,0,0,0,0,16
------------- End of Scenario k = 3 -------
0,0,0,0,79,0,68,0,0,0,48,0,0,0,0,0,25,0,0,0,0,0,0,0,0,30,23,0,0,0;80,0,71,60,71,0,22,0,39,0,58,0,0,0,0,0,29,0,64,0,0,46,20,80,0,0,0,0,0,0;37,0,0,0,0,0,0,58,35,0,68,0,0,0,0,0,0,0,72,0,0,0,0,0,56,23,0,66,0,0;0,0,0,0,80,0,0,0,73,0,0,0,0,40,0,0,0,77,0,0,0,0,0,38,35,0,0,0,0,0;80,0,0,0,0,0,0,71,0,31,0,0,40,39,0,58,0,0,0,0,0,0,0,42,80,31,0,0,0,0;0,56,0,0,35,0,34,0,0,0,0,0,0,0,0,0,0,0,0,0,50,0,49,0,0,0,0,0,0,33;66,50,0,0,61,0,0,0,80,0,0,0,0,0,0,0,50,0,0,67,0,0,36,80,0,34,0,0,50,0;0,0,24,0,77,0,0,0,0,77,80,0,0,0,0,0,60,0,0,0,0,0,0,0,0,44,0,0,73,60;0,0,32,60,0,61,78,0,0,0,0,27,32,71,0,65,0,0,0,62,0,0,0,0,0,48,36,0,23,0;0,74,71,0,0,0,0,0,0,0,39,0,80,80,0,42,0,0,61,0,0,0,0,80,62,0,0,0,0,0;62,0,44,0,0,0,0,0,0,0,0,80,0,63,0,39,0,0,23,0,71,0,0,0,0,0,0,56,0,0;0,0,0,0,0,0,69,0,0,0,0,0,80,55,0,0,0,0,50,0,0,0,0,0,0,0,0,0,0,31;0,0,33,0,0,0,0,0,0,0,0,60,0,48,0,35,0,0,0,57,0,75,0,0,0,0,0,0,0,0;0,0,0,38,0,80,0,0,0,0,0,52,0,0,24,0,0,31,0,49,77,37,71,0,0,0,0,0,0,0;80,0,0,0,0,27,0,56,0,0,60,0,77,0,0,28,0,71,42,0,0,0,0,0,0,0,36,0,0,0;29,0,0,0,0,0,0,0,63,0,0,0,23,59,0,0,0,0,0,0,0,0,72,0,0,0,0,41,0,37;37,0,0,0,0,70,0,0,0,58,0,0,0,22,0,0,0,39,0,0,0,0,63,80,0,0,39,0,0,0;0,54,0,0,0,0,0,0,0,50,62,42,0,41,0,46,0,0,21,0,0,0,0,80,80,0,35,42,0,0;22,0,0,0,53,63,0,0,57,65,0,0,0,0,0,0,45,0,0,0,0,0,80,0,0,0,0,69,0,60;80,0,0,27,26,67,0,64,75,0,0,78,0,0,0,0,36,73,77,0,70,22,0,58,0,0,0,24,0,0;0,45,0,0,0,0,0,0,0,0,59,0,0,0,0,0,0,0,0,76,0,74,45,0,80,0,0,32,0,0;67,0,0,0,0,43,0,0,54,0,0,0,57,0,0,0,0,0,0,0,53,0,80,0,39,43,0,23,0,66;52,0,0,0,0,0,28,0,0,80,0,58,0,0,0,24,0,0,20,0,0,0,0,69,0,75,0,0,29,0;0,0,52,0,0,0,38,51,0,0,0,0,79,0,0,0,53,0,0,44,0,0,0,0,0,0,0,0,79,51;0,69,0,0,52,0,0,40,56,0,0,80,61,0,31,0,0,0,0,0,0,0,0,69,0,0,0,0,41,54;50,0,29,0,27,51,0,0,0,0,33,0,0,0,55,0,0,0,46,0,0,37,0,0,0,0,74,0,0,28;0,0,0,0,0,0,0,0,0,76,0,71,61,0,0,0,0,0,0,0,0,51,36,0,80,0,0,47,40,75;0,0,42,0,0,0,0,0,0,0,39,0,0,32,0,0,0,0,0,0,0,0,0,0,34,0,0,0,69,68;20,0,39,0,63,0,0,0,79,0,0,0,0,0,0,0,0,38,0,0,0,22,0,0,0,0,74,30,0,0;80,0,0,62,73,0,62,0,0,0,41,0,0,0,0,0,70,29,0,0,69,0,0,80,0,29,53,28,0,0
0,0,0,0,37,0,25,0,0,0,33,0,0,0,0,0,39,0,0,0,0,0,0,0,0,38,35,0,0,0;34,0,29,24,26,0,22,0,28,0,20,0,0,0,0,0,30,0,34,0,0,32,31,34,0,0,0,0,0,0;28,0,0,0,0,0,0,32,25,0,24,0,0,0,0,0,0,0,31,0,0,0,0,0,29,34,0,32,0,0;0,0,0,0,28,0,0,0,27,0,0,0,0,31,0,0,0,28,0,0,0,0,0,38,33,0,0,0,0,0;37,0,0,0,0,0,0,24,0,37,0,0,39,22,0,32,0,0,0,0,0,0,0,34,39,27,0,0,0,0;0,21,0,0,29,0,34,0,0,0,0,0,0,0,0,0,0,0,0,0,32,0,36,0,0,0,0,0,0,24;37,20,0,0,37,0,0,0,18,0,0,0,0,0,0,0,38,0,0,21,0,0,40,39,0,30,0,0,35,0;0,0,37,0,24,0,0,0,0,40,27,0,0,0,0,0,23,0,0,0,0,0,0,0,0,39,0,0,39,37;0,0,31,20,0,27,21,0,0,0,0,39,32,20,0,31,0,0,0,36,0,0,0,0,0,24,31,0,29,0;0,28,21,0,0,0,0,0,0,0,34,0,32,34,0,29,0,0,40,0,0,0,0,39,24,0,0,0,0,0;28,0,34,0,0,0,0,0,0,0,0,26,0,36,0,22,0,0,20,0,38,0,0,0,0,0,0,29,0,0;0,0,0,0,0,0,27,0,0,0,0,0,37,33,0,0,0,0,25,0,0,0,0,0,0,0,0,0,0,40;0,0,28,0,0,0,0,0,0,0,0,36,0,33,0,30,0,0,0,34,0,36,0,0,0,0,0,0,0,0;0,0,0,26,0,28,0,0,0,0,0,26,0,0,25,0,0,23,0,36,31,34,25,0,0,0,0,0,0,0;30,0,0,0,0,24,0,36,0,0,20,0,27,0,0,28,0,26,28,0,0,0,0,0,0,0,28,0,0,0;32,0,0,0,0,0,0,0,29,0,0,0,21,30,0,0,0,0,0,0,0,0,39,0,0,0,0,34,0,36;24,0,0,0,0,33,0,0,0,21,0,0,0,32,0,0,0,25,0,0,0,0,26,36,0,0,26,0,0,0;0,23,0,0,0,0,0,0,0,32,31,36,0,32,0,23,0,0,38,0,0,0,0,38,21,0,27,27,0,0;39,0,0,0,38,26,0,0,34,23,0,0,0,0,0,0,20,0,0,0,0,0,29,0,0,0,0,33,0,29;34,0,0,33,36,37,0,36,39,0,0,23,0,0,0,0,26,25,30,0,40,30,0,28,0,0,0,26,0,0;0,39,0,0,0,0,0,0,0,0,20,0,0,0,0,0,0,0,0,24,0,40,25,0,38,0,0,27,0,0;24,0,0,0,0,27,0,0,36,0,0,0,40,0,0,0,0,0,0,0,33,0,33,0,20,36,0,33,0,21;29,0,0,0,0,0,33,0,0,30,0,36,0,0,0,21,0,0,29,0,0,0,0,22,0,28,0,0,30,0;0,0,39,0,0,0,24,23,0,0,0,0,35,0,0,0,20,0,0,24,0,0,0,0,0,0,0,0,24,37;0,34,0,0,26,0,0,22,40,0,0,26,31,0,34,0,0,0,0,0,0,0,0,36,0,0,0,0,38,34;38,0,21,0,39,29,0,0,0,0,29,0,0,0,38,0,0,0,20,0,0,34,0,0,0,0,23,0,0,30;0,0,0,0,0,0,0,0,0,20,0,32,22,0,0,0,0,0,0,0,0,38,29,0,39,0,0,18,31,27;0,0,29,0,0,0,0,0,0,0,28,0,0,39,0,0,0,0,0,0,0,0,0,0,23,0,0,0,25,40;22,0,36,0,31,0,0,0,40,0,0,0,0,0,0,0,0,20,0,0,0,34,0,0,0,0,35,21,0,0;21,0,0,28,25,0,20,0,0,0,22,0,0,0,0,0,37,20,0,0,29,0,0,26,0,30,25,37,0,0
-80,26,0,27,0,18,0,24,0,25,0,0,0,0,0,0,0,0,18,28,0,0,0,-76,-25,0,0,0,0,15
------------- End of Scenario k = 4 -------
0,0,0,0,41,0,71,0,0,0,38,0,0,0,0,0,37,0,0,0,0,0,0,0,0,37,50,0,0,0;80,0,80,56,64,0,37,0,75,0,45,0,0,0,0,0,59,0,33,0,0,45,59,80,0,0,0,0,0,0;30,0,0,0,0,0,0,77,68,0,32,0,0,0,0,0,0,0,31,0,0,0,0,0,71,67,0,63,0,0;0,0,0,0,80,0,0,0,25,0,0,0,0,50,0,0,0,80,0,0,0,0,0,29,74,0,0,0,0,0;36,0,0,0,0,0,0,57,0,39,0,0,29,36,0,45,0,0,0,0,0,0,0,36,80,60,0,0,0,0;0,78,0,0,21,0,61,0,0,0,0,0,0,0,0,0,0,0,0,0,69,0,35,0,0,0,0,0,0,62;62,51,0,0,43,0,0,0,25,0,0,0,0,0,0,0,42,0,0,62,0,0,79,80,0,41,0,0,29,0;0,0,72,0,36,0,0,0,0,26,77,0,0,0,0,0,46,0,0,0,0,0,0,0,0,68,0,0,28,31;0,0,67,53,0,40,51,0,0,0,0,47,54,50,0,63,0,0,0,63,0,0,0,0,0,59,32,0,52,0;0,59,32,0,0,0,0,0,0,0,79,0,38,74,0,52,0,0,54,0,0,0,0,80,46,0,0,0,0,0;80,0,57,0,0,0,0,0,0,0,0,80,0,53,0,50,0,0,80,0,71,0,0,0,0,0,0,52,0,0;0,0,0,0,0,0,37,0,0,0,0,0,57,77,0,0,0,0,28,0,0,0,0,0,0,0,0,0,0,66;0,0,34,0,0,0,0,0,0,0,0,60,0,43,0,48,0,0,0,39,0,20,0,0,0,0,0,0,0,0;0,0,0,73,0,34,0,0,0,0,0,51,0,0,80,0,0,33,0,23,72,32,57,0,0,0,0,0,0,0;80,0,0,0,0,73,0,59,0,0,25,0,65,0,0,38,0,78,28,0,0,0,0,0,0,0,58,0,0,0;55,0,0,0,0,0,0,0,69,0,0,0,66,20,0,0,0,0,0,0,0,0,59,0,0,0,0,38,0,35;74,0,0,0,0,54,0,0,0,49,0,0,0,76,0,0,0,80,0,0,0,0,23,25,0,0,60,0,0,0;0,46,0,0,0,0,0,0,0,79,78,56,0,45,0,34,0,0,62,0,0,0,0,40,55,0,59,33,0,0;41,0,0,0,50,20,0,0,53,32,0,0,0,0,0,0,68,0,0,0,0,0,72,0,0,0,0,70,0,40;38,0,0,57,65,36,0,70,27,0,0,26,0,0,0,0,75,70,52,0,80,64,0,45,0,0,0,63,0,0;0,54,0,0,0,0,0,0,0,0,71,0,0,0,0,0,0,0,0,70,0,80,54,0,80,0,0,43,0,0;48,0,0,0,0,56,0,0,31,0,0,0,47,0,0,0,0,0,0,0,68,0,73,0,47,37,0,31,0,60;63,0,0,0,0,0,31,0,0,59,0,62,0,0,0,65,0,0,34,0,0,0,0,53,0,59,0,0,80,0;0,0,56,0,0,0,68,41,0,0,0,0,44,0,0,0,64,0,0,57,0,0,0,0,0,0,0,0,43,30;0,80,0,0,66,0,0,28,79,0,0,43,68,0,58,0,0,0,0,0,0,0,0,37,0,0,0,0,73,22;34,0,52,0,70,71,0,0,0,0,63,0,0,0,74,0,0,0,55,0,0,41,0,0,0,0,52,0,0,77;0,0,0,0,0,0,0,0,0,39,0,24,66,0,0,0,0,0,0,0,0,38,70,0,57,0,0,65,70,73;0,0,22,0,0,0,0,0,0,0,71,0,0,75,0,0,0,0,0,0,0,0,0,0,41,0,0,0,69,48;79,0,27,0,46,0,0,0,79,0,0,0,0,0,0,0,0,63,0,0,0,61,0,0,0,0,22,31,0,0;38,0,0,64,23,0,53,0,0,0,33,0,0,0,0,0,54,22,0,0,59,0,0,50,0,80,72,50,0,0
0,0,0,0,32,0,28,0,0,0,22,0,0,0,0,0,35,0,0,0,0,0,0,0,0,31,31,0,0,0;29,0,35,33,26,0,22,0,27,0,26,0,0,0,0,0,28,0,37,0,0,27,31,37,0,0,0,0,0,0;22,0,0,0,0,0,0,32,33,0,21,0,0,0,0,0,0,0,28,0,0,0,0,0,40,28,0,29,0,0;0,0,0,0,17,0,0,0,34,0,0,0,0,22,0,0,0,26,0,0,0,0,0,37,20,0,0,0,0,0;36,0,0,0,0,0,0,20,0,29,0,0,31,35,0,29,0,0,0,0,0,0,0,36,34,24,0,0,0,0;0,27,0,0,20,0,40,0,0,0,0,0,0,0,0,0,0,0,0,0,29,0,40,0,0,0,0,0,0,20;30,29,0,0,31,0,0,0,32,0,0,0,0,0,0,0,40,0,0,30,0,0,27,30,0,23,0,0,22,0;0,0,34,0,25,0,0,0,0,31,23,0,0,0,0,0,29,0,0,0,0,0,0,0,0,39,0,0,31,21;0,0,29,36,0,32,22,0,0,0,0,20,22,34,0,27,0,0,0,21,0,0,0,0,0,22,33,0,27,0;0,33,27,0,0,0,0,0,0,0,22,0,21,30,0,21,0,0,37,0,0,0,0,31,36,0,0,0,0,0;35,0,22,0,0,0,0,0,0,0,0,32,0,21,0,37,0,0,33,0,25,0,0,0,0,0,0,25,0,0;0,0,0,0,0,0,31,0,0,0,0,0,34,33,0,0,0,0,34,0,0,0,0,0,0,0,0,0,0,22;0,0,25,0,0,0,0,0,0,0,0,40,0,25,0,38,0,0,0,27,0,25,0,0,0,0,0,0,0,0;0,0,0,30,0,32,0,0,0,0,0,20,0,0,28,0,0,23,0,40,20,24,36,0,0,0,0,0,0,0;36,0,0,0,0,35,0,38,0,0,34,0,29,0,0,38,0,30,29,0,0,0,0,0,0,0,31,0,0,0;38,0,0,0,0,0,0,0,32,0,0,0,29,28,0,0,0,0,0,0,0,0,35,0,0,0,0,33,0,30;28,0,0,0,0,25,0,0,0,20,0,0,0,39,0,0,0,31,0,0,0,0,30,32,0,0,33,0,0,0;0,30,0,0,0,0,0,0,0,37,36,39,0,31,0,36,0,0,30,0,0,0,0,33,37,0,35,37,0,0;40,0,0,0,32,22,0,0,35,21,0,0,0,0,0,0,31,0,0,0,0,0,28,0,0,0,0,21,0,30;37,0,0,30,27,37,0,33,25,0,0,20,0,0,0,0,22,40,36,0,39,23,0,30,0,0,0,40,0,0;0,21,0,0,0,0,0,0,0,0,36,0,0,0,0,0,0,0,0,20,0,31,24,0,36,0,0,38,0,0;27,0,0,0,0,33,0,0,31,0,0,0,23,0,0,0,0,0,0,0,29,0,32,0,32,26,0,31,0,34;28,0,0,0,0,0,39,0,0,37,0,38,0,0,0,22,0,0,38,0,0,0,0,31,0,26,0,0,26,0;0,0,24,0,0,0,21,23,0,0,0,0,31,0,0,0,29,0,0,33,0,0,0,0,0,0,0,0,39,32;0,32,0,0,34,0,0,40,37,0,0,34,21,0,30,0,0,0,0,0,0,0,0,25,0,0,0,0,25,39;26,0,26,0,22,22,0,0,0,0,40,0,0,0,22,0,0,0,39,0,0,34,0,0,0,0,23,0,0,32;0,0,0,0,0,0,0,0,0,32,0,27,30,0,0,0,0,0,0,0,0,28,39,0,31,0,0,19,32,28;0,0,36,0,0,0,0,0,0,0,35,0,0,20,0,0,0,0,0,0,0,0,0,0,27,0,0,0,19,29;29,0,23,0,33,0,0,0,26,0,0,0,0,0,0,0,0,32,0,0,0,20,0,0,0,0,25,21,0,0;20,0,0,33,40,0,20,0,0,0,21,0,0,0,0,0,31,21,0,0,27,0,0,40,0,30,20,32,0,0
-60,23,0,17,0,24,0,13,0,20,0,0,0,0,0,0,0,0,16,29,0,0,0,-62,-37,0,0,0,0,17
------------- End of Scenario k = 5 -------
0,0,0,0,63,0,38,0,0,0,28,0,0,0,0,0,28,0,0,0,0,0,0,0,0,64,68,0,0,0;80,0,48,75,33,0,43,0,33,0,28,0,0,0,0,0,57,0,47,0,0,76,58,35,0,0,0,0,0,0;41,0,0,0,0,0,0,42,34,0,24,0,0,0,0,0,0,0,75,0,0,0,0,0,80,79,0,40,0,0;0,0,0,0,80,0,0,0,74,0,0,0,0,21,0,0,0,62,0,0,0,0,0,74,30,0,0,0,0,0;80,0,0,0,0,0,0,62,0,63,0,0,30,73,0,61,0,0,0,0,0,0,0,32,80,30,0,0,0,0;0,63,0,0,62,0,31,0,0,0,0,0,0,0,0,0,0,0,0,0,70,0,30,0,0,0,0,0,0,57;63,44,0,0,61,0,0,0,65,0,0,0,0,0,0,0,72,0,0,64,0,0,48,80,0,80,0,0,40,0;0,0,51,0,37,0,0,0,0,73,38,0,0,0,0,0,71,0,0,0,0,0,0,0,0,50,0,0,68,75;0,0,31,38,0,79,62,0,0,0,0,51,36,43,0,38,0,0,0,74,0,0,0,0,0,70,50,0,23,0;0,50,63,0,0,0,0,0,0,0,38,0,27,80,0,64,0,0,68,0,0,0,0,80,21,0,0,0,0,0;80,0,68,0,0,0,0,0,0,0,0,38,0,72,0,70,0,0,68,0,40,0,0,0,0,0,0,27,0,0;0,0,0,0,0,0,54,0,0,0,0,0,32,67,0,0,0,0,27,0,0,0,0,0,0,0,0,0,0,56;0,0,20,0,0,0,0,0,0,0,0,64,0,26,0,67,0,0,0,59,0,77,0,0,0,0,0,0,0,0;0,0,0,31,0,50,0,0,0,0,0,80,0,0,80,0,0,49,0,40,35,47,55,0,0,0,0,0,0,0;40,0,0,0,0,29,0,34,0,0,26,0,78,0,0,21,0,46,38,0,0,0,0,0,0,0,32,0,0,0;34,0,0,0,0,0,0,0,51,0,0,0,50,34,0,0,0,0,0,0,0,0,64,0,0,0,0,35,0,71;66,0,0,0,0,54,0,0,0,68,0,0,0,79,0,0,0,39,0,0,0,0,57,35,0,0,29,0,0,0;0,40,0,0,0,0,0,0,0,61,29,55,0,43,0,25,0,0,42,0,0,0,0,80,80,0,67,71,0,0;80,0,0,0,21,25,0,0,58,74,0,0,0,0,0,0,80,0,0,0,0,0,33,0,0,0,0,29,0,28;27,0,0,44,48,25,0,24,66,0,0,58,0,0,0,0,41,23,50,0,80,20,0,55,0,0,0,62,0,0;0,25,0,0,0,0,0,0,0,0,59,0,0,0,0,0,0,0,0,37,0,80,63,0,51,0,0,79,0,0;55,0,0,0,0,39,0,0,39,0,0,0,60,0,0,0,0,0,0,0,21,0,80,0,47,26,0,26,0,49;20,0,0,0,0,0,30,0,0,28,0,29,0,0,0,72,0,0,72,0,0,0,0,23,0,80,0,0,60,0;0,0,22,0,0,0,67,64,0,0,0,0,31,0,0,0,76,0,0,40,0,0,0,0,0,0,0,0,44,47;0,58,0,0,37,0,0,61,78,0,0,54,39,0,38,0,0,0,0,0,0,0,0,73,0,0,0,0,22,73;31,0,64,0,50,25,0,0,0,0,45,0,0,0,26,0,0,0,44,0,0,38,0,0,0,0,80,0,0,69;0,0,0,0,0,0,0,0,0,22,0,74,70,0,0,0,0,0,0,0,0,62,58,0,25,0,0,80,22,33;0,0,73,0,0,0,0,0,0,0,77,0,0,39,0,0,0,0,0,0,0,0,0,0,62,0,0,0,46,58;62,0,63,0,42,0,0,0,79,0,0,0,0,0,0,0,0,67,0,0,0,31,0,0,0,0,40,65,0,0;80,0,0,58,77,0,72,0,0,0,64,0,0,0,0,0,22,80,0,0,66,0,0,56,0,80,53,31,0,0
0,0,0,0,40,0,30,0,0,0,31,0,0,0,0,0,33,0,0,0,0,0,0,0,0,29,22,0,0,0;39,0,40,30,32,0,36,0,22,0,29,0,0,0,0,0,36,0,21,0,0,21,34,38,0,0,0,0,0,0;23,0,0,0,0,0,0,22,22,0,25,0,0,0,0,0,0,0,21,0,0,0,0,0,16,20,0,30,0,0;0,0,0,0,31,0,0,0,24,0,0,0,0,40,0,0,0,28,0,0,0,0,0,21,30,0,0,0,0,0;39,0,0,0,0,0,0,30,0,29,0,0,31,27,0,29,0,0,0,0,0,0,0,33,35,27,0,0,0,0;0,24,0,0,32,0,29,0,0,0,0,0,0,0,0,0,0,0,0,0,32,0,38,0,0,0,0,0,0,22;24,38,0,0,39,0,0,0,31,0,0,0,0,0,0,0,20,0,0,20,0,0,23,32,0,39,0,0,32,0;0,0,25,0,20,0,0,0,0,21,27,0,0,0,0,0,23,0,0,0,0,0,0,0,0,31,0,0,40,33;0,0,34,35,0,20,32,0,0,0,0,37,29,37,0,29,0,0,0,23,0,0,0,0,0,30,38,0,32,0;0,24,21,0,0,0,0,0,0,0,26,0,35,30,0,29,0,0,33,0,0,0,0,24,20,0,0,0,0,0;32,0,23,0,0,0,0,0,0,0,0,24,0,40,0,34,0,0,39,0,27,0,0,0,0,0,0,32,0,0;0,0,0,0,0,0,27,0,0,0,0,0,24,36,0,0,0,0,23,0,0,0,0,0,0,0,0,0,0,25;0,0,27,0,0,0,0,0,0,0,0,22,0,25,0,40,0,0,0,29,0,31,0,0,0,0,0,0,0,0;0,0,0,32,0,27,0,0,0,0,0,35,0,0,26,0,0,31,0,25,27,35,28,0,0,0,0,0,0,0;19,0,0,0,0,20,0,34,0,0,28,0,28,0,0,26,0,22,34,0,0,0,0,0,0,0,26,0,0,0;31,0,0,0,0,0,0,0,40,0,0,0,31,24,0,0,0,0,0,0,0,0,20,0,0,0,0,36,0,34;35,0,0,0,0,35,0,0,0,31,0,0,0,30,0,0,0,31,0,0,0,0,25,20,0,0,21,0,0,0;0,25,0,0,0,0,0,0,0,32,24,29,0,39,0,33,0,0,35,0,0,0,0,18,20,0,29,39,0,0;34,0,0,0,21,24,0,0,22,22,0,0,0,0,0,0,28,0,0,0,0,0,33,0,0,0,0,30,0,30;33,0,0,21,30,27,0,36,32,0,0,37,0,0,0,0,36,38,40,0,36,26,0,24,0,0,0,24,0,0;0,40,0,0,0,0,0,0,0,0,34,0,0,0,0,0,0,0,0,39,0,32,39,0,32,0,0,35,0,0;40,0,0,0,0,35,0,0,23,0,0,0,39,0,0,0,0,0,0,0,34,0,40,0,26,40,0,33,0,26;40,0,0,0,0,0,23,0,0,31,0,21,0,0,0,21,0,0,36,0,0,0,0,40,0,22,0,0,20,0;0,0,33,0,0,0,31,33,0,0,0,0,30,0,0,0,27,0,0,32,0,0,0,0,0,0,0,0,29,27;0,20,0,0,24,0,0,27,32,0,0,24,38,0,20,0,0,0,0,0,0,0,0,38,0,0,0,0,26,24;38,0,31,0,35,34,0,0,0,0,27,0,0,0,20,0,0,0,23,0,0,29,0,0,0,0,32,0,0,28;0,0,0,0,0,0,0,0,0,28,0,36,28,0,0,0,0,0,0,0,0,22,32,0,30,0,0,21,32,38;0,0,20,0,0,0,0,0,0,0,39,0,0,34,0,0,0,0,0,0,0,0,0,0,25,0,0,0,27,39;31,0,28,0,28,0,0,0,38,0,0,0,0,0,0,0,0,31,0,0,0,35,0,0,0,0,21,34,0,0;29,0,0,25,22,0,36,0,0,0,38,0,0,0,0,0,30,40,0,0,31,0,0,34,0,21,36,30,0,0
-49,12,0,29,0,27,0,20,0,15,0,0,0,0,0,0,0,0,18,17,0,0,0,-71,-38,0,0,0,0,20
------------- End of Scenario k = 6 -------
0,0,0,0,34,0,26,0,0,0,72,0,0,0,0,0,21,0,0,0,0,0,0,0,0,52,38,0,0,0;48,0,80,72,76,0,38,0,23,0,62,0,0,0,0,0,57,0,29,0,0,28,62,80,0,0,0,0,0,0;36,0,0,0,0,0,0,77,22,0,27,0,0,0,0,0,0,0,46,0,0,0,0,0,37,60,0,64,0,0;0,0,0,0,40,0,0,0,21,0,0,0,0,50,0,0,0,46,0,0,0,0,0,28,38,0,0,0,0,0;36,0,0,0,0,0,0,63,0,60,0,0,21,46,0,24,0,0,0,0,0,0,0,71,80,61,0,0,0,0;0,58,0,0,50,0,80,0,0,0,0,0,0,0,0,0,0,0,0,0,48,0,54,0,0,0,0,0,0,70;26,56,0,0,79,0,0,0,24,0,0,0,0,0,0,0,56,0,0,39,0,0,41,33,0,51,0,0,48,0;0,0,40,0,62,0,0,0,0,61,22,0,0,0,0,0,60,0,0,0,0,0,0,0,0,35,0,0,73,53;0,0,26,65,0,23,46,0,0,0,0,40,79,35,0,39,0,0,0,59,0,0,0,0,0,44,31,0,47,0;0,43,22,0,0,0,0,0,0,0,37,0,61,61,0,48,0,0,61,0,0,0,0,80,79,0,0,0,0,0;80,0,65,0,0,0,0,0,0,0,0,80,0,77,0,42,0,0,28,0,61,0,0,0,0,0,0,20,0,0;0,0,0,0,0,0,54,0,0,0,0,0,49,62,0,0,0,0,52,0,0,0,0,0,0,0,0,0,0,47;0,0,36,0,0,0,0,0,0,0,0,59,0,56,0,57,0,0,0,67,0,42,0,0,0,0,0,0,0,0;0,0,0,36,0,30,0,0,0,0,0,52,0,0,80,0,0,57,0,33,52,33,42,0,0,0,0,0,0,0;80,0,0,0,0,45,0,27,0,0,55,0,70,0,0,50,0,49,22,0,0,0,0,0,0,0,40,0,0,0;20,0,0,0,0,0,0,0,51,0,0,0,68,29,0,0,0,0,0,0,0,0,44,0,0,0,0,40,0,63;62,0,0,0,0,46,0,0,0,65,0,0,0,75,0,0,0,80,0,0,0,0,53,71,0,0,74,0,0,0;0,29,0,0,0,0,0,0,0,37,51,39,0,50,0,37,0,0,35,0,0,0,0,38,80,0,36,80,0,0;49,0,0,0,26,41,0,0,49,72,0,0,0,0,0,0,33,0,0,0,0,0,63,0,0,0,0,62,0,76;80,0,0,23,41,77,0,21,42,0,0,76,0,0,0,0,62,27,58,0,80,58,0,80,0,0,0,23,0,0;0,25,0,0,0,0,0,0,0,0,38,0,0,0,0,0,0,0,0,31,0,80,42,0,80,0,0,80,0,0;74,0,0,0,0,71,0,0,26,0,0,0,44,0,0,0,0,0,0,0,32,0,32,0,25,62,0,26,0,38;73,0,0,0,0,0,44,0,0,33,0,54,0,0,0,55,0,0,20,0,0,0,0,38,0,66,0,0,28,0;0,0,38,0,0,0,24,59,0,0,0,0,55,0,0,0,27,0,0,26,0,0,0,0,0,0,0,0,33,43;0,65,0,0,68,0,0,47,75,0,0,60,52,0,64,0,0,0,0,0,0,0,0,66,0,0,0,0,65,25;54,0,69,0,22,23,0,0,0,0,76,0,0,0,26,0,0,0,56,0,0,66,0,0,0,0,65,0,0,22;0,0,0,0,0,0,0,0,0,70,0,48,50,0,0,0,0,0,0,0,0,75,31,0,80,0,0,80,79,31;0,0,26,0,0,0,0,0,0,0,53,0,0,57,0,0,0,0,0,0,0,0,0,0,43,0,0,0,80,37;62,0,42,0,47,0,0,0,51,0,0,0,0,0,0,0,0,45,0,0,0,23,0,0,0,0,71,36,0,0;70,0,0,64,33,0,39,0,0,0,39,0,0,0,0,0,70,49,0,0,34,0,0,74,0,46,29,74,0,0
0,0,0,0,34,0,36,0,0,0,21,0,0,0,0,0,28,0,0,0,0,0,0,0,0,40,29,0,0,0;13,0,37,40,39,0,39,0,33,0,35,0,0,0,0,0,36,0,24,0,0,22,28,31,0,0,0,0,0,0;38,0,0,0,0,0,0,35,37,0,39,0,0,0,0,0,0,0,35,0,0,0,0,0,17,21,0,26,0,0;0,0,0,0,34,0,0,0,21,0,0,0,0,26,0,0,0,40,0,0,0,0,0,28,29,0,0,0,0,0;35,0,0,0,0,0,0,37,0,27,0,0,33,40,0,32,0,0,0,0,0,0,0,22,29,29,0,0,0,0;0,35,0,0,25,0,34,0,0,0,0,0,0,0,0,0,0,0,0,0,21,0,33,0,0,0,0,0,0,27;25,24,0,0,23,0,0,0,38,0,0,0,0,0,0,0,33,0,0,27,0,0,21,27,0,21,0,0,23,0;0,0,35,0,30,0,0,0,0,25,35,0,0,0,0,0,31,0,0,0,0,0,0,0,0,22,0,0,40,20;0,0,22,32,0,22,27,0,0,0,0,27,36,38,0,22,0,0,0,26,0,0,0,0,0,21,36,0,31,0;0,32,38,0,0,0,0,0,0,0,33,0,26,40,0,21,0,0,26,0,0,0,0,30,28,0,0,0,0,0;31,0,34,0,0,0,0,0,0,0,0,30,0,40,0,32,0,0,37,0,38,0,0,0,0,0,0,21,0,0;0,0,0,0,0,0,25,0,0,0,0,0,40,32,0,0,0,0,29,0,0,0,0,0,0,0,0,0,0,28;0,0,25,0,0,0,0,0,0,0,0,24,0,28,0,24,0,0,0,20,0,24,0,0,0,0,0,0,0,0;0,0,0,21,0,21,0,0,0,0,0,39,0,0,37,0,0,39,0,30,37,21,22,0,0,0,0,0,0,0;40,0,0,0,0,35,0,24,0,0,38,0,23,0,0,27,0,37,20,0,0,0,0,0,0,0,23,0,0,0;24,0,0,0,0,0,0,0,27,0,0,0,30,30,0,0,0,0,0,0,0,0,28,0,0,0,0,21,0,33;33,0,0,0,0,31,0,0,0,39,0,0,0,24,0,0,0,25,0,0,0,0,22,20,0,0,28,0,0,0;0,23,0,0,0,0,0,0,0,25,31,22,0,22,0,20,0,0,34,0,0,0,0,33,29,0,39,25,0,0;31,0,0,0,30,37,0,0,30,38,0,0,0,0,0,0,25,0,0,0,0,0,36,0,0,0,0,30,0,29;35,0,0,28,20,26,0,31,37,0,0,32,0,0,0,0,29,21,40,0,30,26,0,39,0,0,0,35,0,0;0,38,0,0,0,0,0,0,0,0,25,0,0,0,0,0,0,0,0,24,0,29,29,0,32,0,0,22,0,0;28,0,0,0,0,21,0,0,33,0,0,0,27,0,0,0,0,0,0,0,29,0,35,0,21,40,0,36,0,20;26,0,0,0,0,0,22,0,0,26,0,22,0,0,0,39,0,0,39,0,0,0,0,40,0,30,0,0,21,0;0,0,25,0,0,0,33,32,0,0,0,0,36,0,0,0,39,0,0,37,0,0,0,0,0,0,0,0,40,24;0,24,0,0,24,0,0,34,39,0,0,36,39,0,29,0,0,0,0,0,0,0,0,37,0,0,0,0,27,28;40,0,35,0,28,22,0,0,0,0,33,0,0,0,22,0,0,0,33,0,0,27,0,0,0,0,31,0,0,21;0,0,0,0,0,0,0,0,0,40,0,23,35,0,0,0,0,0,0,0,0,27,23,0,31,0,0,33,34,20;0,0,20,0,0,0,0,0,0,0,24,0,0,34,0,0,0,0,0,0,0,0,0,0,21,0,0,0,20,34;32,0,30,0,23,0,0,0,33,0,0,0,0,0,0,0,0,33,0,0,0,27,0,0,0,0,31,22,0,0;34,0,0,39,22,0,29,0,0,0,31,0,0,0,0,0,40,40,0,0,23,0,0,39,0,35,30,40,0,0
-64,13,0,19,0,27,0,23,0,25,0,0,0,0,0,0,0,0,24,19,0,0,0,-70,-35,0,0,0,0,19
------------- End of Scenario k = 7 -------
0,0,0,0,23,0,57,0,0,0,44,0,0,0,0,0,30,0,0,0,0,0,0,0,0,27,31,0,0,0;38,0,80,71,20,0,54,0,42,0,24,0,0,0,0,0,39,0,24,0,0,42,34,80,0,0,0,0,0,0;54,0,0,0,0,0,0,55,39,0,60,0,0,0,0,0,0,0,60,0,0,0,0,0,60,26,0,45,0,0;0,0,0,0,80,0,0,0,55,0,0,0,0,66,0,0,0,79,0,0,0,0,0,68,20,0,0,0,0,0;66,0,0,0,0,0,0,43,0,53,0,0,77,53,0,75,0,0,0,0,0,0,0,64,80,62,0,0,0,0;0,48,0,0,59,0,80,0,0,0,0,0,0,0,0,0,0,0,0,0,23,0,25,0,0,0,0,0,0,78;20,30,0,0,59,0,0,0,48,0,0,0,0,0,0,0,42,0,0,50,0,0,55,80,0,25,0,0,80,0;0,0,72,0,69,0,0,0,0,69,80,0,0,0,0,0,29,0,0,0,0,0,0,0,0,39,0,0,60,27;0,0,56,52,0,45,71,0,0,0,0,21,24,76,0,78,0,0,0,39,0,0,0,0,0,33,38,0,75,0;0,51,33,0,0,0,0,0,0,0,24,0,63,80,0,70,0,0,44,0,0,0,0,80,29,0,0,0,0,0;41,0,70,0,0,0,0,0,0,0,0,23,0,45,0,36,0,0,20,0,32,0,0,0,0,0,0,59,0,0;0,0,0,0,0,0,22,0,0,0,0,0,62,38,0,0,0,0,79,0,0,0,0,0,0,0,0,0,0,23;0,0,34,0,0,0,0,0,0,0,0,69,0,50,0,21,0,0,0,27,0,40,0,0,0,0,0,0,0,0;0,0,0,44,0,66,0,0,0,0,0,78,0,0,80,0,0,48,0,44,79,22,46,0,0,0,0,0,0,0;80,0,0,0,0,61,0,54,0,0,41,0,47,0,0,80,0,68,28,0,0,0,0,0,0,0,40,0,0,0;74,0,0,0,0,0,0,0,41,0,0,0,28,54,0,0,0,0,0,0,0,0,47,0,0,0,0,21,0,24;70,0,0,0,0,26,0,0,0,78,0,0,0,51,0,0,0,80,0,0,0,0,24,21,0,0,33,0,0,0;0,63,0,0,0,0,0,0,0,64,29,56,0,32,0,64,0,0,32,0,0,0,0,59,80,0,29,36,0,0;35,0,0,0,43,29,0,0,30,22,0,0,0,0,0,0,80,0,0,0,0,0,37,0,0,0,0,29,0,69;56,0,0,50,67,23,0,21,36,0,0,75,0,0,0,0,69,63,79,0,80,47,0,79,0,0,0,69,0,0;0,39,0,0,0,0,0,0,0,0,67,0,0,0,0,0,0,0,0,42,0,21,67,0,80,0,0,76,0,0;70,0,0,0,0,64,0,0,64,0,0,0,23,0,0,0,0,0,0,0,36,0,44,0,45,65,0,32,0,40;79,0,0,0,0,0,26,0,0,47,0,27,0,0,0,60,0,0,25,0,0,0,0,41,0,39,0,0,37,0;0,0,34,0,0,0,62,74,0,0,0,0,74,0,0,0,27,0,0,30,0,0,0,0,0,0,0,0,35,45;0,35,0,0,49,0,0,46,56,0,0,22,69,0,77,0,0,0,0,0,0,0,0,79,0,0,0,0,24,62;37,0,65,0,73,74,0,0,0,0,32,0,0,0,50,0,0,0,68,0,0,21,0,0,0,0,80,0,0,27;0,0,0,0,0,0,0,0,0,33,0,36,24,0,0,0,0,0,0,0,0,71,34,0,80,0,0,37,57,56;0,0,50,0,0,0,0,0,0,0,26,0,0,34,0,0,0,0,0,0,0,0,0,0,73,0,0,0,80,56;62,0,71,0,41,0,0,0,53,0,0,0,0,0,0,0,0,47,0,0,0,42,0,0,0,0,77,62,0,0;55,0,0,48,22,0,21,0,0,0,66,0,0,0,0,0,64,43,0,0,41,0,0,69,0,80,47,48,0,0
0,0,0,0,22,0,20,0,0,0,30,0,0,0,0,0,30,0,0,0,0,0,0,0,0,23,35,0,0,0;27,0,26,34,20,0,39,0,25,0,38,0,0,0,0,0,30,0,34,0,0,34,29,27,0,0,0,0,0,0;34,0,0,0,0,0,0,33,22,0,30,0,0,0,0,0,0,0,27,0,0,0,0,0,39,25,0,32,0,0;0,0,0,0,33,0,0,0,22,0,0,0,0,21,0,0,0,33,0,0,0,0,0,29,29,0,0,0,0,0;30,0,0,0,0,0,0,29,0,20,0,0,33,25,0,27,0,0,0,0,0,0,0,21,19,32,0,0,0,0;0,20,0,0,40,0,24,0,0,0,0,0,0,0,0,0,0,0,0,0,40,0,27,0,0,0,0,0,0,26;26,35,0,0,32,0,0,0,27,0,0,0,0,0,0,0,25,0,0,22,0,0,33,26,0,28,0,0,27,0;0,0,21,0,27,0,0,0,0,20,16,0,0,0,0,0,24,0,0,0,0,0,0,0,0,24,0,0,38,31;0,0,25,33,0,24,24,0,0,0,0,39,39,35,0,38,0,0,0,35,0,0,0,0,0,27,32,0,36,0;0,24,30,0,0,0,0,0,0,0,29,0,40,28,0,26,0,0,35,0,0,0,0,23,27,0,0,0,0,0;28,0,21,0,0,0,0,0,0,0,0,17,0,28,0,20,0,0,25,0,29,0,0,0,0,0,0,23,0,0;0,0,0,0,0,0,38,0,0,0,0,0,23,36,0,0,0,0,39,0,0,0,0,0,0,0,0,0,0,22;0,0,22,0,0,0,0,0,0,0,0,39,0,21,0,29,0,0,0,25,0,21,0,0,0,0,0,0,0,0;0,0,0,23,0,33,0,0,0,0,0,28,0,0,27,0,0,23,0,39,30,31,40,0,0,0,0,0,0,0;28,0,0,0,0,30,0,35,0,0,31,0,21,0,0,34,0,27,21,0,0,0,0,0,0,0,21,0,0,0;30,0,0,0,0,0,0,0,20,0,0,0,25,28,0,0,0,0,0,0,0,0,38,0,0,0,0,21,0,32;39,0,0,0,0,28,0,0,0,35,0,0,0,37,0,0,0,21,0,0,0,0,22,28,0,0,24,0,0,0;0,38,0,0,0,0,0,0,0,28,28,25,0,26,0,27,0,0,22,0,0,0,0,23,32,0,25,27,0,0;40,0,0,0,25,36,0,0,37,21,0,0,0,0,0,0,38,0,0,0,0,0,23,0,0,0,0,31,0,27;38,0,0,31,30,40,0,40,33,0,0,32,0,0,0,0,40,31,22,0,36,37,0,32,0,0,0,38,0,0;0,29,0,0,0,0,0,0,0,0,37,0,0,0,0,0,0,0,0,33,0,38,34,0,38,0,0,28,0,0;31,0,0,0,0,34,0,0,32,0,0,0,35,0,0,0,0,0,0,0,22,0,33,0,36,33,0,28,0,38;21,0,0,0,0,0,24,0,0,36,0,33,0,0,0,28,0,0,25,0,0,0,0,35,0,31,0,0,32,0;0,0,35,0,0,0,21,32,0,0,0,0,36,0,0,0,34,0,0,38,0,0,0,0,0,0,0,0,32,40;0,25,0,0,27,0,0,36,34,0,0,33,23,0,28,0,0,0,0,0,0,0,0,32,0,0,0,0,24,24;26,0,23,0,32,35,0,0,0,0,34,0,0,0,20,0,0,0,26,0,0,31,0,0,0,0,35,0,0,21;0,0,0,0,0,0,0,0,0,32,0,23,24,0,0,0,0,0,0,0,0,34,29,0,37,0,0,30,31,27;0,0,20,0,0,0,0,0,0,0,39,0,0,39,0,0,0,0,0,0,0,0,0,0,38,0,0,0,34,34;23,0,22,0,36,0,0,0,25,0,0,0,0,0,0,0,0,35,0,0,0,20,0,0,0,0,24,29,0,0;38,0,0,38,28,0,28,0,0,0,35,0,0,0,0,0,27,26,0,0,25,0,0,36,0,32,34,34,0,0
-65,19,0,14,0,16,0,15,0,13,0,0,0,0,0,0,0,0,13,26,0,0,0,-61,-19,0,0,0,0,29
------------- End of Scenario k = 8 -------
0,0,0,0,49,0,23,0,0,0,78,0,0,0,0,0,32,0,0,0,0,0,0,0,0,35,43,0,0,0;48,0,35,48,42,0,30,0,66,0,52,0,0,0,0,0,27,0,20,0,0,69,22,57,0,0,0,0,0,0;30,0,0,0,0,0,0,72,78,0,53,0,0,0,0,0,0,0,78,0,0,0,0,0,27,70,0,33,0,0;0,0,0,0,80,0,0,0,33,0,0,0,0,66,0,0,0,21,0,0,0,0,0,31,67,0,0,0,0,0;80,0,0,0,0,0,0,29,0,78,0,0,71,37,0,77,0,0,0,0,0,0,0,51,80,71,0,0,0,0;0,28,0,0,44,0,80,0,0,0,0,0,0,0,0,0,0,0,0,0,73,0,45,0,0,0,0,0,0,40;59,69,0,0,24,0,0,0,47,0,0,0,0,0,0,0,49,0,0,66,0,0,53,80,0,25,0,0,53,0;0,0,31,0,80,0,0,0,0,39,59,0,0,0,0,0,28,0,0,0,0,0,0,0,0,28,0,0,55,45;0,0,57,27,0,26,61,0,0,0,0,68,66,71,0,24,0,0,0,73,0,0,0,0,0,53,20,0,63,0;0,42,40,0,0,0,0,0,0,0,36,0,20,80,0,56,0,0,75,0,0,0,0,72,47,0,0,0,0,0;34,0,56,0,0,0,0,0,0,0,0,80,0,41,0,63,0,0,68,0,32,0,0,0,0,0,0,75,0,0;0,0,0,0,0,0,78,0,0,0,0,0,80,57,0,0,0,0,40,0,0,0,0,0,0,0,0,0,0,79;0,0,34,0,0,0,0,0,0,0,0,55,0,56,0,77,0,0,0,55,0,39,0,0,0,0,0,0,0,0;0,0,0,50,0,78,0,0,0,0,0,48,0,0,63,0,0,41,0,27,73,78,45,0,0,0,0,0,0,0;80,0,0,0,0,34,0,58,0,0,80,0,49,0,0,80,0,33,64,0,0,0,0,0,0,0,66,0,0,0;39,0,0,0,0,0,0,0,65,0,0,0,56,45,0,0,0,0,0,0,0,0,58,0,0,0,0,29,0,50;42,0,0,0,0,74,0,0,0,73,0,0,0,40,0,0,0,80,0,0,0,0,20,35,0,0,41,0,0,0;0,34,0,0,0,0,0,0,0,69,43,74,0,74,0,45,0,0,67,0,0,0,0,55,47,0,39,31,0,0;32,0,0,0,45,58,0,0,57,52,0,0,0,0,0,0,42,0,0,0,0,0,29,0,0,0,0,71,0,26;43,0,0,35,36,56,0,43,40,0,0,22,0,0,0,0,24,77,22,0,80,21,0,61,0,0,0,38,0,0;0,68,0,0,0,0,0,0,0,0,27,0,0,0,0,0,0,0,0,73,0,80,33,0,57,0,0,69,0,0;27,0,0,0,0,20,0,0,67,0,0,0,50,0,0,0,0,0,0,0,37,0,80,0,69,70,0,27,0,37;33,0,0,0,0,0,51,0,0,79,0,44,0,0,0,54,0,0,65,0,0,0,0,49,0,61,0,0,79,0;0,0,53,0,0,0,77,75,0,0,0,0,32,0,0,0,74,0,0,28,0,0,0,0,0,0,0,0,38,35;0,75,0,0,31,0,0,39,45,0,0,50,77,0,24,0,0,0,0,0,0,0,0,61,0,0,0,0,26,30;50,0,57,0,26,68,0,0,0,0,48,0,0,0,21,0,0,0,41,0,0,79,0,0,0,0,80,0,0,77;0,0,0,0,0,0,0,0,0,29,0,80,78,0,0,0,0,0,0,0,0,41,77,0,67,0,0,80,70,47;0,0,37,0,0,0,0,0,0,0,29,0,0,64,0,0,0,0,0,0,0,0,0,0,67,0,0,0,21,31;24,0,60,0,67,0,0,0,66,0,0,0,0,0,0,0,0,63,0,0,0,29,0,0,0,0,76,37,0,0;41,0,0,68,31,0,49,0,0,0,30,0,0,0,0,0,59,53,0,0,29,0,0,24,0,41,73,47,0,0
0,0,0,0,25,0,23,0,0,0,32,0,0,0,0,0,36,0,0,0,0,0,0,0,0,32,32,0,0,0;32,0,40,40,30,0,27,0,27,0,31,0,0,0,0,0,31,0,40,0,0,36,30,25,0,0,0,0,0,0;39,0,0,0,0,0,0,22,36,0,20,0,0,0,0,0,0,0,32,0,0,0,0,0,36,39,0,29,0,0;0,0,0,0,30,0,0,0,26,0,0,0,0,30,0,0,0,24,0,0,0,0,0,25,24,0,0,0,0,0;16,0,0,0,0,0,0,21,0,26,0,0,30,36,0,39,0,0,0,0,0,0,0,39,29,29,0,0,0,0;0,33,0,0,21,0,30,0,0,0,0,0,0,0,0,0,0,0,0,0,37,0,37,0,0,0,0,0,0,24;20,28,0,0,39,0,0,0,35,0,0,0,0,0,0,0,20,0,0,20,0,0,34,30,0,36,0,0,40,0;0,0,21,0,25,0,0,0,0,31,29,0,0,0,0,0,28,0,0,0,0,0,0,0,0,21,0,0,29,35;0,0,32,30,0,40,21,0,0,0,0,38,32,38,0,33,0,0,0,20,0,0,0,0,0,24,38,0,24,0;0,39,33,0,0,0,0,0,0,0,35,0,20,23,0,36,0,0,24,0,0,0,0,28,31,0,0,0,0,0;39,0,37,0,0,0,0,0,0,0,0,40,0,40,0,25,0,0,35,0,23,0,0,0,0,0,0,29,0,0;0,0,0,0,0,0,24,0,0,0,0,0,29,24,0,0,0,0,33,0,0,0,0,0,0,0,0,0,0,23;0,0,24,0,0,0,0,0,0,0,0,24,0,32,0,34,0,0,0,31,0,28,0,0,0,0,0,0,0,0;0,0,0,31,0,25,0,0,0,0,0,27,0,0,35,0,0,38,0,40,28,37,37,0,0,0,0,0,0,0;25,0,0,0,0,34,0,24,0,0,26,0,20,0,0,33,0,28,35,0,0,0,0,0,0,0,25,0,0,0;39,0,0,0,0,0,0,0,31,0,0,0,32,26,0,0,0,0,0,0,0,0,40,0,0,0,0,32,0,21;29,0,0,0,0,39,0,0,0,20,0,0,0,31,0,0,0,16,0,0,0,0,38,20,0,0,33,0,0,0;0,25,0,0,0,0,0,0,0,23,38,34,0,22,0,37,0,0,33,0,0,0,0,16,38,0,40,23,0,0;39,0,0,0,23,28,0,0,20,34,0,0,0,0,0,0,28,0,0,0,0,0,21,0,0,0,0,33,0,25;25,0,0,33,34,30,0,22,25,0,0,30,0,0,0,0,32,32,32,0,20,23,0,13,0,0,0,22,0,0;0,32,0,0,0,0,0,0,0,0,34,0,0,0,0,0,0,0,0,22,0,16,30,0,34,0,0,33,0,0;30,0,0,0,0,33,0,0,22,0,0,0,36,0,0,0,0,0,0,0,26,0,19,0,28,35,0,30,0,28;37,0,0,0,0,0,38,0,0,24,0,28,0,0,0,32,0,0,20,0,0,0,0,22,0,25,0,0,29,0;0,0,22,0,0,0,38,31,0,0,0,0,22,0,0,0,38,0,0,38,0,0,0,0,0,0,0,0,25,30;0,25,0,0,37,0,0,34,22,0,0,38,25,0,25,0,0,0,0,0,0,0,0,38,0,0,0,0,28,34;23,0,37,0,25,28,0,0,0,0,24,0,0,0,30,0,0,0,23,0,0,31,0,0,0,0,37,0,0,20;0,0,0,0,0,0,0,0,0,23,0,20,26,0,0,0,0,0,0,0,0,22,27,0,36,0,0,40,33,27;0,0,36,0,0,0,0,0,0,0,22,0,0,31,0,0,0,0,0,0,0,0,0,0,39,0,0,0,30,27;24,0,30,0,20,0,0,0,30,0,0,0,0,0,0,0,0,25,0,0,0,21,0,0,0,0,40,40,0,0;30,0,0,27,39,0,36,0,0,0,34,0,0,0,0,0,23,20,0,0,32,0,0,32,0,36,22,22,0,0
-58,25,0,11,0,25,0,21,0,23,0,0,0,0,0,0,0,0,15,12,0,0,0,-52,-52,0,0,0,0,30
------------- End of Scenario k = 9 -------
