/ -------------------------------------------------------------------------
An instance of the stochastic Fixed - charge Network Flow Problem using NETGEN.
/ -------------------------------------------------------------------------
Number of Nodes (no Dummy node is added), n
Graph Density, density
The fixed cost to variable cost ratio, f
Adjacency Matrix, A
Fixed Cost Matrix, c
Number of scenarios, K
Scenario Probabilities, p
----The following three rows will be repeated K times.----
Var Cost Matrix, d
Capacity, u
demand, b
/ -------------------------------------------------------------------------
+
30
0.3
200
0,0,0,1,1,1,1,0,0,1,0,0,0,0,1,0,0,0,0,1,0,0,0,1,1,0,0,0,0,0;1,0,1,1,0,0,1,1,0,0,0,1,1,1,1,0,0,1,0,0,0,0,1,1,0,1,0,0,0,1;0,0,0,1,0,1,0,0,0,0,0,0,0,0,0,0,0,1,1,0,0,1,0,1,0,0,1,0,0,0;1,0,1,0,0,1,1,0,0,0,0,0,0,0,1,0,0,0,1,0,1,0,1,0,0,0,1,0,0,0;0,0,0,0,0,1,1,0,0,0,0,1,1,0,0,0,0,0,0,1,0,0,0,1,0,0,0,0,0,0;1,0,1,0,0,0,0,1,0,0,1,0,0,1,0,1,1,0,1,1,0,1,1,0,0,0,0,0,0,0;0,0,0,0,0,0,0,0,0,1,1,1,0,0,0,0,0,0,1,0,0,0,0,1,0,1,1,0,0,0;1,0,0,1,0,0,0,0,1,0,0,0,0,1,0,0,0,0,0,0,0,0,1,0,0,0,0,0,0,0;1,1,1,0,0,0,0,0,0,1,1,0,0,1,0,1,0,1,0,0,0,1,0,0,0,0,0,0,1,1;0,0,0,0,1,0,0,1,0,0,0,0,0,1,1,1,0,0,1,0,0,0,0,1,0,0,1,1,0,0;0,0,0,0,1,0,1,0,0,0,0,0,0,0,0,0,0,1,1,0,1,0,1,0,0,0,0,0,1,1;0,1,0,1,0,1,1,0,0,0,0,0,1,0,1,0,0,1,1,0,1,0,0,0,1,0,1,0,0,0;0,0,0,0,1,1,0,1,0,0,1,1,0,1,0,1,0,1,0,0,0,1,1,1,1,0,1,0,0,0;0,1,0,0,1,1,1,0,0,1,0,0,0,0,0,0,1,0,1,0,0,0,0,0,1,0,0,0,1,1;1,0,0,0,1,0,0,0,0,0,0,0,1,0,0,1,0,1,0,1,0,0,0,1,1,1,0,0,0,1;0,1,0,0,0,1,0,0,0,0,0,1,1,0,0,0,0,0,1,1,1,1,0,1,0,0,0,0,1,0;1,0,1,0,0,0,0,1,0,1,1,0,0,1,1,1,0,0,0,1,0,0,0,0,0,0,1,0,0,0;0,0,0,1,0,0,1,1,1,0,0,0,1,1,0,1,0,0,1,0,0,0,0,1,0,1,0,0,0,1;1,0,0,1,0,0,0,1,0,0,0,0,0,0,0,0,0,1,0,1,1,0,1,0,1,0,0,0,0,0;0,0,1,1,0,0,0,1,0,1,0,0,1,0,1,1,0,1,0,0,0,0,1,0,1,0,0,0,0,0;0,0,0,0,1,0,0,0,0,0,0,1,0,1,1,0,0,0,1,1,0,0,0,0,1,0,1,0,1,0;0,0,1,0,0,0,0,0,0,1,1,0,1,0,0,1,0,0,1,0,0,0,0,0,0,0,0,0,0,0;0,0,0,0,0,0,1,0,1,0,1,0,0,1,0,0,1,0,0,0,0,0,0,1,0,1,0,0,0,0;0,1,0,0,0,0,1,0,0,1,0,0,0,0,0,1,0,0,0,0,0,0,1,0,1,0,0,0,0,0;0,0,0,0,1,0,0,0,1,0,0,0,0,0,0,0,0,0,0,0,1,0,0,0,0,1,0,0,0,1;0,0,1,1,0,0,0,1,1,1,0,0,0,0,0,1,0,1,0,0,0,1,1,0,0,0,1,1,1,0;0,0,0,0,0,0,1,0,0,0,0,0,1,1,1,0,1,1,0,0,0,0,0,0,0,1,0,1,0,0;0,0,1,1,0,1,0,0,0,0,0,0,0,1,1,0,0,0,1,0,1,0,0,0,1,0,1,0,0,1;0,0,0,0,1,0,0,0,0,0,1,0,1,0,0,0,0,0,0,0,0,0,0,0,0,0,0,0,0,1;1,0,1,0,0,0,0,0,0,0,0,0,0,1,0,0,1,0,0,1,0,0,0,0,0,0,0,0,0,0
0,0,0,10710,8590,10130,9110,0,0,9400,0,0,0,0,9930,0,0,0,0,8120,0,0,0,10880,8510,0,0,0,0,0;13430,0,12380,10760,0,0,9410,9270,0,0,0,9910,9680,10340,11180,0,0,11970,0,0,0,0,9810,9820,0,10430,0,0,0,10010;0,0,0,14119,0,9720,0,0,0,0,0,0,0,0,0,0,0,10810,12020,0,0,10160,0,10830,0,0,11570,0,0,0;10100,0,10240,0,0,11490,10170,0,0,0,0,0,0,0,10720,0,0,0,10670,0,13660,0,10570,0,0,0,9830,0,0,0;0,0,0,0,0,8510,9990,0,0,0,0,10860,9750,0,0,0,0,0,0,9780,0,0,0,10010,0,0,0,0,0,0;11730,0,9400,0,0,0,0,9580,0,0,10340,0,0,11310,0,9250,9670,0,10310,9840,0,11330,10850,0,0,0,0,0,0,0;0,0,0,0,0,0,0,0,0,10040,10410,10000,0,0,0,0,0,0,10780,0,0,0,0,10480,0,10390,8140,0,0,0;11530,0,0,11820,0,0,0,0,14019,0,0,0,0,10070,0,0,0,0,0,0,0,0,10220,0,0,0,0,0,0,0;10100,9600,10250,0,0,0,0,0,0,11330,11880,0,0,9140,0,9560,0,9680,0,0,0,11660,0,0,0,0,0,0,10050,9450;0,0,0,0,13090,0,0,13540,0,0,0,0,0,10220,10160,8890,0,0,10060,0,0,0,0,9720,0,0,9360,9510,0,0;0,0,0,0,8480,0,8450,0,0,0,0,0,0,0,0,0,0,10420,10840,0,8400,0,9840,0,0,0,0,0,11150,10500;0,10580,0,9620,0,9730,9560,0,0,0,0,0,13400,0,8260,0,0,10560,9430,0,9300,0,0,0,9640,0,9450,0,0,0;0,0,0,0,12910,9540,0,9730,0,0,10870,9680,0,12740,0,10310,0,9950,0,0,0,10330,10330,9020,11050,0,8840,0,0,0;0,12040,0,0,9970,8670,10990,0,0,9420,0,0,0,0,0,0,9130,0,9870,0,0,0,0,0,9860,0,0,0,13930,8450;13119,0,0,0,10600,0,0,0,0,0,0,0,11200,0,0,9700,0,11990,0,14200,0,0,0,11540,10080,9920,0,0,0,9500;0,9750,0,0,0,12440,0,0,0,0,0,13260,10800,0,0,0,0,0,10420,13480,13460,12630,0,11770,0,0,0,0,10900,0;10870,0,10630,0,0,0,0,8720,0,10180,9500,0,0,9730,14169,9010,0,0,0,11140,0,0,0,0,0,0,8630,0,0,0;0,0,0,9700,0,0,9000,11490,11420,0,0,0,10920,9860,0,10260,0,0,11240,0,0,0,0,10740,0,9360,0,0,0,11280;9330,0,0,10470,0,0,0,11130,0,0,0,0,0,0,0,0,0,9850,0,8730,8370,0,12650,0,9390,0,0,0,0,0;0,0,9110,10310,0,0,0,10260,0,9320,0,0,10260,0,10070,9580,0,8310,0,0,0,0,9910,0,9380,0,0,0,0,0;0,0,0,0,11180,0,0,0,0,0,0,9380,0,11100,9310,0,0,0,11260,9870,0,0,0,0,9680,0,9890,0,10170,0;0,0,11750,0,0,0,0,0,0,10290,10840,0,9680,0,0,9560,0,0,10110,0,0,0,0,0,0,0,0,0,0,0;0,0,0,0,0,0,9330,0,12110,0,9960,0,0,10660,0,0,9540,0,0,0,0,0,0,13080,0,9610,0,0,0,0;0,8720,0,0,0,0,10470,0,0,9830,0,0,0,0,0,9910,0,0,0,0,0,0,9480,0,13319,0,0,0,0,0;0,0,0,0,10000,0,0,0,11570,0,0,0,0,0,0,0,0,0,0,0,9680,0,0,0,0,12940,0,0,0,8440;0,0,10070,9730,0,0,0,8710,10820,11300,0,0,0,0,0,9640,0,9810,0,0,0,10130,9560,0,0,0,10890,13560,10230,0;0,0,0,0,0,0,8420,0,0,0,0,0,9940,10060,8940,0,11410,12410,0,0,0,0,0,0,0,10870,0,10190,0,0;0,0,11990,10320,0,10460,0,0,0,0,0,0,0,9310,9720,0,0,0,9720,0,13230,0,0,0,9650,0,10390,0,0,13310;0,0,0,0,8790,0,0,0,0,0,9790,0,10280,0,0,0,0,0,0,0,0,0,0,0,0,0,0,0,0,10180;9060,0,10240,0,0,0,0,0,0,0,0,0,0,10580,0,0,9760,0,0,10430,0,0,0,0,0,0,0,0,0,0
20
0.07,0.07,0.02,0.12,0.07,0.02,0.02,0.02,0.05,0.05,0.02,0.02,0.17,0.02,0.05,0.02,0.02,0.02,0.02,0.13
--Scenarios--
0,0,0,79,66,32,76,0,0,69,0,0,0,0,70,0,0,0,0,37,0,0,0,71,58,0,0,0,0,0;37,0,43,48,0,0,28,72,0,0,0,73,24,50,48,0,0,70,0,0,0,0,30,56,0,63,0,0,0,56;0,0,0,37,0,37,0,0,0,0,0,0,0,0,0,0,0,40,52,0,0,52,0,41,0,0,68,0,0,0;39,0,77,0,0,27,80,0,0,0,0,0,0,0,76,0,0,0,43,0,80,0,52,0,0,0,32,0,0,0;0,0,0,0,0,28,33,0,0,0,0,65,44,0,0,0,0,0,0,29,0,0,0,54,0,0,0,0,0,0;73,0,35,0,0,0,0,29,0,0,30,0,0,43,0,35,31,0,80,37,0,48,26,0,0,0,0,0,0,0;0,0,0,0,0,0,0,0,0,65,69,44,0,0,0,0,0,0,50,0,0,0,0,63,0,43,21,0,0,0;72,0,0,80,0,0,0,0,80,0,0,0,0,27,0,0,0,0,0,0,0,0,20,0,0,0,0,0,0,0;53,60,79,0,0,0,0,0,0,59,26,0,0,49,0,74,0,33,0,0,0,58,0,0,0,0,0,0,60,20;0,0,0,0,69,0,0,44,0,0,0,0,0,40,36,48,0,0,73,0,0,0,0,69,0,0,49,22,0,0;0,0,0,0,47,0,52,0,0,0,0,0,0,0,0,0,0,70,76,0,43,0,34,0,0,0,0,0,52,73;0,38,0,34,0,28,75,0,0,0,0,0,44,0,80,0,0,76,46,0,43,0,0,0,71,0,22,0,0,0;0,0,0,0,80,62,0,25,0,0,29,63,0,68,0,38,0,67,0,0,0,80,48,35,26,0,46,0,0,0;0,79,0,0,30,34,65,0,0,46,0,0,0,0,0,0,35,0,68,0,0,0,0,0,40,0,0,0,80,69;27,0,0,0,43,0,0,0,0,0,0,0,47,0,0,76,0,68,0,80,0,0,0,68,75,31,0,0,0,34;0,73,0,0,0,47,0,0,0,0,0,44,27,0,0,0,0,0,65,80,80,53,0,61,0,0,0,0,39,0;79,0,68,0,0,0,0,40,0,70,21,0,0,71,80,35,0,0,0,44,0,0,0,0,0,0,24,0,0,0;0,0,0,37,0,0,35,65,39,0,0,0,48,76,0,69,0,0,57,0,0,0,0,36,0,70,0,0,0,66;30,0,0,78,0,0,0,26,0,0,0,0,0,0,0,0,0,62,0,31,67,0,80,0,27,0,0,0,0,0;0,0,59,79,0,0,0,64,0,54,0,0,78,0,77,24,0,68,0,0,0,0,22,0,57,0,0,0,0,0;0,0,0,0,51,0,0,0,0,0,0,63,0,56,54,0,0,0,73,60,0,0,0,0,62,0,63,0,68,0;0,0,68,0,0,0,0,0,0,21,53,0,64,0,0,50,0,0,58,0,0,0,0,0,0,0,0,0,0,0;0,0,0,0,0,0,33,0,49,0,62,0,0,79,0,0,66,0,0,0,0,0,0,80,0,21,0,0,0,0;0,31,0,0,0,0,55,0,0,56,0,0,0,0,0,48,0,0,0,0,0,0,74,0,77,0,0,0,0,0;0,0,0,0,69,0,0,0,59,0,0,0,0,0,0,0,0,0,0,0,76,0,0,0,0,56,0,0,0,36;0,0,43,45,0,0,0,31,64,54,0,0,0,0,0,67,0,29,0,0,0,26,78,0,0,0,33,80,58,0;0,0,0,0,0,0,40,0,0,0,0,0,37,71,22,0,37,80,0,0,0,0,0,0,0,75,0,40,0,0;0,0,53,58,0,48,0,0,0,0,0,0,0,68,74,0,0,0,20,0,30,0,0,0,78,0,48,0,0,80;0,0,0,0,31,0,0,0,0,0,53,0,51,0,0,0,0,0,0,0,0,0,0,0,0,0,0,0,0,45;20,0,61,0,0,0,0,0,0,0,0,0,0,51,0,0,78,0,0,53,0,0,0,0,0,0,0,0,0,0
0,0,0,38,20,33,32,0,0,39,0,0,0,0,27,0,0,0,0,22,0,0,0,27,40,0,0,0,0,0;20,0,35,38,0,0,35,40,0,0,0,39,40,36,27,0,0,39,0,0,0,0,21,28,0,30,0,0,0,37;0,0,0,23,0,21,0,0,0,0,0,0,0,0,0,0,0,23,22,0,0,24,0,27,0,0,31,0,0,0;32,0,39,0,0,37,14,0,0,0,0,0,0,0,24,0,0,0,40,0,27,0,36,0,0,0,32,0,0,0;0,0,0,0,0,36,38,0,0,0,0,21,32,0,0,0,0,0,0,29,0,0,0,37,0,0,0,0,0,0;23,0,40,0,0,0,0,35,0,0,31,0,0,21,0,25,31,0,30,29,0,36,38,0,0,0,0,0,0,0;0,0,0,0,0,0,0,0,0,33,29,38,0,0,0,0,0,0,40,0,0,0,0,32,0,37,34,0,0,0;29,0,0,31,0,0,0,0,40,0,0,0,0,40,0,0,0,0,0,0,0,0,27,0,0,0,0,0,0,0;29,22,37,0,0,0,0,0,0,31,31,0,0,29,0,38,0,32,0,0,0,34,0,0,0,0,0,0,20,27;0,0,0,0,23,0,0,22,0,0,0,0,0,27,40,27,0,0,30,0,0,0,0,20,0,0,25,21,0,0;0,0,0,0,40,0,20,0,0,0,0,0,0,0,0,0,0,31,20,0,29,0,35,0,0,0,0,0,37,23;0,39,0,24,0,28,24,0,0,0,0,0,26,0,33,0,0,22,22,0,35,0,0,0,27,0,26,0,0,0;0,0,0,0,31,29,0,24,0,0,37,36,0,36,0,36,0,39,0,0,0,30,32,33,26,0,36,0,0,0;0,30,0,0,31,21,32,0,0,34,0,0,0,0,0,0,33,0,33,0,0,0,0,0,39,0,0,0,20,39;27,0,0,0,40,0,0,0,0,0,0,0,38,0,0,34,0,35,0,30,0,0,0,25,37,20,0,0,0,20;0,37,0,0,0,23,0,0,0,0,0,36,23,0,0,0,0,0,23,21,37,17,0,36,0,0,0,0,27,0;22,0,27,0,0,0,0,27,0,27,38,0,0,32,31,31,0,0,0,33,0,0,0,0,0,0,39,0,0,0;0,0,0,22,0,0,21,35,24,0,0,0,21,34,0,32,0,0,20,0,0,0,0,29,0,36,0,0,0,38;37,0,0,20,0,0,0,31,0,0,0,0,0,0,0,0,0,27,0,23,23,0,27,0,24,0,0,0,0,0;0,0,39,37,0,0,0,38,0,40,0,0,27,0,29,23,0,25,0,0,0,0,38,0,29,0,0,0,0,0;0,0,0,0,36,0,0,0,0,0,0,27,0,23,26,0,0,0,22,28,0,0,0,0,40,0,38,0,40,0;0,0,38,0,0,0,0,0,0,29,38,0,38,0,0,40,0,0,33,0,0,0,0,0,0,0,0,0,0,0;0,0,0,0,0,0,34,0,25,0,20,0,0,27,0,0,30,0,0,0,0,0,0,38,0,21,0,0,0,0;0,35,0,0,0,0,27,0,0,20,0,0,0,0,0,20,0,0,0,0,0,0,25,0,28,0,0,0,0,0;0,0,0,0,32,0,0,0,27,0,0,0,0,0,0,0,0,0,0,0,38,0,0,0,0,25,0,0,0,23;0,0,26,25,0,0,0,22,24,21,0,0,0,0,0,27,0,24,0,0,0,23,23,0,0,0,32,17,27,0;0,0,0,0,0,0,22,0,0,0,0,0,27,22,40,0,39,25,0,0,0,0,0,0,0,31,0,25,0,0;0,0,30,25,0,21,0,0,0,0,0,0,0,28,26,0,0,0,31,0,38,0,0,0,32,0,21,0,0,34;0,0,0,0,22,0,0,0,0,0,31,0,36,0,0,0,0,0,0,0,0,0,0,0,0,0,0,0,0,39;38,0,22,0,0,0,0,0,0,0,0,0,0,26,0,0,34,0,0,20,0,0,0,0,0,0,0,0,0,0
-33,11,0,0,-6,-3,0,0,0,17,0,0,0,0,0,12,24,0,0,-12,-22,-3,0,0,0,0,16,0,-1,0
------------- End of Scenario k = 0 -------
0,0,0,74,20,44,29,0,0,31,0,0,0,0,42,0,0,0,0,43,0,0,0,74,30,0,0,0,0,0;80,0,80,41,0,0,66,56,0,0,0,49,42,72,56,0,0,78,0,0,0,0,32,58,0,55,0,0,0,44;0,0,0,80,0,60,0,0,0,0,0,0,0,0,0,0,0,65,78,0,0,61,0,44,0,0,52,0,0,0;61,0,47,0,0,66,67,0,0,0,0,0,0,0,39,0,0,0,35,0,80,0,59,0,0,0,77,0,0,0;0,0,0,0,0,78,41,0,0,0,0,45,33,0,0,0,0,0,0,61,0,0,0,25,0,0,0,0,0,0;30,0,29,0,0,0,0,30,0,0,36,0,0,35,0,36,49,0,74,77,0,77,78,0,0,0,0,0,0,0;0,0,0,0,0,0,0,0,0,64,22,80,0,0,0,0,0,0,49,0,0,0,0,34,0,71,58,0,0,0;23,0,0,55,0,0,0,0,80,0,0,0,0,48,0,0,0,0,0,0,0,0,28,0,0,0,0,0,0,0;76,72,59,0,0,0,0,0,0,76,80,0,0,50,0,68,0,23,0,0,0,80,0,0,0,0,0,0,70,70;0,0,0,0,45,0,0,63,0,0,0,0,0,72,66,55,0,0,61,0,0,0,0,26,0,0,78,48,0,0;0,0,0,0,56,0,32,0,0,0,0,0,0,0,0,0,0,74,67,0,59,0,33,0,0,0,0,0,64,68;0,42,0,30,0,58,21,0,0,0,0,0,45,0,48,0,0,63,57,0,56,0,0,0,68,0,42,0,0,0;0,0,0,0,80,49,0,54,0,0,74,67,0,71,0,74,0,27,0,0,0,74,57,37,76,0,34,0,0,0;0,61,0,0,79,25,66,0,0,56,0,0,0,0,0,0,60,0,75,0,0,0,0,0,41,0,0,0,80,35;80,0,0,0,36,0,0,0,0,0,0,0,49,0,0,73,0,69,0,80,0,0,0,60,76,43,0,0,0,61;0,22,0,0,0,57,0,0,0,0,0,26,59,0,0,0,0,0,54,62,61,28,0,56,0,0,0,0,45,0;41,0,76,0,0,0,0,52,0,55,79,0,0,60,71,71,0,0,0,72,0,0,0,0,0,0,38,0,0,0;0,0,0,61,0,0,20,67,54,0,0,0,35,61,0,69,0,0,72,0,0,0,0,80,0,22,0,0,0,56;42,0,0,73,0,0,0,66,0,0,0,0,0,0,0,0,0,49,0,80,25,0,49,0,58,0,0,0,0,0;0,0,62,53,0,0,0,46,0,25,0,0,59,0,42,66,0,31,0,0,0,0,42,0,70,0,0,0,0,0;0,0,0,0,48,0,0,0,0,0,0,76,0,54,57,0,0,0,28,47,0,0,0,0,69,0,39,0,40,0;0,0,73,0,0,0,0,0,0,44,67,0,44,0,0,40,0,0,33,0,0,0,0,0,0,0,0,0,0,0;0,0,0,0,0,0,42,0,48,0,72,0,0,48,0,0,63,0,0,0,0,0,0,27,0,46,0,0,0,0;0,38,0,0,0,0,64,0,0,38,0,0,0,0,0,40,0,0,0,0,0,0,44,0,80,0,0,0,0,0;0,0,0,0,45,0,0,0,76,0,0,0,0,0,0,0,0,0,0,0,71,0,0,0,0,71,0,0,0,48;0,0,28,22,0,0,0,26,26,69,0,0,0,0,0,62,0,34,0,0,0,45,29,0,0,0,78,80,50,0;0,0,0,0,0,0,42,0,0,0,0,0,22,48,58,0,73,80,0,0,0,0,0,0,0,70,0,40,0,0;0,0,57,67,0,70,0,0,0,0,0,0,0,43,49,0,0,0,25,0,45,0,0,0,45,0,65,0,0,80;0,0,0,0,27,0,0,0,0,0,61,0,74,0,0,0,0,0,0,0,0,0,0,0,0,0,0,0,0,59;44,0,70,0,0,0,0,0,0,0,0,0,0,54,0,0,27,0,0,65,0,0,0,0,0,0,0,0,0,0
0,0,0,20,31,40,27,0,0,39,0,0,0,0,32,0,0,0,0,30,0,0,0,39,28,0,0,0,0,0;30,0,37,35,0,0,31,38,0,0,0,34,22,23,40,0,0,20,0,0,0,0,30,23,0,37,0,0,0,37;0,0,0,38,0,21,0,0,0,0,0,0,0,0,0,0,0,30,37,0,0,32,0,37,0,0,25,0,0,0;31,0,31,0,0,37,35,0,0,0,0,0,0,0,33,0,0,0,34,0,23,0,36,0,0,0,32,0,0,0;0,0,0,0,0,32,32,0,0,0,0,25,24,0,0,0,0,0,0,38,0,0,0,23,0,0,0,0,0,0;37,0,29,0,0,0,0,39,0,0,40,0,0,21,0,38,34,0,40,20,0,31,20,0,0,0,0,0,0,0;0,0,0,0,0,0,0,0,0,32,36,40,0,0,0,0,0,0,23,0,0,0,0,26,0,27,34,0,0,0;14,0,0,28,0,0,0,0,31,0,0,0,0,35,0,0,0,0,0,0,0,0,31,0,0,0,0,0,0,0;36,34,32,0,0,0,0,0,0,40,32,0,0,22,0,20,0,26,0,0,0,37,0,0,0,0,0,0,27,28;0,0,0,0,29,0,0,34,0,0,0,0,0,33,34,22,0,0,20,0,0,0,0,24,0,0,25,29,0,0;0,0,0,0,33,0,27,0,0,0,0,0,0,0,0,0,0,26,28,0,29,0,26,0,0,0,0,0,36,33;0,28,0,35,0,38,20,0,0,0,0,0,16,0,30,0,0,31,27,0,29,0,0,0,25,0,39,0,0,0;0,0,0,0,39,26,0,33,0,0,39,20,0,36,0,32,0,36,0,0,0,39,20,27,30,0,38,0,0,0;0,25,0,0,35,24,28,0,0,20,0,0,0,0,0,0,38,0,28,0,0,0,0,0,23,0,0,0,10,23;23,0,0,0,40,0,0,0,0,0,0,0,34,0,0,31,0,36,0,22,0,0,0,30,39,22,0,0,0,31;0,23,0,0,0,23,0,0,0,0,0,30,40,0,0,0,0,0,23,34,15,28,0,40,0,0,0,0,36,0;38,0,33,0,0,0,0,20,0,40,27,0,0,29,29,20,0,0,0,37,0,0,0,0,0,0,33,0,0,0;0,0,0,27,0,0,34,20,31,0,0,0,30,29,0,33,0,0,36,0,0,0,0,35,0,40,0,0,0,22;30,0,0,36,0,0,0,25,0,0,0,0,0,0,0,0,0,34,0,26,32,0,40,0,40,0,0,0,0,0;0,0,37,22,0,0,0,35,0,32,0,0,34,0,31,30,0,40,0,0,0,0,39,0,20,0,0,0,0,0;0,0,0,0,21,0,0,0,0,0,0,31,0,25,35,0,0,0,22,28,0,0,0,0,24,0,20,0,39,0;0,0,30,0,0,0,0,0,0,34,23,0,26,0,0,38,0,0,39,0,0,0,0,0,0,0,0,0,0,0;0,0,0,0,0,0,36,0,36,0,28,0,0,32,0,0,36,0,0,0,0,0,0,28,0,22,0,0,0,0;0,27,0,0,0,0,31,0,0,29,0,0,0,0,0,35,0,0,0,0,0,0,37,0,40,0,0,0,0,0;0,0,0,0,32,0,0,0,26,0,0,0,0,0,0,0,0,0,0,0,40,0,0,0,0,27,0,0,0,30;0,0,36,40,0,0,0,33,40,28,0,0,0,0,0,38,0,25,0,0,0,28,34,0,0,0,31,37,22,0;0,0,0,0,0,0,21,0,0,0,0,0,32,28,25,0,37,34,0,0,0,0,0,0,0,36,0,23,0,0;0,0,33,22,0,28,0,0,0,0,0,0,0,24,39,0,0,0,37,0,32,0,0,0,32,0,40,0,0,35;0,0,0,0,30,0,0,0,0,0,38,0,30,0,0,0,0,0,0,0,0,0,0,0,0,0,0,0,0,32;26,0,23,0,0,0,0,0,0,0,0,0,0,36,0,0,25,0,0,28,0,0,0,0,0,0,0,0,0,0
-20,23,0,0,-3,-3,0,0,0,13,0,0,0,0,0,10,22,0,0,-11,-49,-8,0,0,0,0,27,0,-1,0
------------- End of Scenario k = 1 -------
0,0,0,23,34,50,34,0,0,32,0,0,0,0,39,0,0,0,0,21,0,0,0,44,47,0,0,0,0,0;71,0,80,70,0,0,60,75,0,0,0,53,64,25,75,0,0,79,0,0,0,0,66,47,0,22,0,0,0,63;0,0,0,80,0,43,0,0,0,0,0,0,0,0,0,0,0,50,68,0,0,75,0,71,0,0,75,0,0,0;36,0,33,0,0,65,33,0,0,0,0,0,0,0,24,0,0,0,80,0,80,0,79,0,0,0,65,0,0,0;0,0,0,0,0,57,77,0,0,0,0,41,72,0,0,0,0,0,0,60,0,0,0,32,0,0,0,0,0,0;73,0,61,0,0,0,0,60,0,0,52,0,0,39,0,46,58,0,36,33,0,74,20,0,0,0,0,0,0,0;0,0,0,0,0,0,0,0,0,47,68,75,0,0,0,0,0,0,48,0,0,0,0,50,0,48,22,0,0,0;31,0,0,69,0,0,0,0,80,0,0,0,0,62,0,0,0,0,0,0,0,0,74,0,0,0,0,0,0,0;39,63,29,0,0,0,0,0,0,79,24,0,0,24,0,67,0,75,0,0,0,42,0,0,0,0,0,0,72,39;0,0,0,0,75,0,0,80,0,0,0,0,0,76,70,26,0,0,66,0,0,0,0,22,0,0,23,34,0,0;0,0,0,0,63,0,47,0,0,0,0,0,0,0,0,0,0,28,61,0,56,0,69,0,0,0,0,0,68,31;0,72,0,30,0,47,74,0,0,0,0,0,53,0,42,0,0,23,30,0,69,0,0,0,39,0,36,0,0,0;0,0,0,0,80,52,0,76,0,0,40,65,0,54,0,55,0,76,0,0,0,63,37,40,34,0,39,0,0,0;0,69,0,0,22,26,73,0,0,62,0,0,0,0,0,0,43,0,41,0,0,0,0,0,68,0,0,0,80,25;46,0,0,0,71,0,0,0,0,0,0,0,77,0,0,79,0,71,0,80,0,0,0,67,40,67,0,0,0,37;0,48,0,0,0,68,0,0,0,0,0,67,65,0,0,0,0,0,28,80,45,43,0,41,0,0,0,0,43,0;33,0,73,0,0,0,0,44,0,59,39,0,0,22,80,65,0,0,0,63,0,0,0,0,0,0,43,0,0,0;0,0,0,36,0,0,21,62,67,0,0,0,69,38,0,58,0,0,36,0,0,0,0,43,0,74,0,0,0,67;74,0,0,33,0,0,0,56,0,0,0,0,0,0,0,0,0,70,0,60,37,0,80,0,32,0,0,0,0,0;0,0,22,27,0,0,0,38,0,22,0,0,73,0,79,24,0,56,0,0,0,0,61,0,27,0,0,0,0,0;0,0,0,0,79,0,0,0,0,0,0,38,0,40,37,0,0,0,48,39,0,0,0,0,37,0,72,0,37,0;0,0,54,0,0,0,0,0,0,57,51,0,67,0,0,72,0,0,64,0,0,0,0,0,0,0,0,0,0,0;0,0,0,0,0,0,63,0,54,0,44,0,0,60,0,0,33,0,0,0,0,0,0,46,0,58,0,0,0,0;0,26,0,0,0,0,53,0,0,40,0,0,0,0,0,54,0,0,0,0,0,0,67,0,80,0,0,0,0,0;0,0,0,0,39,0,0,0,66,0,0,0,0,0,0,0,0,0,0,0,61,0,0,0,0,67,0,0,0,31;0,0,22,75,0,0,0,31,32,61,0,0,0,0,0,26,0,70,0,0,0,64,25,0,0,0,41,80,57,0;0,0,0,0,0,0,42,0,0,0,0,0,76,65,43,0,56,59,0,0,0,0,0,0,0,65,0,47,0,0;0,0,48,59,0,63,0,0,0,0,0,0,0,27,59,0,0,0,78,0,80,0,0,0,36,0,31,0,0,80;0,0,0,0,37,0,0,0,0,0,43,0,25,0,0,0,0,0,0,0,0,0,0,0,0,0,0,0,0,24;41,0,58,0,0,0,0,0,0,0,0,0,0,47,0,0,37,0,0,59,0,0,0,0,0,0,0,0,0,0
0,0,0,20,35,30,24,0,0,22,0,0,0,0,27,0,0,0,0,36,0,0,0,28,22,0,0,0,0,0;38,0,39,30,0,0,34,22,0,0,0,35,23,28,37,0,0,31,0,0,0,0,30,21,0,26,0,0,0,30;0,0,0,34,0,37,0,0,0,0,0,0,0,0,0,0,0,34,26,0,0,28,0,26,0,0,39,0,0,0;38,0,22,0,0,37,38,0,0,0,0,0,0,0,40,0,0,0,32,0,27,0,35,0,0,0,26,0,0,0;0,0,0,0,0,29,21,0,0,0,0,40,22,0,0,0,0,0,0,25,0,0,0,38,0,0,0,0,0,0;36,0,27,0,0,0,0,36,0,0,33,0,0,20,0,39,39,0,37,22,0,31,24,0,0,0,0,0,0,0;0,0,0,0,0,0,0,0,0,26,40,23,0,0,0,0,0,0,20,0,0,0,0,38,0,37,35,0,0,0;29,0,0,39,0,0,0,0,31,0,0,0,0,39,0,0,0,0,0,0,0,0,26,0,0,0,0,0,0,0;35,33,28,0,0,0,0,0,0,20,35,0,0,35,0,32,0,31,0,0,0,38,0,0,0,0,0,0,37,27;0,0,0,0,40,0,0,34,0,0,0,0,0,30,24,33,0,0,34,0,0,0,0,29,0,0,21,34,0,0;0,0,0,0,22,0,29,0,0,0,0,0,0,0,0,0,0,20,39,0,20,0,35,0,0,0,0,0,40,39;0,20,0,27,0,29,37,0,0,0,0,0,15,0,27,0,0,20,22,0,31,0,0,0,39,0,29,0,0,0;0,0,0,0,25,24,0,39,0,0,33,28,0,15,0,34,0,38,0,0,0,26,36,34,24,0,20,0,0,0;0,33,0,0,28,40,39,0,0,36,0,0,0,0,0,0,21,0,32,0,0,0,0,0,30,0,0,0,35,38;27,0,0,0,40,0,0,0,0,0,0,0,37,0,0,24,0,32,0,19,0,0,0,29,22,29,0,0,0,37;0,38,0,0,0,25,0,0,0,0,0,24,31,0,0,0,0,0,27,14,28,18,0,36,0,0,0,0,22,0;30,0,20,0,0,0,0,21,0,29,26,0,0,29,26,39,0,0,0,39,0,0,0,0,0,0,40,0,0,0;0,0,0,30,0,0,24,28,37,0,0,0,27,37,0,26,0,0,23,0,0,0,0,39,0,21,0,0,0,38;27,0,0,20,0,0,0,32,0,0,0,0,0,0,0,0,0,37,0,31,28,0,21,0,23,0,0,0,0,0;0,0,21,40,0,0,0,32,0,33,0,0,24,0,32,26,0,21,0,0,0,0,35,0,35,0,0,0,0,0;0,0,0,0,21,0,0,0,0,0,0,26,0,36,38,0,0,0,37,22,0,0,0,0,29,0,36,0,24,0;0,0,40,0,0,0,0,0,0,26,33,0,32,0,0,29,0,0,22,0,0,0,0,0,0,0,0,0,0,0;0,0,0,0,0,0,30,0,23,0,28,0,0,26,0,0,25,0,0,0,0,0,0,31,0,37,0,0,0,0;0,23,0,0,0,0,28,0,0,35,0,0,0,0,0,32,0,0,0,0,0,0,20,0,34,0,0,0,0,0;0,0,0,0,22,0,0,0,34,0,0,0,0,0,0,0,0,0,0,0,35,0,0,0,0,20,0,0,0,33;0,0,40,28,0,0,0,27,31,40,0,0,0,0,0,26,0,24,0,0,0,33,20,0,0,0,24,35,20,0;0,0,0,0,0,0,37,0,0,0,0,0,37,37,30,0,33,27,0,0,0,0,0,0,0,31,0,23,0,0;0,0,28,31,0,35,0,0,0,0,0,0,0,35,22,0,0,0,21,0,24,0,0,0,25,0,30,0,0,32;0,0,0,0,38,0,0,0,0,0,28,0,30,0,0,0,0,0,0,0,0,0,0,0,0,0,0,0,0,39;31,0,34,0,0,0,0,0,0,0,0,0,0,22,0,0,36,0,0,39,0,0,0,0,0,0,0,0,0,0
-17,26,0,0,-10,-1,0,0,0,28,0,0,0,0,0,13,18,0,0,-15,-41,-20,0,0,0,0,20,0,-1,0
------------- End of Scenario k = 2 -------
0,0,0,38,40,40,22,0,0,72,0,0,0,0,65,0,0,0,0,36,0,0,0,76,46,0,0,0,0,0;80,0,72,42,0,0,37,41,0,0,0,46,30,66,26,0,0,65,0,0,0,0,35,22,0,73,0,0,0,78;0,0,0,80,0,79,0,0,0,0,0,0,0,0,0,0,0,77,69,0,0,53,0,55,0,0,54,0,0,0;51,0,20,0,0,49,64,0,0,0,0,0,0,0,76,0,0,0,68,0,28,0,41,0,0,0,22,0,0,0;0,0,0,0,0,31,56,0,0,0,0,31,41,0,0,0,0,0,0,63,0,0,0,33,0,0,0,0,0,0;54,0,31,0,0,0,0,20,0,0,31,0,0,74,0,61,24,0,71,59,0,75,64,0,0,0,0,0,0,0;0,0,0,0,0,0,0,0,0,23,76,54,0,0,0,0,0,0,41,0,0,0,0,68,0,21,48,0,0,0;38,0,0,32,0,0,0,0,37,0,0,0,0,46,0,0,0,0,0,0,0,0,40,0,0,0,0,0,0,0;49,49,75,0,0,0,0,0,0,62,48,0,0,44,0,26,0,53,0,0,0,80,0,0,0,0,0,0,46,41;0,0,0,0,48,0,0,25,0,0,0,0,0,57,57,36,0,0,34,0,0,0,0,32,0,0,24,44,0,0;0,0,0,0,28,0,20,0,0,0,0,0,0,0,0,0,0,67,44,0,31,0,63,0,0,0,0,0,68,44;0,43,0,67,0,22,76,0,0,0,0,0,80,0,42,0,0,25,23,0,55,0,0,0,44,0,66,0,0,0;0,0,0,0,33,73,0,55,0,0,55,42,0,80,0,63,0,39,0,0,0,38,36,60,68,0,65,0,0,0;0,67,0,0,65,64,28,0,0,24,0,0,0,0,0,0,36,0,52,0,0,0,0,0,70,0,0,0,80,45;63,0,0,0,47,0,0,0,0,0,0,0,77,0,0,69,0,46,0,76,0,0,0,40,30,25,0,0,0,77;0,36,0,0,0,34,0,0,0,0,0,80,76,0,0,0,0,0,73,72,80,80,0,69,0,0,0,0,73,0;36,0,38,0,0,0,0,33,0,65,34,0,0,67,80,46,0,0,0,60,0,0,0,0,0,0,51,0,0,0;0,0,0,49,0,0,30,36,76,0,0,0,70,43,0,29,0,0,80,0,0,0,0,79,0,67,0,0,0,74;29,0,0,36,0,0,0,76,0,0,0,0,0,0,0,0,0,62,0,30,49,0,73,0,44,0,0,0,0,0;0,0,70,29,0,0,0,60,0,70,0,0,48,0,23,69,0,47,0,0,0,0,51,0,46,0,0,0,0,0;0,0,0,0,56,0,0,0,0,0,0,64,0,55,28,0,0,0,79,43,0,0,0,0,28,0,34,0,30,0;0,0,38,0,0,0,0,0,0,41,46,0,45,0,0,25,0,0,44,0,0,0,0,0,0,0,0,0,0,0;0,0,0,0,0,0,42,0,77,0,25,0,0,61,0,0,80,0,0,0,0,0,0,59,0,47,0,0,0,0;0,65,0,0,0,0,73,0,0,70,0,0,0,0,0,51,0,0,0,0,0,0,59,0,80,0,0,0,0,0;0,0,0,0,26,0,0,0,23,0,0,0,0,0,0,0,0,0,0,0,35,0,0,0,0,31,0,0,0,20;0,0,69,73,0,0,0,24,43,41,0,0,0,0,0,37,0,42,0,0,0,63,73,0,0,0,76,32,59,0;0,0,0,0,0,0,62,0,0,0,0,0,34,34,64,0,49,30,0,0,0,0,0,0,0,50,0,62,0,0;0,0,45,77,0,59,0,0,0,0,0,0,0,62,67,0,0,0,45,0,65,0,0,0,37,0,51,0,0,80;0,0,0,0,36,0,0,0,0,0,24,0,79,0,0,0,0,0,0,0,0,0,0,0,0,0,0,0,0,31;21,0,47,0,0,0,0,0,0,0,0,0,0,30,0,0,40,0,0,34,0,0,0,0,0,0,0,0,0,0
0,0,0,30,35,37,25,0,0,26,0,0,0,0,27,0,0,0,0,28,0,0,0,36,40,0,0,0,0,0;26,0,24,21,0,0,37,33,0,0,0,30,20,26,30,0,0,26,0,0,0,0,27,25,0,28,0,0,0,23;0,0,0,26,0,23,0,0,0,0,0,0,0,0,0,0,0,35,31,0,0,40,0,24,0,0,27,0,0,0;35,0,35,0,0,37,35,0,0,0,0,0,0,0,26,0,0,0,26,0,28,0,30,0,0,0,36,0,0,0;0,0,0,0,0,39,28,0,0,0,0,26,26,0,0,0,0,0,0,20,0,0,0,27,0,0,0,0,0,0;29,0,40,0,0,0,0,40,0,0,38,0,0,32,0,35,20,0,34,38,0,24,22,0,0,0,0,0,0,0;0,0,0,0,0,0,0,0,0,40,34,21,0,0,0,0,0,0,37,0,0,0,0,27,0,32,23,0,0,0;30,0,0,20,0,0,0,0,33,0,0,0,0,24,0,0,0,0,0,0,0,0,30,0,0,0,0,0,0,0;39,20,38,0,0,0,0,0,0,23,27,0,0,27,0,32,0,22,0,0,0,34,0,0,0,0,0,0,30,22;0,0,0,0,27,0,0,38,0,0,0,0,0,20,40,31,0,0,33,0,0,0,0,32,0,0,37,31,0,0;0,0,0,0,35,0,26,0,0,0,0,0,0,0,0,0,0,21,37,0,25,0,29,0,0,0,0,0,26,32;0,23,0,28,0,35,24,0,0,0,0,0,28,0,37,0,0,22,37,0,20,0,0,0,26,0,29,0,0,0;0,0,0,0,18,35,0,27,0,0,23,22,0,29,0,24,0,39,0,0,0,22,20,33,33,0,29,0,0,0;0,39,0,0,24,32,32,0,0,32,0,0,0,0,0,0,29,0,22,0,0,0,0,0,29,0,0,0,18,22;30,0,0,0,21,0,0,0,0,0,0,0,24,0,0,32,0,39,0,39,0,0,0,27,28,34,0,0,0,29;0,33,0,0,0,17,0,0,0,0,0,38,23,0,0,0,0,0,32,36,26,39,0,30,0,0,0,0,39,0;37,0,30,0,0,0,0,26,0,40,28,0,0,35,30,20,0,0,0,36,0,0,0,0,0,0,34,0,0,0;0,0,0,32,0,0,24,26,35,0,0,0,32,35,0,22,0,0,17,0,0,0,0,31,0,39,0,0,0,23;39,0,0,24,0,0,0,33,0,0,0,0,0,0,0,0,0,33,0,35,37,0,19,0,33,0,0,0,0,0;0,0,39,28,0,0,0,22,0,35,0,0,28,0,25,21,0,20,0,0,0,0,30,0,22,0,0,0,0,0;0,0,0,0,34,0,0,0,0,0,0,34,0,31,22,0,0,0,27,39,0,0,0,0,29,0,20,0,35,0;0,0,29,0,0,0,0,0,0,33,20,0,37,0,0,30,0,0,35,0,0,0,0,0,0,0,0,0,0,0;0,0,0,0,0,0,36,0,27,0,37,0,0,36,0,0,37,0,0,0,0,0,0,16,0,25,0,0,0,0;0,21,0,0,0,0,23,0,0,38,0,0,0,0,0,39,0,0,0,0,0,0,33,0,19,0,0,0,0,0;0,0,0,0,36,0,0,0,32,0,0,0,0,0,0,0,0,0,0,0,40,0,0,0,0,37,0,0,0,22;0,0,25,38,0,0,0,35,25,35,0,0,0,0,0,32,0,23,0,0,0,20,39,0,0,0,31,24,30,0;0,0,0,0,0,0,40,0,0,0,0,0,33,21,40,0,24,32,0,0,0,0,0,0,0,29,0,27,0,0;0,0,22,21,0,35,0,0,0,0,0,0,0,37,32,0,0,0,25,0,28,0,0,0,38,0,26,0,0,19;0,0,0,0,37,0,0,0,0,0,25,0,32,0,0,0,0,0,0,0,0,0,0,0,0,0,0,0,0,34;40,0,31,0,0,0,0,0,0,0,0,0,0,32,0,0,33,0,0,39,0,0,0,0,0,0,0,0,0,0
-15,22,0,0,-13,-5,0,0,0,27,0,0,0,0,0,16,23,0,0,-22,-37,-12,0,0,0,0,16,0,0,0
------------- End of Scenario k = 3 -------
0,0,0,56,42,60,34,0,0,62,0,0,0,0,75,0,0,0,0,27,0,0,0,36,54,0,0,0,0,0;80,0,28,40,0,0,27,20,0,0,0,41,24,69,40,0,0,72,0,0,0,0,74,51,0,41,0,0,0,52;0,0,0,80,0,22,0,0,0,0,0,0,0,0,0,0,0,80,55,0,0,52,0,66,0,0,74,0,0,0;76,0,70,0,0,46,37,0,0,0,0,0,0,0,73,0,0,0,60,0,57,0,77,0,0,0,45,0,0,0;0,0,0,0,0,56,56,0,0,0,0,75,38,0,0,0,0,0,0,46,0,0,0,59,0,0,0,0,0,0;53,0,31,0,0,0,0,33,0,0,45,0,0,33,0,21,35,0,50,64,0,43,80,0,0,0,0,0,0,0;0,0,0,0,0,0,0,0,0,52,39,76,0,0,0,0,0,0,55,0,0,0,0,30,0,56,53,0,0,0;44,0,0,53,0,0,0,0,80,0,0,0,0,20,0,0,0,0,0,0,0,0,25,0,0,0,0,0,0,0;52,44,75,0,0,0,0,0,0,51,80,0,0,43,0,67,0,63,0,0,0,80,0,0,0,0,0,0,73,64;0,0,0,0,80,0,0,80,0,0,0,0,0,45,43,42,0,0,43,0,0,0,0,63,0,0,29,64,0,0;0,0,0,0,59,0,53,0,0,0,0,0,0,0,0,0,0,52,60,0,49,0,78,0,0,0,0,0,20,46;0,78,0,53,0,43,21,0,0,0,0,0,80,0,34,0,0,33,49,0,39,0,0,0,42,0,54,0,0,0;0,0,0,0,80,53,0,60,0,0,60,62,0,42,0,64,0,30,0,0,0,43,76,80,69,0,21,0,0,0;0,69,0,0,31,37,25,0,0,25,0,0,0,0,0,0,57,0,25,0,0,0,0,0,72,0,0,0,80,72;62,0,0,0,65,0,0,0,0,0,0,0,72,0,0,45,0,44,0,80,0,0,0,59,21,49,0,0,0,21;0,44,0,0,0,80,0,0,0,0,0,80,79,0,0,0,0,0,66,40,80,54,0,78,0,0,0,0,64,0;76,0,22,0,0,0,0,21,0,33,39,0,0,31,74,22,0,0,0,48,0,0,0,0,0,0,68,0,0,0;0,0,0,32,0,0,76,24,62,0,0,0,56,55,0,76,0,0,69,0,0,0,0,68,0,40,0,0,0,77;49,0,0,73,0,0,0,67,0,0,0,0,0,0,0,0,0,36,0,75,29,0,28,0,50,0,0,0,0,0;0,0,44,63,0,0,0,42,0,20,0,0,22,0,25,29,0,31,0,0,0,0,47,0,42,0,0,0,0,0;0,0,0,0,48,0,0,0,0,0,0,39,0,68,63,0,0,0,64,66,0,0,0,0,61,0,69,0,29,0;0,0,48,0,0,0,0,0,0,44,26,0,46,0,0,25,0,0,69,0,0,0,0,0,0,0,0,0,0,0;0,0,0,0,0,0,21,0,59,0,48,0,0,39,0,0,33,0,0,0,0,0,0,34,0,56,0,0,0,0;0,72,0,0,0,0,31,0,0,38,0,0,0,0,0,63,0,0,0,0,0,0,27,0,80,0,0,0,0,0;0,0,0,0,60,0,0,0,73,0,0,0,0,0,0,0,0,0,0,0,22,0,0,0,0,80,0,0,0,46;0,0,35,77,0,0,0,29,54,45,0,0,0,0,0,37,0,57,0,0,0,29,37,0,0,0,74,80,50,0;0,0,0,0,0,0,46,0,0,0,0,0,58,74,21,0,72,75,0,0,0,0,0,0,0,48,0,67,0,0;0,0,37,44,0,35,0,0,0,0,0,0,0,29,37,0,0,0,24,0,80,0,0,0,37,0,80,0,0,80;0,0,0,0,30,0,0,0,0,0,31,0,42,0,0,0,0,0,0,0,0,0,0,0,0,0,0,0,0,77;33,0,66,0,0,0,0,0,0,0,0,0,0,61,0,0,39,0,0,53,0,0,0,0,0,0,0,0,0,0
0,0,0,25,34,28,33,0,0,21,0,0,0,0,22,0,0,0,0,33,0,0,0,22,22,0,0,0,0,0;29,0,22,26,0,0,29,29,0,0,0,39,38,39,24,0,0,40,0,0,0,0,30,27,0,26,0,0,0,22;0,0,0,11,0,38,0,0,0,0,0,0,0,0,0,0,0,34,35,0,0,20,0,20,0,0,31,0,0,0;32,0,24,0,0,39,16,0,0,0,0,0,0,0,29,0,0,0,25,0,14,0,36,0,0,0,25,0,0,0;0,0,0,0,0,22,33,0,0,0,0,24,24,0,0,0,0,0,0,20,0,0,0,30,0,0,0,0,0,0;20,0,27,0,0,0,0,38,0,0,31,0,0,39,0,25,31,0,20,23,0,28,33,0,0,0,0,0,0,0;0,0,0,0,0,0,0,0,0,31,23,20,0,0,0,0,0,0,27,0,0,0,0,33,0,38,31,0,0,0;34,0,0,28,0,0,0,0,38,0,0,0,0,38,0,0,0,0,0,0,0,0,27,0,0,0,0,0,0,0;38,31,21,0,0,0,0,0,0,28,30,0,0,34,0,28,0,22,0,0,0,34,0,0,0,0,0,0,26,32;0,0,0,0,32,0,0,30,0,0,0,0,0,32,23,35,0,0,27,0,0,0,0,21,0,0,25,40,0,0;0,0,0,0,23,0,24,0,0,0,0,0,0,0,0,0,0,38,20,0,32,0,28,0,0,0,0,0,28,34;0,24,0,30,0,32,34,0,0,0,0,0,32,0,24,0,0,36,24,0,28,0,0,0,39,0,28,0,0,0;0,0,0,0,40,31,0,30,0,0,37,32,0,35,0,34,0,29,0,0,0,24,32,24,28,0,40,0,0,0;0,34,0,0,23,29,27,0,0,24,0,0,0,0,0,0,36,0,31,0,0,0,0,0,26,0,0,0,29,28;30,0,0,0,37,0,0,0,0,0,0,0,36,0,0,31,0,38,0,36,0,0,0,20,36,34,0,0,0,31;0,24,0,0,0,30,0,0,0,0,0,27,28,0,0,0,0,0,23,32,35,36,0,29,0,0,0,0,21,0;22,0,33,0,0,0,0,20,0,29,34,0,0,40,28,26,0,0,0,30,0,0,0,0,0,0,21,0,0,0;0,0,0,38,0,0,38,32,34,0,0,0,24,40,0,40,0,0,40,0,0,0,0,39,0,21,0,0,0,26;34,0,0,30,0,0,0,23,0,0,0,0,0,0,0,0,0,37,0,30,23,0,39,0,27,0,0,0,0,0;0,0,22,30,0,0,0,25,0,22,0,0,27,0,33,39,0,39,0,0,0,0,37,0,21,0,0,0,0,0;0,0,0,0,28,0,0,0,0,0,0,25,0,38,27,0,0,0,23,39,0,0,0,0,33,0,37,0,35,0;0,0,31,0,0,0,0,0,0,21,23,0,37,0,0,34,0,0,36,0,0,0,0,0,0,0,0,0,0,0;0,0,0,0,0,0,24,0,23,0,23,0,0,21,0,0,36,0,0,0,0,0,0,20,0,22,0,0,0,0;0,37,0,0,0,0,37,0,0,40,0,0,0,0,0,31,0,0,0,0,0,0,34,0,22,0,0,0,0,0;0,0,0,0,30,0,0,0,37,0,0,0,0,0,0,0,0,0,0,0,26,0,0,0,0,40,0,0,0,39;0,0,24,28,0,0,0,31,36,23,0,0,0,0,0,36,0,39,0,0,0,39,38,0,0,0,29,32,20,0;0,0,0,0,0,0,22,0,0,0,0,0,32,39,38,0,34,30,0,0,0,0,0,0,0,31,0,24,0,0;0,0,31,31,0,24,0,0,0,0,0,0,0,29,29,0,0,0,25,0,35,0,0,0,25,0,36,0,0,31;0,0,0,0,34,0,0,0,0,0,34,0,32,0,0,0,0,0,0,0,0,0,0,0,0,0,0,0,0,20;35,0,29,0,0,0,0,0,0,0,0,0,0,33,0,0,27,0,0,20,0,0,0,0,0,0,0,0,0,0
-28,11,0,0,-7,-14,0,0,0,30,0,0,0,0,0,27,23,0,0,-5,-30,-22,0,0,0,0,17,0,-2,0
------------- End of Scenario k = 4 -------
0,0,0,35,49,39,35,0,0,72,0,0,0,0,30,0,0,0,0,72,0,0,0,77,36,0,0,0,0,0;65,0,48,68,0,0,71,32,0,0,0,46,77,27,56,0,0,47,0,0,0,0,37,42,0,42,0,0,0,23;0,0,0,75,0,46,0,0,0,0,0,0,0,0,0,0,0,27,77,0,0,47,0,34,0,0,45,0,0,0;75,0,66,0,0,51,68,0,0,0,0,0,0,0,72,0,0,0,46,0,42,0,71,0,0,0,65,0,0,0;0,0,0,0,0,34,64,0,0,0,0,78,70,0,0,0,0,0,0,73,0,0,0,57,0,0,0,0,0,0;80,0,67,0,0,0,0,74,0,0,38,0,0,27,0,27,69,0,25,39,0,74,71,0,0,0,0,0,0,0;0,0,0,0,0,0,0,0,0,61,27,49,0,0,0,0,0,0,35,0,0,0,0,74,0,54,38,0,0,0;80,0,0,53,0,0,0,0,80,0,0,0,0,58,0,0,0,0,0,0,0,0,65,0,0,0,0,0,0,0;59,52,79,0,0,0,0,0,0,71,29,0,0,30,0,32,0,39,0,0,0,20,0,0,0,0,0,0,58,40;0,0,0,0,59,0,0,80,0,0,0,0,0,35,61,26,0,0,29,0,0,0,0,32,0,0,48,23,0,0;0,0,0,0,67,0,52,0,0,0,0,0,0,0,0,0,0,42,20,0,64,0,21,0,0,0,0,0,39,77;0,66,0,74,0,55,24,0,0,0,0,0,80,0,53,0,0,70,40,0,55,0,0,0,33,0,24,0,0,0;0,0,0,0,61,72,0,38,0,0,41,58,0,37,0,76,0,79,0,0,0,39,65,74,55,0,45,0,0,0;0,80,0,0,75,60,35,0,0,59,0,0,0,0,0,0,21,0,39,0,0,0,0,0,43,0,0,0,80,20;80,0,0,0,67,0,0,0,0,0,0,0,70,0,0,25,0,71,0,80,0,0,0,43,73,27,0,0,0,52;0,67,0,0,0,56,0,0,0,0,0,53,33,0,0,0,0,0,22,50,32,80,0,69,0,0,0,0,35,0;23,0,29,0,0,0,0,63,0,50,21,0,0,60,53,36,0,0,0,36,0,0,0,0,0,0,64,0,0,0;0,0,0,80,0,0,67,55,49,0,0,0,22,68,0,59,0,0,48,0,0,0,0,49,0,50,0,0,0,28;79,0,0,50,0,0,0,63,0,0,0,0,0,0,0,0,0,57,0,36,67,0,80,0,41,0,0,0,0,0;0,0,24,67,0,0,0,80,0,66,0,0,75,0,80,61,0,20,0,0,0,0,57,0,74,0,0,0,0,0;0,0,0,0,37,0,0,0,0,0,0,26,0,75,54,0,0,0,51,65,0,0,0,0,41,0,58,0,47,0;0,0,29,0,0,0,0,0,0,77,55,0,46,0,0,37,0,0,44,0,0,0,0,0,0,0,0,0,0,0;0,0,0,0,0,0,46,0,45,0,23,0,0,68,0,0,42,0,0,0,0,0,0,80,0,26,0,0,0,0;0,26,0,0,0,0,79,0,0,46,0,0,0,0,0,65,0,0,0,0,0,0,23,0,80,0,0,0,0,0;0,0,0,0,56,0,0,0,57,0,0,0,0,0,0,0,0,0,0,0,46,0,0,0,0,50,0,0,0,64;0,0,53,49,0,0,0,46,34,79,0,0,0,0,0,53,0,27,0,0,0,79,41,0,0,0,72,80,54,0;0,0,0,0,0,0,55,0,0,0,0,0,37,52,73,0,34,60,0,0,0,0,0,0,0,77,0,34,0,0;0,0,59,21,0,31,0,0,0,0,0,0,0,77,31,0,0,0,23,0,44,0,0,0,64,0,80,0,0,80;0,0,0,0,72,0,0,0,0,0,63,0,27,0,0,0,0,0,0,0,0,0,0,0,0,0,0,0,0,75;41,0,38,0,0,0,0,0,0,0,0,0,0,57,0,0,74,0,0,53,0,0,0,0,0,0,0,0,0,0
0,0,0,30,26,30,22,0,0,21,0,0,0,0,20,0,0,0,0,39,0,0,0,37,32,0,0,0,0,0;31,0,33,21,0,0,37,22,0,0,0,28,32,30,30,0,0,24,0,0,0,0,32,37,0,35,0,0,0,29;0,0,0,30,0,28,0,0,0,0,0,0,0,0,0,0,0,27,29,0,0,38,0,35,0,0,25,0,0,0;27,0,40,0,0,37,35,0,0,0,0,0,0,0,31,0,0,0,33,0,36,0,27,0,0,0,34,0,0,0;0,0,0,0,0,35,26,0,0,0,0,29,35,0,0,0,0,0,0,28,0,0,0,40,0,0,0,0,0,0;23,0,39,0,0,0,0,21,0,0,27,0,0,24,0,23,35,0,34,40,0,31,20,0,0,0,0,0,0,0;0,0,0,0,0,0,0,0,0,36,31,33,0,0,0,0,0,0,25,0,0,0,0,27,0,26,34,0,0,0;23,0,0,26,0,0,0,0,21,0,0,0,0,27,0,0,0,0,0,0,0,0,25,0,0,0,0,0,0,0;38,28,33,0,0,0,0,0,0,28,37,0,0,24,0,21,0,28,0,0,0,37,0,0,0,0,0,0,35,27;0,0,0,0,22,0,0,38,0,0,0,0,0,35,23,30,0,0,28,0,0,0,0,27,0,0,25,36,0,0;0,0,0,0,35,0,22,0,0,0,0,0,0,0,0,0,0,23,39,0,26,0,35,0,0,0,0,0,21,22;0,25,0,29,0,33,21,0,0,0,0,0,40,0,27,0,0,26,21,0,37,0,0,0,24,0,24,0,0,0;0,0,0,0,36,20,0,30,0,0,36,37,0,35,0,33,0,24,0,0,0,22,20,21,35,0,28,0,0,0;0,32,0,0,35,27,34,0,0,34,0,0,0,0,0,0,26,0,37,0,0,0,0,0,37,0,0,0,34,20;21,0,0,0,35,0,0,0,0,0,0,0,39,0,0,27,0,36,0,25,0,0,0,25,22,21,0,0,0,23;0,40,0,0,0,38,0,0,0,0,0,30,40,0,0,0,0,0,22,30,34,38,0,30,0,0,0,0,36,0;32,0,35,0,0,0,0,23,0,34,36,0,0,26,21,36,0,0,0,27,0,0,0,0,0,0,31,0,0,0;0,0,0,20,0,0,24,34,37,0,0,0,30,38,0,35,0,0,16,0,0,0,0,39,0,34,0,0,0,40;28,0,0,28,0,0,0,31,0,0,0,0,0,0,0,0,0,32,0,29,29,0,17,0,34,0,0,0,0,0;0,0,31,28,0,0,0,29,0,22,0,0,35,0,21,33,0,21,0,0,0,0,37,0,23,0,0,0,0,0;0,0,0,0,35,0,0,0,0,0,0,33,0,22,40,0,0,0,27,30,0,0,0,0,38,0,29,0,37,0;0,0,36,0,0,0,0,0,0,36,30,0,26,0,0,34,0,0,38,0,0,0,0,0,0,0,0,0,0,0;0,0,0,0,0,0,40,0,23,0,22,0,0,37,0,0,37,0,0,0,0,0,0,34,0,21,0,0,0,0;0,26,0,0,0,0,20,0,0,35,0,0,0,0,0,34,0,0,0,0,0,0,27,0,25,0,0,0,0,0;0,0,0,0,28,0,0,0,40,0,0,0,0,0,0,0,0,0,0,0,30,0,0,0,0,31,0,0,0,35;0,0,35,31,0,0,0,29,35,36,0,0,0,0,0,34,0,40,0,0,0,34,26,0,0,0,32,30,38,0;0,0,0,0,0,0,35,0,0,0,0,0,36,30,37,0,20,30,0,0,0,0,0,0,0,34,0,38,0,0;0,0,30,25,0,29,0,0,0,0,0,0,0,33,35,0,0,0,21,0,39,0,0,0,34,0,28,0,0,32;0,0,0,0,20,0,0,0,0,0,23,0,31,0,0,0,0,0,0,0,0,0,0,0,0,0,0,0,0,27;32,0,34,0,0,0,0,0,0,0,0,0,0,39,0,0,21,0,0,25,0,0,0,0,0,0,0,0,0,0
-21,26,0,0,-5,-10,0,0,0,14,0,0,0,0,0,28,18,0,0,-25,-31,-6,0,0,0,0,15,0,-3,0
------------- End of Scenario k = 5 -------
0,0,0,33,40,63,45,0,0,64,0,0,0,0,25,0,0,0,0,54,0,0,0,28,21,0,0,0,0,0;48,0,80,75,0,0,60,79,0,0,0,28,32,72,55,0,0,58,0,0,0,0,50,30,0,75,0,0,0,40;0,0,0,80,0,56,0,0,0,0,0,0,0,0,0,0,0,68,74,0,0,35,0,38,0,0,73,0,0,0;44,0,68,0,0,56,23,0,0,0,0,0,0,0,71,0,0,0,77,0,80,0,75,0,0,0,60,0,0,0;0,0,0,0,0,42,74,0,0,0,0,51,33,0,0,0,0,0,0,34,0,0,0,67,0,0,0,0,0,0;43,0,75,0,0,0,0,46,0,0,71,0,0,33,0,80,40,0,51,22,0,39,49,0,0,0,0,0,0,0;0,0,0,0,0,0,0,0,0,78,76,38,0,0,0,0,0,0,70,0,0,0,0,51,0,36,46,0,0,0;34,0,0,52,0,0,0,0,80,0,0,0,0,35,0,0,0,0,0,0,0,0,76,0,0,0,0,0,0,0;37,31,62,0,0,0,0,0,0,29,80,0,0,71,0,41,0,41,0,0,0,62,0,0,0,0,0,0,62,29;0,0,0,0,21,0,0,80,0,0,0,0,0,70,21,77,0,0,72,0,0,0,0,63,0,0,31,22,0,0;0,0,0,0,40,0,78,0,0,0,0,0,0,0,0,0,0,42,53,0,46,0,26,0,0,0,0,0,36,39;0,62,0,41,0,58,25,0,0,0,0,0,77,0,40,0,0,32,35,0,42,0,0,0,63,0,28,0,0,0;0,0,0,0,80,41,0,54,0,0,30,80,0,80,0,58,0,59,0,0,0,43,62,46,75,0,21,0,0,0;0,23,0,0,51,27,42,0,0,80,0,0,0,0,0,0,43,0,57,0,0,0,0,0,55,0,0,0,80,51;80,0,0,0,46,0,0,0,0,0,0,0,23,0,0,49,0,41,0,80,0,0,0,65,40,33,0,0,0,65;0,71,0,0,0,71,0,0,0,0,0,80,57,0,0,0,0,0,36,61,80,50,0,73,0,0,0,0,66,0;53,0,58,0,0,0,0,47,0,35,78,0,0,37,77,34,0,0,0,75,0,0,0,0,0,0,68,0,0,0;0,0,0,61,0,0,36,46,54,0,0,0,76,68,0,53,0,0,78,0,0,0,0,54,0,25,0,0,0,32;55,0,0,68,0,0,0,54,0,0,0,0,0,0,0,0,0,77,0,52,55,0,80,0,46,0,0,0,0,0;0,0,55,38,0,0,0,62,0,45,0,0,26,0,20,36,0,27,0,0,0,0,21,0,34,0,0,0,0,0;0,0,0,0,58,0,0,0,0,0,0,76,0,42,53,0,0,0,52,39,0,0,0,0,28,0,27,0,68,0;0,0,63,0,0,0,0,0,0,58,31,0,80,0,0,20,0,0,60,0,0,0,0,0,0,0,0,0,0,0;0,0,0,0,0,0,23,0,60,0,58,0,0,64,0,0,22,0,0,0,0,0,0,80,0,67,0,0,0,0;0,76,0,0,0,0,47,0,0,25,0,0,0,0,0,56,0,0,0,0,0,0,48,0,43,0,0,0,0,0;0,0,0,0,45,0,0,0,38,0,0,0,0,0,0,0,0,0,0,0,50,0,0,0,0,80,0,0,0,33;0,0,42,74,0,0,0,63,62,63,0,0,0,0,0,71,0,75,0,0,0,25,66,0,0,0,49,63,80,0;0,0,0,0,0,0,20,0,0,0,0,0,30,49,22,0,47,27,0,0,0,0,0,0,0,61,0,53,0,0;0,0,20,56,0,55,0,0,0,0,0,0,0,57,52,0,0,0,45,0,80,0,0,0,65,0,73,0,0,43;0,0,0,0,46,0,0,0,0,0,41,0,29,0,0,0,0,0,0,0,0,0,0,0,0,0,0,0,0,53;72,0,79,0,0,0,0,0,0,0,0,0,0,71,0,0,38,0,0,56,0,0,0,0,0,0,0,0,0,0
0,0,0,31,29,26,31,0,0,24,0,0,0,0,35,0,0,0,0,36,0,0,0,35,26,0,0,0,0,0;17,0,26,32,0,0,26,22,0,0,0,25,27,29,33,0,0,36,0,0,0,0,32,29,0,26,0,0,0,37;0,0,0,34,0,39,0,0,0,0,0,0,0,0,0,0,0,37,21,0,0,30,0,40,0,0,35,0,0,0;20,0,28,0,0,26,33,0,0,0,0,0,0,0,28,0,0,0,30,0,39,0,30,0,0,0,39,0,0,0;0,0,0,0,0,29,23,0,0,0,0,21,37,0,0,0,0,0,0,40,0,0,0,32,0,0,0,0,0,0;30,0,35,0,0,0,0,28,0,0,38,0,0,39,0,39,40,0,32,30,0,27,39,0,0,0,0,0,0,0;0,0,0,0,0,0,0,0,0,32,40,20,0,0,0,0,0,0,24,0,0,0,0,28,0,38,38,0,0,0;33,0,0,38,0,0,0,0,30,0,0,0,0,22,0,0,0,0,0,0,0,0,26,0,0,0,0,0,0,0;37,36,23,0,0,0,0,0,0,36,35,0,0,29,0,25,0,27,0,0,0,25,0,0,0,0,0,0,28,24;0,0,0,0,26,0,0,40,0,0,0,0,0,27,26,36,0,0,34,0,0,0,0,29,0,0,29,21,0,0;0,0,0,0,33,0,25,0,0,0,0,0,0,0,0,0,0,20,25,0,32,0,35,0,0,0,0,0,38,22;0,29,0,21,0,38,27,0,0,0,0,0,36,0,40,0,0,33,26,0,40,0,0,0,30,0,21,0,0,0;0,0,0,0,34,22,0,26,0,0,28,23,0,27,0,25,0,20,0,0,0,21,37,21,20,0,25,0,0,0;0,28,0,0,34,23,40,0,0,40,0,0,0,0,0,0,28,0,34,0,0,0,0,0,33,0,0,0,36,34;40,0,0,0,27,0,0,0,0,0,0,0,25,0,0,23,0,34,0,38,0,0,0,39,21,34,0,0,0,38;0,28,0,0,0,34,0,0,0,0,0,34,38,0,0,0,0,0,27,38,30,37,0,36,0,0,0,0,21,0;31,0,29,0,0,0,0,33,0,21,37,0,0,20,36,23,0,0,0,22,0,0,0,0,0,0,38,0,0,0;0,0,0,20,0,0,36,39,38,0,0,0,37,23,0,29,0,0,28,0,0,0,0,32,0,33,0,0,0,30;21,0,0,31,0,0,0,28,0,0,0,0,0,0,0,0,0,30,0,21,31,0,38,0,36,0,0,0,0,0;0,0,26,36,0,0,0,22,0,36,0,0,39,0,23,40,0,32,0,0,0,0,33,0,38,0,0,0,0,0;0,0,0,0,26,0,0,0,0,0,0,30,0,22,28,0,0,0,40,35,0,0,0,0,30,0,30,0,21,0;0,0,32,0,0,0,0,0,0,40,33,0,22,0,0,34,0,0,27,0,0,0,0,0,0,0,0,0,0,0;0,0,0,0,0,0,30,0,27,0,32,0,0,24,0,0,20,0,0,0,0,0,0,36,0,39,0,0,0,0;0,39,0,0,0,0,24,0,0,20,0,0,0,0,0,25,0,0,0,0,0,0,36,0,28,0,0,0,0,0;0,0,0,0,32,0,0,0,22,0,0,0,0,0,0,0,0,0,0,0,20,0,0,0,0,37,0,0,0,29;0,0,39,32,0,0,0,25,31,36,0,0,0,0,0,26,0,21,0,0,0,25,39,0,0,0,38,28,21,0;0,0,0,0,0,0,32,0,0,0,0,0,34,34,23,0,34,37,0,0,0,0,0,0,0,33,0,38,0,0;0,0,24,29,0,27,0,0,0,0,0,0,0,37,34,0,0,0,20,0,30,0,0,0,29,0,22,0,0,37;0,0,0,0,25,0,0,0,0,0,38,0,33,0,0,0,0,0,0,0,0,0,0,0,0,0,0,0,0,32;36,0,28,0,0,0,0,0,0,0,0,0,0,23,0,0,22,0,0,23,0,0,0,0,0,0,0,0,0,0
-15,14,0,0,-8,-6,0,0,0,20,0,0,0,0,0,26,28,0,0,-37,-37,-11,0,0,0,0,28,0,-2,0
------------- End of Scenario k = 6 -------
0,0,0,59,28,35,63,0,0,74,0,0,0,0,74,0,0,0,0,47,0,0,0,38,21,0,0,0,0,0;25,0,80,28,0,0,79,61,0,0,0,60,24,73,23,0,0,57,0,0,0,0,20,58,0,72,0,0,0,33;0,0,0,80,0,34,0,0,0,0,0,0,0,0,0,0,0,30,63,0,0,63,0,25,0,0,61,0,0,0;62,0,73,0,0,69,51,0,0,0,0,0,0,0,57,0,0,0,55,0,80,0,23,0,0,0,70,0,0,0;0,0,0,0,0,26,21,0,0,0,0,57,24,0,0,0,0,0,0,79,0,0,0,35,0,0,0,0,0,0;53,0,80,0,0,0,0,37,0,0,40,0,0,54,0,57,80,0,64,57,0,30,79,0,0,0,0,0,0,0;0,0,0,0,0,0,0,0,0,44,78,41,0,0,0,0,0,0,79,0,0,0,0,70,0,58,33,0,0,0;50,0,0,35,0,0,0,0,53,0,0,0,0,23,0,0,0,0,0,0,0,0,39,0,0,0,0,0,0,0;23,61,37,0,0,0,0,0,0,39,23,0,0,72,0,33,0,42,0,0,0,80,0,0,0,0,0,0,53,72;0,0,0,0,53,0,0,62,0,0,0,0,0,49,56,78,0,0,51,0,0,0,0,56,0,0,68,74,0,0;0,0,0,0,26,0,22,0,0,0,0,0,0,0,0,0,0,27,72,0,28,0,37,0,0,0,0,0,67,46;0,78,0,48,0,71,46,0,0,0,0,0,80,0,50,0,0,64,61,0,38,0,0,0,62,0,25,0,0,0;0,0,0,0,80,33,0,74,0,0,61,68,0,80,0,35,0,53,0,0,0,39,37,76,51,0,39,0,0,0;0,62,0,0,64,50,54,0,0,62,0,0,0,0,0,0,28,0,73,0,0,0,0,0,75,0,0,0,45,24;64,0,0,0,59,0,0,0,0,0,0,0,78,0,0,67,0,74,0,66,0,0,0,43,74,57,0,0,0,33;0,50,0,0,0,80,0,0,0,0,0,66,60,0,0,0,0,0,77,80,80,71,0,78,0,0,0,0,71,0;65,0,30,0,0,0,0,33,0,50,55,0,0,58,80,69,0,0,0,61,0,0,0,0,0,0,33,0,0,0;0,0,0,63,0,0,43,61,37,0,0,0,74,78,0,67,0,0,62,0,0,0,0,22,0,77,0,0,0,38;40,0,0,51,0,0,0,38,0,0,0,0,0,0,0,0,0,77,0,58,45,0,42,0,33,0,0,0,0,0;0,0,34,58,0,0,0,22,0,40,0,0,54,0,61,23,0,41,0,0,0,0,69,0,76,0,0,0,0,0;0,0,0,0,52,0,0,0,0,0,0,73,0,73,55,0,0,0,54,37,0,0,0,0,72,0,24,0,45,0;0,0,80,0,0,0,0,0,0,58,49,0,26,0,0,77,0,0,21,0,0,0,0,0,0,0,0,0,0,0;0,0,0,0,0,0,52,0,74,0,75,0,0,47,0,0,69,0,0,0,0,0,0,80,0,36,0,0,0,0;0,47,0,0,0,0,21,0,0,59,0,0,0,0,0,45,0,0,0,0,0,0,55,0,36,0,0,0,0,0;0,0,0,0,62,0,0,0,57,0,0,0,0,0,0,0,0,0,0,0,36,0,0,0,0,60,0,0,0,60;0,0,28,56,0,0,0,62,72,64,0,0,0,0,0,74,0,43,0,0,0,77,25,0,0,0,51,80,74,0;0,0,0,0,0,0,52,0,0,0,0,0,73,38,65,0,51,65,0,0,0,0,0,0,0,43,0,32,0,0;0,0,75,60,0,75,0,0,0,0,0,0,0,46,69,0,0,0,80,0,80,0,0,0,20,0,48,0,0,28;0,0,0,0,68,0,0,0,0,0,68,0,63,0,0,0,0,0,0,0,0,0,0,0,0,0,0,0,0,61;50,0,31,0,0,0,0,0,0,0,0,0,0,70,0,0,35,0,0,72,0,0,0,0,0,0,0,0,0,0
0,0,0,30,24,25,20,0,0,30,0,0,0,0,31,0,0,0,0,28,0,0,0,20,25,0,0,0,0,0;21,0,32,22,0,0,29,25,0,0,0,35,23,24,25,0,0,35,0,0,0,0,23,26,0,36,0,0,0,22;0,0,0,37,0,23,0,0,0,0,0,0,0,0,0,0,0,21,26,0,0,22,0,24,0,0,34,0,0,0;23,0,34,0,0,39,36,0,0,0,0,0,0,0,21,0,0,0,37,0,39,0,20,0,0,0,35,0,0,0;0,0,0,0,0,21,34,0,0,0,0,25,32,0,0,0,0,0,0,26,0,0,0,37,0,0,0,0,0,0;40,0,32,0,0,0,0,26,0,0,26,0,0,35,0,27,31,0,20,24,0,26,27,0,0,0,0,0,0,0;0,0,0,0,0,0,0,0,0,26,34,28,0,0,0,0,0,0,30,0,0,0,0,31,0,31,21,0,0,0;28,0,0,38,0,0,0,0,35,0,0,0,0,36,0,0,0,0,0,0,0,0,37,0,0,0,0,0,0,0;32,27,24,0,0,0,0,0,0,37,23,0,0,20,0,37,0,29,0,0,0,22,0,0,0,0,0,0,31,37;0,0,0,0,33,0,0,18,0,0,0,0,0,27,38,34,0,0,22,0,0,0,0,39,0,0,35,29,0,0;0,0,0,0,31,0,40,0,0,0,0,0,0,0,0,0,0,40,34,0,25,0,21,0,0,0,0,0,24,21;0,38,0,31,0,38,22,0,0,0,0,0,40,0,31,0,0,27,31,0,38,0,0,0,26,0,40,0,0,0;0,0,0,0,33,39,0,22,0,0,21,30,0,36,0,23,0,23,0,0,0,33,34,37,29,0,33,0,0,0;0,24,0,0,28,22,28,0,0,40,0,0,0,0,0,0,31,0,34,0,0,0,0,0,39,0,0,0,31,21;39,0,0,0,36,0,0,0,0,0,0,0,38,0,0,36,0,31,0,29,0,0,0,23,33,38,0,0,0,30;0,40,0,0,0,33,0,0,0,0,0,36,40,0,0,0,0,0,26,35,32,37,0,22,0,0,0,0,32,0;21,0,22,0,0,0,0,40,0,40,30,0,0,32,23,37,0,0,0,35,0,0,0,0,0,0,40,0,0,0;0,0,0,34,0,0,20,31,39,0,0,0,24,39,0,23,0,0,18,0,0,0,0,39,0,24,0,0,0,36;21,0,0,22,0,0,0,38,0,0,0,0,0,0,0,0,0,39,0,26,28,0,29,0,26,0,0,0,0,0;0,0,28,30,0,0,0,29,0,34,0,0,25,0,34,27,0,24,0,0,0,0,27,0,36,0,0,0,0,0;0,0,0,0,23,0,0,0,0,0,0,28,0,36,39,0,0,0,40,35,0,0,0,0,27,0,23,0,29,0;0,0,24,0,0,0,0,0,0,22,40,0,30,0,0,26,0,0,24,0,0,0,0,0,0,0,0,0,0,0;0,0,0,0,0,0,29,0,24,0,23,0,0,20,0,0,26,0,0,0,0,0,0,24,0,34,0,0,0,0;0,26,0,0,0,0,27,0,0,23,0,0,0,0,0,30,0,0,0,0,0,0,39,0,27,0,0,0,0,0;0,0,0,0,34,0,0,0,38,0,0,0,0,0,0,0,0,0,0,0,22,0,0,0,0,30,0,0,0,35;0,0,21,32,0,0,0,37,29,30,0,0,0,0,0,37,0,37,0,0,0,34,34,0,0,0,23,21,25,0;0,0,0,0,0,0,23,0,0,0,0,0,32,22,36,0,27,19,0,0,0,0,0,0,0,31,0,34,0,0;0,0,22,28,0,29,0,0,0,0,0,0,0,26,29,0,0,0,32,0,38,0,0,0,39,0,31,0,0,23;0,0,0,0,37,0,0,0,0,0,30,0,30,0,0,0,0,0,0,0,0,0,0,0,0,0,0,0,0,22;31,0,36,0,0,0,0,0,0,0,0,0,0,36,0,0,37,0,0,21,0,0,0,0,0,0,0,0,0,0
-9,16,0,0,-5,-14,0,0,0,16,0,0,0,0,0,30,21,0,0,-15,-35,-14,0,0,0,0,12,0,-3,0
------------- End of Scenario k = 7 -------
0,0,0,65,25,50,57,0,0,56,0,0,0,0,56,0,0,0,0,57,0,0,0,69,33,0,0,0,0,0;38,0,80,22,0,0,59,31,0,0,0,75,45,22,77,0,0,67,0,0,0,0,34,78,0,45,0,0,0,69;0,0,0,80,0,76,0,0,0,0,0,0,0,0,0,0,0,30,72,0,0,61,0,49,0,0,63,0,0,0;79,0,74,0,0,80,21,0,0,0,0,0,0,0,68,0,0,0,48,0,80,0,56,0,0,0,24,0,0,0;0,0,0,0,0,22,60,0,0,0,0,74,54,0,0,0,0,0,0,21,0,0,0,57,0,0,0,0,0,0;56,0,46,0,0,0,0,72,0,0,74,0,0,58,0,44,51,0,70,72,0,57,27,0,0,0,0,0,0,0;0,0,0,0,0,0,0,0,0,42,54,62,0,0,0,0,0,0,69,0,0,0,0,51,0,22,67,0,0,0;80,0,0,76,0,0,0,0,71,0,0,0,0,44,0,0,0,0,0,0,0,0,52,0,0,0,0,0,0,0;51,53,31,0,0,0,0,0,0,45,43,0,0,56,0,53,0,78,0,0,0,80,0,0,0,0,0,0,52,32;0,0,0,0,80,0,0,80,0,0,0,0,0,46,26,55,0,0,29,0,0,0,0,51,0,0,25,70,0,0;0,0,0,0,20,0,20,0,0,0,0,0,0,0,0,0,0,47,75,0,44,0,60,0,0,0,0,0,53,50;0,39,0,65,0,71,50,0,0,0,0,0,80,0,40,0,0,36,38,0,35,0,0,0,43,0,51,0,0,0;0,0,0,0,80,75,0,44,0,0,75,34,0,61,0,75,0,40,0,0,0,54,55,25,55,0,51,0,0,0;0,53,0,0,77,65,79,0,0,47,0,0,0,0,0,0,58,0,74,0,0,0,0,0,47,0,0,0,80,24;80,0,0,0,71,0,0,0,0,0,0,0,28,0,0,29,0,72,0,79,0,0,0,34,38,40,0,0,0,43;0,33,0,0,0,80,0,0,0,0,0,54,43,0,0,0,0,0,64,80,80,58,0,69,0,0,0,0,51,0;62,0,46,0,0,0,0,77,0,23,31,0,0,34,80,56,0,0,0,50,0,0,0,0,0,0,29,0,0,0;0,0,0,74,0,0,74,74,44,0,0,0,79,67,0,25,0,0,47,0,0,0,0,41,0,25,0,0,0,80;29,0,0,76,0,0,0,66,0,0,0,0,0,0,0,0,0,29,0,39,32,0,49,0,73,0,0,0,0,0;0,0,62,67,0,0,0,26,0,24,0,0,50,0,65,73,0,44,0,0,0,0,59,0,29,0,0,0,0,0;0,0,0,0,69,0,0,0,0,0,0,28,0,72,38,0,0,0,71,42,0,0,0,0,60,0,66,0,27,0;0,0,77,0,0,0,0,0,0,58,54,0,66,0,0,62,0,0,77,0,0,0,0,0,0,0,0,0,0,0;0,0,0,0,0,0,73,0,51,0,51,0,0,52,0,0,36,0,0,0,0,0,0,80,0,60,0,0,0,0;0,31,0,0,0,0,30,0,0,68,0,0,0,0,0,80,0,0,0,0,0,0,39,0,80,0,0,0,0,0;0,0,0,0,56,0,0,0,59,0,0,0,0,0,0,0,0,0,0,0,79,0,0,0,0,80,0,0,0,46;0,0,44,36,0,0,0,36,47,20,0,0,0,0,0,50,0,68,0,0,0,77,50,0,0,0,65,80,40,0;0,0,0,0,0,0,23,0,0,0,0,0,24,31,70,0,49,38,0,0,0,0,0,0,0,45,0,57,0,0;0,0,71,62,0,62,0,0,0,0,0,0,0,63,73,0,0,0,78,0,28,0,0,0,78,0,27,0,0,73;0,0,0,0,38,0,0,0,0,0,34,0,56,0,0,0,0,0,0,0,0,0,0,0,0,0,0,0,0,20;30,0,74,0,0,0,0,0,0,0,0,0,0,80,0,0,59,0,0,58,0,0,0,0,0,0,0,0,0,0
0,0,0,35,21,32,29,0,0,29,0,0,0,0,20,0,0,0,0,33,0,0,0,22,40,0,0,0,0,0;27,0,15,24,0,0,35,21,0,0,0,22,27,37,37,0,0,23,0,0,0,0,34,34,0,32,0,0,0,21;0,0,0,39,0,23,0,0,0,0,0,0,0,0,0,0,0,31,34,0,0,20,0,24,0,0,35,0,0,0;29,0,40,0,0,38,26,0,0,0,0,0,0,0,32,0,0,0,28,0,36,0,39,0,0,0,29,0,0,0;0,0,0,0,0,26,20,0,0,0,0,36,39,0,0,0,0,0,0,35,0,0,0,21,0,0,0,0,0,0;23,0,25,0,0,0,0,39,0,0,20,0,0,20,0,31,32,0,30,36,0,33,37,0,0,0,0,0,0,0;0,0,0,0,0,0,0,0,0,34,34,32,0,0,0,0,0,0,23,0,0,0,0,38,0,36,21,0,0,0;28,0,0,33,0,0,0,0,19,0,0,0,0,31,0,0,0,0,0,0,0,0,35,0,0,0,0,0,0,0;24,20,33,0,0,0,0,0,0,25,25,0,0,30,0,32,0,21,0,0,0,39,0,0,0,0,0,0,34,28;0,0,0,0,27,0,0,25,0,0,0,0,0,39,35,32,0,0,21,0,0,0,0,30,0,0,33,27,0,0;0,0,0,0,25,0,21,0,0,0,0,0,0,0,0,0,0,25,24,0,36,0,38,0,0,0,0,0,36,22;0,36,0,24,0,32,30,0,0,0,0,0,31,0,34,0,0,40,27,0,27,0,0,0,28,0,38,0,0,0;0,0,0,0,32,35,0,38,0,0,37,29,0,38,0,32,0,33,0,0,0,29,31,27,40,0,28,0,0,0;0,37,0,0,24,27,29,0,0,25,0,0,0,0,0,0,35,0,29,0,0,0,0,0,23,0,0,0,30,26;25,0,0,0,20,0,0,0,0,0,0,0,31,0,0,20,0,33,0,39,0,0,0,25,32,24,0,0,0,38;0,25,0,0,0,38,0,0,0,0,0,33,30,0,0,0,0,0,34,36,38,32,0,25,0,0,0,0,28,0;32,0,37,0,0,0,0,22,0,28,24,0,0,26,37,29,0,0,0,39,0,0,0,0,0,0,24,0,0,0;0,0,0,24,0,0,24,26,24,0,0,0,37,33,0,25,0,0,38,0,0,0,0,34,0,28,0,0,0,33;37,0,0,34,0,0,0,26,0,0,0,0,0,0,0,0,0,28,0,26,33,0,29,0,37,0,0,0,0,0;0,0,25,28,0,0,0,25,0,34,0,0,39,0,36,30,0,39,0,0,0,0,38,0,33,0,0,0,0,0;0,0,0,0,33,0,0,0,0,0,0,37,0,39,29,0,0,0,36,21,0,0,0,0,37,0,23,0,25,0;0,0,29,0,0,0,0,0,0,26,29,0,34,0,0,22,0,0,24,0,0,0,0,0,0,0,0,0,0,0;0,0,0,0,0,0,37,0,33,0,27,0,0,24,0,0,20,0,0,0,0,0,0,30,0,29,0,0,0,0;0,21,0,0,0,0,25,0,0,21,0,0,0,0,0,35,0,0,0,0,0,0,22,0,36,0,0,0,0,0;0,0,0,0,21,0,0,0,21,0,0,0,0,0,0,0,0,0,0,0,30,0,0,0,0,37,0,0,0,27;0,0,33,20,0,0,0,31,32,23,0,0,0,0,0,22,0,38,0,0,0,25,37,0,0,0,20,33,29,0;0,0,0,0,0,0,37,0,0,0,0,0,38,37,40,0,28,38,0,0,0,0,0,0,0,37,0,40,0,0;0,0,36,29,0,28,0,0,0,0,0,0,0,25,23,0,0,0,38,0,32,0,0,0,29,0,26,0,0,30;0,0,0,0,22,0,0,0,0,0,26,0,29,0,0,0,0,0,0,0,0,0,0,0,0,0,0,0,0,31;38,0,33,0,0,0,0,0,0,0,0,0,0,20,0,0,35,0,0,39,0,0,0,0,0,0,0,0,0,0
-35,12,0,0,-9,-16,0,0,0,19,0,0,0,0,0,29,20,0,0,-2,-36,-6,0,0,0,0,27,0,-3,0
------------- End of Scenario k = 8 -------
0,0,0,62,42,36,71,0,0,24,0,0,0,0,54,0,0,0,0,23,0,0,0,54,32,0,0,0,0,0;74,0,80,32,0,0,21,20,0,0,0,68,75,64,46,0,0,58,0,0,0,0,48,74,0,20,0,0,0,77;0,0,0,80,0,46,0,0,0,0,0,0,0,0,0,0,0,41,38,0,0,76,0,73,0,0,62,0,0,0;45,0,22,0,0,42,80,0,0,0,0,0,0,0,70,0,0,0,40,0,80,0,70,0,0,0,50,0,0,0;0,0,0,0,0,24,67,0,0,0,0,52,52,0,0,0,0,0,0,46,0,0,0,70,0,0,0,0,0,0;76,0,48,0,0,0,0,21,0,0,62,0,0,79,0,26,66,0,63,70,0,38,72,0,0,0,0,0,0,0;0,0,0,0,0,0,0,0,0,43,26,51,0,0,0,0,0,0,57,0,0,0,0,62,0,29,42,0,0,0;80,0,0,80,0,0,0,0,80,0,0,0,0,55,0,0,0,0,0,0,0,0,76,0,0,0,0,0,0,0;59,58,67,0,0,0,0,0,0,76,66,0,0,27,0,51,0,57,0,0,0,50,0,0,0,0,0,0,45,44;0,0,0,0,80,0,0,80,0,0,0,0,0,26,48,34,0,0,26,0,0,0,0,33,0,0,39,56,0,0;0,0,0,0,30,0,31,0,0,0,0,0,0,0,0,0,0,75,48,0,42,0,36,0,0,0,0,0,65,60;0,69,0,74,0,64,70,0,0,0,0,0,80,0,35,0,0,57,55,0,34,0,0,0,27,0,40,0,0,0;0,0,0,0,39,46,0,76,0,0,64,61,0,55,0,58,0,42,0,0,0,20,79,26,71,0,22,0,0,0;0,71,0,0,60,39,46,0,0,49,0,0,0,0,0,0,64,0,57,0,0,0,0,0,24,0,0,0,71,20;42,0,0,0,42,0,0,0,0,0,0,0,31,0,0,45,0,44,0,50,0,0,0,73,41,31,0,0,0,29;0,77,0,0,0,64,0,0,0,0,0,78,61,0,0,0,0,0,79,27,80,69,0,65,0,0,0,0,47,0;22,0,78,0,0,0,0,64,0,75,25,0,0,78,35,48,0,0,0,56,0,0,0,0,0,0,36,0,0,0;0,0,0,26,0,0,72,52,72,0,0,0,44,80,0,30,0,0,57,0,0,0,0,76,0,77,0,0,0,60;22,0,0,78,0,0,0,30,0,0,0,0,0,0,0,0,0,36,0,28,20,0,25,0,41,0,0,0,0,0;0,0,67,62,0,0,0,70,0,68,0,0,53,0,43,52,0,50,0,0,0,0,62,0,35,0,0,0,0,0;0,0,0,0,31,0,0,0,0,0,0,56,0,76,45,0,0,0,79,77,0,0,0,0,42,0,68,0,51,0;0,0,53,0,0,0,0,0,0,75,61,0,63,0,0,55,0,0,25,0,0,0,0,0,0,0,0,0,0,0;0,0,0,0,0,0,53,0,61,0,66,0,0,52,0,0,33,0,0,0,0,0,0,32,0,22,0,0,0,0;0,20,0,0,0,0,31,0,0,33,0,0,0,0,0,46,0,0,0,0,0,0,77,0,70,0,0,0,0,0;0,0,0,0,53,0,0,0,67,0,0,0,0,0,0,0,0,0,0,0,73,0,0,0,0,80,0,0,0,28;0,0,74,23,0,0,0,21,75,49,0,0,0,0,0,53,0,41,0,0,0,50,22,0,0,0,76,80,60,0;0,0,0,0,0,0,33,0,0,0,0,0,44,22,52,0,36,22,0,0,0,0,0,0,0,35,0,59,0,0;0,0,80,61,0,36,0,0,0,0,0,0,0,63,29,0,0,0,53,0,80,0,0,0,57,0,26,0,0,32;0,0,0,0,30,0,0,0,0,0,29,0,43,0,0,0,0,0,0,0,0,0,0,0,0,0,0,0,0,47;72,0,42,0,0,0,0,0,0,0,0,0,0,55,0,0,57,0,0,50,0,0,0,0,0,0,0,0,0,0
0,0,0,29,34,25,30,0,0,28,0,0,0,0,31,0,0,0,0,31,0,0,0,24,24,0,0,0,0,0;34,0,31,23,0,0,27,32,0,0,0,23,21,31,26,0,0,30,0,0,0,0,28,31,0,31,0,0,0,34;0,0,0,26,0,34,0,0,0,0,0,0,0,0,0,0,0,33,38,0,0,29,0,29,0,0,35,0,0,0;38,0,21,0,0,40,31,0,0,0,0,0,0,0,34,0,0,0,29,0,36,0,25,0,0,0,20,0,0,0;0,0,0,0,0,33,32,0,0,0,0,32,26,0,0,0,0,0,0,39,0,0,0,31,0,0,0,0,0,0;20,0,20,0,0,0,0,31,0,0,27,0,0,38,0,38,29,0,30,32,0,38,40,0,0,0,0,0,0,0;0,0,0,0,0,0,0,0,0,31,40,28,0,0,0,0,0,0,39,0,0,0,0,30,0,25,30,0,0,0;31,0,0,30,0,0,0,0,34,0,0,0,0,32,0,0,0,0,0,0,0,0,31,0,0,0,0,0,0,0;36,29,40,0,0,0,0,0,0,25,34,0,0,39,0,24,0,28,0,0,0,27,0,0,0,0,0,0,25,39;0,0,0,0,33,0,0,35,0,0,0,0,0,25,37,22,0,0,22,0,0,0,0,27,0,0,23,28,0,0;0,0,0,0,20,0,37,0,0,0,0,0,0,0,0,0,0,21,34,0,23,0,26,0,0,0,0,0,28,39;0,26,0,37,0,35,37,0,0,0,0,0,40,0,35,0,0,30,29,0,21,0,0,0,36,0,28,0,0,0;0,0,0,0,27,30,0,40,0,0,36,29,0,35,0,27,0,23,0,0,0,39,30,34,23,0,26,0,0,0;0,38,0,0,21,21,23,0,0,38,0,0,0,0,0,0,27,0,20,0,0,0,0,0,32,0,0,0,37,31;25,0,0,0,34,0,0,0,0,0,0,0,34,0,0,38,0,39,0,33,0,0,0,24,32,36,0,0,0,30;0,26,0,0,0,33,0,0,0,0,0,31,24,0,0,0,0,0,32,34,29,26,0,26,0,0,0,0,21,0;31,0,36,0,0,0,0,25,0,36,33,0,0,36,32,29,0,0,0,35,0,0,0,0,0,0,20,0,0,0;0,0,0,25,0,0,25,28,37,0,0,0,26,33,0,29,0,0,32,0,0,0,0,22,0,24,0,0,0,40;25,0,0,40,0,0,0,26,0,0,0,0,0,0,0,0,0,20,0,25,27,0,26,0,39,0,0,0,0,0;0,0,31,24,0,0,0,26,0,28,0,0,21,0,37,20,0,21,0,0,0,0,25,0,39,0,0,0,0,0;0,0,0,0,39,0,0,0,0,0,0,35,0,24,39,0,0,0,35,26,0,0,0,0,20,0,21,0,38,0;0,0,25,0,0,0,0,0,0,36,20,0,26,0,0,24,0,0,34,0,0,0,0,0,0,0,0,0,0,0;0,0,0,0,0,0,40,0,36,0,21,0,0,24,0,0,25,0,0,0,0,0,0,28,0,29,0,0,0,0;0,29,0,0,0,0,40,0,0,39,0,0,0,0,0,27,0,0,0,0,0,0,25,0,37,0,0,0,0,0;0,0,0,0,36,0,0,0,33,0,0,0,0,0,0,0,0,0,0,0,33,0,0,0,0,33,0,0,0,29;0,0,39,32,0,0,0,22,30,24,0,0,0,0,0,32,0,35,0,0,0,28,25,0,0,0,35,25,23,0;0,0,0,0,0,0,21,0,0,0,0,0,37,28,35,0,39,29,0,0,0,0,0,0,0,22,0,25,0,0;0,0,31,23,0,26,0,0,0,0,0,0,0,30,24,0,0,0,20,0,29,0,0,0,29,0,32,0,0,37;0,0,0,0,36,0,0,0,0,0,27,0,37,0,0,0,0,0,0,0,0,0,0,0,0,0,0,0,0,31;35,0,20,0,0,0,0,0,0,0,0,0,0,26,0,0,37,0,0,24,0,0,0,0,0,0,0,0,0,0
-27,20,0,0,-14,-1,0,0,0,25,0,0,0,0,0,25,14,0,0,-10,-42,-5,0,0,0,0,24,0,-9,0
------------- End of Scenario k = 9 -------
0,0,0,61,54,56,63,0,0,34,0,0,0,0,51,0,0,0,0,54,0,0,0,36,54,0,0,0,0,0;80,0,69,79,0,0,78,35,0,0,0,44,57,42,79,0,0,77,0,0,0,0,31,48,0,76,0,0,0,57;0,0,0,47,0,47,0,0,0,0,0,0,0,0,0,0,0,63,74,0,0,23,0,51,0,0,58,0,0,0;53,0,61,0,0,34,48,0,0,0,0,0,0,0,75,0,0,0,42,0,36,0,36,0,0,0,56,0,0,0;0,0,0,0,0,38,34,0,0,0,0,38,39,0,0,0,0,0,0,22,0,0,0,79,0,0,0,0,0,0;76,0,40,0,0,0,0,35,0,0,20,0,0,55,0,24,48,0,52,59,0,67,33,0,0,0,0,0,0,0;0,0,0,0,0,0,0,0,0,66,44,55,0,0,0,0,0,0,66,0,0,0,0,29,0,47,62,0,0,0;46,0,0,78,0,0,0,0,80,0,0,0,0,45,0,0,0,0,0,0,0,0,51,0,0,0,0,0,0,0;37,31,32,0,0,0,0,0,0,58,80,0,0,45,0,71,0,62,0,0,0,80,0,0,0,0,0,0,27,76;0,0,0,0,80,0,0,80,0,0,0,0,0,62,76,27,0,0,61,0,0,0,0,52,0,0,36,31,0,0;0,0,0,0,70,0,23,0,0,0,0,0,0,0,0,0,0,22,36,0,54,0,46,0,0,0,0,0,48,63;0,22,0,47,0,70,23,0,0,0,0,0,80,0,34,0,0,26,23,0,51,0,0,0,61,0,62,0,0,0;0,0,0,0,80,39,0,54,0,0,55,21,0,77,0,31,0,72,0,0,0,62,37,64,22,0,67,0,0,0;0,47,0,0,56,70,72,0,0,28,0,0,0,0,0,0,20,0,45,0,0,0,0,0,57,0,0,0,80,27;38,0,0,0,39,0,0,0,0,0,0,0,22,0,0,43,0,20,0,59,0,0,0,76,62,69,0,0,0,56;0,27,0,0,0,80,0,0,0,0,0,80,49,0,0,0,0,0,34,72,36,75,0,32,0,0,0,0,46,0;80,0,72,0,0,0,0,25,0,49,35,0,0,49,69,22,0,0,0,31,0,0,0,0,0,0,61,0,0,0;0,0,0,72,0,0,31,55,30,0,0,0,20,32,0,62,0,0,64,0,0,0,0,51,0,20,0,0,0,58;72,0,0,55,0,0,0,75,0,0,0,0,0,0,0,0,0,35,0,44,44,0,76,0,47,0,0,0,0,0;0,0,58,39,0,0,0,44,0,74,0,0,77,0,64,68,0,48,0,0,0,0,34,0,48,0,0,0,0,0;0,0,0,0,33,0,0,0,0,0,0,24,0,55,28,0,0,0,47,34,0,0,0,0,50,0,30,0,27,0;0,0,26,0,0,0,0,0,0,25,27,0,59,0,0,27,0,0,78,0,0,0,0,0,0,0,0,0,0,0;0,0,0,0,0,0,67,0,80,0,51,0,0,27,0,0,64,0,0,0,0,0,0,80,0,49,0,0,0,0;0,36,0,0,0,0,76,0,0,69,0,0,0,0,0,47,0,0,0,0,0,0,53,0,80,0,0,0,0,0;0,0,0,0,50,0,0,0,78,0,0,0,0,0,0,0,0,0,0,0,70,0,0,0,0,21,0,0,0,26;0,0,22,51,0,0,0,80,69,74,0,0,0,0,0,61,0,34,0,0,0,54,53,0,0,0,34,60,28,0;0,0,0,0,0,0,56,0,0,0,0,0,70,56,60,0,64,45,0,0,0,0,0,0,0,31,0,34,0,0;0,0,58,42,0,69,0,0,0,0,0,0,0,62,40,0,0,0,37,0,33,0,0,0,24,0,49,0,0,80;0,0,0,0,61,0,0,0,0,0,63,0,51,0,0,0,0,0,0,0,0,0,0,0,0,0,0,0,0,57;48,0,68,0,0,0,0,0,0,0,0,0,0,33,0,0,20,0,0,27,0,0,0,0,0,0,0,0,0,0
0,0,0,27,25,39,24,0,0,38,0,0,0,0,22,0,0,0,0,29,0,0,0,20,26,0,0,0,0,0;19,0,27,35,0,0,24,25,0,0,0,40,36,30,25,0,0,39,0,0,0,0,34,22,0,32,0,0,0,29;0,0,0,28,0,24,0,0,0,0,0,0,0,0,0,0,0,38,38,0,0,33,0,21,0,0,30,0,0,0;21,0,26,0,0,31,37,0,0,0,0,0,0,0,31,0,0,0,22,0,21,0,25,0,0,0,24,0,0,0;0,0,0,0,0,21,32,0,0,0,0,22,20,0,0,0,0,0,0,37,0,0,0,35,0,0,0,0,0,0;37,0,28,0,0,0,0,20,0,0,31,0,0,39,0,33,27,0,31,25,0,38,30,0,0,0,0,0,0,0;0,0,0,0,0,0,0,0,0,30,38,32,0,0,0,0,0,0,21,0,0,0,0,23,0,35,36,0,0,0;22,0,0,26,0,0,0,0,33,0,0,0,0,30,0,0,0,0,0,0,0,0,32,0,0,0,0,0,0,0;21,30,37,0,0,0,0,0,0,20,25,0,0,32,0,38,0,30,0,0,0,38,0,0,0,0,0,0,22,30;0,0,0,0,39,0,0,39,0,0,0,0,0,29,28,22,0,0,22,0,0,0,0,35,0,0,36,25,0,0;0,0,0,0,37,0,34,0,0,0,0,0,0,0,0,0,0,28,27,0,26,0,32,0,0,0,0,0,27,30;0,30,0,21,0,21,40,0,0,0,0,0,27,0,36,0,0,31,24,0,20,0,0,0,38,0,34,0,0,0;0,0,0,0,20,33,0,24,0,0,28,23,0,19,0,40,0,31,0,0,0,40,28,24,38,0,22,0,0,0;0,21,0,0,25,21,23,0,0,27,0,0,0,0,0,0,28,0,24,0,0,0,0,0,30,0,0,0,26,40;37,0,0,0,29,0,0,0,0,0,0,0,38,0,0,33,0,20,0,39,0,0,0,36,33,20,0,0,0,37;0,29,0,0,0,28,0,0,0,0,0,40,40,0,0,0,0,0,39,18,27,20,0,37,0,0,0,0,26,0;38,0,34,0,0,0,0,30,0,38,20,0,0,30,27,36,0,0,0,24,0,0,0,0,0,0,25,0,0,0;0,0,0,34,0,0,35,27,20,0,0,0,31,24,0,30,0,0,38,0,0,0,0,28,0,35,0,0,0,32;29,0,0,28,0,0,0,31,0,0,0,0,0,0,0,0,0,35,0,39,37,0,34,0,25,0,0,0,0,0;0,0,33,29,0,0,0,37,0,38,0,0,31,0,21,23,0,33,0,0,0,0,27,0,35,0,0,0,0,0;0,0,0,0,29,0,0,0,0,0,0,25,0,21,35,0,0,0,30,30,0,0,0,0,36,0,36,0,37,0;0,0,32,0,0,0,0,0,0,37,20,0,34,0,0,33,0,0,20,0,0,0,0,0,0,0,0,0,0,0;0,0,0,0,0,0,20,0,37,0,29,0,0,33,0,0,29,0,0,0,0,0,0,22,0,22,0,0,0,0;0,29,0,0,0,0,28,0,0,26,0,0,0,0,0,28,0,0,0,0,0,0,27,0,38,0,0,0,0,0;0,0,0,0,34,0,0,0,33,0,0,0,0,0,0,0,0,0,0,0,23,0,0,0,0,29,0,0,0,26;0,0,27,23,0,0,0,34,22,37,0,0,0,0,0,25,0,26,0,0,0,36,36,0,0,0,38,22,39,0;0,0,0,0,0,0,31,0,0,0,0,0,27,27,20,0,26,30,0,0,0,0,0,0,0,40,0,34,0,0;0,0,21,23,0,28,0,0,0,0,0,0,0,40,31,0,0,0,36,0,29,0,0,0,37,0,20,0,0,20;0,0,0,0,35,0,0,0,0,0,26,0,29,0,0,0,0,0,0,0,0,0,0,0,0,0,0,0,0,30;36,0,21,0,0,0,0,0,0,0,0,0,0,32,0,0,34,0,0,31,0,0,0,0,0,0,0,0,0,0
-12,19,0,0,-17,-1,0,0,0,21,0,0,0,0,0,12,10,0,0,-6,-35,-7,0,0,0,0,18,0,-2,0
------------- End of Scenario k = 10 -------
0,0,0,57,32,74,44,0,0,37,0,0,0,0,31,0,0,0,0,45,0,0,0,73,74,0,0,0,0,0;74,0,80,43,0,0,31,52,0,0,0,75,64,38,55,0,0,80,0,0,0,0,66,24,0,38,0,0,0,55;0,0,0,63,0,40,0,0,0,0,0,0,0,0,0,0,0,77,51,0,0,56,0,48,0,0,68,0,0,0;47,0,63,0,0,80,35,0,0,0,0,0,0,0,35,0,0,0,47,0,80,0,46,0,0,0,59,0,0,0;0,0,0,0,0,28,20,0,0,0,0,57,36,0,0,0,0,0,0,79,0,0,0,69,0,0,0,0,0,0;48,0,65,0,0,0,0,38,0,0,52,0,0,67,0,68,33,0,42,33,0,46,20,0,0,0,0,0,0,0;0,0,0,0,0,0,0,0,0,71,80,68,0,0,0,0,0,0,49,0,0,0,0,63,0,45,22,0,0,0;68,0,0,64,0,0,0,0,51,0,0,0,0,74,0,0,0,0,0,0,0,0,65,0,0,0,0,0,0,0;42,36,27,0,0,0,0,0,0,61,20,0,0,58,0,41,0,26,0,0,0,80,0,0,0,0,0,0,24,70;0,0,0,0,63,0,0,40,0,0,0,0,0,37,63,33,0,0,64,0,0,0,0,78,0,0,79,40,0,0;0,0,0,0,40,0,44,0,0,0,0,0,0,0,0,0,0,64,48,0,48,0,78,0,0,0,0,0,79,32;0,65,0,61,0,26,33,0,0,0,0,0,42,0,22,0,0,68,31,0,39,0,0,0,26,0,69,0,0,0;0,0,0,0,20,67,0,40,0,0,77,36,0,80,0,20,0,28,0,0,0,45,42,24,78,0,20,0,0,0;0,36,0,0,51,63,42,0,0,75,0,0,0,0,0,0,63,0,45,0,0,0,0,0,72,0,0,0,80,48;80,0,0,0,50,0,0,0,0,0,0,0,79,0,0,52,0,74,0,62,0,0,0,75,52,57,0,0,0,67;0,33,0,0,0,34,0,0,0,0,0,78,57,0,0,0,0,0,53,80,35,60,0,72,0,0,0,0,77,0;68,0,59,0,0,0,0,24,0,66,79,0,0,39,50,37,0,0,0,77,0,0,0,0,0,0,33,0,0,0;0,0,0,31,0,0,62,78,61,0,0,0,75,44,0,20,0,0,33,0,0,0,0,40,0,43,0,0,0,40;22,0,0,23,0,0,0,59,0,0,0,0,0,0,0,0,0,38,0,41,75,0,80,0,51,0,0,0,0,0;0,0,79,21,0,0,0,75,0,25,0,0,34,0,70,56,0,42,0,0,0,0,52,0,34,0,0,0,0,0;0,0,0,0,79,0,0,0,0,0,0,46,0,65,52,0,0,0,77,46,0,0,0,0,24,0,51,0,42,0;0,0,73,0,0,0,0,0,0,53,77,0,41,0,0,50,0,0,75,0,0,0,0,0,0,0,0,0,0,0;0,0,0,0,0,0,36,0,57,0,47,0,0,56,0,0,31,0,0,0,0,0,0,80,0,21,0,0,0,0;0,20,0,0,0,0,76,0,0,31,0,0,0,0,0,30,0,0,0,0,0,0,34,0,32,0,0,0,0,0;0,0,0,0,21,0,0,0,32,0,0,0,0,0,0,0,0,0,0,0,26,0,0,0,0,80,0,0,0,64;0,0,75,64,0,0,0,69,24,34,0,0,0,0,0,55,0,73,0,0,0,50,53,0,0,0,61,80,21,0;0,0,0,0,0,0,28,0,0,0,0,0,31,30,53,0,65,80,0,0,0,0,0,0,0,39,0,67,0,0;0,0,77,58,0,31,0,0,0,0,0,0,0,26,67,0,0,0,76,0,79,0,0,0,20,0,43,0,0,80;0,0,0,0,53,0,0,0,0,0,47,0,78,0,0,0,0,0,0,0,0,0,0,0,0,0,0,0,0,64;59,0,31,0,0,0,0,0,0,0,0,0,0,53,0,0,72,0,0,54,0,0,0,0,0,0,0,0,0,0
0,0,0,25,40,24,20,0,0,31,0,0,0,0,27,0,0,0,0,24,0,0,0,32,35,0,0,0,0,0;35,0,30,24,0,0,23,29,0,0,0,25,34,31,40,0,0,37,0,0,0,0,27,38,0,25,0,0,0,31;0,0,0,21,0,40,0,0,0,0,0,0,0,0,0,0,0,23,39,0,0,38,0,21,0,0,22,0,0,0;25,0,34,0,0,39,38,0,0,0,0,0,0,0,23,0,0,0,32,0,37,0,26,0,0,0,34,0,0,0;0,0,0,0,0,22,33,0,0,0,0,38,27,0,0,0,0,0,0,34,0,0,0,38,0,0,0,0,0,0;37,0,33,0,0,0,0,39,0,0,33,0,0,33,0,33,31,0,37,27,0,22,38,0,0,0,0,0,0,0;0,0,0,0,0,0,0,0,0,21,25,39,0,0,0,0,0,0,40,0,0,0,0,35,0,31,22,0,0,0;40,0,0,26,0,0,0,0,26,0,0,0,0,36,0,0,0,0,0,0,0,0,33,0,0,0,0,0,0,0;36,29,40,0,0,0,0,0,0,22,28,0,0,21,0,30,0,27,0,0,0,40,0,0,0,0,0,0,28,27;0,0,0,0,35,0,0,32,0,0,0,0,0,23,29,27,0,0,31,0,0,0,0,40,0,0,28,40,0,0;0,0,0,0,34,0,38,0,0,0,0,0,0,0,0,0,0,29,40,0,27,0,37,0,0,0,0,0,40,34;0,40,0,25,0,32,28,0,0,0,0,0,23,0,27,0,0,38,40,0,23,0,0,0,38,0,34,0,0,0;0,0,0,0,36,25,0,36,0,0,35,40,0,31,0,29,0,28,0,0,0,32,21,35,20,0,40,0,0,0;0,23,0,0,32,26,26,0,0,32,0,0,0,0,0,0,40,0,29,0,0,0,0,0,36,0,0,0,33,36;23,0,0,0,31,0,0,0,0,0,0,0,37,0,0,22,0,24,0,18,0,0,0,27,35,28,0,0,0,40;0,22,0,0,0,25,0,0,0,0,0,38,31,0,0,0,0,0,33,26,25,23,0,26,0,0,0,0,26,0;32,0,29,0,0,0,0,21,0,28,29,0,0,20,34,33,0,0,0,35,0,0,0,0,0,0,33,0,0,0;0,0,0,21,0,0,36,32,25,0,0,0,39,24,0,35,0,0,25,0,0,0,0,37,0,25,0,0,0,27;21,0,0,34,0,0,0,37,0,0,0,0,0,0,0,0,0,21,0,40,30,0,27,0,27,0,0,0,0,0;0,0,21,38,0,0,0,35,0,25,0,0,34,0,33,20,0,28,0,0,0,0,22,0,36,0,0,0,0,0;0,0,0,0,25,0,0,0,0,0,0,25,0,35,30,0,0,0,20,38,0,0,0,0,29,0,36,0,30,0;0,0,32,0,0,0,0,0,0,35,23,0,34,0,0,24,0,0,20,0,0,0,0,0,0,0,0,0,0,0;0,0,0,0,0,0,31,0,37,0,26,0,0,31,0,0,29,0,0,0,0,0,0,27,0,25,0,0,0,0;0,37,0,0,0,0,31,0,0,36,0,0,0,0,0,38,0,0,0,0,0,0,34,0,34,0,0,0,0,0;0,0,0,0,36,0,0,0,20,0,0,0,0,0,0,0,0,0,0,0,28,0,0,0,0,30,0,0,0,32;0,0,39,39,0,0,0,36,26,37,0,0,0,0,0,20,0,20,0,0,0,20,34,0,0,0,38,32,20,0;0,0,0,0,0,0,25,0,0,0,0,0,31,25,32,0,35,32,0,0,0,0,0,0,0,32,0,31,0,0;0,0,23,27,0,32,0,0,0,0,0,0,0,24,28,0,0,0,24,0,24,0,0,0,38,0,21,0,0,36;0,0,0,0,33,0,0,0,0,0,20,0,31,0,0,0,0,0,0,0,0,0,0,0,0,0,0,0,0,20;33,0,24,0,0,0,0,0,0,0,0,0,0,37,0,0,30,0,0,40,0,0,0,0,0,0,0,0,0,0
-14,20,0,0,-8,-5,0,0,0,26,0,0,0,0,0,23,16,0,0,-15,-38,-24,0,0,0,0,24,0,-5,0
------------- End of Scenario k = 11 -------
0,0,0,45,35,31,24,0,0,21,0,0,0,0,75,0,0,0,0,27,0,0,0,21,53,0,0,0,0,0;80,0,34,66,0,0,24,65,0,0,0,36,25,33,77,0,0,66,0,0,0,0,71,64,0,75,0,0,0,78;0,0,0,80,0,22,0,0,0,0,0,0,0,0,0,0,0,68,23,0,0,29,0,52,0,0,34,0,0,0;32,0,37,0,0,70,35,0,0,0,0,0,0,0,33,0,0,0,31,0,80,0,52,0,0,0,73,0,0,0;0,0,0,0,0,25,73,0,0,0,0,65,34,0,0,0,0,0,0,70,0,0,0,58,0,0,0,0,0,0;70,0,32,0,0,0,0,51,0,0,80,0,0,72,0,42,56,0,29,76,0,30,56,0,0,0,0,0,0,0;0,0,0,0,0,0,0,0,0,57,31,64,0,0,0,0,0,0,75,0,0,0,0,53,0,74,42,0,0,0;80,0,0,56,0,0,0,0,80,0,0,0,0,63,0,0,0,0,0,0,0,0,71,0,0,0,0,0,0,0;41,30,75,0,0,0,0,0,0,67,58,0,0,28,0,67,0,62,0,0,0,29,0,0,0,0,0,0,46,58;0,0,0,0,80,0,0,65,0,0,0,0,0,45,21,37,0,0,25,0,0,0,0,29,0,0,26,43,0,0;0,0,0,0,36,0,30,0,0,0,0,0,0,0,0,0,0,61,40,0,60,0,51,0,0,0,0,0,49,72;0,58,0,36,0,20,37,0,0,0,0,0,80,0,67,0,0,69,22,0,27,0,0,0,62,0,37,0,0,0;0,0,0,0,40,45,0,56,0,0,55,21,0,26,0,26,0,54,0,0,0,73,43,68,44,0,45,0,0,0;0,57,0,0,24,43,67,0,0,53,0,0,0,0,0,0,38,0,36,0,0,0,0,0,80,0,0,0,55,70;64,0,0,0,39,0,0,0,0,0,0,0,68,0,0,44,0,78,0,80,0,0,0,48,77,59,0,0,0,49;0,47,0,0,0,42,0,0,0,0,0,32,44,0,0,0,0,0,70,43,80,80,0,68,0,0,0,0,67,0;24,0,79,0,0,0,0,41,0,32,63,0,0,37,45,29,0,0,0,22,0,0,0,0,0,0,32,0,0,0;0,0,0,36,0,0,71,77,76,0,0,0,21,20,0,28,0,0,36,0,0,0,0,33,0,78,0,0,0,45;70,0,0,21,0,0,0,49,0,0,0,0,0,0,0,0,0,63,0,25,20,0,67,0,67,0,0,0,0,0;0,0,52,61,0,0,0,74,0,25,0,0,28,0,42,62,0,39,0,0,0,0,38,0,35,0,0,0,0,0;0,0,0,0,67,0,0,0,0,0,0,68,0,21,22,0,0,0,44,48,0,0,0,0,53,0,21,0,64,0;0,0,65,0,0,0,0,0,0,75,46,0,25,0,0,20,0,0,73,0,0,0,0,0,0,0,0,0,0,0;0,0,0,0,0,0,28,0,67,0,46,0,0,55,0,0,25,0,0,0,0,0,0,64,0,38,0,0,0,0;0,27,0,0,0,0,72,0,0,44,0,0,0,0,0,22,0,0,0,0,0,0,71,0,62,0,0,0,0,0;0,0,0,0,41,0,0,0,79,0,0,0,0,0,0,0,0,0,0,0,49,0,0,0,0,80,0,0,0,59;0,0,76,39,0,0,0,45,34,72,0,0,0,0,0,51,0,35,0,0,0,66,51,0,0,0,54,21,38,0;0,0,0,0,0,0,62,0,0,0,0,0,24,28,28,0,69,80,0,0,0,0,0,0,0,22,0,54,0,0;0,0,58,40,0,80,0,0,0,0,0,0,0,51,21,0,0,0,51,0,61,0,0,0,53,0,72,0,0,59;0,0,0,0,70,0,0,0,0,0,60,0,35,0,0,0,0,0,0,0,0,0,0,0,0,0,0,0,0,24;71,0,24,0,0,0,0,0,0,0,0,0,0,39,0,0,75,0,0,20,0,0,0,0,0,0,0,0,0,0
0,0,0,23,24,20,31,0,0,24,0,0,0,0,34,0,0,0,0,38,0,0,0,38,40,0,0,0,0,0;25,0,34,38,0,0,37,36,0,0,0,20,40,21,27,0,0,28,0,0,0,0,25,32,0,22,0,0,0,37;0,0,0,20,0,36,0,0,0,0,0,0,0,0,0,0,0,33,25,0,0,33,0,35,0,0,35,0,0,0;39,0,25,0,0,30,29,0,0,0,0,0,0,0,32,0,0,0,22,0,25,0,32,0,0,0,21,0,0,0;0,0,0,0,0,28,37,0,0,0,0,29,28,0,0,0,0,0,0,29,0,0,0,36,0,0,0,0,0,0;37,0,29,0,0,0,0,35,0,0,20,0,0,22,0,38,21,0,20,36,0,39,39,0,0,0,0,0,0,0;0,0,0,0,0,0,0,0,0,20,20,20,0,0,0,0,0,0,32,0,0,0,0,35,0,23,35,0,0,0;39,0,0,40,0,0,0,0,35,0,0,0,0,21,0,0,0,0,0,0,0,0,37,0,0,0,0,0,0,0;36,26,27,0,0,0,0,0,0,36,33,0,0,23,0,39,0,37,0,0,0,24,0,0,0,0,0,0,31,33;0,0,0,0,37,0,0,27,0,0,0,0,0,33,34,21,0,0,25,0,0,0,0,33,0,0,36,35,0,0;0,0,0,0,34,0,33,0,0,0,0,0,0,0,0,0,0,22,38,0,26,0,23,0,0,0,0,0,22,33;0,37,0,30,0,26,38,0,0,0,0,0,30,0,20,0,0,27,40,0,23,0,0,0,34,0,23,0,0,0;0,0,0,0,29,39,0,23,0,0,31,23,0,31,0,34,0,37,0,0,0,22,27,32,37,0,36,0,0,0;0,35,0,0,40,25,21,0,0,39,0,0,0,0,0,0,36,0,37,0,0,0,0,0,20,0,0,0,37,37;36,0,0,0,28,0,0,0,0,0,0,0,22,0,0,36,0,35,0,26,0,0,0,36,20,24,0,0,0,35;0,33,0,0,0,33,0,0,0,0,0,22,40,0,0,0,0,0,37,23,31,26,0,31,0,0,0,0,23,0;37,0,35,0,0,0,0,35,0,31,31,0,0,30,26,39,0,0,0,38,0,0,0,0,0,0,34,0,0,0;0,0,0,36,0,0,25,34,22,0,0,0,31,29,0,25,0,0,32,0,0,0,0,33,0,33,0,0,0,29;27,0,0,28,0,0,0,35,0,0,0,0,0,0,0,0,0,26,0,33,28,0,34,0,39,0,0,0,0,0;0,0,24,27,0,0,0,22,0,33,0,0,36,0,23,24,0,38,0,0,0,0,39,0,39,0,0,0,0,0;0,0,0,0,34,0,0,0,0,0,0,37,0,22,30,0,0,0,32,38,0,0,0,0,29,0,40,0,23,0;0,0,37,0,0,0,0,0,0,36,35,0,30,0,0,30,0,0,22,0,0,0,0,0,0,0,0,0,0,0;0,0,0,0,0,0,21,0,21,0,36,0,0,33,0,0,38,0,0,0,0,0,0,31,0,34,0,0,0,0;0,40,0,0,0,0,30,0,0,31,0,0,0,0,0,39,0,0,0,0,0,0,25,0,26,0,0,0,0,0;0,0,0,0,30,0,0,0,23,0,0,0,0,0,0,0,0,0,0,0,31,0,0,0,0,37,0,0,0,38;0,0,23,20,0,0,0,26,23,25,0,0,0,0,0,39,0,28,0,0,0,27,28,0,0,0,40,35,30,0;0,0,0,0,0,0,28,0,0,0,0,0,27,25,29,0,21,24,0,0,0,0,0,0,0,30,0,23,0,0;0,0,35,35,0,23,0,0,0,0,0,0,0,31,23,0,0,0,24,0,31,0,0,0,27,0,20,0,0,39;0,0,0,0,22,0,0,0,0,0,35,0,32,0,0,0,0,0,0,0,0,0,0,0,0,0,0,0,0,35;28,0,36,0,0,0,0,0,0,0,0,0,0,27,0,0,30,0,0,27,0,0,0,0,0,0,0,0,0,0
-10,16,0,0,-10,-4,0,0,0,17,0,0,0,0,0,18,26,0,0,-23,-40,-14,0,0,0,0,24,0,0,0
------------- End of Scenario k = 12 -------
0,0,0,35,53,45,27,0,0,42,0,0,0,0,25,0,0,0,0,38,0,0,0,35,42,0,0,0,0,0;80,0,28,61,0,0,44,21,0,0,0,54,51,47,76,0,0,28,0,0,0,0,46,27,0,64,0,0,0,51;0,0,0,41,0,38,0,0,0,0,0,0,0,0,0,0,0,64,58,0,0,27,0,46,0,0,47,0,0,0;71,0,24,0,0,54,80,0,0,0,0,0,0,0,55,0,0,0,67,0,77,0,41,0,0,0,52,0,0,0;0,0,0,0,0,43,24,0,0,0,0,53,74,0,0,0,0,0,0,21,0,0,0,36,0,0,0,0,0,0;42,0,34,0,0,0,0,60,0,0,79,0,0,31,0,72,47,0,36,26,0,51,77,0,0,0,0,0,0,0;0,0,0,0,0,0,0,0,0,43,74,21,0,0,0,0,0,0,59,0,0,0,0,37,0,77,40,0,0,0;24,0,0,44,0,0,0,0,29,0,0,0,0,54,0,0,0,0,0,0,0,0,67,0,0,0,0,0,0,0;46,59,54,0,0,0,0,0,0,28,67,0,0,49,0,22,0,37,0,0,0,44,0,0,0,0,0,0,24,42;0,0,0,0,80,0,0,80,0,0,0,0,0,50,76,40,0,0,57,0,0,0,0,39,0,0,79,77,0,0;0,0,0,0,41,0,55,0,0,0,0,0,0,0,0,0,0,80,33,0,36,0,55,0,0,0,0,0,63,74;0,28,0,33,0,50,67,0,0,0,0,0,80,0,20,0,0,54,60,0,20,0,0,0,31,0,39,0,0,0;0,0,0,0,79,39,0,32,0,0,55,60,0,80,0,53,0,60,0,0,0,38,57,24,75,0,33,0,0,0;0,76,0,0,30,27,80,0,0,42,0,0,0,0,0,0,54,0,58,0,0,0,0,0,45,0,0,0,48,26;80,0,0,0,51,0,0,0,0,0,0,0,72,0,0,27,0,45,0,62,0,0,0,56,60,56,0,0,0,51;0,32,0,0,0,28,0,0,0,0,0,80,63,0,0,0,0,0,74,80,68,64,0,69,0,0,0,0,57,0;40,0,32,0,0,0,0,34,0,48,22,0,0,72,80,28,0,0,0,76,0,0,0,0,0,0,60,0,0,0;0,0,0,49,0,0,29,59,76,0,0,0,58,35,0,50,0,0,76,0,0,0,0,47,0,25,0,0,0,66;26,0,0,71,0,0,0,50,0,0,0,0,0,0,0,0,0,21,0,38,26,0,80,0,48,0,0,0,0,0;0,0,34,75,0,0,0,69,0,76,0,0,20,0,65,50,0,23,0,0,0,0,69,0,40,0,0,0,0,0;0,0,0,0,22,0,0,0,0,0,0,24,0,20,44,0,0,0,47,25,0,0,0,0,20,0,32,0,51,0;0,0,79,0,0,0,0,0,0,31,53,0,46,0,0,55,0,0,23,0,0,0,0,0,0,0,0,0,0,0;0,0,0,0,0,0,57,0,69,0,67,0,0,68,0,0,22,0,0,0,0,0,0,26,0,35,0,0,0,0;0,80,0,0,0,0,43,0,0,76,0,0,0,0,0,29,0,0,0,0,0,0,56,0,80,0,0,0,0,0;0,0,0,0,76,0,0,0,63,0,0,0,0,0,0,0,0,0,0,0,53,0,0,0,0,48,0,0,0,42;0,0,41,61,0,0,0,70,64,76,0,0,0,0,0,24,0,70,0,0,0,64,57,0,0,0,51,56,68,0;0,0,0,0,0,0,42,0,0,0,0,0,75,64,21,0,36,80,0,0,0,0,0,0,0,71,0,52,0,0;0,0,71,50,0,46,0,0,0,0,0,0,0,32,63,0,0,0,75,0,73,0,0,0,43,0,65,0,0,70;0,0,0,0,77,0,0,0,0,0,52,0,65,0,0,0,0,0,0,0,0,0,0,0,0,0,0,0,0,67;39,0,79,0,0,0,0,0,0,0,0,0,0,63,0,0,76,0,0,64,0,0,0,0,0,0,0,0,0,0
0,0,0,37,22,36,29,0,0,37,0,0,0,0,30,0,0,0,0,32,0,0,0,35,37,0,0,0,0,0;36,0,28,40,0,0,31,21,0,0,0,40,37,23,20,0,0,33,0,0,0,0,26,30,0,23,0,0,0,22;0,0,0,23,0,30,0,0,0,0,0,0,0,0,0,0,0,40,23,0,0,21,0,36,0,0,31,0,0,0;24,0,30,0,0,22,31,0,0,0,0,0,0,0,26,0,0,0,38,0,35,0,25,0,0,0,38,0,0,0;0,0,0,0,0,20,40,0,0,0,0,26,30,0,0,0,0,0,0,36,0,0,0,29,0,0,0,0,0,0;23,0,23,0,0,0,0,29,0,0,24,0,0,38,0,25,29,0,39,28,0,38,29,0,0,0,0,0,0,0;0,0,0,0,0,0,0,0,0,24,25,22,0,0,0,0,0,0,39,0,0,0,0,31,0,39,22,0,0,0;34,0,0,40,0,0,0,0,37,0,0,0,0,38,0,0,0,0,0,0,0,0,32,0,0,0,0,0,0,0;33,29,34,0,0,0,0,0,0,27,33,0,0,39,0,40,0,33,0,0,0,33,0,0,0,0,0,0,24,23;0,0,0,0,31,0,0,31,0,0,0,0,0,28,39,24,0,0,22,0,0,0,0,27,0,0,36,24,0,0;0,0,0,0,24,0,36,0,0,0,0,0,0,0,0,0,0,29,23,0,22,0,20,0,0,0,0,0,23,34;0,29,0,29,0,34,40,0,0,0,0,0,26,0,26,0,0,28,23,0,25,0,0,0,36,0,38,0,0,0;0,0,0,0,39,20,0,36,0,0,25,30,0,32,0,32,0,28,0,0,0,30,20,37,20,0,27,0,0,0;0,24,0,0,36,23,26,0,0,24,0,0,0,0,0,0,37,0,26,0,0,0,0,0,24,0,0,0,26,34;28,0,0,0,24,0,0,0,0,0,0,0,23,0,0,24,0,20,0,25,0,0,0,39,34,26,0,0,0,31;0,32,0,0,0,27,0,0,0,0,0,31,27,0,0,0,0,0,24,23,25,37,0,35,0,0,0,0,24,0;40,0,38,0,0,0,0,30,0,25,26,0,0,25,32,35,0,0,0,22,0,0,0,0,0,0,29,0,0,0;0,0,0,28,0,0,30,21,20,0,0,0,24,39,0,20,0,0,31,0,0,0,0,20,0,33,0,0,0,22;24,0,0,34,0,0,0,37,0,0,0,0,0,0,0,0,0,24,0,23,29,0,39,0,27,0,0,0,0,0;0,0,35,39,0,0,0,30,0,34,0,0,20,0,26,37,0,35,0,0,0,0,26,0,22,0,0,0,0,0;0,0,0,0,25,0,0,0,0,0,0,21,0,26,31,0,0,0,23,24,0,0,0,0,36,0,20,0,21,0;0,0,34,0,0,0,0,0,0,28,27,0,30,0,0,27,0,0,24,0,0,0,0,0,0,0,0,0,0,0;0,0,0,0,0,0,21,0,28,0,30,0,0,33,0,0,37,0,0,0,0,0,0,21,0,33,0,0,0,0;0,32,0,0,0,0,30,0,0,37,0,0,0,0,0,38,0,0,0,0,0,0,30,0,22,0,0,0,0,0;0,0,0,0,33,0,0,0,31,0,0,0,0,0,0,0,0,0,0,0,24,0,0,0,0,29,0,0,0,30;0,0,29,40,0,0,0,29,40,20,0,0,0,0,0,35,0,21,0,0,0,29,39,0,0,0,40,21,30,0;0,0,0,0,0,0,39,0,0,0,0,0,37,39,36,0,22,38,0,0,0,0,0,0,0,28,0,40,0,0;0,0,37,35,0,32,0,0,0,0,0,0,0,33,33,0,0,0,40,0,26,0,0,0,23,0,23,0,0,39;0,0,0,0,30,0,0,0,0,0,24,0,21,0,0,0,0,0,0,0,0,0,0,0,0,0,0,0,0,31;33,0,28,0,0,0,0,0,0,0,0,0,0,30,0,0,22,0,0,25,0,0,0,0,0,0,0,0,0,0
-31,22,0,0,-6,-6,0,0,0,26,0,0,0,0,0,21,18,0,0,-4,-28,-24,0,0,0,0,20,0,-8,0
------------- End of Scenario k = 13 -------
0,0,0,52,79,69,39,0,0,34,0,0,0,0,65,0,0,0,0,33,0,0,0,47,30,0,0,0,0,0;80,0,32,52,0,0,42,37,0,0,0,38,57,49,49,0,0,71,0,0,0,0,77,34,0,52,0,0,0,75;0,0,0,35,0,43,0,0,0,0,0,0,0,0,0,0,0,23,72,0,0,48,0,44,0,0,50,0,0,0;32,0,57,0,0,65,34,0,0,0,0,0,0,0,62,0,0,0,73,0,53,0,48,0,0,0,40,0,0,0;0,0,0,0,0,63,63,0,0,0,0,63,29,0,0,0,0,0,0,30,0,0,0,36,0,0,0,0,0,0;57,0,34,0,0,0,0,56,0,0,43,0,0,75,0,22,69,0,56,46,0,59,20,0,0,0,0,0,0,0;0,0,0,0,0,0,0,0,0,37,75,69,0,0,0,0,0,0,58,0,0,0,0,58,0,48,39,0,0,0;80,0,0,58,0,0,0,0,80,0,0,0,0,69,0,0,0,0,0,0,0,0,24,0,0,0,0,0,0,0;69,27,36,0,0,0,0,0,0,47,80,0,0,68,0,24,0,42,0,0,0,35,0,0,0,0,0,0,79,36;0,0,0,0,80,0,0,80,0,0,0,0,0,38,49,35,0,0,80,0,0,0,0,69,0,0,58,40,0,0;0,0,0,0,58,0,68,0,0,0,0,0,0,0,0,0,0,25,68,0,30,0,40,0,0,0,0,0,38,30;0,65,0,78,0,39,57,0,0,0,0,0,78,0,38,0,0,74,37,0,56,0,0,0,68,0,76,0,0,0;0,0,0,0,42,25,0,60,0,0,32,28,0,77,0,74,0,24,0,0,0,63,53,33,29,0,65,0,0,0;0,46,0,0,27,31,79,0,0,31,0,0,0,0,0,0,53,0,24,0,0,0,0,0,27,0,0,0,27,65;80,0,0,0,56,0,0,0,0,0,0,0,65,0,0,20,0,67,0,80,0,0,0,58,25,78,0,0,0,22;0,42,0,0,0,80,0,0,0,0,0,28,72,0,0,0,0,0,46,56,80,80,0,36,0,0,0,0,76,0;76,0,74,0,0,0,0,31,0,50,74,0,0,66,80,34,0,0,0,55,0,0,0,0,0,0,65,0,0,0;0,0,0,54,0,0,51,55,66,0,0,0,34,56,0,52,0,0,31,0,0,0,0,68,0,74,0,0,0,59;44,0,0,29,0,0,0,70,0,0,0,0,0,0,0,0,0,20,0,21,65,0,80,0,43,0,0,0,0,0;0,0,29,28,0,0,0,54,0,20,0,0,77,0,38,40,0,77,0,0,0,0,51,0,27,0,0,0,0,0;0,0,0,0,32,0,0,0,0,0,0,36,0,80,42,0,0,0,63,70,0,0,0,0,33,0,59,0,79,0;0,0,36,0,0,0,0,0,0,28,41,0,36,0,0,47,0,0,34,0,0,0,0,0,0,0,0,0,0,0;0,0,0,0,0,0,46,0,54,0,33,0,0,42,0,0,64,0,0,0,0,0,0,80,0,52,0,0,0,0;0,37,0,0,0,0,67,0,0,53,0,0,0,0,0,78,0,0,0,0,0,0,33,0,80,0,0,0,0,0;0,0,0,0,38,0,0,0,31,0,0,0,0,0,0,0,0,0,0,0,31,0,0,0,0,80,0,0,0,56;0,0,75,39,0,0,0,68,32,67,0,0,0,0,0,33,0,59,0,0,0,20,49,0,0,0,50,80,42,0;0,0,0,0,0,0,24,0,0,0,0,0,71,58,35,0,78,67,0,0,0,0,0,0,0,79,0,20,0,0;0,0,66,40,0,59,0,0,0,0,0,0,0,34,28,0,0,0,55,0,80,0,0,0,41,0,42,0,0,59;0,0,0,0,24,0,0,0,0,0,41,0,22,0,0,0,0,0,0,0,0,0,0,0,0,0,0,0,0,72;35,0,35,0,0,0,0,0,0,0,0,0,0,33,0,0,36,0,0,55,0,0,0,0,0,0,0,0,0,0
0,0,0,34,29,30,32,0,0,36,0,0,0,0,33,0,0,0,0,36,0,0,0,29,26,0,0,0,0,0;36,0,33,20,0,0,28,24,0,0,0,37,38,21,38,0,0,34,0,0,0,0,23,22,0,35,0,0,0,31;0,0,0,16,0,27,0,0,0,0,0,0,0,0,0,0,0,31,30,0,0,30,0,26,0,0,31,0,0,0;26,0,34,0,0,32,39,0,0,0,0,0,0,0,33,0,0,0,20,0,17,0,23,0,0,0,39,0,0,0;0,0,0,0,0,24,34,0,0,0,0,24,21,0,0,0,0,0,0,20,0,0,0,35,0,0,0,0,0,0;33,0,35,0,0,0,0,36,0,0,36,0,0,28,0,20,35,0,20,28,0,39,35,0,0,0,0,0,0,0;0,0,0,0,0,0,0,0,0,22,21,27,0,0,0,0,0,0,38,0,0,0,0,34,0,31,29,0,0,0;26,0,0,37,0,0,0,0,28,0,0,0,0,34,0,0,0,0,0,0,0,0,37,0,0,0,0,0,0,0;38,37,38,0,0,0,0,0,0,25,30,0,0,34,0,35,0,33,0,0,0,30,0,0,0,0,0,0,38,34;0,0,0,0,31,0,0,31,0,0,0,0,0,25,28,26,0,0,38,0,0,0,0,28,0,0,21,21,0,0;0,0,0,0,34,0,29,0,0,0,0,0,0,0,0,0,0,36,22,0,31,0,22,0,0,0,0,0,25,28;0,25,0,21,0,24,26,0,0,0,0,0,36,0,34,0,0,31,20,0,31,0,0,0,40,0,36,0,0,0;0,0,0,0,27,31,0,35,0,0,26,27,0,31,0,38,0,36,0,0,0,22,32,23,37,0,22,0,0,0;0,28,0,0,38,36,29,0,0,31,0,0,0,0,0,0,36,0,28,0,0,0,0,0,26,0,0,0,19,21;38,0,0,0,25,0,0,0,0,0,0,0,38,0,0,21,0,37,0,22,0,0,0,25,32,39,0,0,0,32;0,31,0,0,0,37,0,0,0,0,0,33,39,0,0,0,0,0,27,37,37,36,0,27,0,0,0,0,38,0;38,0,32,0,0,0,0,39,0,32,33,0,0,34,26,33,0,0,0,28,0,0,0,0,0,0,36,0,0,0;0,0,0,35,0,0,27,34,30,0,0,0,30,32,0,29,0,0,40,0,0,0,0,39,0,38,0,0,0,26;38,0,0,31,0,0,0,26,0,0,0,0,0,0,0,0,0,21,0,23,26,0,33,0,32,0,0,0,0,0;0,0,39,23,0,0,0,26,0,20,0,0,32,0,39,38,0,27,0,0,0,0,33,0,40,0,0,0,0,0;0,0,0,0,21,0,0,0,0,0,0,30,0,21,25,0,0,0,23,28,0,0,0,0,32,0,20,0,34,0;0,0,33,0,0,0,0,0,0,35,36,0,40,0,0,37,0,0,23,0,0,0,0,0,0,0,0,0,0,0;0,0,0,0,0,0,35,0,32,0,34,0,0,31,0,0,35,0,0,0,0,0,0,36,0,20,0,0,0,0;0,40,0,0,0,0,37,0,0,31,0,0,0,0,0,29,0,0,0,0,0,0,34,0,37,0,0,0,0,0;0,0,0,0,33,0,0,0,36,0,0,0,0,0,0,0,0,0,0,0,22,0,0,0,0,34,0,0,0,30;0,0,22,21,0,0,0,22,31,32,0,0,0,0,0,25,0,31,0,0,0,25,25,0,0,0,35,38,23,0;0,0,0,0,0,0,32,0,0,0,0,0,20,32,31,0,31,32,0,0,0,0,0,0,0,34,0,26,0,0;0,0,27,32,0,22,0,0,0,0,0,0,0,35,23,0,0,0,25,0,37,0,0,0,30,0,24,0,0,39;0,0,0,0,38,0,0,0,0,0,27,0,20,0,0,0,0,0,0,0,0,0,0,0,0,0,0,0,0,27;21,0,34,0,0,0,0,0,0,0,0,0,0,20,0,0,39,0,0,37,0,0,0,0,0,0,0,0,0,0
-12,16,0,0,-11,-4,0,0,0,26,0,0,0,0,0,19,16,0,0,-16,-46,-15,0,0,0,0,29,0,-2,0
------------- End of Scenario k = 14 -------
0,0,0,50,54,54,59,0,0,38,0,0,0,0,68,0,0,0,0,43,0,0,0,56,20,0,0,0,0,0;80,0,80,61,0,0,29,38,0,0,0,37,72,59,59,0,0,45,0,0,0,0,29,51,0,41,0,0,0,22;0,0,0,80,0,41,0,0,0,0,0,0,0,0,0,0,0,74,40,0,0,30,0,79,0,0,37,0,0,0;34,0,29,0,0,51,79,0,0,0,0,0,0,0,56,0,0,0,74,0,68,0,68,0,0,0,47,0,0,0;0,0,0,0,0,33,68,0,0,0,0,39,33,0,0,0,0,0,0,73,0,0,0,38,0,0,0,0,0,0;32,0,36,0,0,0,0,54,0,0,65,0,0,80,0,68,29,0,63,39,0,43,51,0,0,0,0,0,0,0;0,0,0,0,0,0,0,0,0,50,40,26,0,0,0,0,0,0,56,0,0,0,0,61,0,72,21,0,0,0;54,0,0,53,0,0,0,0,79,0,0,0,0,80,0,0,0,0,0,0,0,0,38,0,0,0,0,0,0,0;68,23,39,0,0,0,0,0,0,24,80,0,0,26,0,47,0,42,0,0,0,36,0,0,0,0,0,0,66,42;0,0,0,0,80,0,0,78,0,0,0,0,0,67,62,30,0,0,39,0,0,0,0,38,0,0,75,73,0,0;0,0,0,0,33,0,54,0,0,0,0,0,0,0,0,0,0,71,79,0,28,0,79,0,0,0,0,0,78,72;0,58,0,26,0,46,48,0,0,0,0,0,36,0,39,0,0,80,80,0,73,0,0,0,25,0,55,0,0,0;0,0,0,0,80,32,0,26,0,0,49,21,0,80,0,59,0,47,0,0,0,39,47,24,64,0,43,0,0,0;0,55,0,0,41,28,48,0,0,22,0,0,0,0,0,0,47,0,22,0,0,0,0,0,21,0,0,0,80,73;33,0,0,0,70,0,0,0,0,0,0,0,31,0,0,39,0,63,0,80,0,0,0,49,25,67,0,0,0,25;0,74,0,0,0,80,0,0,0,0,0,80,24,0,0,0,0,0,41,80,80,80,0,61,0,0,0,0,23,0;61,0,49,0,0,0,0,30,0,48,60,0,0,37,80,64,0,0,0,70,0,0,0,0,0,0,34,0,0,0;0,0,0,33,0,0,32,20,70,0,0,0,41,27,0,78,0,0,80,0,0,0,0,32,0,34,0,0,0,50;34,0,0,35,0,0,0,61,0,0,0,0,0,0,0,0,0,25,0,79,66,0,62,0,47,0,0,0,0,0;0,0,21,58,0,0,0,53,0,66,0,0,63,0,49,30,0,33,0,0,0,0,27,0,45,0,0,0,0,0;0,0,0,0,71,0,0,0,0,0,0,38,0,21,44,0,0,0,22,78,0,0,0,0,55,0,65,0,32,0;0,0,69,0,0,0,0,0,0,80,52,0,48,0,0,79,0,0,46,0,0,0,0,0,0,0,0,0,0,0;0,0,0,0,0,0,43,0,63,0,34,0,0,61,0,0,80,0,0,0,0,0,0,80,0,70,0,0,0,0;0,24,0,0,0,0,67,0,0,30,0,0,0,0,0,33,0,0,0,0,0,0,46,0,45,0,0,0,0,0;0,0,0,0,49,0,0,0,63,0,0,0,0,0,0,0,0,0,0,0,29,0,0,0,0,72,0,0,0,21;0,0,76,21,0,0,0,23,77,39,0,0,0,0,0,27,0,33,0,0,0,43,72,0,0,0,43,62,66,0;0,0,0,0,0,0,29,0,0,0,0,0,53,33,50,0,75,61,0,0,0,0,0,0,0,61,0,59,0,0;0,0,73,79,0,41,0,0,0,0,0,0,0,52,52,0,0,0,26,0,80,0,0,0,33,0,74,0,0,80;0,0,0,0,36,0,0,0,0,0,61,0,76,0,0,0,0,0,0,0,0,0,0,0,0,0,0,0,0,30;51,0,57,0,0,0,0,0,0,0,0,0,0,77,0,0,71,0,0,74,0,0,0,0,0,0,0,0,0,0
0,0,0,40,39,24,24,0,0,32,0,0,0,0,28,0,0,0,0,28,0,0,0,35,20,0,0,0,0,0;39,0,26,37,0,0,20,29,0,0,0,38,24,31,38,0,0,20,0,0,0,0,29,33,0,33,0,0,0,24;0,0,0,27,0,33,0,0,0,0,0,0,0,0,0,0,0,21,33,0,0,32,0,33,0,0,29,0,0,0;37,0,31,0,0,26,30,0,0,0,0,0,0,0,25,0,0,0,30,0,33,0,32,0,0,0,39,0,0,0;0,0,0,0,0,32,31,0,0,0,0,28,35,0,0,0,0,0,0,36,0,0,0,35,0,0,0,0,0,0;33,0,38,0,0,0,0,30,0,0,20,0,0,36,0,27,20,0,33,28,0,21,24,0,0,0,0,0,0,0;0,0,0,0,0,0,0,0,0,24,20,27,0,0,0,0,0,0,28,0,0,0,0,38,0,31,23,0,0,0;24,0,0,24,0,0,0,0,20,0,0,0,0,30,0,0,0,0,0,0,0,0,22,0,0,0,0,0,0,0;21,40,30,0,0,0,0,0,0,30,25,0,0,36,0,39,0,35,0,0,0,18,0,0,0,0,0,0,25,40;0,0,0,0,26,0,0,28,0,0,0,0,0,23,28,24,0,0,34,0,0,0,0,31,0,0,26,29,0,0;0,0,0,0,20,0,23,0,0,0,0,0,0,0,0,0,0,35,31,0,29,0,23,0,0,0,0,0,31,36;0,36,0,23,0,20,32,0,0,0,0,0,29,0,38,0,0,28,36,0,32,0,0,0,37,0,36,0,0,0;0,0,0,0,34,28,0,33,0,0,20,36,0,32,0,29,0,38,0,0,0,36,39,30,20,0,29,0,0,0;0,21,0,0,38,39,26,0,0,38,0,0,0,0,0,0,37,0,25,0,0,0,0,0,36,0,0,0,14,24;26,0,0,0,40,0,0,0,0,0,0,0,28,0,0,34,0,28,0,27,0,0,0,31,33,36,0,0,0,37;0,29,0,0,0,38,0,0,0,0,0,36,21,0,0,0,0,0,32,23,13,30,0,22,0,0,0,0,24,0;36,0,33,0,0,0,0,30,0,40,23,0,0,30,39,37,0,0,0,35,0,0,0,0,0,0,28,0,0,0;0,0,0,37,0,0,38,39,25,0,0,0,40,30,0,33,0,0,36,0,0,0,0,34,0,26,0,0,0,35;40,0,0,33,0,0,0,40,0,0,0,0,0,0,0,0,0,36,0,33,39,0,40,0,25,0,0,0,0,0;0,0,32,27,0,0,0,24,0,34,0,0,23,0,23,24,0,21,0,0,0,0,33,0,33,0,0,0,0,0;0,0,0,0,25,0,0,0,0,0,0,38,0,29,30,0,0,0,20,27,0,0,0,0,30,0,30,0,30,0;0,0,30,0,0,0,0,0,0,34,34,0,29,0,0,37,0,0,29,0,0,0,0,0,0,0,0,0,0,0;0,0,0,0,0,0,22,0,33,0,23,0,0,35,0,0,32,0,0,0,0,0,0,39,0,39,0,0,0,0;0,32,0,0,0,0,40,0,0,24,0,0,0,0,0,20,0,0,0,0,0,0,27,0,25,0,0,0,0,0;0,0,0,0,32,0,0,0,25,0,0,0,0,0,0,0,0,0,0,0,23,0,0,0,0,38,0,0,0,34;0,0,40,40,0,0,0,20,21,29,0,0,0,0,0,21,0,27,0,0,0,25,34,0,0,0,26,26,35,0;0,0,0,0,0,0,35,0,0,0,0,0,30,40,22,0,31,35,0,0,0,0,0,0,0,30,0,33,0,0;0,0,21,31,0,36,0,0,0,0,0,0,0,33,36,0,0,0,20,0,22,0,0,0,20,0,28,0,0,18;0,0,0,0,27,0,0,0,0,0,31,0,34,0,0,0,0,0,0,0,0,0,0,0,0,0,0,0,0,35;20,0,28,0,0,0,0,0,0,0,0,0,0,32,0,0,37,0,0,38,0,0,0,0,0,0,0,0,0,0
-34,23,0,0,-3,-2,0,0,0,17,0,0,0,0,0,10,24,0,0,-4,-36,-12,0,0,0,0,17,0,0,0
------------- End of Scenario k = 15 -------
0,0,0,73,32,48,28,0,0,30,0,0,0,0,54,0,0,0,0,62,0,0,0,44,43,0,0,0,0,0;80,0,80,70,0,0,21,34,0,0,0,76,48,64,71,0,0,48,0,0,0,0,31,44,0,74,0,0,0,24;0,0,0,80,0,48,0,0,0,0,0,0,0,0,0,0,0,36,68,0,0,75,0,72,0,0,72,0,0,0;43,0,52,0,0,41,67,0,0,0,0,0,0,0,40,0,0,0,49,0,68,0,54,0,0,0,34,0,0,0;0,0,0,0,0,38,39,0,0,0,0,53,73,0,0,0,0,0,0,49,0,0,0,36,0,0,0,0,0,0;62,0,52,0,0,0,0,50,0,0,76,0,0,72,0,75,27,0,29,49,0,77,75,0,0,0,0,0,0,0;0,0,0,0,0,0,0,0,0,34,23,33,0,0,0,0,0,0,65,0,0,0,0,22,0,80,69,0,0,0;80,0,0,70,0,0,0,0,80,0,0,0,0,80,0,0,0,0,0,0,0,0,59,0,0,0,0,0,0,0;58,51,26,0,0,0,0,0,0,69,66,0,0,65,0,26,0,43,0,0,0,73,0,0,0,0,0,0,34,29;0,0,0,0,22,0,0,66,0,0,0,0,0,73,73,60,0,0,33,0,0,0,0,48,0,0,36,80,0,0;0,0,0,0,27,0,35,0,0,0,0,0,0,0,0,0,0,33,73,0,34,0,22,0,0,0,0,0,60,21;0,42,0,31,0,59,62,0,0,0,0,0,80,0,23,0,0,78,63,0,80,0,0,0,58,0,70,0,0,0;0,0,0,0,53,52,0,68,0,0,74,62,0,57,0,37,0,58,0,0,0,68,31,33,37,0,43,0,0,0;0,40,0,0,80,49,78,0,0,78,0,0,0,0,0,0,45,0,53,0,0,0,0,0,37,0,0,0,27,33;80,0,0,0,60,0,0,0,0,0,0,0,69,0,0,30,0,30,0,51,0,0,0,62,30,32,0,0,0,46;0,56,0,0,0,23,0,0,0,0,0,80,55,0,0,0,0,0,35,80,29,60,0,77,0,0,0,0,76,0;72,0,28,0,0,0,0,75,0,55,28,0,0,25,80,44,0,0,0,45,0,0,0,0,0,0,43,0,0,0;0,0,0,47,0,0,24,68,64,0,0,0,51,27,0,41,0,0,80,0,0,0,0,27,0,21,0,0,0,58;39,0,0,69,0,0,0,69,0,0,0,0,0,0,0,0,0,80,0,23,34,0,80,0,72,0,0,0,0,0;0,0,66,62,0,0,0,51,0,66,0,0,25,0,29,77,0,21,0,0,0,0,77,0,52,0,0,0,0,0;0,0,0,0,69,0,0,0,0,0,0,24,0,54,27,0,0,0,38,28,0,0,0,0,79,0,73,0,50,0;0,0,77,0,0,0,0,0,0,22,78,0,64,0,0,79,0,0,64,0,0,0,0,0,0,0,0,0,0,0;0,0,0,0,0,0,57,0,47,0,68,0,0,42,0,0,71,0,0,0,0,0,0,74,0,70,0,0,0,0;0,23,0,0,0,0,56,0,0,58,0,0,0,0,0,48,0,0,0,0,0,0,21,0,80,0,0,0,0,0;0,0,0,0,50,0,0,0,71,0,0,0,0,0,0,0,0,0,0,0,36,0,0,0,0,47,0,0,0,27;0,0,65,69,0,0,0,24,74,71,0,0,0,0,0,30,0,62,0,0,0,22,33,0,0,0,68,80,29,0;0,0,0,0,0,0,70,0,0,0,0,0,69,67,26,0,72,80,0,0,0,0,0,0,0,72,0,73,0,0;0,0,59,41,0,35,0,0,0,0,0,0,0,44,40,0,0,0,76,0,65,0,0,0,49,0,22,0,0,62;0,0,0,0,34,0,0,0,0,0,28,0,52,0,0,0,0,0,0,0,0,0,0,0,0,0,0,0,0,42;48,0,41,0,0,0,0,0,0,0,0,0,0,38,0,0,48,0,0,67,0,0,0,0,0,0,0,0,0,0
0,0,0,39,37,20,22,0,0,26,0,0,0,0,35,0,0,0,0,36,0,0,0,40,24,0,0,0,0,0;30,0,35,22,0,0,23,38,0,0,0,20,23,20,38,0,0,21,0,0,0,0,29,29,0,26,0,0,0,25;0,0,0,32,0,22,0,0,0,0,0,0,0,0,0,0,0,40,32,0,0,28,0,24,0,0,20,0,0,0;27,0,23,0,0,37,20,0,0,0,0,0,0,0,22,0,0,0,36,0,38,0,40,0,0,0,30,0,0,0;0,0,0,0,0,24,23,0,0,0,0,25,30,0,0,0,0,0,0,30,0,0,0,32,0,0,0,0,0,0;28,0,30,0,0,0,0,27,0,0,38,0,0,40,0,21,21,0,38,37,0,21,33,0,0,0,0,0,0,0;0,0,0,0,0,0,0,0,0,29,31,28,0,0,0,0,0,0,31,0,0,0,0,35,0,32,26,0,0,0;31,0,0,30,0,0,0,0,23,0,0,0,0,24,0,0,0,0,0,0,0,0,24,0,0,0,0,0,0,0;31,22,38,0,0,0,0,0,0,30,40,0,0,22,0,23,0,25,0,0,0,22,0,0,0,0,0,0,31,38;0,0,0,0,33,0,0,24,0,0,0,0,0,29,35,34,0,0,40,0,0,0,0,38,0,0,34,25,0,0;0,0,0,0,26,0,35,0,0,0,0,0,0,0,0,0,0,28,29,0,21,0,26,0,0,0,0,0,21,31;0,20,0,20,0,38,32,0,0,0,0,0,31,0,36,0,0,38,25,0,26,0,0,0,27,0,24,0,0,0;0,0,0,0,40,22,0,26,0,0,21,35,0,26,0,34,0,27,0,0,0,31,30,23,24,0,22,0,0,0;0,26,0,0,36,24,40,0,0,34,0,0,0,0,0,0,40,0,25,0,0,0,0,0,40,0,0,0,40,21;20,0,0,0,29,0,0,0,0,0,0,0,34,0,0,39,0,21,0,29,0,0,0,33,30,23,0,0,0,24;0,21,0,0,0,19,0,0,0,0,0,24,40,0,0,0,0,0,20,27,27,39,0,31,0,0,0,0,38,0;35,0,20,0,0,0,0,32,0,26,21,0,0,38,36,32,0,0,0,24,0,0,0,0,0,0,23,0,0,0;0,0,0,30,0,0,29,20,31,0,0,0,33,32,0,34,0,0,31,0,0,0,0,26,0,29,0,0,0,35;20,0,0,23,0,0,0,31,0,0,0,0,0,0,0,0,0,27,0,38,26,0,26,0,21,0,0,0,0,0;0,0,33,21,0,0,0,28,0,38,0,0,39,0,32,26,0,35,0,0,0,0,24,0,30,0,0,0,0,0;0,0,0,0,40,0,0,0,0,0,0,38,0,20,25,0,0,0,28,20,0,0,0,0,30,0,30,0,39,0;0,0,34,0,0,0,0,0,0,36,31,0,39,0,0,39,0,0,26,0,0,0,0,0,0,0,0,0,0,0;0,0,0,0,0,0,36,0,39,0,30,0,0,35,0,0,31,0,0,0,0,0,0,21,0,26,0,0,0,0;0,37,0,0,0,0,20,0,0,39,0,0,0,0,0,35,0,0,0,0,0,0,35,0,34,0,0,0,0,0;0,0,0,0,25,0,0,0,36,0,0,0,0,0,0,0,0,0,0,0,35,0,0,0,0,21,0,0,0,27;0,0,25,39,0,0,0,33,24,32,0,0,0,0,0,35,0,30,0,0,0,26,32,0,0,0,28,27,22,0;0,0,0,0,0,0,35,0,0,0,0,0,23,30,23,0,35,21,0,0,0,0,0,0,0,28,0,21,0,0;0,0,39,30,0,30,0,0,0,0,0,0,0,32,22,0,0,0,27,0,25,0,0,0,24,0,26,0,0,22;0,0,0,0,20,0,0,0,0,0,29,0,33,0,0,0,0,0,0,0,0,0,0,0,0,0,0,0,0,24;21,0,21,0,0,0,0,0,0,0,0,0,0,39,0,0,31,0,0,29,0,0,0,0,0,0,0,0,0,0
-10,15,0,0,-12,-3,0,0,0,19,0,0,0,0,0,17,19,0,0,-23,-34,-6,0,0,0,0,18,0,0,0
------------- End of Scenario k = 16 -------
0,0,0,75,33,67,52,0,0,28,0,0,0,0,21,0,0,0,0,21,0,0,0,68,35,0,0,0,0,0;80,0,62,65,0,0,78,54,0,0,0,32,79,37,73,0,0,22,0,0,0,0,63,46,0,56,0,0,0,42;0,0,0,80,0,79,0,0,0,0,0,0,0,0,0,0,0,74,44,0,0,63,0,62,0,0,64,0,0,0;73,0,42,0,0,73,37,0,0,0,0,0,0,0,23,0,0,0,38,0,57,0,47,0,0,0,51,0,0,0;0,0,0,0,0,74,23,0,0,0,0,45,70,0,0,0,0,0,0,45,0,0,0,61,0,0,0,0,0,0;48,0,36,0,0,0,0,79,0,0,70,0,0,80,0,20,66,0,27,26,0,70,55,0,0,0,0,0,0,0;0,0,0,0,0,0,0,0,0,49,64,30,0,0,0,0,0,0,44,0,0,0,0,41,0,73,36,0,0,0;80,0,0,78,0,0,0,0,54,0,0,0,0,43,0,0,0,0,0,0,0,0,27,0,0,0,0,0,0,0;48,32,24,0,0,0,0,0,0,40,80,0,0,53,0,46,0,46,0,0,0,22,0,0,0,0,0,0,51,77;0,0,0,0,54,0,0,40,0,0,0,0,0,21,66,49,0,0,45,0,0,0,0,59,0,0,35,23,0,0;0,0,0,0,35,0,27,0,0,0,0,0,0,0,0,0,0,54,35,0,42,0,52,0,0,0,0,0,58,25;0,52,0,43,0,46,49,0,0,0,0,0,77,0,75,0,0,37,77,0,25,0,0,0,66,0,49,0,0,0;0,0,0,0,76,20,0,23,0,0,48,36,0,49,0,32,0,43,0,0,0,44,48,33,56,0,67,0,0,0;0,72,0,0,65,53,32,0,0,23,0,0,0,0,0,0,43,0,26,0,0,0,0,0,27,0,0,0,80,33;80,0,0,0,28,0,0,0,0,0,0,0,63,0,0,73,0,77,0,76,0,0,0,37,32,80,0,0,0,38;0,44,0,0,0,80,0,0,0,0,0,80,34,0,0,0,0,0,55,80,80,80,0,34,0,0,0,0,55,0;32,0,36,0,0,0,0,32,0,66,72,0,0,59,63,52,0,0,0,74,0,0,0,0,0,0,25,0,0,0;0,0,0,24,0,0,35,62,61,0,0,0,75,49,0,50,0,0,43,0,0,0,0,72,0,73,0,0,0,23;67,0,0,65,0,0,0,57,0,0,0,0,0,0,0,0,0,63,0,34,38,0,80,0,34,0,0,0,0,0;0,0,23,45,0,0,0,26,0,40,0,0,50,0,53,20,0,32,0,0,0,0,73,0,59,0,0,0,0,0;0,0,0,0,71,0,0,0,0,0,0,28,0,45,53,0,0,0,47,42,0,0,0,0,43,0,65,0,78,0;0,0,69,0,0,0,0,0,0,57,80,0,22,0,0,48,0,0,36,0,0,0,0,0,0,0,0,0,0,0;0,0,0,0,0,0,63,0,77,0,33,0,0,35,0,0,20,0,0,0,0,0,0,80,0,50,0,0,0,0;0,76,0,0,0,0,34,0,0,74,0,0,0,0,0,62,0,0,0,0,0,0,49,0,34,0,0,0,0,0;0,0,0,0,68,0,0,0,68,0,0,0,0,0,0,0,0,0,0,0,51,0,0,0,0,51,0,0,0,69;0,0,30,25,0,0,0,21,57,77,0,0,0,0,0,54,0,49,0,0,0,41,29,0,0,0,58,22,50,0;0,0,0,0,0,0,32,0,0,0,0,0,30,68,80,0,59,52,0,0,0,0,0,0,0,37,0,73,0,0;0,0,50,51,0,43,0,0,0,0,0,0,0,40,24,0,0,0,27,0,80,0,0,0,61,0,53,0,0,80;0,0,0,0,33,0,0,0,0,0,64,0,41,0,0,0,0,0,0,0,0,0,0,0,0,0,0,0,0,60;42,0,39,0,0,0,0,0,0,0,0,0,0,55,0,0,22,0,0,52,0,0,0,0,0,0,0,0,0,0
0,0,0,23,29,28,36,0,0,31,0,0,0,0,21,0,0,0,0,22,0,0,0,26,29,0,0,0,0,0;18,0,30,29,0,0,29,23,0,0,0,33,28,28,39,0,0,40,0,0,0,0,36,31,0,32,0,0,0,23;0,0,0,27,0,28,0,0,0,0,0,0,0,0,0,0,0,31,25,0,0,28,0,22,0,0,33,0,0,0;28,0,39,0,0,25,30,0,0,0,0,0,0,0,30,0,0,0,40,0,33,0,39,0,0,0,35,0,0,0;0,0,0,0,0,32,26,0,0,0,0,27,30,0,0,0,0,0,0,34,0,0,0,20,0,0,0,0,0,0;25,0,30,0,0,0,0,28,0,0,39,0,0,31,0,29,35,0,25,20,0,37,24,0,0,0,0,0,0,0;0,0,0,0,0,0,0,0,0,33,29,28,0,0,0,0,0,0,20,0,0,0,0,29,0,27,39,0,0,0;31,0,0,26,0,0,0,0,27,0,0,0,0,35,0,0,0,0,0,0,0,0,20,0,0,0,0,0,0,0;38,39,22,0,0,0,0,0,0,30,33,0,0,40,0,20,0,35,0,0,0,40,0,0,0,0,0,0,34,39;0,0,0,0,28,0,0,35,0,0,0,0,0,38,22,32,0,0,31,0,0,0,0,26,0,0,25,23,0,0;0,0,0,0,40,0,34,0,0,0,0,0,0,0,0,0,0,23,20,0,28,0,31,0,0,0,0,0,27,23;0,36,0,22,0,25,39,0,0,0,0,0,34,0,25,0,0,26,36,0,30,0,0,0,28,0,21,0,0,0;0,0,0,0,33,34,0,32,0,0,32,40,0,27,0,24,0,22,0,0,0,23,20,21,28,0,37,0,0,0;0,36,0,0,33,27,35,0,0,21,0,0,0,0,0,0,38,0,20,0,0,0,0,0,39,0,0,0,27,25;40,0,0,0,31,0,0,0,0,0,0,0,33,0,0,29,0,22,0,11,0,0,0,29,34,34,0,0,0,20;0,38,0,0,0,30,0,0,0,0,0,30,26,0,0,0,0,0,31,40,35,24,0,25,0,0,0,0,31,0;35,0,40,0,0,0,0,29,0,38,27,0,0,36,35,23,0,0,0,29,0,0,0,0,0,0,28,0,0,0;0,0,0,26,0,0,24,22,21,0,0,0,35,33,0,27,0,0,25,0,0,0,0,26,0,28,0,0,0,26;39,0,0,39,0,0,0,37,0,0,0,0,0,0,0,0,0,30,0,27,20,0,40,0,26,0,0,0,0,0;0,0,39,27,0,0,0,27,0,24,0,0,34,0,22,24,0,34,0,0,0,0,28,0,33,0,0,0,0,0;0,0,0,0,40,0,0,0,0,0,0,33,0,30,31,0,0,0,30,32,0,0,0,0,38,0,27,0,30,0;0,0,37,0,0,0,0,0,0,35,24,0,23,0,0,39,0,0,22,0,0,0,0,0,0,0,0,0,0,0;0,0,0,0,0,0,28,0,35,0,20,0,0,30,0,0,36,0,0,0,0,0,0,35,0,24,0,0,0,0;0,34,0,0,0,0,30,0,0,27,0,0,0,0,0,20,0,0,0,0,0,0,31,0,38,0,0,0,0,0;0,0,0,0,25,0,0,0,32,0,0,0,0,0,0,0,0,0,0,0,30,0,0,0,0,35,0,0,0,31;0,0,34,27,0,0,0,29,27,30,0,0,0,0,0,21,0,29,0,0,0,35,23,0,0,0,28,35,33,0;0,0,0,0,0,0,23,0,0,0,0,0,39,20,26,0,32,40,0,0,0,0,0,0,0,40,0,22,0,0;0,0,21,25,0,23,0,0,0,0,0,0,0,36,21,0,0,0,33,0,36,0,0,0,38,0,29,0,0,27;0,0,0,0,31,0,0,0,0,0,20,0,23,0,0,0,0,0,0,0,0,0,0,0,0,0,0,0,0,23;29,0,32,0,0,0,0,0,0,0,0,0,0,26,0,0,21,0,0,33,0,0,0,0,0,0,0,0,0,0
-22,14,0,0,-16,-4,0,0,0,22,0,0,0,0,0,18,11,0,0,-7,-39,-2,0,0,0,0,25,0,0,0
------------- End of Scenario k = 17 -------
0,0,0,29,41,67,47,0,0,71,0,0,0,0,27,0,0,0,0,26,0,0,0,71,43,0,0,0,0,0;41,0,53,79,0,0,50,33,0,0,0,24,49,71,35,0,0,45,0,0,0,0,76,69,0,31,0,0,0,33;0,0,0,74,0,48,0,0,0,0,0,0,0,0,0,0,0,48,63,0,0,61,0,77,0,0,74,0,0,0;33,0,78,0,0,70,35,0,0,0,0,0,0,0,23,0,0,0,53,0,80,0,39,0,0,0,35,0,0,0;0,0,0,0,0,53,77,0,0,0,0,27,53,0,0,0,0,0,0,32,0,0,0,78,0,0,0,0,0,0;75,0,79,0,0,0,0,52,0,0,44,0,0,77,0,37,52,0,65,53,0,59,76,0,0,0,0,0,0,0;0,0,0,0,0,0,0,0,0,32,37,30,0,0,0,0,0,0,32,0,0,0,0,52,0,32,22,0,0,0;57,0,0,64,0,0,0,0,80,0,0,0,0,37,0,0,0,0,0,0,0,0,75,0,0,0,0,0,0,0;73,58,66,0,0,0,0,0,0,77,78,0,0,24,0,68,0,44,0,0,0,55,0,0,0,0,0,0,22,23;0,0,0,0,80,0,0,71,0,0,0,0,0,47,22,43,0,0,60,0,0,0,0,53,0,0,75,26,0,0;0,0,0,0,44,0,53,0,0,0,0,0,0,0,0,0,0,42,55,0,26,0,58,0,0,0,0,0,37,50;0,25,0,33,0,71,61,0,0,0,0,0,22,0,23,0,0,32,44,0,69,0,0,0,45,0,43,0,0,0;0,0,0,0,66,36,0,33,0,0,63,30,0,40,0,60,0,58,0,0,0,57,61,50,48,0,70,0,0,0;0,79,0,0,43,33,47,0,0,37,0,0,0,0,0,0,77,0,52,0,0,0,0,0,25,0,0,0,80,48;80,0,0,0,79,0,0,0,0,0,0,0,72,0,0,65,0,66,0,46,0,0,0,73,74,49,0,0,0,74;0,66,0,0,0,80,0,0,0,0,0,80,71,0,0,0,0,0,44,80,80,38,0,31,0,0,0,0,54,0;68,0,80,0,0,0,0,61,0,37,42,0,0,51,80,44,0,0,0,38,0,0,0,0,0,0,31,0,0,0;0,0,0,80,0,0,59,57,40,0,0,0,77,30,0,77,0,0,53,0,0,0,0,79,0,21,0,0,0,78;31,0,0,39,0,0,0,44,0,0,0,0,0,0,0,0,0,35,0,49,23,0,30,0,43,0,0,0,0,0;0,0,27,41,0,0,0,38,0,42,0,0,35,0,55,31,0,22,0,0,0,0,27,0,36,0,0,0,0,0;0,0,0,0,68,0,0,0,0,0,0,44,0,67,68,0,0,0,80,28,0,0,0,0,55,0,27,0,80,0;0,0,72,0,0,0,0,0,0,61,61,0,53,0,0,42,0,0,54,0,0,0,0,0,0,0,0,0,0,0;0,0,0,0,0,0,45,0,64,0,57,0,0,43,0,0,61,0,0,0,0,0,0,66,0,76,0,0,0,0;0,56,0,0,0,0,31,0,0,50,0,0,0,0,0,41,0,0,0,0,0,0,39,0,53,0,0,0,0,0;0,0,0,0,44,0,0,0,20,0,0,0,0,0,0,0,0,0,0,0,22,0,0,0,0,80,0,0,0,33;0,0,71,32,0,0,0,33,65,40,0,0,0,0,0,55,0,45,0,0,0,70,44,0,0,0,21,80,32,0;0,0,0,0,0,0,30,0,0,0,0,0,80,77,26,0,72,80,0,0,0,0,0,0,0,75,0,70,0,0;0,0,72,20,0,44,0,0,0,0,0,0,0,28,55,0,0,0,26,0,80,0,0,0,59,0,40,0,0,25;0,0,0,0,42,0,0,0,0,0,60,0,73,0,0,0,0,0,0,0,0,0,0,0,0,0,0,0,0,61;64,0,28,0,0,0,0,0,0,0,0,0,0,54,0,0,41,0,0,56,0,0,0,0,0,0,0,0,0,0
0,0,0,29,24,34,40,0,0,29,0,0,0,0,37,0,0,0,0,28,0,0,0,39,40,0,0,0,0,0;40,0,29,33,0,0,36,40,0,0,0,32,28,34,37,0,0,27,0,0,0,0,40,22,0,38,0,0,0,24;0,0,0,30,0,25,0,0,0,0,0,0,0,0,0,0,0,21,27,0,0,40,0,24,0,0,22,0,0,0;40,0,35,0,0,36,36,0,0,0,0,0,0,0,25,0,0,0,30,0,26,0,27,0,0,0,22,0,0,0;0,0,0,0,0,40,38,0,0,0,0,26,38,0,0,0,0,0,0,36,0,0,0,38,0,0,0,0,0,0;39,0,37,0,0,0,0,30,0,0,24,0,0,22,0,23,22,0,38,25,0,32,32,0,0,0,0,0,0,0;0,0,0,0,0,0,0,0,0,24,38,39,0,0,0,0,0,0,24,0,0,0,0,31,0,28,23,0,0,0;26,0,0,27,0,0,0,0,28,0,0,0,0,36,0,0,0,0,0,0,0,0,30,0,0,0,0,0,0,0;34,28,35,0,0,0,0,0,0,36,32,0,0,32,0,33,0,28,0,0,0,26,0,0,0,0,0,0,40,37;0,0,0,0,30,0,0,36,0,0,0,0,0,33,21,34,0,0,27,0,0,0,0,33,0,0,37,20,0,0;0,0,0,0,28,0,34,0,0,0,0,0,0,0,0,0,0,21,36,0,24,0,39,0,0,0,0,0,31,34;0,37,0,32,0,28,25,0,0,0,0,0,36,0,29,0,0,23,25,0,34,0,0,0,25,0,20,0,0,0;0,0,0,0,21,30,0,37,0,0,35,26,0,18,0,33,0,22,0,0,0,38,39,33,30,0,29,0,0,0;0,28,0,0,25,26,22,0,0,22,0,0,0,0,0,0,40,0,22,0,0,0,0,0,39,0,0,0,27,31;15,0,0,0,35,0,0,0,0,0,0,0,25,0,0,32,0,27,0,15,0,0,0,27,30,24,0,0,0,40;0,35,0,0,0,29,0,0,0,0,0,39,40,0,0,0,0,0,20,20,37,15,0,34,0,0,0,0,32,0;30,0,24,0,0,0,0,39,0,21,26,0,0,27,21,26,0,0,0,39,0,0,0,0,0,0,34,0,0,0;0,0,0,40,0,0,33,27,30,0,0,0,28,35,0,38,0,0,30,0,0,0,0,29,0,21,0,0,0,24;21,0,0,33,0,0,0,30,0,0,0,0,0,0,0,0,0,22,0,31,25,0,23,0,25,0,0,0,0,0;0,0,23,40,0,0,0,37,0,25,0,0,38,0,21,39,0,35,0,0,0,0,24,0,36,0,0,0,0,0;0,0,0,0,25,0,0,0,0,0,0,34,0,30,32,0,0,0,29,24,0,0,0,0,23,0,25,0,36,0;0,0,31,0,0,0,0,0,0,26,35,0,26,0,0,24,0,0,20,0,0,0,0,0,0,0,0,0,0,0;0,0,0,0,0,0,20,0,27,0,28,0,0,21,0,0,29,0,0,0,0,0,0,33,0,31,0,0,0,0;0,23,0,0,0,0,37,0,0,32,0,0,0,0,0,36,0,0,0,0,0,0,31,0,28,0,0,0,0,0;0,0,0,0,24,0,0,0,22,0,0,0,0,0,0,0,0,0,0,0,30,0,0,0,0,31,0,0,0,21;0,0,21,33,0,0,0,37,35,29,0,0,0,0,0,36,0,30,0,0,0,24,21,0,0,0,33,29,20,0;0,0,0,0,0,0,28,0,0,0,0,0,28,23,38,0,24,20,0,0,0,0,0,0,0,28,0,21,0,0;0,0,28,30,0,22,0,0,0,0,0,0,0,38,32,0,0,0,20,0,29,0,0,0,40,0,36,0,0,36;0,0,0,0,26,0,0,0,0,0,27,0,27,0,0,0,0,0,0,0,0,0,0,0,0,0,0,0,0,23;23,0,37,0,0,0,0,0,0,0,0,0,0,38,0,0,29,0,0,30,0,0,0,0,0,0,0,0,0,0
-36,26,0,0,-23,-7,0,0,0,26,0,0,0,0,0,14,12,0,0,-5,-21,-4,0,0,0,0,18,0,0,0
------------- End of Scenario k = 18 -------
0,0,0,70,60,53,62,0,0,49,0,0,0,0,46,0,0,0,0,46,0,0,0,70,79,0,0,0,0,0;70,0,49,34,0,0,36,71,0,0,0,36,29,54,42,0,0,64,0,0,0,0,65,59,0,28,0,0,0,29;0,0,0,80,0,67,0,0,0,0,0,0,0,0,0,0,0,46,63,0,0,29,0,56,0,0,26,0,0,0;24,0,31,0,0,60,43,0,0,0,0,0,0,0,44,0,0,0,41,0,80,0,23,0,0,0,26,0,0,0;0,0,0,0,0,58,29,0,0,0,0,77,73,0,0,0,0,0,0,45,0,0,0,21,0,0,0,0,0,0;72,0,29,0,0,0,0,61,0,0,26,0,0,47,0,64,37,0,48,47,0,76,56,0,0,0,0,0,0,0;0,0,0,0,0,0,0,0,0,46,38,34,0,0,0,0,0,0,21,0,0,0,0,79,0,53,33,0,0,0;52,0,0,32,0,0,0,0,68,0,0,0,0,44,0,0,0,0,0,0,0,0,50,0,0,0,0,0,0,0;30,70,53,0,0,0,0,0,0,75,80,0,0,32,0,32,0,60,0,0,0,80,0,0,0,0,0,0,41,41;0,0,0,0,80,0,0,80,0,0,0,0,0,66,24,58,0,0,58,0,0,0,0,60,0,0,23,61,0,0;0,0,0,0,28,0,49,0,0,0,0,0,0,0,0,0,0,66,41,0,20,0,46,0,0,0,0,0,73,77;0,56,0,58,0,29,37,0,0,0,0,0,66,0,21,0,0,59,72,0,24,0,0,0,30,0,57,0,0,0;0,0,0,0,62,43,0,25,0,0,50,53,0,80,0,43,0,39,0,0,0,51,62,50,72,0,48,0,0,0;0,62,0,0,26,43,41,0,0,43,0,0,0,0,0,0,28,0,65,0,0,0,0,0,60,0,0,0,80,37;73,0,0,0,41,0,0,0,0,0,0,0,27,0,0,20,0,79,0,73,0,0,0,68,63,42,0,0,0,70;0,33,0,0,0,80,0,0,0,0,0,80,51,0,0,0,0,0,26,65,80,60,0,38,0,0,0,0,25,0;76,0,36,0,0,0,0,45,0,52,53,0,0,20,80,65,0,0,0,61,0,0,0,0,0,0,25,0,0,0;0,0,0,25,0,0,32,76,44,0,0,0,67,32,0,33,0,0,22,0,0,0,0,77,0,20,0,0,0,73;79,0,0,24,0,0,0,37,0,0,0,0,0,0,0,0,0,50,0,30,20,0,44,0,42,0,0,0,0,0;0,0,23,58,0,0,0,32,0,64,0,0,79,0,27,67,0,79,0,0,0,0,52,0,72,0,0,0,0,0;0,0,0,0,77,0,0,0,0,0,0,67,0,71,67,0,0,0,62,73,0,0,0,0,56,0,46,0,72,0;0,0,26,0,0,0,0,0,0,64,76,0,27,0,0,46,0,0,33,0,0,0,0,0,0,0,0,0,0,0;0,0,0,0,0,0,43,0,55,0,36,0,0,67,0,0,39,0,0,0,0,0,0,80,0,61,0,0,0,0;0,61,0,0,0,0,41,0,0,25,0,0,0,0,0,53,0,0,0,0,0,0,33,0,80,0,0,0,0,0;0,0,0,0,52,0,0,0,77,0,0,0,0,0,0,0,0,0,0,0,52,0,0,0,0,80,0,0,0,35;0,0,38,42,0,0,0,69,77,35,0,0,0,0,0,44,0,35,0,0,0,48,69,0,0,0,34,80,67,0;0,0,0,0,0,0,54,0,0,0,0,0,56,41,25,0,47,80,0,0,0,0,0,0,0,31,0,26,0,0;0,0,70,46,0,64,0,0,0,0,0,0,0,27,42,0,0,0,52,0,80,0,0,0,65,0,50,0,0,80;0,0,0,0,34,0,0,0,0,0,56,0,46,0,0,0,0,0,0,0,0,0,0,0,0,0,0,0,0,49;25,0,56,0,0,0,0,0,0,0,0,0,0,37,0,0,31,0,0,21,0,0,0,0,0,0,0,0,0,0
0,0,0,28,38,40,21,0,0,22,0,0,0,0,32,0,0,0,0,33,0,0,0,22,40,0,0,0,0,0;26,0,30,28,0,0,31,36,0,0,0,29,39,21,23,0,0,24,0,0,0,0,37,34,0,37,0,0,0,37;0,0,0,23,0,26,0,0,0,0,0,0,0,0,0,0,0,22,20,0,0,29,0,24,0,0,32,0,0,0;29,0,31,0,0,30,39,0,0,0,0,0,0,0,23,0,0,0,20,0,30,0,31,0,0,0,29,0,0,0;0,0,0,0,0,23,35,0,0,0,0,40,40,0,0,0,0,0,0,23,0,0,0,22,0,0,0,0,0,0;35,0,38,0,0,0,0,39,0,0,23,0,0,24,0,40,32,0,25,28,0,30,39,0,0,0,0,0,0,0;0,0,0,0,0,0,0,0,0,37,36,35,0,0,0,0,0,0,36,0,0,0,0,23,0,33,39,0,0,0;38,0,0,31,0,0,0,0,35,0,0,0,0,21,0,0,0,0,0,0,0,0,34,0,0,0,0,0,0,0;26,34,32,0,0,0,0,0,0,37,37,0,0,32,0,29,0,27,0,0,0,40,0,0,0,0,0,0,24,32;0,0,0,0,39,0,0,32,0,0,0,0,0,26,21,35,0,0,32,0,0,0,0,38,0,0,28,31,0,0;0,0,0,0,33,0,21,0,0,0,0,0,0,0,0,0,0,38,26,0,36,0,35,0,0,0,0,0,37,37;0,23,0,20,0,35,27,0,0,0,0,0,29,0,36,0,0,26,24,0,25,0,0,0,36,0,33,0,0,0;0,0,0,0,30,23,0,38,0,0,25,26,0,37,0,24,0,39,0,0,0,26,22,24,40,0,35,0,0,0;0,35,0,0,21,35,39,0,0,30,0,0,0,0,0,0,22,0,30,0,0,0,0,0,38,0,0,0,34,29;31,0,0,0,29,0,0,0,0,0,0,0,23,0,0,25,0,32,0,28,0,0,0,27,28,36,0,0,0,21;0,37,0,0,0,30,0,0,0,0,0,38,32,0,0,0,0,0,26,38,33,35,0,20,0,0,0,0,38,0;37,0,27,0,0,0,0,28,0,28,33,0,0,37,29,36,0,0,0,34,0,0,0,0,0,0,29,0,0,0;0,0,0,38,0,0,27,25,30,0,0,0,25,32,0,40,0,0,39,0,0,0,0,40,0,25,0,0,0,27;37,0,0,27,0,0,0,29,0,0,0,0,0,0,0,0,0,32,0,22,23,0,37,0,21,0,0,0,0,0;0,0,38,36,0,0,0,27,0,26,0,0,37,0,21,33,0,30,0,0,0,0,34,0,25,0,0,0,0,0;0,0,0,0,28,0,0,0,0,0,0,40,0,40,29,0,0,0,35,29,0,0,0,0,28,0,26,0,27,0;0,0,33,0,0,0,0,0,0,22,26,0,36,0,0,20,0,0,22,0,0,0,0,0,0,0,0,0,0,0;0,0,0,0,0,0,28,0,32,0,21,0,0,38,0,0,23,0,0,0,0,0,0,31,0,34,0,0,0,0;0,21,0,0,0,0,28,0,0,22,0,0,0,0,0,20,0,0,0,0,0,0,35,0,31,0,0,0,0,0;0,0,0,0,31,0,0,0,39,0,0,0,0,0,0,0,0,0,0,0,39,0,0,0,0,38,0,0,0,35;0,0,31,33,0,0,0,27,33,31,0,0,0,0,0,21,0,20,0,0,0,25,21,0,0,0,40,23,21,0;0,0,0,0,0,0,22,0,0,0,0,0,31,27,39,0,39,37,0,0,0,0,0,0,0,29,0,29,0,0;0,0,24,36,0,29,0,0,0,0,0,0,0,21,39,0,0,0,29,0,35,0,0,0,39,0,38,0,0,36;0,0,0,0,40,0,0,0,0,0,32,0,37,0,0,0,0,0,0,0,0,0,0,0,0,0,0,0,0,28;27,0,32,0,0,0,0,0,0,0,0,0,0,23,0,0,25,0,0,40,0,0,0,0,0,0,0,0,0,0
-35,18,0,0,-17,-7,0,0,0,28,0,0,0,0,0,29,26,0,0,-18,-31,-15,0,0,0,0,22,0,0,0
------------- End of Scenario k = 19 -------
