/ -------------------------------------------------------------------------
An instance of the stochastic Fixed - charge Network Flow Problem using NETGEN.
/ -------------------------------------------------------------------------
Number of Nodes (no Dummy node is added), n
Graph Density, density
The fixed cost to variable cost ratio, f
Adjacency Matrix, A
Fixed Cost Matrix, c
Number of scenarios, K
Scenario Probabilities, p
----The following three rows will be repeated K times.----
Var Cost Matrix, d
Capacity, u
demand, b
/ -------------------------------------------------------------------------
+
10
0.6
200
0,1,1,1,1,1,1,0,1,0;1,0,1,1,0,1,1,1,0,1;1,1,0,0,0,1,1,1,0,1;0,1,0,0,1,1,0,1,1,1;1,0,1,0,0,1,1,0,1,1;1,1,0,0,0,0,1,0,1,0;1,0,0,0,1,1,0,1,1,1;0,0,0,1,0,0,1,0,1,0;0,0,1,0,0,0,1,1,0,1;0,0,0,1,1,1,0,1,1,0
0,9040,10320,8560,12340,11060,10960,0,8960,0;12620,0,11840,12180,0,13919,12600,9440,0,9000;8320,10800,0,0,0,10960,10500,9700,0,11480;0,10580,0,0,13340,10500,0,9740,11020,11340;12640,0,10540,0,0,10640,10400,0,10120,7859;11560,11840,0,0,0,0,9200,0,9180,0;6780,0,0,0,9420,9820,0,10100,13540,10940;0,0,0,10000,0,0,13740,0,9780,0;0,0,10240,0,0,0,9540,9240,0,11800;0,0,0,9540,10720,10360,0,10920,8000,0
10
0.05,0.05,0.1,0.05,0.1,0.25,0.05,0.05,0.15,0.15
--Scenarios--
0,49,65,58,77,68,65,0,75,0;80,0,34,69,0,76,55,75,0,20;29,65,0,0,0,71,73,73,0,62;0,46,0,0,80,66,0,62,42,69;49,0,22,0,0,58,29,0,24,41;74,71,0,0,0,0,25,0,61,0;24,0,0,0,54,41,0,59,80,78;0,0,0,35,0,0,54,0,78,0;0,0,43,0,0,0,72,43,0,38;0,0,0,78,37,77,0,69,34,0
0,40,38,20,30,31,38,0,31,0;33,0,39,28,0,17,39,37,0,34;36,29,0,0,0,24,38,35,0,23;0,37,0,0,32,36,0,22,33,31;37,0,31,0,0,34,24,0,28,30;40,38,0,0,0,0,30,0,37,0;36,0,0,0,30,37,0,32,26,34;0,0,0,32,0,0,14,0,23,0;0,0,26,0,0,0,25,21,0,29;0,0,0,36,33,23,0,28,24,0
-30,17,0,15,0,-2,0,12,0,-12
------------- End of Scenario k = 0 -------
0,28,39,47,76,65,23,0,57,0;26,0,60,79,0,80,48,21,0,35;42,40,0,0,0,44,29,20,0,53;0,46,0,0,80,67,0,74,61,61;80,0,55,0,0,40,26,0,22,73;57,74,0,0,0,0,65,0,42,0;62,0,0,0,66,73,0,33,42,39;0,0,0,47,0,0,43,0,28,0;0,0,70,0,0,0,43,40,0,33;0,0,0,44,68,44,0,50,63,0
0,24,39,26,39,24,21,0,21,0;18,0,39,34,0,38,37,40,0,40;27,38,0,0,0,27,30,21,0,25;0,33,0,0,27,31,0,40,24,22;25,0,40,0,0,36,20,0,31,36;31,26,0,0,0,0,33,0,22,0;40,0,0,0,20,23,0,26,29,20;0,0,0,34,0,0,38,0,32,0;0,0,20,0,0,0,34,25,0,33;0,0,0,37,38,30,0,32,30,0
-25,18,0,13,0,-6,0,27,0,-27
------------- End of Scenario k = 1 -------
0,72,25,56,38,33,67,0,34,0;70,0,80,72,0,80,80,33,0,78;20,70,0,0,0,65,66,58,0,25;0,70,0,0,35,70,0,45,27,21;30,0,78,0,0,44,51,0,52,25;54,46,0,0,0,0,26,0,43,0;20,0,0,0,43,22,0,48,80,61;0,0,0,55,0,0,69,0,64,0;0,0,50,0,0,0,72,62,0,80;0,0,0,21,62,31,0,76,29,0
0,20,24,38,39,28,23,0,27,0;40,0,31,40,0,27,28,38,0,28;21,33,0,0,0,31,33,26,0,21;0,27,0,0,35,35,0,31,35,32;11,0,40,0,0,20,39,0,34,35;28,33,0,0,0,0,22,0,33,0;29,0,0,0,30,26,0,35,19,26;0,0,0,26,0,0,36,0,31,0;0,0,20,0,0,0,38,37,0,35;0,0,0,26,35,25,0,24,26,0
-16,13,0,11,0,-8,0,13,0,-13
------------- End of Scenario k = 2 -------
0,49,66,45,65,78,43,0,47,0;34,0,80,50,0,69,77,57,0,50;53,45,0,0,0,80,46,53,0,46;0,45,0,0,80,30,0,58,55,53;80,0,64,0,0,61,56,0,46,40;58,51,0,0,0,0,29,0,71,0;37,0,0,0,30,34,0,67,80,60;0,0,0,33,0,0,61,0,36,0;0,0,39,0,0,0,20,27,0,80;0,0,0,49,36,25,0,68,59,0
0,35,40,34,24,24,24,0,32,0;39,0,34,30,0,26,36,38,0,38;24,37,0,0,0,38,31,23,0,20;0,22,0,0,39,36,0,26,25,40;35,0,20,0,0,40,29,0,35,20;27,40,0,0,0,0,21,0,34,0;37,0,0,0,24,21,0,32,30,27;0,0,0,34,0,0,31,0,28,0;0,0,24,0,0,0,27,28,0,30;0,0,0,29,39,29,0,39,24,0
-31,25,0,29,0,-23,0,21,0,-21
------------- End of Scenario k = 3 -------
0,49,52,66,56,60,26,0,50,0;80,0,36,77,0,28,65,67,0,38;45,72,0,0,0,27,57,39,0,78;0,75,0,0,23,28,0,49,41,69;54,0,39,0,0,33,74,0,51,42;57,77,0,0,0,0,52,0,67,0;20,0,0,0,53,44,0,50,78,63;0,0,0,68,0,0,62,0,54,0;0,0,37,0,0,0,62,32,0,48;0,0,0,35,45,74,0,22,23,0
0,33,21,26,23,34,34,0,21,0;31,0,38,20,0,33,25,27,0,37;39,25,0,0,0,36,21,30,0,36;0,29,0,0,12,31,0,37,40,25;24,0,30,0,0,31,29,0,28,34;36,35,0,0,0,0,33,0,37,0;25,0,0,0,30,23,0,33,35,28;0,0,0,23,0,0,27,0,25,0;0,0,40,0,0,0,40,25,0,25;0,0,0,38,38,20,0,21,25,0
-14,30,0,11,0,-27,0,24,0,-24
------------- End of Scenario k = 4 -------
0,24,77,24,78,71,48,0,29,0;80,0,34,39,0,80,77,41,0,33;52,31,0,0,0,51,42,42,0,71;0,47,0,0,49,73,0,25,53,52;54,0,70,0,0,68,72,0,61,21;72,24,0,0,0,0,55,0,49,0;40,0,0,0,32,80,0,67,33,45;0,0,0,49,0,0,80,0,29,0;0,0,65,0,0,0,67,52,0,39;0,0,0,60,79,40,0,43,45,0
0,23,23,21,39,35,28,0,20,0;33,0,30,28,0,32,26,24,0,33;32,28,0,0,0,33,37,35,0,20;0,25,0,0,26,38,0,37,27,40;30,0,35,0,0,35,27,0,34,39;28,39,0,0,0,0,32,0,40,0;37,0,0,0,25,37,0,26,31,25;0,0,0,34,0,0,36,0,30,0;0,0,35,0,0,0,36,22,0,39;0,0,0,35,28,38,0,25,32,0
-39,27,0,23,0,-11,0,21,0,-21
------------- End of Scenario k = 5 -------
0,76,48,22,38,27,63,0,60,0;80,0,66,54,0,51,63,43,0,31;36,46,0,0,0,59,77,44,0,69;0,68,0,0,80,35,0,61,54,80;80,0,80,0,0,46,38,0,75,51;74,79,0,0,0,0,36,0,41,0;20,0,0,0,49,59,0,80,80,58;0,0,0,71,0,0,78,0,43,0;0,0,22,0,0,0,39,29,0,80;0,0,0,33,58,70,0,53,20,0
0,37,34,20,23,26,37,0,23,0;28,0,25,27,0,21,25,32,0,29;28,24,0,0,0,23,38,24,0,33;0,24,0,0,21,30,0,37,25,30;40,0,24,0,0,29,28,0,21,37;39,29,0,0,0,0,25,0,40,0;34,0,0,0,38,31,0,28,35,22;0,0,0,39,0,0,36,0,22,0;0,0,21,0,0,0,28,28,0,26;0,0,0,23,24,34,0,38,22,0
-21,13,0,18,0,-10,0,25,0,-25
------------- End of Scenario k = 6 -------
0,36,21,35,61,77,72,0,28,0;80,0,73,56,0,80,75,31,0,44;38,37,0,0,0,56,51,39,0,71;0,80,0,0,80,79,0,22,74,74;80,0,20,0,0,53,40,0,39,20;32,73,0,0,0,0,54,0,23,0;39,0,0,0,41,31,0,51,44,66;0,0,0,78,0,0,80,0,70,0;0,0,33,0,0,0,34,58,0,66;0,0,0,46,29,60,0,32,53,0
0,38,23,26,32,27,20,0,24,0;25,0,23,23,0,37,35,23,0,31;35,21,0,0,0,37,33,39,0,33;0,26,0,0,26,24,0,38,22,24;16,0,27,0,0,27,22,0,27,40;26,31,0,0,0,0,29,0,39,0;39,0,0,0,34,29,0,25,40,36;0,0,0,34,0,0,30,0,25,0;0,0,21,0,0,0,30,30,0,28;0,0,0,23,26,31,0,22,23,0
-13,20,0,11,0,-18,0,24,0,-24
------------- End of Scenario k = 7 -------
0,22,48,32,60,52,80,0,33,0;21,0,80,40,0,80,34,43,0,55;50,78,0,0,0,40,62,80,0,47;0,22,0,0,80,33,0,67,76,36;56,0,43,0,0,73,75,0,76,24;59,58,0,0,0,0,41,0,37,0;48,0,0,0,64,57,0,24,80,42;0,0,0,25,0,0,80,0,43,0;0,0,80,0,0,0,22,71,0,46;0,0,0,62,59,58,0,71,39,0
0,35,21,28,27,23,21,0,21,0;40,0,23,38,0,39,38,30,0,34;33,22,0,0,0,30,26,28,0,21;0,26,0,0,32,36,0,27,33,24;30,0,37,0,0,26,38,0,21,36;37,20,0,0,0,0,40,0,28,0;20,0,0,0,21,31,0,29,29,27;0,0,0,36,0,0,38,0,33,0;0,0,29,0,0,0,23,24,0,30;0,0,0,38,39,36,0,39,34,0
-32,17,0,27,0,-12,0,26,0,-26
------------- End of Scenario k = 8 -------
0,47,75,43,68,22,61,0,35,0;80,0,49,73,0,72,56,61,0,66;51,56,0,0,0,55,22,37,0,52;0,30,0,0,80,44,0,24,68,52;69,0,56,0,0,56,59,0,60,56;41,39,0,0,0,0,77,0,25,0;29,0,0,0,39,50,0,26,80,35;0,0,0,39,0,0,80,0,44,0;0,0,73,0,0,0,46,48,0,80;0,0,0,49,63,39,0,62,35,0
0,21,31,32,29,40,31,0,31,0;39,0,31,38,0,31,24,29,0,28;38,40,0,0,0,29,30,36,0,30;0,23,0,0,26,27,0,27,38,34;25,0,40,0,0,37,37,0,38,26;32,22,0,0,0,0,20,0,24,0;39,0,0,0,29,39,0,29,30,22;0,0,0,31,0,0,35,0,31,0;0,0,31,0,0,0,34,25,0,38;0,0,0,30,26,26,0,31,36,0
-42,28,0,18,0,-4,0,23,0,-23
------------- End of Scenario k = 9 -------
