/ -------------------------------------------------------------------------
An instance of the stochastic Fixed - charge Network Flow Problem using NETGEN.
/ -------------------------------------------------------------------------
Number of Nodes (no Dummy node is added), n
Graph Density, density
The fixed cost to variable cost ratio, f
Adjacency Matrix, A
Fixed Cost Matrix, c
Number of scenarios, K
Scenario Probabilities, p
----The following three rows will be repeated K times.----
Var Cost Matrix, d
Capacity, u
demand, b
/ -------------------------------------------------------------------------
+
10
0.3
200
0,0,1,0,0,1,0,0,0,1;1,0,1,0,1,0,0,0,0,1;1,0,0,0,1,0,0,0,1,0;0,0,0,0,1,0,0,1,0,0;1,0,0,0,0,1,0,1,0,0;0,0,0,0,0,0,1,0,0,0;1,0,0,1,0,0,0,0,0,1;0,0,1,1,0,0,0,0,0,0;1,0,0,0,1,1,0,1,0,0;1,0,0,0,0,0,0,0,1,0
0,0,12580,0,0,12660,0,0,0,10560;12020,0,12100,0,11920,0,0,0,0,8480;11220,0,0,0,10120,0,0,0,9720,0;0,0,0,0,14140,0,0,8720,0,0;9540,0,0,0,0,7259,0,9920,0,0;0,0,0,0,0,0,15519,0,0,0;9340,0,0,10720,0,0,0,0,0,11900;0,0,9640,14400,0,0,0,0,0,0;11900,0,0,0,14060,15019,0,10260,0,0;8600,0,0,0,0,0,0,0,9040,0
10
0.25,0.05,0.05,0.05,0.05,0.05,0.2,0.05,0.2,0.05
--Scenarios--
0,0,30,0,0,49,0,0,0,78;24,0,73,0,74,0,0,0,0,37;39,0,0,0,51,0,0,0,69,0;0,0,0,0,44,0,0,23,0,0;53,0,0,0,0,31,0,47,0,0;0,0,0,0,0,0,80,0,0,0;59,0,0,75,0,0,0,0,0,80;0,0,36,33,0,0,0,0,0,0;80,0,0,0,80,80,0,75,0,0;62,0,0,0,0,0,0,0,62,0
0,0,31,0,0,25,0,0,0,30;36,0,27,0,19,0,0,0,0,36;38,0,0,0,29,0,0,0,39,0;0,0,0,0,27,0,0,39,0,0;37,0,0,0,0,28,0,40,0,0;0,0,0,0,0,0,39,0,0,0;33,0,0,22,0,0,0,0,0,23;0,0,33,30,0,0,0,0,0,0;36,0,0,0,32,24,0,31,0,0;40,0,0,0,0,0,0,0,35,0
-10,11,0,0,-36,0,0,24,11,0
------------- End of Scenario k = 0 -------
0,0,66,0,0,74,0,0,0,63;80,0,80,0,29,0,0,0,0,67;65,0,0,0,59,0,0,0,78,0;0,0,0,0,80,0,0,53,0,0;28,0,0,0,0,44,0,62,0,0;0,0,0,0,0,0,69,0,0,0;24,0,0,50,0,0,0,0,0,45;0,0,27,80,0,0,0,0,0,0;27,0,0,0,76,70,0,55,0,0;76,0,0,0,0,0,0,0,25,0
0,0,34,0,0,38,0,0,0,37;38,0,26,0,39,0,0,0,0,24;26,0,0,0,28,0,0,0,27,0;0,0,0,0,36,0,0,33,0,0;25,0,0,0,0,21,0,31,0,0;0,0,0,0,0,0,17,0,0,0;33,0,0,26,0,0,0,0,0,23;0,0,29,36,0,0,0,0,0,0;21,0,0,0,39,26,0,38,0,0;40,0,0,0,0,0,0,0,30,0
-11,20,0,0,-53,0,0,27,17,0
------------- End of Scenario k = 1 -------
0,0,44,0,0,77,0,0,0,62;54,0,80,0,80,0,0,0,0,39;41,0,0,0,38,0,0,0,26,0;0,0,0,0,35,0,0,76,0,0;57,0,0,0,0,71,0,77,0,0;0,0,0,0,0,0,80,0,0,0;35,0,0,59,0,0,0,0,0,22;0,0,73,80,0,0,0,0,0,0;80,0,0,0,80,80,0,21,0,0;26,0,0,0,0,0,0,0,56,0
0,0,21,0,0,34,0,0,0,22;33,0,35,0,37,0,0,0,0,35;35,0,0,0,31,0,0,0,36,0;0,0,0,0,27,0,0,30,0,0;34,0,0,0,0,30,0,38,0,0;0,0,0,0,0,0,36,0,0,0;32,0,0,35,0,0,0,0,0,33;0,0,21,40,0,0,0,0,0,0;33,0,0,0,29,29,0,21,0,0;29,0,0,0,0,0,0,0,21,0
-33,28,0,0,-47,0,0,26,26,0
------------- End of Scenario k = 2 -------
0,0,73,0,0,74,0,0,0,30;22,0,36,0,80,0,0,0,0,33;60,0,0,0,40,0,0,0,48,0;0,0,0,0,80,0,0,56,0,0;28,0,0,0,0,30,0,36,0,0;0,0,0,0,0,0,80,0,0,0;40,0,0,58,0,0,0,0,0,80;0,0,64,65,0,0,0,0,0,0;68,0,0,0,80,80,0,41,0,0;25,0,0,0,0,0,0,0,73,0
0,0,22,0,0,39,0,0,0,23;34,0,22,0,27,0,0,0,0,33;38,0,0,0,34,0,0,0,25,0;0,0,0,0,37,0,0,32,0,0;24,0,0,0,0,25,0,24,0,0;0,0,0,0,0,0,15,0,0,0;34,0,0,28,0,0,0,0,0,13;0,0,25,39,0,0,0,0,0,0;36,0,0,0,23,29,0,22,0,0;35,0,0,0,0,0,0,0,36,0
-12,17,0,0,-47,0,0,30,12,0
------------- End of Scenario k = 3 -------
0,0,77,0,0,80,0,0,0,43;80,0,54,0,58,0,0,0,0,27;77,0,0,0,72,0,0,0,70,0;0,0,0,0,77,0,0,40,0,0;67,0,0,0,0,20,0,31,0,0;0,0,0,0,0,0,67,0,0,0;24,0,0,41,0,0,0,0,0,80;0,0,42,80,0,0,0,0,0,0;71,0,0,0,31,80,0,69,0,0;30,0,0,0,0,0,0,0,38,0
0,0,25,0,0,38,0,0,0,24;14,0,27,0,26,0,0,0,0,35;22,0,0,0,27,0,0,0,28,0;0,0,0,0,40,0,0,25,0,0;27,0,0,0,0,28,0,35,0,0;0,0,0,0,0,0,20,0,0,0;26,0,0,36,0,0,0,0,0,35;0,0,37,30,0,0,0,0,0,0;29,0,0,0,28,25,0,36,0,0;40,0,0,0,0,0,0,0,27,0
-26,10,0,0,-15,0,0,11,20,0
------------- End of Scenario k = 4 -------
0,0,77,0,0,32,0,0,0,57;70,0,80,0,38,0,0,0,0,25;35,0,0,0,58,0,0,0,57,0;0,0,0,0,78,0,0,66,0,0;32,0,0,0,0,35,0,56,0,0;0,0,0,0,0,0,80,0,0,0;27,0,0,36,0,0,0,0,0,23;0,0,42,70,0,0,0,0,0,0;59,0,0,0,80,80,0,44,0,0;24,0,0,0,0,0,0,0,34,0
0,0,26,0,0,24,0,0,0,21;39,0,28,0,31,0,0,0,0,34;21,0,0,0,29,0,0,0,23,0;0,0,0,0,18,0,0,26,0,0;35,0,0,0,0,21,0,20,0,0;0,0,0,0,0,0,37,0,0,0;22,0,0,30,0,0,0,0,0,26;0,0,34,18,0,0,0,0,0,0;39,0,0,0,35,25,0,28,0,0;31,0,0,0,0,0,0,0,32,0
-26,25,0,0,-29,0,0,12,18,0
------------- End of Scenario k = 5 -------
0,0,80,0,0,76,0,0,0,59;71,0,28,0,25,0,0,0,0,38;75,0,0,0,44,0,0,0,26,0;0,0,0,0,80,0,0,37,0,0;44,0,0,0,0,26,0,41,0,0;0,0,0,0,0,0,80,0,0,0;73,0,0,45,0,0,0,0,0,80;0,0,57,80,0,0,0,0,0,0;61,0,0,0,80,80,0,32,0,0;36,0,0,0,0,0,0,0,73,0
0,0,23,0,0,22,0,0,0,23;31,0,31,0,28,0,0,0,0,37;35,0,0,0,36,0,0,0,23,0;0,0,0,0,30,0,0,23,0,0;40,0,0,0,0,22,0,27,0,0;0,0,0,0,0,0,32,0,0,0;32,0,0,39,0,0,0,0,0,38;0,0,31,38,0,0,0,0,0,0;33,0,0,0,35,39,0,34,0,0;38,0,0,0,0,0,0,0,39,0
-3,25,0,0,-74,0,0,26,26,0
------------- End of Scenario k = 6 -------
0,0,50,0,0,64,0,0,0,33;80,0,80,0,73,0,0,0,0,63;69,0,0,0,47,0,0,0,51,0;0,0,0,0,80,0,0,39,0,0;51,0,0,0,0,44,0,61,0,0;0,0,0,0,0,0,80,0,0,0;76,0,0,31,0,0,0,0,0,80;0,0,39,80,0,0,0,0,0,0;80,0,0,0,80,80,0,66,0,0;45,0,0,0,0,0,0,0,22,0
0,0,25,0,0,31,0,0,0,31;38,0,35,0,34,0,0,0,0,40;38,0,0,0,34,0,0,0,23,0;0,0,0,0,35,0,0,37,0,0;23,0,0,0,0,30,0,34,0,0;0,0,0,0,0,0,32,0,0,0;40,0,0,39,0,0,0,0,0,31;0,0,25,28,0,0,0,0,0,0;31,0,0,0,28,39,0,31,0,0;28,0,0,0,0,0,0,0,31,0
-26,30,0,0,-50,0,0,24,22,0
------------- End of Scenario k = 7 -------
0,0,78,0,0,55,0,0,0,68;80,0,37,0,74,0,0,0,0,24;42,0,0,0,41,0,0,0,24,0;0,0,0,0,73,0,0,22,0,0;80,0,0,0,0,38,0,41,0,0;0,0,0,0,0,0,80,0,0,0;42,0,0,68,0,0,0,0,0,46;0,0,29,80,0,0,0,0,0,0;46,0,0,0,80,41,0,34,0,0;72,0,0,0,0,0,0,0,42,0
0,0,22,0,0,28,0,0,0,23;35,0,16,0,25,0,0,0,0,30;31,0,0,0,32,0,0,0,24,0;0,0,0,0,38,0,0,30,0,0;22,0,0,0,0,36,0,30,0,0;0,0,0,0,0,0,16,0,0,0;22,0,0,22,0,0,0,0,0,32;0,0,34,34,0,0,0,0,0,0;15,0,0,0,14,31,0,23,0,0;29,0,0,0,0,0,0,0,35,0
-24,13,0,0,-28,0,0,27,12,0
------------- End of Scenario k = 8 -------
0,0,54,0,0,52,0,0,0,35;40,0,57,0,65,0,0,0,0,71;58,0,0,0,56,0,0,0,37,0;0,0,0,0,80,0,0,24,0,0;37,0,0,0,0,24,0,44,0,0;0,0,0,0,0,0,80,0,0,0;67,0,0,73,0,0,0,0,0,59;0,0,73,72,0,0,0,0,0,0;23,0,0,0,36,80,0,76,0,0;34,0,0,0,0,0,0,0,27,0
0,0,33,0,0,29,0,0,0,22;21,0,39,0,21,0,0,0,0,25;28,0,0,0,24,0,0,0,28,0;0,0,0,0,40,0,0,38,0,0;38,0,0,0,0,34,0,20,0,0;0,0,0,0,0,0,35,0,0,0;27,0,0,39,0,0,0,0,0,26;0,0,33,38,0,0,0,0,0,0;27,0,0,0,19,20,0,37,0,0;28,0,0,0,0,0,0,0,22,0
-17,20,0,0,-45,0,0,23,19,0
------------- End of Scenario k = 9 -------
