/ -------------------------------------------------------------------------
An instance of the stochastic Fixed - charge Network Flow Problem using NETGEN.
/ -------------------------------------------------------------------------
Number of Nodes (no Dummy node is added), n
Graph Density, density
The fixed cost to variable cost ratio, f
Adjacency Matrix, A
Fixed Cost Matrix, c
Number of scenarios, K
Scenario Probabilities, p
----The following three rows will be repeated K times.----
Var Cost Matrix, d
Capacity, u
demand, b
/ -------------------------------------------------------------------------
+
10
0.3
200
0,0,0,1,0,1,0,0,1,0;1,0,1,0,0,1,1,0,0,0;0,0,0,1,0,0,0,0,0,1;0,1,0,0,0,0,0,0,1,1;1,0,0,0,0,0,1,0,0,0;0,0,0,0,1,0,0,0,1,0;0,0,1,1,0,0,0,1,0,0;0,0,0,0,0,0,1,0,1,1;0,0,0,0,1,0,0,0,0,0;0,1,0,0,0,1,1,0,1,0
0,0,0,10080,0,10790,0,0,9280,0;13469,0,13250,0,0,8630,9470,0,0,0;0,0,0,12330,0,0,0,0,0,11010;0,10230,0,0,0,0,0,0,10700,10940;12240,0,0,0,0,0,12830,0,0,0;0,0,0,0,13340,0,0,0,9610,0;0,0,9180,9550,0,0,0,13740,0,0;0,0,0,0,0,0,11620,0,13060,12810;0,0,0,0,9640,0,0,0,0,0;0,11320,0,0,0,9340,8480,0,9860,0
20
0.12,0.02,0.05,0.07,0.02,0.02,0.05,0.02,0.02,0.1,0.02,0.02,0.02,0.02,0.02,0.07,0.1,0.05,0.07,0.12
--Scenarios--
0,0,0,49,0,65,0,0,28,0;80,0,55,0,0,50,33,0,0,0;0,0,0,68,0,0,0,0,0,22;0,76,0,0,0,0,0,0,65,51;80,0,0,0,0,0,36,0,0,0;0,0,0,0,80,0,0,0,72,0;0,0,30,56,0,0,0,80,0,0;0,0,0,0,0,0,80,0,80,80;0,0,0,0,78,0,0,0,0,0;0,51,0,0,0,23,25,0,25,0
0,0,0,36,0,38,0,0,25,0;39,0,32,0,0,34,32,0,0,0;0,0,0,39,0,0,0,0,0,28;0,28,0,0,0,0,0,0,21,28;34,0,0,0,0,0,23,0,0,0;0,0,0,0,31,0,0,0,26,0;0,0,32,26,0,0,0,29,0,0;0,0,0,0,0,0,21,0,25,34;0,0,0,0,21,0,0,0,0,0;0,32,0,0,0,31,27,0,39,0
-4,28,0,0,0,20,0,0,0,-44
------------- End of Scenario k = 0 -------
0,0,0,65,0,67,0,0,24,0;36,0,78,0,0,72,67,0,0,0;0,0,0,80,0,0,0,0,0,33;0,52,0,0,0,0,0,0,71,58;55,0,0,0,0,0,66,0,0,0;0,0,0,0,80,0,0,0,29,0;0,0,28,33,0,0,0,50,0,0;0,0,0,0,0,0,63,0,28,80;0,0,0,0,56,0,0,0,0,0;0,65,0,0,0,62,48,0,80,0
0,0,0,33,0,40,0,0,29,0;35,0,20,0,0,28,35,0,0,0;0,0,0,20,0,0,0,0,0,33;0,33,0,0,0,0,0,0,23,39;37,0,0,0,0,0,12,0,0,0;0,0,0,0,19,0,0,0,39,0;0,0,27,35,0,0,0,38,0,0;0,0,0,0,0,0,26,0,23,21;0,0,0,0,28,0,0,0,0,0;0,22,0,0,0,22,20,0,22,0
-17,10,0,0,0,11,0,0,0,-4
------------- End of Scenario k = 1 -------
0,0,0,29,0,42,0,0,49,0;80,0,80,0,0,21,59,0,0,0;0,0,0,61,0,0,0,0,0,80;0,52,0,0,0,0,0,0,71,58;51,0,0,0,0,0,56,0,0,0;0,0,0,0,80,0,0,0,77,0;0,0,35,25,0,0,0,59,0,0;0,0,0,0,0,0,59,0,32,80;0,0,0,0,34,0,0,0,0,0;0,48,0,0,0,77,39,0,23,0
0,0,0,39,0,38,0,0,39,0;36,0,36,0,0,33,25,0,0,0;0,0,0,37,0,0,0,0,0,38;0,28,0,0,0,0,0,0,39,29;36,0,0,0,0,0,34,0,0,0;0,0,0,0,35,0,0,0,29,0;0,0,30,29,0,0,0,33,0,0;0,0,0,0,0,0,26,0,39,38;0,0,0,0,28,0,0,0,0,0;0,26,0,0,0,28,34,0,24,0
-23,28,0,0,0,30,0,0,0,-35
------------- End of Scenario k = 2 -------
0,0,0,63,0,46,0,0,49,0;80,0,67,0,0,38,72,0,0,0;0,0,0,55,0,0,0,0,0,80;0,27,0,0,0,0,0,0,31,63;41,0,0,0,0,0,80,0,0,0;0,0,0,0,20,0,0,0,33,0;0,0,80,69,0,0,0,74,0,0;0,0,0,0,0,0,48,0,80,80;0,0,0,0,23,0,0,0,0,0;0,77,0,0,0,65,25,0,38,0
0,0,0,32,0,33,0,0,21,0;28,0,28,0,0,20,38,0,0,0;0,0,0,39,0,0,0,0,0,40;0,26,0,0,0,0,0,0,20,28;24,0,0,0,0,0,32,0,0,0;0,0,0,0,32,0,0,0,20,0;0,0,36,20,0,0,0,40,0,0;0,0,0,0,0,0,24,0,32,37;0,0,0,0,36,0,0,0,0,0;0,37,0,0,0,25,27,0,23,0
-22,27,0,0,0,24,0,0,0,-29
------------- End of Scenario k = 3 -------
0,0,0,53,0,52,0,0,33,0;80,0,80,0,0,58,25,0,0,0;0,0,0,73,0,0,0,0,0,48;0,61,0,0,0,0,0,0,78,62;76,0,0,0,0,0,53,0,0,0;0,0,0,0,80,0,0,0,64,0;0,0,68,26,0,0,0,80,0,0;0,0,0,0,0,0,39,0,72,80;0,0,0,0,20,0,0,0,0,0;0,64,0,0,0,58,80,0,72,0
0,0,0,30,0,31,0,0,39,0;33,0,39,0,0,26,29,0,0,0;0,0,0,29,0,0,0,0,0,33;0,27,0,0,0,0,0,0,30,36;31,0,0,0,0,0,36,0,0,0;0,0,0,0,32,0,0,0,20,0;0,0,36,38,0,0,0,27,0,0;0,0,0,0,0,0,32,0,34,35;0,0,0,0,25,0,0,0,0,0;0,39,0,0,0,25,28,0,32,0
-10,26,0,0,0,27,0,0,0,-43
------------- End of Scenario k = 4 -------
0,0,0,73,0,42,0,0,33,0;56,0,23,0,0,52,24,0,0,0;0,0,0,56,0,0,0,0,0,32;0,76,0,0,0,0,0,0,38,77;43,0,0,0,0,0,80,0,0,0;0,0,0,0,80,0,0,0,43,0;0,0,48,47,0,0,0,80,0,0;0,0,0,0,0,0,51,0,77,80;0,0,0,0,28,0,0,0,0,0;0,47,0,0,0,21,33,0,64,0
0,0,0,22,0,28,0,0,20,0;30,0,40,0,0,35,27,0,0,0;0,0,0,27,0,0,0,0,0,33;0,36,0,0,0,0,0,0,33,40;21,0,0,0,0,0,26,0,0,0;0,0,0,0,33,0,0,0,26,0;0,0,34,24,0,0,0,38,0,0;0,0,0,0,0,0,24,0,30,34;0,0,0,0,34,0,0,0,0,0;0,24,0,0,0,32,22,0,39,0
-15,27,0,0,0,17,0,0,0,-29
------------- End of Scenario k = 5 -------
0,0,0,38,0,27,0,0,35,0;25,0,80,0,0,23,74,0,0,0;0,0,0,80,0,0,0,0,0,55;0,46,0,0,0,0,0,0,79,64;20,0,0,0,0,0,57,0,0,0;0,0,0,0,36,0,0,0,45,0;0,0,50,77,0,0,0,48,0,0;0,0,0,0,0,0,71,0,58,43;0,0,0,0,67,0,0,0,0,0;0,26,0,0,0,45,35,0,79,0
0,0,0,39,0,32,0,0,27,0;35,0,35,0,0,23,21,0,0,0;0,0,0,32,0,0,0,0,0,26;0,21,0,0,0,0,0,0,31,35;20,0,0,0,0,0,15,0,0,0;0,0,0,0,38,0,0,0,34,0;0,0,31,23,0,0,0,19,0,0;0,0,0,0,0,0,29,0,36,14;0,0,0,0,30,0,0,0,0,0;0,36,0,0,0,22,25,0,29,0
-23,23,0,0,0,11,0,0,0,-11
------------- End of Scenario k = 6 -------
0,0,0,21,0,63,0,0,68,0;80,0,80,0,0,54,46,0,0,0;0,0,0,80,0,0,0,0,0,80;0,53,0,0,0,0,0,0,37,25;80,0,0,0,0,0,80,0,0,0;0,0,0,0,80,0,0,0,32,0;0,0,53,61,0,0,0,80,0,0;0,0,0,0,0,0,57,0,72,74;0,0,0,0,68,0,0,0,0,0;0,71,0,0,0,54,21,0,71,0
0,0,0,40,0,39,0,0,27,0;26,0,38,0,0,22,20,0,0,0;0,0,0,30,0,0,0,0,0,33;0,23,0,0,0,0,0,0,34,21;20,0,0,0,0,0,25,0,0,0;0,0,0,0,21,0,0,0,37,0;0,0,26,25,0,0,0,35,0,0;0,0,0,0,0,0,25,0,33,34;0,0,0,0,28,0,0,0,0,0;0,40,0,0,0,22,23,0,25,0
-39,23,0,0,0,20,0,0,0,-4
------------- End of Scenario k = 7 -------
0,0,0,71,0,40,0,0,62,0;80,0,50,0,0,40,67,0,0,0;0,0,0,71,0,0,0,0,0,47;0,34,0,0,0,0,0,0,50,56;71,0,0,0,0,0,80,0,0,0;0,0,0,0,80,0,0,0,59,0;0,0,47,43,0,0,0,80,0,0;0,0,0,0,0,0,58,0,80,80;0,0,0,0,46,0,0,0,0,0;0,60,0,0,0,20,25,0,22,0
0,0,0,23,0,33,0,0,22,0;36,0,30,0,0,37,39,0,0,0;0,0,0,25,0,0,0,0,0,29;0,40,0,0,0,0,0,0,21,20;39,0,0,0,0,0,24,0,0,0;0,0,0,0,18,0,0,0,37,0;0,0,30,31,0,0,0,26,0,0;0,0,0,0,0,0,30,0,22,25;0,0,0,0,24,0,0,0,0,0;0,22,0,0,0,33,37,0,36,0
-25,24,0,0,0,11,0,0,0,-10
------------- End of Scenario k = 8 -------
0,0,0,42,0,61,0,0,25,0;80,0,80,0,0,75,47,0,0,0;0,0,0,80,0,0,0,0,0,20;0,55,0,0,0,0,0,0,25,49;72,0,0,0,0,0,77,0,0,0;0,0,0,0,80,0,0,0,43,0;0,0,59,69,0,0,0,80,0,0;0,0,0,0,0,0,41,0,60,41;0,0,0,0,62,0,0,0,0,0;0,71,0,0,0,29,48,0,58,0
0,0,0,29,0,28,0,0,27,0;36,0,30,0,0,39,39,0,0,0;0,0,0,30,0,0,0,0,0,34;0,28,0,0,0,0,0,0,39,32;20,0,0,0,0,0,25,0,0,0;0,0,0,0,22,0,0,0,21,0;0,0,25,37,0,0,0,33,0,0;0,0,0,0,0,0,22,0,24,29;0,0,0,0,23,0,0,0,0,0;0,20,0,0,0,29,39,0,25,0
-27,28,0,0,0,18,0,0,0,-19
------------- End of Scenario k = 9 -------
0,0,0,56,0,23,0,0,29,0;42,0,80,0,0,29,33,0,0,0;0,0,0,80,0,0,0,0,0,80;0,64,0,0,0,0,0,0,70,57;21,0,0,0,0,0,32,0,0,0;0,0,0,0,50,0,0,0,21,0;0,0,38,25,0,0,0,80,0,0;0,0,0,0,0,0,77,0,59,80;0,0,0,0,59,0,0,0,0,0;0,46,0,0,0,29,40,0,62,0
0,0,0,40,0,24,0,0,34,0;25,0,24,0,0,32,35,0,0,0;0,0,0,25,0,0,0,0,0,40;0,39,0,0,0,0,0,0,21,39;37,0,0,0,0,0,23,0,0,0;0,0,0,0,37,0,0,0,29,0;0,0,39,25,0,0,0,38,0,0;0,0,0,0,0,0,25,0,26,25;0,0,0,0,36,0,0,0,0,0;0,23,0,0,0,34,33,0,40,0
-15,17,0,0,0,19,0,0,0,-21
------------- End of Scenario k = 10 -------
0,0,0,35,0,71,0,0,72,0;36,0,65,0,0,37,77,0,0,0;0,0,0,57,0,0,0,0,0,80;0,70,0,0,0,0,0,0,77,36;77,0,0,0,0,0,49,0,0,0;0,0,0,0,80,0,0,0,27,0;0,0,52,39,0,0,0,71,0,0;0,0,0,0,0,0,49,0,80,49;0,0,0,0,79,0,0,0,0,0;0,33,0,0,0,53,57,0,61,0
0,0,0,40,0,21,0,0,20,0;27,0,32,0,0,39,39,0,0,0;0,0,0,36,0,0,0,0,0,30;0,25,0,0,0,0,0,0,25,29;29,0,0,0,0,0,37,0,0,0;0,0,0,0,27,0,0,0,25,0;0,0,27,33,0,0,0,35,0,0;0,0,0,0,0,0,40,0,39,36;0,0,0,0,31,0,0,0,0,0;0,22,0,0,0,33,38,0,33,0
-15,22,0,0,0,22,0,0,0,-29
------------- End of Scenario k = 11 -------
0,0,0,59,0,64,0,0,65,0;80,0,80,0,0,26,43,0,0,0;0,0,0,25,0,0,0,0,0,23;0,34,0,0,0,0,0,0,33,62;55,0,0,0,0,0,80,0,0,0;0,0,0,0,80,0,0,0,59,0;0,0,68,53,0,0,0,20,0,0;0,0,0,0,0,0,48,0,80,45;0,0,0,0,26,0,0,0,0,0;0,68,0,0,0,75,48,0,25,0
0,0,0,40,0,40,0,0,22,0;30,0,24,0,0,22,38,0,0,0;0,0,0,30,0,0,0,0,0,36;0,29,0,0,0,0,0,0,38,31;19,0,0,0,0,0,19,0,0,0;0,0,0,0,37,0,0,0,21,0;0,0,22,21,0,0,0,35,0,0;0,0,0,0,0,0,31,0,37,19;0,0,0,0,26,0,0,0,0,0;0,27,0,0,0,29,37,0,33,0
-25,20,0,0,0,16,0,0,0,-11
------------- End of Scenario k = 12 -------
0,0,0,68,0,72,0,0,21,0;32,0,29,0,0,45,55,0,0,0;0,0,0,54,0,0,0,0,0,60;0,39,0,0,0,0,0,0,66,52;80,0,0,0,0,0,56,0,0,0;0,0,0,0,80,0,0,0,60,0;0,0,67,36,0,0,0,66,0,0;0,0,0,0,0,0,62,0,47,50;0,0,0,0,73,0,0,0,0,0;0,44,0,0,0,26,32,0,36,0
0,0,0,38,0,30,0,0,38,0;19,0,40,0,0,23,28,0,0,0;0,0,0,32,0,0,0,0,0,15;0,38,0,0,0,0,0,0,35,27;28,0,0,0,0,0,38,0,0,0;0,0,0,0,28,0,0,0,32,0;0,0,32,21,0,0,0,16,0,0;0,0,0,0,0,0,25,0,29,34;0,0,0,0,27,0,0,0,0,0;0,29,0,0,0,32,36,0,40,0
-8,14,0,0,0,15,0,0,0,-21
------------- End of Scenario k = 13 -------
0,0,0,72,0,54,0,0,42,0;80,0,80,0,0,52,30,0,0,0;0,0,0,44,0,0,0,0,0,54;0,42,0,0,0,0,0,0,58,74;32,0,0,0,0,0,80,0,0,0;0,0,0,0,55,0,0,0,48,0;0,0,41,67,0,0,0,80,0,0;0,0,0,0,0,0,51,0,63,20;0,0,0,0,75,0,0,0,0,0;0,56,0,0,0,67,74,0,35,0
0,0,0,34,0,24,0,0,28,0;28,0,13,0,0,28,24,0,0,0;0,0,0,13,0,0,0,0,0,39;0,38,0,0,0,0,0,0,26,24;40,0,0,0,0,0,35,0,0,0;0,0,0,0,29,0,0,0,36,0;0,0,32,35,0,0,0,33,0,0;0,0,0,0,0,0,22,0,20,30;0,0,0,0,38,0,0,0,0,0;0,25,0,0,0,29,26,0,34,0
-20,13,0,0,0,20,0,0,0,-13
------------- End of Scenario k = 14 -------
0,0,0,62,0,51,0,0,43,0;80,0,64,0,0,46,36,0,0,0;0,0,0,80,0,0,0,0,0,40;0,63,0,0,0,0,0,0,73,34;80,0,0,0,0,0,42,0,0,0;0,0,0,0,50,0,0,0,40,0;0,0,59,62,0,0,0,78,0,0;0,0,0,0,0,0,39,0,74,44;0,0,0,0,22,0,0,0,0,0;0,55,0,0,0,25,64,0,21,0
0,0,0,36,0,31,0,0,23,0;25,0,18,0,0,33,27,0,0,0;0,0,0,17,0,0,0,0,0,33;0,35,0,0,0,0,0,0,35,23;23,0,0,0,0,0,35,0,0,0;0,0,0,0,31,0,0,0,39,0;0,0,40,37,0,0,0,34,0,0;0,0,0,0,0,0,29,0,24,37;0,0,0,0,25,0,0,0,0,0;0,21,0,0,0,20,40,0,36,0
-15,17,0,0,0,23,0,0,0,-25
------------- End of Scenario k = 15 -------
0,0,0,26,0,73,0,0,72,0;80,0,62,0,0,27,48,0,0,0;0,0,0,35,0,0,0,0,0,72;0,54,0,0,0,0,0,0,45,48;73,0,0,0,0,0,78,0,0,0;0,0,0,0,44,0,0,0,59,0;0,0,20,62,0,0,0,80,0,0;0,0,0,0,0,0,74,0,80,64;0,0,0,0,59,0,0,0,0,0;0,75,0,0,0,70,32,0,30,0
0,0,0,24,0,40,0,0,35,0;40,0,40,0,0,26,27,0,0,0;0,0,0,23,0,0,0,0,0,17;0,20,0,0,0,0,0,0,25,34;25,0,0,0,0,0,35,0,0,0;0,0,0,0,26,0,0,0,30,0;0,0,23,30,0,0,0,27,0,0;0,0,0,0,0,0,27,0,26,33;0,0,0,0,36,0,0,0,0,0;0,21,0,0,0,30,40,0,23,0
-31,17,0,0,0,23,0,0,0,-9
------------- End of Scenario k = 16 -------
0,0,0,45,0,80,0,0,60,0;80,0,72,0,0,24,34,0,0,0;0,0,0,42,0,0,0,0,0,35;0,57,0,0,0,0,0,0,29,71;74,0,0,0,0,0,50,0,0,0;0,0,0,0,80,0,0,0,21,0;0,0,32,42,0,0,0,46,0,0;0,0,0,0,0,0,77,0,80,51;0,0,0,0,35,0,0,0,0,0;0,59,0,0,0,44,23,0,65,0
0,0,0,34,0,30,0,0,36,0;32,0,31,0,0,36,38,0,0,0;0,0,0,31,0,0,0,0,0,35;0,39,0,0,0,0,0,0,36,23;23,0,0,0,0,0,33,0,0,0;0,0,0,0,32,0,0,0,34,0;0,0,21,38,0,0,0,33,0,0;0,0,0,0,0,0,35,0,22,34;0,0,0,0,37,0,0,0,0,0;0,37,0,0,0,37,32,0,36,0
-24,29,0,0,0,21,0,0,0,-26
------------- End of Scenario k = 17 -------
0,0,0,55,0,45,0,0,66,0;80,0,40,0,0,25,47,0,0,0;0,0,0,80,0,0,0,0,0,80;0,46,0,0,0,0,0,0,49,43;80,0,0,0,0,0,80,0,0,0;0,0,0,0,39,0,0,0,49,0;0,0,23,42,0,0,0,62,0,0;0,0,0,0,0,0,71,0,80,80;0,0,0,0,32,0,0,0,0,0;0,61,0,0,0,23,55,0,79,0
0,0,0,26,0,32,0,0,36,0;37,0,27,0,0,31,20,0,0,0;0,0,0,38,0,0,0,0,0,35;0,39,0,0,0,0,0,0,40,34;23,0,0,0,0,0,25,0,0,0;0,0,0,0,25,0,0,0,29,0;0,0,30,40,0,0,0,31,0,0;0,0,0,0,0,0,30,0,28,39;0,0,0,0,32,0,0,0,0,0;0,37,0,0,0,26,26,0,23,0
-8,14,0,0,0,10,0,0,0,-16
------------- End of Scenario k = 18 -------
0,0,0,26,0,41,0,0,52,0;80,0,80,0,0,69,30,0,0,0;0,0,0,32,0,0,0,0,0,80;0,22,0,0,0,0,0,0,25,54;63,0,0,0,0,0,71,0,0,0;0,0,0,0,80,0,0,0,80,0;0,0,20,21,0,0,0,80,0,0;0,0,0,0,0,0,47,0,24,80;0,0,0,0,22,0,0,0,0,0;0,55,0,0,0,68,44,0,40,0
0,0,0,36,0,33,0,0,27,0;30,0,39,0,0,36,29,0,0,0;0,0,0,36,0,0,0,0,0,27;0,26,0,0,0,0,0,0,29,30;39,0,0,0,0,0,23,0,0,0;0,0,0,0,38,0,0,0,23,0;0,0,39,37,0,0,0,33,0,0;0,0,0,0,0,0,27,0,14,25;0,0,0,0,26,0,0,0,0,0;0,32,0,0,0,28,35,0,33,0
-6,17,0,0,0,11,0,0,0,-22
------------- End of Scenario k = 19 -------
