/ -------------------------------------------------------------------------
An instance of the stochastic Fixed - charge Network Flow Problem using NETGEN.
/ -------------------------------------------------------------------------
Number of Nodes (no Dummy node is added), n
Graph Density, density
The fixed cost to variable cost ratio, f
Adjacency Matrix, A
Fixed Cost Matrix, c
Number of scenarios, K
Scenario Probabilities, p
----The following three rows will be repeated K times.----
Var Cost Matrix, d
Capacity, u
demand, b
/ -------------------------------------------------------------------------
+
10
0.6
200
0,1,0,0,0,1,1,1,1,0;0,0,1,0,0,0,0,1,0,1;0,0,0,1,1,1,0,1,1,1;1,1,0,0,1,0,1,0,1,0;1,1,0,0,0,1,0,1,1,1;1,1,0,1,1,0,1,1,1,1;0,0,0,1,1,0,0,1,0,1;0,1,1,0,1,1,1,0,1,1;1,1,0,1,1,1,0,1,0,0;1,0,0,0,0,1,1,0,1,0
0,9793,0,0,0,10020,10473,10240,9313,0;0,0,13246,0,0,0,0,10193,0,9606;0,0,0,12446,10086,10546,0,10420,10066,11906;12786,10346,0,0,12900,0,10286,0,9020,0;10533,10293,0,0,0,10066,0,10493,10453,9653;9446,9120,0,10573,11466,0,12413,10000,10913,10413;0,0,0,10546,10566,0,0,13293,0,12726;0,10013,9713,0,9533,10100,10053,0,13533,9620;9493,10186,0,10106,11086,10513,0,10873,0,0;9526,0,0,0,0,11326,10840,0,9300,0
30
0.03,0.06,0.05,0.03,0.01,0.01,0.01,0.1,0.03,0.01,0.05,0.01,0.01,0.01,0.01,0.03,0.03,0.01,0.06,0.01,0.01,0.01,0.03,0.05,0.03,0.01,0.01,0.11,0.01,0.16
--Scenarios--
0,54,0,0,0,76,29,37,32,0;0,0,80,0,0,0,0,69,0,39;0,0,0,80,60,76,0,37,66,80;56,20,0,0,50,0,49,0,52,0;47,56,0,0,0,28,0,46,77,36;20,67,0,61,41,0,27,61,37,61;0,0,0,56,41,0,0,80,0,80;0,20,41,0,55,42,55,0,76,35;70,22,0,23,59,64,0,34,0,0;37,0,0,0,0,76,35,0,68,0
0,37,0,0,0,36,36,27,20,0;0,0,37,0,0,0,0,32,0,22;0,0,0,37,36,40,0,36,29,28;35,23,0,0,29,0,37,0,22,0;33,27,0,0,0,34,0,30,36,37;24,35,0,35,40,0,37,38,34,35;0,0,0,28,21,0,0,32,0,26;0,37,26,0,36,24,32,0,30,27;32,26,0,22,37,25,0,21,0,0;29,0,0,0,0,31,28,0,38,0
-13,28,0,0,0,24,0,0,0,-39
------------- End of Scenario k = 0 -------
0,37,0,0,0,22,52,60,32,0;0,0,76,0,0,0,0,41,0,56;0,0,0,80,42,72,0,46,32,24;20,55,0,0,80,0,77,0,33,0;58,75,0,0,0,46,0,67,28,70;46,78,0,72,49,0,68,38,62,55;0,0,0,61,45,0,0,80,0,34;0,60,58,0,23,32,49,0,63,22;49,39,0,40,43,79,0,48,0,0;50,0,0,0,0,61,73,0,27,0
0,31,0,0,0,35,22,32,22,0;0,0,40,0,0,0,0,36,0,23;0,0,0,31,25,33,0,31,26,39;34,25,0,0,27,0,30,0,28,0;24,36,0,0,0,31,0,38,31,37;31,38,0,40,32,0,24,25,22,29;0,0,0,29,25,0,0,38,0,26;0,30,30,0,38,36,36,0,23,23;26,40,0,20,34,28,0,22,0,0;40,0,0,0,0,21,34,0,29,0
-11,19,0,0,0,23,0,0,0,-31
------------- End of Scenario k = 1 -------
0,48,0,0,0,73,48,50,35,0;0,0,80,0,0,0,0,73,0,51;0,0,0,71,76,76,0,40,77,80;80,27,0,0,63,0,38,0,69,0;42,27,0,0,0,73,0,51,33,23;20,40,0,67,48,0,36,29,45,65;0,0,0,41,57,0,0,80,0,80;0,63,71,0,47,61,79,0,46,69;52,35,0,65,39,50,0,29,0,0;66,0,0,0,0,43,22,0,59,0
0,36,0,0,0,33,22,26,26,0;0,0,38,0,0,0,0,32,0,20;0,0,0,30,32,39,0,23,25,35;37,33,0,0,36,0,26,0,36,0;26,34,0,0,0,30,0,40,31,39;40,34,0,23,32,0,37,34,24,36;0,0,0,29,25,0,0,37,0,40;0,29,31,0,37,29,20,0,37,24;40,39,0,40,37,22,0,27,0,0;39,0,0,0,0,33,21,0,20,0
-8,25,0,0,0,26,0,0,0,-43
------------- End of Scenario k = 2 -------
0,50,0,0,0,66,52,60,31,0;0,0,62,0,0,0,0,68,0,71;0,0,0,36,26,56,0,21,20,42;80,24,0,0,80,0,78,0,20,0;27,20,0,0,0,41,0,57,40,68;78,27,0,77,60,0,35,29,78,23;0,0,0,58,50,0,0,80,0,43;0,35,51,0,43,68,56,0,80,38;53,26,0,65,77,73,0,72,0,0;55,0,0,0,0,73,41,0,73,0
0,33,0,0,0,35,34,23,37,0;0,0,34,0,0,0,0,23,0,26;0,0,0,24,37,25,0,33,30,35;31,29,0,0,23,0,29,0,24,0;22,36,0,0,0,25,0,21,27,38;29,20,0,23,38,0,36,23,34,34;0,0,0,38,31,0,0,31,0,34;0,35,31,0,33,36,36,0,30,24;26,32,0,34,26,29,0,34,0,0;39,0,0,0,0,33,30,0,20,0
-5,17,0,0,0,30,0,0,0,-42
------------- End of Scenario k = 3 -------
0,25,0,0,0,23,32,29,31,0;0,0,51,0,0,0,0,80,0,60;0,0,0,42,21,40,0,45,46,48;80,76,0,0,80,0,35,0,26,0;20,76,0,0,0,67,0,70,79,70;61,56,0,79,36,0,46,77,80,54;0,0,0,53,26,0,0,63,0,80;0,36,70,0,23,27,22,0,80,59;77,42,0,78,72,62,0,60,0,0;56,0,0,0,0,80,62,0,75,0
0,33,0,0,0,30,28,21,37,0;0,0,34,0,0,0,0,34,0,36;0,0,0,33,29,36,0,28,30,32;36,23,0,0,31,0,35,0,35,0;37,36,0,0,0,29,0,26,21,21;31,38,0,32,38,0,23,31,37,35;0,0,0,37,33,0,0,21,0,14;0,33,24,0,24,30,35,0,27,34;25,40,0,21,30,28,0,40,0,0;23,0,0,0,0,24,26,0,32,0
-8,30,0,0,0,11,0,0,0,-33
------------- End of Scenario k = 4 -------
0,56,0,0,0,32,42,40,52,0;0,0,80,0,0,0,0,20,0,47;0,0,0,35,44,64,0,80,21,63;56,40,0,0,80,0,58,0,20,0;46,39,0,0,0,20,0,48,36,29;20,20,0,79,61,0,42,20,52,29;0,0,0,43,63,0,0,42,0,71;0,60,65,0,55,30,21,0,80,77;46,67,0,34,79,41,0,40,0,0;33,0,0,0,0,66,77,0,50,0
0,31,0,0,0,32,39,25,38,0;0,0,34,0,0,0,0,38,0,26;0,0,0,23,32,27,0,26,20,22;27,39,0,0,30,0,24,0,25,0;34,36,0,0,0,40,0,27,40,26;21,36,0,20,21,0,34,30,39,37;0,0,0,25,21,0,0,32,0,27;0,37,25,0,28,26,32,0,37,23;25,25,0,24,40,33,0,40,0,0;38,0,0,0,0,21,29,0,38,0
-7,21,0,0,0,20,0,0,0,-34
------------- End of Scenario k = 5 -------
0,65,0,0,0,53,73,57,34,0;0,0,80,0,0,0,0,38,0,21;0,0,0,80,21,62,0,46,74,80;37,39,0,0,37,0,44,0,21,0;77,53,0,0,0,55,0,46,41,69;22,54,0,22,50,0,39,22,53,55;0,0,0,59,58,0,0,80,0,80;0,24,39,0,79,73,41,0,49,30;36,55,0,26,50,34,0,68,0,0;55,0,0,0,0,22,35,0,80,0
0,33,0,0,0,26,29,36,37,0;0,0,30,0,0,0,0,34,0,36;0,0,0,34,29,29,0,36,30,30;39,37,0,0,34,0,35,0,35,0;37,30,0,0,0,28,0,39,32,33;32,23,0,39,20,0,30,36,30,22;0,0,0,34,40,0,0,40,0,32;0,24,40,0,39,29,35,0,28,29;30,31,0,20,24,23,0,30,0,0;25,0,0,0,0,40,29,0,24,0
-23,30,0,0,0,28,0,0,0,-35
------------- End of Scenario k = 6 -------
0,64,0,0,0,65,68,54,46,0;0,0,44,0,0,0,0,56,0,47;0,0,0,80,63,48,0,69,64,30;80,24,0,0,22,0,72,0,79,0;21,34,0,0,0,73,0,56,61,25;25,76,0,28,64,0,80,69,79,35;0,0,0,60,41,0,0,42,0,37;0,26,77,0,40,40,50,0,80,41;31,61,0,64,77,45,0,60,0,0;62,0,0,0,0,26,62,0,60,0
0,38,0,0,0,21,23,37,36,0;0,0,34,0,0,0,0,24,0,20;0,0,0,36,35,26,0,40,24,38;30,22,0,0,33,0,38,0,25,0;37,38,0,0,0,21,0,23,28,28;34,35,0,33,28,0,33,34,38,32;0,0,0,24,20,0,0,39,0,34;0,36,35,0,35,32,39,0,39,22;40,35,0,24,21,23,0,35,0,0;33,0,0,0,0,27,36,0,21,0
-5,22,0,0,0,29,0,0,0,-46
------------- End of Scenario k = 7 -------
0,70,0,0,0,54,23,62,45,0;0,0,80,0,0,0,0,65,0,33;0,0,0,80,58,64,0,40,56,59;80,58,0,0,26,0,50,0,31,0;55,44,0,0,0,80,0,48,76,30;56,49,0,80,46,0,80,57,21,24;0,0,0,75,49,0,0,48,0,52;0,58,64,0,67,49,65,0,45,47;27,54,0,60,63,36,0,76,0,0;44,0,0,0,0,78,47,0,65,0
0,27,0,0,0,27,37,22,37,0;0,0,23,0,0,0,0,29,0,35;0,0,0,35,29,32,0,30,23,18;31,23,0,0,19,0,25,0,25,0;23,38,0,0,0,37,0,30,30,35;31,28,0,30,25,0,38,38,40,26;0,0,0,32,31,0,0,24,0,37;0,34,28,0,24,39,23,0,34,27;28,31,0,33,36,39,0,25,0,0;22,0,0,0,0,29,26,0,38,0
-1,18,0,0,0,17,0,0,0,-34
------------- End of Scenario k = 8 -------
0,29,0,0,0,57,43,35,24,0;0,0,80,0,0,0,0,68,0,64;0,0,0,41,43,66,0,36,66,77;48,77,0,0,46,0,34,0,68,0;52,70,0,0,0,55,0,41,69,40;42,65,0,79,80,0,54,40,75,62;0,0,0,64,52,0,0,67,0,39;0,62,20,0,32,56,39,0,69,50;71,78,0,29,49,76,0,69,0,0;74,0,0,0,0,36,34,0,45,0
0,33,0,0,0,26,28,30,33,0;0,0,33,0,0,0,0,21,0,25;0,0,0,37,34,21,0,23,31,39;31,32,0,0,39,0,39,0,31,0;33,32,0,0,0,40,0,24,20,28;39,38,0,28,23,0,36,23,24,32;0,0,0,33,30,0,0,27,0,27;0,40,35,0,25,32,33,0,36,32;29,31,0,22,31,38,0,36,0,0;33,0,0,0,0,20,34,0,27,0
-8,30,0,0,0,19,0,0,0,-41
------------- End of Scenario k = 9 -------
0,33,0,0,0,60,32,26,35,0;0,0,80,0,0,0,0,36,0,34;0,0,0,35,74,32,0,75,55,80;47,54,0,0,80,0,23,0,77,0;51,50,0,0,0,31,0,29,24,60;42,20,0,53,72,0,35,49,57,80;0,0,0,55,78,0,0,32,0,80;0,64,27,0,35,68,21,0,21,45;43,20,0,72,70,21,0,74,0,0;47,0,0,0,0,77,76,0,28,0
0,30,0,0,0,24,33,26,29,0;0,0,30,0,0,0,0,26,0,35;0,0,0,27,22,28,0,21,24,37;27,37,0,0,31,0,36,0,22,0;29,37,0,0,0,37,0,29,39,29;29,33,0,33,25,0,34,31,39,28;0,0,0,31,22,0,0,28,0,36;0,21,37,0,37,28,32,0,32,27;20,22,0,35,25,37,0,24,0,0;27,0,0,0,0,25,40,0,30,0
-13,19,0,0,0,26,0,0,0,-32
------------- End of Scenario k = 10 -------
0,68,0,0,0,58,44,62,32,0;0,0,40,0,0,0,0,50,0,52;0,0,0,39,79,37,0,53,26,48;77,53,0,0,50,0,23,0,46,0;26,27,0,0,0,46,0,79,67,26;32,41,0,48,56,0,80,64,52,67;0,0,0,75,66,0,0,80,0,59;0,38,22,0,51,37,62,0,80,22;38,57,0,50,57,47,0,32,0,0;48,0,0,0,0,41,68,0,70,0
0,30,0,0,0,37,30,21,40,0;0,0,32,0,0,0,0,34,0,36;0,0,0,38,28,29,0,36,22,39;36,29,0,0,34,0,23,0,37,0;35,27,0,0,0,28,0,22,22,35;29,21,0,25,20,0,36,40,26,33;0,0,0,32,40,0,0,33,0,40;0,36,34,0,32,33,28,0,36,29;24,29,0,39,33,32,0,25,0,0;39,0,0,0,0,28,29,0,28,0
-12,30,0,0,0,30,0,0,0,-48
------------- End of Scenario k = 11 -------
0,23,0,0,0,52,50,32,50,0;0,0,80,0,0,0,0,43,0,79;0,0,0,51,76,33,0,73,65,22;52,69,0,0,80,0,71,0,37,0;69,28,0,0,0,46,0,72,36,46;44,55,0,46,41,0,64,30,67,22;0,0,0,65,38,0,0,80,0,80;0,24,66,0,55,57,78,0,80,23;60,48,0,80,21,30,0,63,0,0;44,0,0,0,0,62,71,0,42,0
0,40,0,0,0,38,36,40,22,0;0,0,40,0,0,0,0,34,0,40;0,0,0,36,27,28,0,30,30,34;35,38,0,0,39,0,37,0,36,0;20,26,0,0,0,27,0,24,40,31;40,21,0,33,22,0,32,29,39,29;0,0,0,28,22,0,0,40,0,35;0,23,23,0,34,23,26,0,35,32;39,29,0,31,40,36,0,38,0,0;34,0,0,0,0,35,23,0,40,0
-21,30,0,0,0,24,0,0,0,-33
------------- End of Scenario k = 12 -------
0,77,0,0,0,75,56,36,29,0;0,0,80,0,0,0,0,23,0,66;0,0,0,48,36,40,0,62,21,80;80,50,0,0,80,0,28,0,48,0;45,71,0,0,0,52,0,63,28,56;28,30,0,77,39,0,23,30,31,65;0,0,0,26,68,0,0,80,0,80;0,36,44,0,73,43,57,0,56,65;23,46,0,64,75,21,0,48,0,0;68,0,0,0,0,80,57,0,20,0
0,36,0,0,0,21,24,30,35,0;0,0,33,0,0,0,0,32,0,40;0,0,0,38,26,31,0,39,40,36;35,21,0,0,26,0,23,0,28,0;40,32,0,0,0,40,0,40,36,40;26,28,0,28,21,0,32,33,27,31;0,0,0,20,35,0,0,23,0,26;0,25,36,0,28,24,39,0,37,23;22,28,0,36,22,29,0,36,0,0;36,0,0,0,0,23,30,0,34,0
-16,26,0,0,0,18,0,0,0,-28
------------- End of Scenario k = 13 -------
0,44,0,0,0,54,63,20,75,0;0,0,21,0,0,0,0,66,0,43;0,0,0,80,71,25,0,80,34,36;80,31,0,0,55,0,35,0,35,0;32,53,0,0,0,78,0,64,73,49;20,36,0,39,61,0,80,66,49,49;0,0,0,51,70,0,0,80,0,80;0,78,57,0,35,73,47,0,80,51;61,53,0,26,22,68,0,41,0,0;50,0,0,0,0,68,79,0,45,0
0,28,0,0,0,26,26,22,28,0;0,0,30,0,0,0,0,33,0,22;0,0,0,40,29,35,0,36,30,40;40,36,0,0,37,0,30,0,37,0;30,27,0,0,0,28,0,34,23,30;20,21,0,29,29,0,35,26,38,29;0,0,0,26,38,0,0,33,0,32;0,26,22,0,35,30,31,0,35,25;33,27,0,20,32,29,0,36,0,0;24,0,0,0,0,28,35,0,28,0
-2,30,0,0,0,30,0,0,0,-58
------------- End of Scenario k = 14 -------
0,53,0,0,0,29,77,62,77,0;0,0,66,0,0,0,0,75,0,42;0,0,0,80,68,34,0,60,67,31;80,51,0,0,80,0,64,0,71,0;51,65,0,0,0,52,0,69,63,69;29,32,0,59,72,0,80,78,29,67;0,0,0,79,62,0,0,80,0,69;0,37,33,0,71,40,27,0,74,49;43,49,0,49,74,50,0,56,0,0;62,0,0,0,0,71,58,0,29,0
0,35,0,0,0,24,26,29,35,0;0,0,20,0,0,0,0,22,0,24;0,0,0,28,27,22,0,40,35,26;20,34,0,0,34,0,29,0,20,0;34,32,0,0,0,23,0,37,38,33;40,35,0,35,32,0,40,31,33,31;0,0,0,26,23,0,0,30,0,32;0,25,38,0,29,32,24,0,25,35;35,20,0,31,28,36,0,30,0,0;40,0,0,0,0,28,26,0,29,0
-6,17,0,0,0,20,0,0,0,-31
------------- End of Scenario k = 15 -------
0,35,0,0,0,26,57,72,80,0;0,0,80,0,0,0,0,38,0,30;0,0,0,79,43,62,0,77,29,80;39,72,0,0,80,0,61,0,50,0;53,61,0,0,0,42,0,54,43,22;61,25,0,52,75,0,20,39,50,39;0,0,0,52,36,0,0,75,0,41;0,30,26,0,24,27,48,0,32,46;27,72,0,32,25,79,0,45,0,0;28,0,0,0,0,74,80,0,25,0
0,39,0,0,0,21,24,25,25,0;0,0,30,0,0,0,0,33,0,30;0,0,0,31,36,38,0,37,26,32;33,36,0,0,40,0,20,0,35,0;33,22,0,0,0,27,0,23,34,38;33,35,0,25,40,0,26,24,30,37;0,0,0,37,31,0,0,30,0,26;0,28,27,0,20,32,27,0,33,22;37,22,0,39,36,23,0,33,0,0;39,0,0,0,0,28,32,0,31,0
-3,30,0,0,0,21,0,0,0,-48
------------- End of Scenario k = 16 -------
0,67,0,0,0,78,50,69,33,0;0,0,62,0,0,0,0,58,0,23;0,0,0,65,57,57,0,36,31,80;80,51,0,0,75,0,59,0,33,0;65,65,0,0,0,46,0,54,71,80;77,60,0,66,23,0,80,36,44,68;0,0,0,73,20,0,0,41,0,72;0,50,39,0,33,54,52,0,56,80;61,50,0,34,40,76,0,30,0,0;55,0,0,0,0,54,29,0,28,0
0,30,0,0,0,32,34,22,33,0;0,0,33,0,0,0,0,26,0,31;0,0,0,39,21,30,0,33,33,30;36,40,0,0,28,0,29,0,25,0;30,33,0,0,0,39,0,20,23,29;33,25,0,34,25,0,39,37,34,28;0,0,0,31,36,0,0,32,0,34;0,26,28,0,21,27,33,0,39,33;20,26,0,22,36,33,0,21,0,0;21,0,0,0,0,25,24,0,40,0
-1,25,0,0,0,30,0,0,0,-54
------------- End of Scenario k = 17 -------
0,62,0,0,0,60,48,54,67,0;0,0,80,0,0,0,0,80,0,56;0,0,0,80,20,28,0,37,70,44;71,53,0,0,65,0,20,0,22,0;73,38,0,0,0,38,0,42,20,37;36,70,0,61,38,0,80,61,52,57;0,0,0,27,62,0,0,80,0,67;0,74,34,0,79,41,63,0,57,32;79,39,0,79,75,80,0,61,0,0;24,0,0,0,0,55,77,0,31,0
0,28,0,0,0,35,32,27,36,0;0,0,17,0,0,0,0,27,0,38;0,0,0,37,23,36,0,22,25,40;24,32,0,0,24,0,38,0,29,0;39,26,0,0,0,21,0,20,33,23;34,36,0,24,31,0,21,33,26,22;0,0,0,31,37,0,0,17,0,26;0,30,30,0,35,24,29,0,37,25;30,30,0,37,40,29,0,33,0,0;29,0,0,0,0,32,21,0,40,0
-1,13,0,0,0,14,0,0,0,-26
------------- End of Scenario k = 18 -------
0,61,0,0,0,41,22,63,43,0;0,0,69,0,0,0,0,33,0,49;0,0,0,36,36,74,0,78,57,30;25,80,0,0,80,0,75,0,37,0;77,43,0,0,0,80,0,25,28,40;53,51,0,24,50,0,80,65,68,56;0,0,0,76,33,0,0,34,0,80;0,42,63,0,67,65,61,0,70,68;34,37,0,45,69,24,0,74,0,0;54,0,0,0,0,60,56,0,41,0
0,32,0,0,0,29,30,20,40,0;0,0,32,0,0,0,0,25,0,25;0,0,0,34,25,40,0,28,40,35;38,25,0,0,35,0,21,0,29,0;40,35,0,0,0,29,0,29,40,23;23,37,0,28,35,0,37,32,24,35;0,0,0,40,25,0,0,13,0,17;0,35,21,0,36,27,39,0,20,36;31,28,0,28,32,24,0,35,0,0;34,0,0,0,0,40,25,0,21,0
-24,30,0,0,0,12,0,0,0,-18
------------- End of Scenario k = 19 -------
0,48,0,0,0,50,20,70,20,0;0,0,80,0,0,0,0,20,0,41;0,0,0,41,75,26,0,22,50,80;61,43,0,0,80,0,54,0,58,0;42,64,0,0,0,77,0,35,34,55;77,45,0,58,79,0,27,62,72,33;0,0,0,23,35,0,0,80,0,80;0,78,22,0,71,74,36,0,80,63;79,51,0,57,51,32,0,43,0,0;41,0,0,0,0,75,22,0,24,0
0,28,0,0,0,27,38,20,23,0;0,0,19,0,0,0,0,31,0,36;0,0,0,13,38,20,0,36,29,28;38,34,0,0,20,0,29,0,31,0;39,21,0,0,0,35,0,37,25,30;25,33,0,31,27,0,38,26,34,39;0,0,0,33,30,0,0,25,0,40;0,23,35,0,38,31,20,0,24,29;33,33,0,21,35,21,0,35,0,0;28,0,0,0,0,37,30,0,26,0
-9,12,0,0,0,11,0,0,0,-14
------------- End of Scenario k = 20 -------
0,47,0,0,0,39,72,67,59,0;0,0,80,0,0,0,0,56,0,31;0,0,0,25,74,62,0,74,25,80;54,74,0,0,80,0,80,0,60,0;66,64,0,0,0,45,0,26,80,79;35,37,0,52,40,0,69,45,30,63;0,0,0,63,53,0,0,80,0,38;0,72,46,0,74,45,74,0,80,39;42,57,0,50,74,54,0,57,0,0;38,0,0,0,0,47,28,0,30,0
0,27,0,0,0,36,40,37,26,0;0,0,39,0,0,0,0,20,0,29;0,0,0,40,33,22,0,38,36,39;24,24,0,0,32,0,22,0,39,0;29,38,0,0,0,36,0,21,32,28;20,32,0,22,21,0,36,21,25,28;0,0,0,33,22,0,0,37,0,34;0,32,36,0,25,36,38,0,36,36;34,20,0,22,34,37,0,20,0,0;32,0,0,0,0,22,26,0,35,0
-7,21,0,0,0,30,0,0,0,-44
------------- End of Scenario k = 21 -------
0,56,0,0,0,35,73,42,62,0;0,0,80,0,0,0,0,40,0,22;0,0,0,80,70,20,0,72,73,80;80,69,0,0,80,0,67,0,51,0;56,77,0,0,0,60,0,55,73,26;75,60,0,41,65,0,80,47,58,67;0,0,0,33,76,0,0,80,0,59;0,57,38,0,73,57,25,0,80,74;49,67,0,59,26,39,0,78,0,0;25,0,0,0,0,41,60,0,40,0
0,20,0,0,0,32,32,22,40,0;0,0,38,0,0,0,0,28,0,36;0,0,0,28,32,20,0,27,39,24;32,24,0,0,32,0,28,0,39,0;38,37,0,0,0,31,0,23,29,24;36,24,0,24,25,0,39,31,39,23;0,0,0,29,40,0,0,33,0,34;0,33,26,0,28,21,33,0,38,31;34,39,0,32,36,31,0,24,0,0;38,0,0,0,0,28,40,0,38,0
-6,22,0,0,0,29,0,0,0,-45
------------- End of Scenario k = 22 -------
0,50,0,0,0,24,80,48,44,0;0,0,80,0,0,0,0,33,0,58;0,0,0,68,27,78,0,38,63,80;80,23,0,0,80,0,71,0,37,0;42,67,0,0,0,32,0,80,79,55;50,74,0,63,77,0,80,58,65,45;0,0,0,61,79,0,0,80,0,80;0,43,56,0,28,44,21,0,55,68;41,45,0,39,24,34,0,42,0,0;70,0,0,0,0,27,61,0,35,0
0,20,0,0,0,35,35,34,40,0;0,0,37,0,0,0,0,34,0,31;0,0,0,40,30,24,0,23,36,40;34,28,0,0,31,0,40,0,26,0;40,20,0,0,0,22,0,35,26,39;23,38,0,36,21,0,37,39,26,30;0,0,0,35,27,0,0,18,0,32;0,39,22,0,37,21,39,0,33,35;30,34,0,36,29,34,0,38,0,0;30,0,0,0,0,31,40,0,28,0
-4,27,0,0,0,18,0,0,0,-41
------------- End of Scenario k = 23 -------
0,65,0,0,0,66,78,71,67,0;0,0,24,0,0,0,0,32,0,54;0,0,0,80,58,80,0,54,23,80;41,51,0,0,30,0,79,0,45,0;74,79,0,0,0,52,0,48,60,42;70,21,0,22,73,0,80,66,52,78;0,0,0,25,30,0,0,55,0,50;0,65,52,0,21,44,75,0,61,32;75,44,0,39,62,61,0,42,0,0;26,0,0,0,0,80,78,0,47,0
0,31,0,0,0,36,21,39,24,0;0,0,36,0,0,0,0,26,0,34;0,0,0,24,24,20,0,40,26,30;23,39,0,0,34,0,27,0,30,0;22,30,0,0,0,40,0,34,39,38;21,20,0,28,36,0,21,32,23,37;0,0,0,23,28,0,0,30,0,30;0,25,22,0,25,30,37,0,28,25;36,32,0,26,33,20,0,23,0,0;22,0,0,0,0,35,26,0,34,0
-15,21,0,0,0,18,0,0,0,-24
------------- End of Scenario k = 24 -------
0,21,0,0,0,57,30,67,63,0;0,0,43,0,0,0,0,46,0,74;0,0,0,80,42,51,0,56,57,80;80,55,0,0,80,0,54,0,61,0;52,28,0,0,0,50,0,22,32,70;51,29,0,35,58,0,80,52,35,29;0,0,0,47,26,0,0,80,0,80;0,32,66,0,29,75,54,0,80,75;52,70,0,71,75,44,0,54,0,0;70,0,0,0,0,73,65,0,78,0
0,28,0,0,0,32,39,34,22,0;0,0,39,0,0,0,0,35,0,29;0,0,0,20,32,38,0,25,31,36;25,36,0,0,40,0,21,0,30,0;32,39,0,0,0,32,0,28,24,31;40,38,0,37,22,0,24,36,35,22;0,0,0,29,22,0,0,37,0,33;0,32,23,0,40,25,22,0,21,39;29,34,0,25,21,30,0,32,0,0;36,0,0,0,0,31,29,0,22,0
-18,20,0,0,0,17,0,0,0,-19
------------- End of Scenario k = 25 -------
0,26,0,0,0,34,66,25,43,0;0,0,39,0,0,0,0,67,0,37;0,0,0,51,33,63,0,53,74,54;80,59,0,0,80,0,53,0,24,0;53,34,0,0,0,58,0,51,27,80;74,29,0,47,58,0,80,80,29,24;0,0,0,54,52,0,0,28,0,80;0,43,20,0,26,79,53,0,80,22;22,79,0,36,67,69,0,76,0,0;20,0,0,0,0,57,36,0,22,0
0,20,0,0,0,22,27,31,27,0;0,0,24,0,0,0,0,24,0,22;0,0,0,36,25,38,0,28,24,23;25,22,0,0,29,0,20,0,25,0;21,33,0,0,0,30,0,27,34,23;34,27,0,20,39,0,33,26,31,25;0,0,0,35,21,0,0,31,0,38;0,30,32,0,32,40,29,0,28,38;34,30,0,29,24,40,0,26,0,0;29,0,0,0,0,37,29,0,27,0
-15,21,0,0,0,27,0,0,0,-33
------------- End of Scenario k = 26 -------
0,57,0,0,0,35,60,73,61,0;0,0,71,0,0,0,0,63,0,34;0,0,0,76,24,80,0,26,71,80;80,68,0,0,29,0,21,0,40,0;74,51,0,0,0,32,0,48,69,41;71,32,0,35,79,0,80,65,79,68;0,0,0,61,77,0,0,27,0,27;0,61,80,0,51,20,61,0,80,30;22,56,0,61,56,53,0,63,0,0;43,0,0,0,0,43,51,0,51,0
0,23,0,0,0,27,20,34,36,0;0,0,29,0,0,0,0,36,0,29;0,0,0,27,36,35,0,32,36,38;37,24,0,0,28,0,28,0,39,0;21,30,0,0,0,23,0,28,25,39;38,29,0,31,24,0,24,33,40,26;0,0,0,25,25,0,0,37,0,39;0,35,24,0,22,39,36,0,36,29;33,36,0,24,25,35,0,27,0,0;27,0,0,0,0,35,21,0,27,0
-11,25,0,0,0,22,0,0,0,-36
------------- End of Scenario k = 27 -------
0,56,0,0,0,57,74,36,51,0;0,0,80,0,0,0,0,68,0,65;0,0,0,80,50,48,0,50,69,25;80,71,0,0,80,0,21,0,44,0;61,28,0,0,0,31,0,58,52,33;65,41,0,42,63,0,80,36,61,66;0,0,0,20,72,0,0,80,0,80;0,60,37,0,28,60,69,0,80,38;28,50,0,56,46,63,0,43,0,0;36,0,0,0,0,29,21,0,46,0
0,20,0,0,0,32,23,36,40,0;0,0,25,0,0,0,0,24,0,33;0,0,0,35,33,20,0,23,36,31;19,20,0,0,28,0,39,0,28,0;30,38,0,0,0,38,0,22,30,34;26,27,0,31,29,0,28,39,32,40;0,0,0,23,24,0,0,40,0,26;0,34,31,0,35,25,33,0,28,23;30,27,0,26,30,26,0,24,0,0;39,0,0,0,0,23,36,0,39,0
-11,18,0,0,0,26,0,0,0,-33
------------- End of Scenario k = 28 -------
0,22,0,0,0,52,57,57,44,0;0,0,39,0,0,0,0,24,0,62;0,0,0,68,46,28,0,27,28,33;34,35,0,0,27,0,49,0,58,0;73,57,0,0,0,24,0,70,69,22;37,48,0,22,66,0,77,29,75,56;0,0,0,46,70,0,0,80,0,31;0,74,73,0,42,34,47,0,80,53;33,59,0,33,46,72,0,53,0,0;48,0,0,0,0,24,65,0,61,0
0,36,0,0,0,27,29,35,26,0;0,0,17,0,0,0,0,27,0,24;0,0,0,29,32,25,0,40,32,20;25,36,0,0,36,0,32,0,26,0;33,27,0,0,0,26,0,31,23,22;24,21,0,38,20,0,31,39,37,37;0,0,0,35,32,0,0,33,0,32;0,26,33,0,23,21,27,0,31,29;34,21,0,20,35,28,0,34,0,0;40,0,0,0,0,28,30,0,40,0
0,13,0,0,0,30,0,0,0,-43
------------- End of Scenario k = 29 -------
