/ -------------------------------------------------------------------------
An instance of the stochastic Fixed - charge Network Flow Problem using NETGEN.
/ -------------------------------------------------------------------------
Number of Nodes (no Dummy node is added), n
Graph Density, density
The fixed cost to variable cost ratio, f
Adjacency Matrix, A
Fixed Cost Matrix, c
Number of scenarios, K
Scenario Probabilities, p
----The following three rows will be repeated K times.----
Var Cost Matrix, d
Capacity, u
demand, b
/ -------------------------------------------------------------------------
+
30
0.6
200
0,0,1,0,0,0,1,0,1,1,0,1,1,1,0,0,1,0,0,1,0,1,1,0,1,1,1,1,1,0;0,0,1,0,0,1,0,1,0,0,1,1,0,1,1,1,0,0,1,0,1,0,0,0,1,1,1,0,0,1;1,0,0,1,0,0,1,1,0,0,0,0,1,0,0,1,1,1,1,1,0,1,1,0,0,1,1,1,0,0;0,1,1,0,1,0,1,1,0,0,0,0,0,1,0,1,0,1,1,0,1,1,1,1,1,1,1,1,0,1;1,1,1,1,0,1,0,1,1,1,1,0,0,0,0,1,0,0,1,1,0,1,0,1,0,1,1,1,1,1;1,1,0,0,0,0,0,0,0,1,1,1,1,0,1,1,0,1,1,1,0,1,1,0,1,1,0,0,1,1;1,0,1,1,0,1,0,1,0,1,1,1,0,0,0,1,0,0,0,1,1,1,0,1,0,1,0,1,0,0;1,0,1,1,1,0,0,0,1,1,1,1,0,0,1,0,0,0,1,1,0,1,1,0,0,0,1,1,1,1;1,1,1,1,1,1,0,1,0,1,0,1,0,1,0,1,1,0,0,1,0,0,1,0,1,0,1,1,1,1;1,0,1,0,1,1,0,1,1,0,1,1,1,0,0,1,1,0,0,0,1,1,1,1,1,1,0,1,1,0;1,0,1,1,1,1,0,0,1,0,0,0,1,1,0,1,1,1,1,1,1,0,0,1,1,1,0,1,0,1;1,1,0,1,1,1,1,1,1,1,1,0,1,1,1,1,1,1,1,1,1,1,1,1,0,0,1,1,0,1;0,1,1,0,0,0,0,1,0,1,1,0,0,1,1,0,0,1,1,1,1,1,1,1,1,1,0,0,1,0;1,1,0,1,0,1,0,1,0,0,0,1,0,0,0,1,0,1,1,1,0,0,0,0,1,0,0,1,1,1;1,1,0,1,1,1,1,1,0,1,1,0,1,1,0,1,1,0,0,1,1,0,1,1,0,0,1,0,1,1;0,0,0,0,1,1,1,1,0,1,0,0,1,1,1,0,0,0,1,0,1,0,0,0,0,1,1,0,0,1;1,0,1,0,0,1,1,1,1,1,1,1,0,1,0,1,0,1,1,0,1,0,1,1,0,1,0,1,1,1;1,1,0,1,1,0,0,1,0,0,0,1,0,1,1,1,1,0,0,1,1,1,1,1,1,1,1,0,1,1;0,0,0,0,0,1,0,0,0,0,0,1,1,1,1,0,0,1,0,1,1,1,1,0,0,1,1,1,1,0;0,0,1,1,1,0,0,1,1,1,0,1,0,1,1,1,0,0,0,0,0,1,1,0,1,1,1,0,0,1;1,0,0,1,1,0,1,1,0,1,1,1,0,0,1,0,1,0,0,1,0,1,1,0,1,1,1,0,0,1;0,1,0,1,0,0,0,0,0,1,1,1,1,0,1,0,0,0,1,1,1,0,1,1,0,1,0,0,0,1;1,1,1,1,0,1,1,1,1,1,0,1,1,1,0,0,1,1,0,0,1,1,0,1,1,1,0,1,1,1;0,1,1,1,0,1,1,0,1,0,0,1,0,0,0,1,1,1,1,0,1,0,1,0,1,1,0,0,0,1;0,1,0,0,1,0,1,0,1,1,0,0,1,1,1,1,0,0,1,1,0,0,0,1,0,0,1,0,0,1;0,0,0,1,1,1,1,1,0,0,1,0,1,1,0,1,1,1,1,1,0,0,1,1,1,0,0,1,1,1;1,0,1,0,0,1,1,0,0,1,1,1,1,0,0,1,1,1,1,0,1,1,1,1,0,0,0,0,1,1;1,1,1,1,0,1,1,1,1,1,1,1,1,1,0,0,1,0,0,1,0,1,1,1,0,1,1,0,1,1;1,0,1,0,1,1,0,1,1,1,1,1,1,1,1,0,1,1,1,1,1,0,0,1,1,0,1,0,0,1;1,0,0,1,0,0,0,0,1,1,0,1,1,0,1,0,0,0,0,0,0,0,1,1,0,1,1,0,1,0
0,0,10320,0,0,0,12400,0,11240,8800,0,9940,6859,8800,0,0,9300,0,0,11660,0,11800,10260,0,7240,11840,10160,10640,10240,0;0,0,11880,0,0,6940,0,11280,0,0,10160,10200,0,9440,7759,9120,0,0,10100,0,10480,0,0,0,8720,10600,10800,0,0,10240;9280,0,0,10440,0,0,12100,8520,0,0,0,0,9740,0,0,10320,8540,10460,12540,9180,0,12580,9480,0,0,8100,10040,9480,0,0;0,11320,10420,0,7280,0,12180,11700,0,0,0,0,0,9760,0,12860,0,11720,10660,0,10060,8680,7740,11500,9840,10180,11520,8680,0,8800;13260,9860,9060,11020,0,7959,0,10180,14919,10100,11300,0,0,0,0,12480,0,0,11580,8480,0,13900,0,11860,0,8440,10100,9640,11460,13060;8600,10260,0,0,0,0,0,0,0,9300,9700,8200,8820,0,8920,11180,0,9800,11920,9760,0,8680,9660,0,9480,10120,0,0,10800,7540;11920,0,10840,11800,0,10100,0,12080,0,8140,9040,11780,0,0,0,9460,0,0,0,11820,12040,8520,0,11280,0,9580,0,10580,0,0;11580,0,10400,9740,9880,0,0,0,9880,13580,9540,10200,0,0,11380,0,0,0,8140,10960,0,11980,10000,0,0,0,10260,10100,9540,12420;11100,8780,10720,10860,10680,6920,0,10140,0,10660,0,10760,0,10800,0,10020,10420,0,0,9720,0,0,9120,0,11500,0,8400,11220,11260,9600;14560,0,8480,0,10600,10360,0,9980,9540,0,13080,10560,12020,0,0,9420,9600,0,0,0,7300,10840,8300,8340,10800,11540,0,9260,9380,0;9620,0,9000,9560,8100,9900,0,0,11220,0,0,0,10460,9180,0,8159,10320,11160,10460,10560,9440,0,0,10140,11320,8900,0,11660,0,9980;11580,10160,0,9280,11300,10100,9820,9400,8340,10060,10760,0,8840,13060,8660,10320,10980,9020,9560,8280,9580,10500,9200,13119,0,0,9440,9800,0,10020;0,8360,8440,0,0,0,0,8780,0,13240,9920,0,0,10040,9960,0,0,9340,12120,11280,8980,9400,10080,9800,11060,10060,0,0,10000,0;10200,8920,0,8680,0,8940,0,8000,0,0,0,9500,0,0,0,8540,0,11380,11380,10960,0,0,0,0,9520,0,0,11820,9100,8800;9640,9340,0,10300,9900,12680,8560,9780,0,9500,9800,0,11240,9780,0,13400,10640,0,0,10160,8660,0,11560,9020,0,0,9740,0,12460,10840;0,0,0,0,9720,9660,9840,11620,0,9600,0,0,9960,10540,11560,0,0,0,9140,0,10000,0,0,0,0,12060,10160,0,0,9140;9320,0,9600,0,0,10420,10200,10740,12040,8980,10700,11580,0,12840,0,9460,0,13460,9720,0,7980,0,12460,12900,0,11480,0,9900,10640,10220;10580,10700,0,10920,11140,0,0,11160,0,0,0,9000,0,10260,11400,9300,11180,0,0,10160,10840,10520,9820,10760,13819,9620,9940,0,9880,9520;0,0,0,0,0,12540,0,0,0,0,0,10700,11000,9600,9400,0,0,10260,0,13580,9140,12060,7980,0,0,9520,9120,10280,10360,0;0,0,9800,10680,10340,0,0,7320,9320,7440,0,8600,0,11400,10060,10620,0,0,0,0,0,9180,13440,0,10160,12100,10940,0,0,9100;9760,0,0,9060,10300,0,9200,9260,0,10300,10360,14860,0,0,11100,0,9880,0,0,10180,0,9480,9300,0,10620,9780,12260,0,0,10860;0,10440,0,8159,0,0,0,0,0,10420,10360,10000,8920,0,10640,0,0,0,11440,10800,7800,0,11060,11360,0,10060,0,0,0,10380;11880,11200,11160,10080,0,11220,9200,12240,10160,9640,0,10440,8260,8720,0,0,8420,10100,0,0,10060,11600,0,10560,10520,12160,0,9520,10800,12800;0,9900,9800,11540,0,10940,10100,0,8680,0,0,10480,0,0,0,11020,9880,9740,8480,0,12180,0,9840,0,10780,9160,0,0,0,10480;0,9380,0,0,7959,0,9160,0,9540,10020,0,0,9100,8340,12300,8860,0,0,11140,10260,0,0,0,10940,0,0,9680,0,0,10420;0,0,0,10200,10920,9580,10140,10280,0,0,10840,0,8640,8780,0,10360,11500,10700,8620,11120,0,0,10600,10160,9180,0,0,14580,9840,9460;11980,0,9700,0,0,9000,11420,0,0,9800,12520,10880,9240,0,0,12000,11320,10400,14960,0,9260,9640,11120,13040,0,0,0,0,9180,9720;9620,9440,8820,11220,0,8260,11100,11500,8600,10640,11260,11380,8920,9900,0,0,10600,0,0,9800,0,9280,9700,9640,0,9880,9560,0,11780,8780;10540,0,8900,0,9300,12120,0,9260,10840,8220,8700,11720,9440,10520,10560,0,8380,8980,10740,10120,9340,0,0,12160,9320,0,8240,0,0,7720;9920,0,0,10200,0,0,0,0,8820,12060,0,8320,11120,0,10380,0,0,0,0,0,0,0,11080,9960,0,9340,8600,0,10620,0
10
0.05,0.15,0.05,0.05,0.05,0.1,0.2,0.15,0.1,0.1
--Scenarios--
0,0,76,0,0,0,67,0,52,33,0,24,23,20,0,0,35,0,0,60,0,78,25,0,21,77,62,38,26,0;0,0,80,0,0,35,0,21,0,0,38,28,0,20,45,36,0,0,53,0,49,0,0,0,26,77,37,0,0,50;23,0,0,23,0,0,74,36,0,0,0,0,42,0,0,66,46,28,65,42,0,32,72,0,0,54,59,47,0,0;0,79,37,0,24,0,80,40,0,0,0,0,0,40,0,80,0,76,71,0,51,57,40,44,63,54,75,80,0,39;80,39,48,48,0,24,0,61,70,29,29,0,0,0,0,80,0,0,25,34,0,80,0,75,0,29,56,77,77,41;25,69,0,0,0,0,0,0,0,68,56,31,21,0,37,51,0,33,58,58,0,24,28,0,55,28,0,0,57,30;22,0,28,53,0,25,0,80,0,26,38,38,0,0,0,80,0,0,0,66,74,60,0,50,0,61,0,45,0,0;80,0,45,21,42,0,0,0,23,61,55,34,0,0,36,0,0,0,37,48,0,26,73,0,0,0,64,56,55,80;44,30,70,42,60,47,0,46,0,65,0,63,0,42,0,76,70,0,0,56,0,0,29,0,70,0,33,31,61,38;80,0,44,0,75,29,0,35,71,0,80,69,70,0,0,29,53,0,0,0,53,33,34,29,24,40,0,77,51,0;63,0,31,46,26,30,0,0,72,0,0,0,36,26,0,27,36,61,67,35,48,0,0,70,20,30,0,69,0,53;20,20,0,68,74,68,72,55,36,33,61,0,47,80,76,60,20,38,72,30,24,44,80,45,0,0,24,43,0,68;0,45,33,0,0,0,0,32,0,54,62,0,0,22,22,0,0,42,40,45,33,21,72,69,71,39,0,0,34,0;80,65,0,62,0,36,0,20,0,0,0,34,0,0,0,22,0,63,61,74,0,0,0,0,43,0,0,42,75,45;78,33,0,55,79,80,31,40,0,34,78,0,65,66,0,80,37,0,0,46,64,0,71,63,0,0,31,0,52,21;0,0,0,0,44,37,21,79,0,26,0,0,73,38,77,0,0,0,77,0,43,0,0,0,0,77,34,0,0,20;29,0,47,0,0,55,33,55,80,39,77,39,0,46,0,35,0,80,58,0,29,0,77,71,0,53,0,53,32,76;42,55,0,36,65,0,0,40,0,0,0,59,0,68,48,26,50,0,0,21,33,64,53,69,65,20,42,0,80,61;0,0,0,0,0,30,0,0,0,0,0,68,22,42,31,0,0,35,0,80,44,80,60,0,0,31,26,58,54,0;0,0,48,73,30,0,0,40,65,46,0,20,0,66,74,50,0,0,0,0,0,46,64,0,65,53,27,0,0,54;61,0,0,42,68,0,20,42,0,52,62,80,0,0,63,0,64,0,0,58,0,50,40,0,57,58,42,0,0,61;0,36,0,28,0,0,0,0,0,29,58,65,45,0,23,0,0,0,76,58,26,0,38,64,0,35,0,0,0,78;70,39,66,79,0,59,23,69,23,23,0,26,37,35,0,0,52,56,0,0,69,80,0,37,25,59,0,52,45,80;0,57,43,53,0,55,67,0,57,0,0,73,0,0,0,63,68,32,78,0,74,0,59,0,73,57,0,0,0,63;0,27,0,0,21,0,30,0,27,41,0,0,80,47,54,49,0,0,51,62,0,0,0,75,0,0,65,0,0,24;0,0,0,66,63,37,80,30,0,0,57,0,29,30,0,34,38,26,36,77,0,0,30,50,20,0,0,80,76,64;73,0,72,0,0,27,75,0,0,38,30,40,24,0,0,53,67,80,80,0,49,28,59,42,0,0,0,0,56,56;38,29,27,44,0,28,36,70,26,33,38,73,24,39,0,0,49,0,0,79,0,33,29,35,0,21,70,0,64,49;30,0,27,0,51,78,0,37,54,52,29,80,44,79,72,0,30,37,44,66,42,0,0,45,67,0,62,0,0,66;57,0,0,29,0,0,0,0,66,69,0,59,74,0,21,0,0,0,0,0,0,0,52,39,0,35,55,0,37,0
0,0,39,0,0,0,32,0,25,40,0,31,21,25,0,0,24,0,0,32,0,29,29,0,37,40,32,27,32,0;0,0,32,0,0,23,0,21,0,0,25,34,0,29,25,24,0,0,34,0,34,0,0,0,31,29,25,0,0,38;26,0,0,30,0,0,25,39,0,0,0,0,40,0,0,24,34,34,23,31,0,39,22,0,0,20,35,27,0,0;0,22,39,0,40,0,31,33,0,0,0,0,0,36,0,27,0,25,34,0,21,35,36,37,35,35,21,39,0,35;35,39,29,20,0,34,0,32,40,20,33,0,0,0,0,37,0,0,32,27,0,38,0,29,0,34,35,32,39,22;33,30,0,0,0,0,0,0,0,20,27,31,24,0,22,27,0,24,23,35,0,37,24,0,36,33,0,0,34,39;32,0,36,31,0,20,0,40,0,40,33,29,0,0,0,27,0,0,0,29,35,26,0,35,0,32,0,29,0,0;35,0,24,23,36,0,0,0,29,28,38,37,0,0,37,0,0,0,29,39,0,38,22,0,0,0,31,25,32,28;32,38,38,24,23,26,0,27,0,37,0,34,0,32,0,21,31,0,0,37,0,0,26,0,22,0,30,33,38,32;32,0,31,0,27,32,0,33,38,0,27,24,38,0,0,23,34,0,0,0,26,27,22,27,29,39,0,35,33,0;32,0,27,35,30,40,0,0,38,0,0,0,38,29,0,37,26,21,24,35,30,0,0,20,28,23,0,32,0,37;27,23,0,25,33,26,34,35,26,27,31,0,22,32,40,35,26,26,36,28,22,40,35,22,0,0,21,29,0,27;0,37,37,0,0,0,0,40,0,23,33,0,0,21,24,0,0,21,32,20,30,33,30,32,23,38,0,0,38,0;22,20,0,36,0,30,0,35,0,0,0,36,0,0,0,38,0,38,29,36,0,0,0,0,25,0,0,26,36,37;35,38,0,39,32,12,35,20,0,21,36,0,35,23,0,20,12,0,0,31,22,0,38,37,0,0,38,0,34,26;0,0,0,0,35,27,32,23,0,29,0,0,33,32,22,0,0,0,38,0,24,0,0,0,0,39,31,0,0,27;29,0,40,0,0,31,33,30,21,37,23,33,0,24,0,31,0,38,39,0,30,0,22,15,0,40,0,25,23,21;27,32,0,34,26,0,0,28,0,0,0,31,0,32,23,39,40,0,0,40,30,23,29,36,22,24,37,0,30,33;0,0,0,0,0,19,0,0,0,0,0,21,26,22,36,0,0,22,0,33,25,26,39,0,0,32,31,29,22,0;0,0,25,37,31,0,0,27,30,39,0,34,0,32,30,32,0,0,0,0,0,24,31,0,26,40,39,0,0,29;28,0,0,39,25,0,23,30,0,25,36,36,0,0,31,0,34,0,0,36,0,23,30,0,36,29,32,0,0,24;0,30,0,33,0,0,0,0,0,31,21,38,20,0,26,0,0,0,34,21,26,0,40,39,0,38,0,0,0,39;21,38,27,22,0,21,25,36,20,39,0,39,26,26,0,0,39,34,0,0,31,35,0,27,29,20,0,33,23,22;0,32,30,33,0,30,34,0,26,0,0,35,0,0,0,29,35,23,25,0,40,0,39,0,24,22,0,0,0,20;0,24,0,0,26,0,36,0,38,34,0,0,35,27,30,36,0,0,35,24,0,0,0,40,0,0,25,0,0,34;0,0,0,37,25,21,23,40,0,0,33,0,30,21,0,24,34,26,23,24,0,0,39,35,28,0,0,29,22,21;22,0,35,0,0,39,28,0,0,25,31,40,30,0,0,30,34,31,37,0,40,37,21,40,0,0,0,0,28,37;28,35,25,29,0,23,23,33,27,21,25,34,26,30,0,0,36,0,0,32,0,23,35,35,0,22,20,0,29,35;29,0,27,0,21,31,0,25,39,29,38,31,40,37,33,0,21,36,20,30,28,0,0,31,37,0,32,0,0,28;33,0,0,25,0,0,0,0,33,28,0,36,38,0,34,0,0,0,0,0,0,0,32,22,0,20,39,0,24,0
-56,25,0,25,22,-10,0,0,0,0,0,0,21,0,0,-22,0,0,0,0,25,-37,0,-11,11,0,17,0,0,-10
------------- End of Scenario k = 0 -------
0,0,58,0,0,0,72,0,79,63,0,74,22,48,0,0,24,0,0,45,0,69,61,0,62,77,67,58,69,0;0,0,79,0,0,34,0,78,0,0,28,43,0,66,39,32,0,0,43,0,65,0,0,0,32,33,49,0,0,33;59,0,0,65,0,0,63,73,0,0,0,0,29,0,0,26,52,48,73,56,0,73,33,0,0,31,66,41,0,0;0,53,66,0,20,0,70,77,0,0,0,0,0,56,0,24,0,60,34,0,32,31,28,26,20,59,68,31,0,26;46,76,72,59,0,40,0,63,80,48,20,0,0,0,0,50,0,0,65,53,0,80,0,80,0,41,46,21,62,80;23,32,0,0,0,0,0,0,0,55,38,63,28,0,69,26,0,50,29,46,0,65,33,0,42,41,0,0,45,63;80,0,32,20,0,31,0,58,0,40,31,78,0,0,0,44,0,0,0,68,63,54,0,74,0,26,0,78,0,0;55,0,58,65,46,0,0,0,75,63,75,64,0,0,78,0,0,0,77,24,0,66,25,0,0,0,64,72,22,80;75,61,32,49,26,41,0,25,0,57,0,55,0,68,0,55,41,0,0,27,0,0,54,0,55,0,37,40,55,47;80,0,34,0,46,70,0,69,25,0,80,60,57,0,0,73,45,0,0,0,49,47,41,49,59,64,0,37,64,0;63,0,51,44,41,57,0,0,53,0,0,0,73,67,0,26,60,29,69,63,31,0,0,20,59,75,0,78,0,80;28,61,0,35,34,80,25,40,22,50,56,0,53,41,42,53,58,74,47,36,47,53,40,75,0,0,26,38,0,37;0,36,63,0,0,0,0,26,0,35,71,0,0,73,51,0,0,37,60,58,52,37,66,38,68,21,0,0,80,0;35,34,0,22,0,39,0,20,0,0,0,46,0,0,0,29,0,70,65,50,0,0,0,0,22,0,0,66,27,76;76,74,0,78,72,80,34,56,0,71,66,0,32,32,0,33,80,0,0,32,29,0,64,75,0,0,49,0,74,42;0,0,0,0,79,21,55,70,0,22,0,0,35,72,26,0,0,0,46,0,30,0,0,0,0,49,59,0,0,48;53,0,37,0,0,37,46,32,64,55,74,74,0,39,0,78,0,80,62,0,76,0,66,78,0,28,0,49,62,53;54,71,0,57,52,0,0,62,0,0,0,21,0,29,75,56,73,0,0,25,20,27,51,28,76,52,74,0,21,46;0,0,0,0,0,73,0,0,0,0,0,55,65,60,60,0,0,71,0,80,51,80,27,0,0,52,25,72,47,0;0,0,57,43,63,0,0,55,62,24,0,52,0,48,45,57,0,0,0,0,0,72,80,0,32,76,70,0,0,65;24,0,0,38,30,0,77,21,0,32,50,80,0,0,40,0,75,0,0,38,0,42,61,0,36,35,66,0,0,70;0,66,0,25,0,0,0,0,0,53,45,43,48,0,42,0,0,0,64,75,26,0,63,80,0,54,0,0,0,36;65,46,58,64,0,75,63,69,64,45,0,64,54,78,0,0,76,52,0,0,52,75,0,31,79,67,0,67,56,69;0,62,48,69,0,38,65,0,33,0,0,55,0,0,0,65,21,28,53,0,70,0,45,0,48,57,0,0,0,75;0,36,0,0,25,0,56,0,26,42,0,0,79,39,28,29,0,0,60,63,0,0,0,41,0,0,36,0,0,39;0,0,0,49,71,66,60,65,0,0,76,0,64,26,0,68,68,29,38,65,0,0,60,60,76,0,0,80,45,26;74,0,28,0,0,65,66,0,0,78,77,54,21,0,0,43,70,46,80,0,56,61,64,29,0,0,0,0,24,74;43,30,29,63,0,31,69,78,31,50,77,73,21,55,0,0,55,0,0,44,0,36,42,39,0,77,54,0,23,57;67,0,34,0,71,60,0,36,71,37,32,77,45,36,60,0,59,29,60,49,69,0,0,37,38,0,31,0,0,34;75,0,0,71,0,0,0,0,52,74,0,49,26,0,45,0,0,0,0,0,0,0,40,74,0,80,66,0,37,0
0,0,39,0,0,0,36,0,29,25,0,26,32,40,0,0,30,0,0,29,0,26,23,0,20,33,23,32,40,0;0,0,34,0,0,32,0,32,0,0,24,31,0,27,22,21,0,0,31,0,35,0,0,0,37,34,27,0,0,33;23,0,0,33,0,0,31,30,0,0,0,0,29,0,0,32,35,38,27,31,0,33,39,0,0,37,31,35,0,0;0,24,28,0,32,0,16,21,0,0,0,0,0,35,0,32,0,33,29,0,25,40,27,31,38,21,25,28,0,29;26,39,29,38,0,40,0,37,39,35,28,0,0,0,0,21,0,0,38,21,0,28,0,28,0,23,33,27,20,18;30,30,0,0,0,0,0,0,0,35,36,39,40,0,25,38,0,36,24,20,0,34,22,0,29,34,0,0,23,39;28,0,23,34,0,39,0,24,0,20,24,35,0,0,0,28,0,0,0,26,20,28,0,28,0,22,0,39,0,0;37,0,31,30,35,0,0,0,29,25,36,21,0,0,30,0,0,0,24,36,0,25,23,0,0,0,25,37,20,31;31,23,30,25,24,35,0,40,0,35,0,38,0,29,0,32,34,0,0,21,0,0,33,0,33,0,21,35,28,40;29,0,40,0,27,32,0,32,32,0,39,32,20,0,0,35,23,0,0,0,27,30,36,26,31,35,0,28,37,0;24,0,31,33,33,24,0,0,22,0,0,0,29,25,0,22,23,33,31,27,31,0,0,32,33,31,0,37,0,36;39,26,0,37,37,23,32,35,34,40,23,0,31,40,23,28,38,26,39,23,32,28,23,25,0,0,40,31,0,23;0,39,21,0,0,0,0,27,0,36,37,0,0,23,33,0,0,39,20,35,21,27,30,22,34,37,0,0,21,0;26,36,0,32,0,27,0,28,0,0,0,36,0,0,0,26,0,22,24,28,0,0,0,0,20,0,0,20,33,30;31,36,0,36,31,39,30,20,0,30,37,0,36,31,0,34,37,0,0,37,36,0,27,30,0,0,30,0,39,36;0,0,0,0,35,33,38,25,0,26,0,0,36,27,31,0,0,0,23,0,27,0,0,0,0,25,28,0,0,36;26,0,22,0,0,28,34,21,39,26,23,35,0,20,0,26,0,31,20,0,25,0,29,35,0,20,0,38,24,24;39,31,0,36,31,0,0,23,0,0,0,29,0,25,40,26,32,0,0,23,39,39,33,38,20,31,22,0,26,30;0,0,0,0,0,35,0,0,0,0,0,28,26,20,29,0,0,27,0,38,34,34,26,0,0,37,25,21,40,0;0,0,38,32,23,0,0,25,30,21,0,39,0,28,33,30,0,0,0,0,0,24,40,0,23,25,29,0,0,26;27,0,0,33,37,0,29,32,0,40,25,38,0,0,31,0,20,0,0,33,0,32,37,0,25,40,23,0,0,21;0,22,0,27,0,0,0,0,0,29,33,33,22,0,24,0,0,0,39,40,26,0,37,25,0,25,0,0,0,33;30,30,33,33,0,33,27,36,20,26,0,34,21,21,0,0,31,36,0,0,29,26,0,23,21,34,0,25,22,30;0,24,35,30,0,26,34,0,34,0,0,29,0,0,0,40,31,31,27,0,28,0,22,0,23,23,0,0,0,26;0,34,0,0,33,0,39,0,40,22,0,0,25,35,33,24,0,0,32,26,0,0,0,30,0,0,28,0,0,21;0,0,0,38,32,36,21,39,0,0,22,0,20,30,0,22,24,23,27,25,0,0,24,21,30,0,0,33,21,34;35,0,20,0,0,40,40,0,0,39,23,38,37,0,0,24,28,33,36,0,24,25,31,40,0,0,0,0,35,37;22,21,24,33,0,23,38,31,38,36,22,21,26,21,0,0,21,0,0,27,0,32,26,32,0,32,24,0,40,27;35,0,25,0,32,40,0,22,38,34,37,29,23,30,36,0,38,30,22,22,24,0,0,38,31,0,20,0,0,20;37,0,0,34,0,0,0,0,23,30,0,38,29,0,21,0,0,0,0,0,0,0,27,30,0,26,34,0,24,0
-63,12,0,15,18,-16,0,0,0,0,0,0,26,0,0,-14,0,0,0,0,28,-20,0,-23,30,0,30,0,0,-23
------------- End of Scenario k = 1 -------
0,0,51,0,0,0,52,0,30,46,0,50,39,26,0,0,27,0,0,49,0,79,61,0,27,41,70,31,58,0;0,0,80,0,0,28,0,41,0,0,31,66,0,37,23,41,0,0,59,0,54,0,0,0,23,40,70,0,0,57;30,0,0,41,0,0,56,30,0,0,0,0,41,0,0,70,23,31,67,75,0,39,37,0,0,58,62,40,0,0;0,71,34,0,21,0,24,75,0,0,0,0,0,53,0,80,0,63,59,0,74,46,51,77,76,38,52,33,0,57;41,65,33,50,0,53,0,69,72,54,77,0,0,0,0,38,0,0,73,48,0,47,0,52,0,37,56,65,77,62;37,28,0,0,0,0,0,0,0,38,22,30,73,0,50,80,0,42,78,21,0,27,54,0,32,60,0,0,70,28;39,0,79,64,0,78,0,24,0,63,31,45,0,0,0,33,0,0,0,62,75,52,0,64,0,67,0,66,0,0;55,0,39,47,72,0,0,0,74,65,33,60,0,0,37,0,0,0,66,75,0,23,22,0,0,0,44,51,65,80;63,47,61,71,65,31,0,64,0,76,0,48,0,31,0,77,51,0,0,77,0,0,41,0,41,0,24,53,80,68;67,0,46,0,50,65,0,77,31,0,80,60,60,0,0,45,52,0,0,0,33,38,68,34,80,55,0,31,33,0;20,0,28,49,20,46,0,0,25,0,0,0,71,63,0,62,68,58,39,67,62,0,0,65,72,21,0,50,0,74;63,20,0,73,75,27,78,62,36,80,33,0,24,80,27,78,57,44,27,57,41,25,50,62,0,0,21,39,0,69;0,43,33,0,0,0,0,41,0,80,32,0,0,74,68,0,0,73,62,78,40,57,36,58,57,22,0,0,62,0;38,20,0,21,0,48,0,25,0,0,0,54,0,0,0,69,0,57,52,78,0,0,0,0,38,0,0,52,29,30;21,57,0,37,37,80,21,72,0,32,20,0,65,40,0,80,80,0,0,38,44,0,71,36,0,0,71,0,60,61;0,0,0,0,25,28,76,63,0,57,0,0,77,72,68,0,0,0,42,0,73,0,0,0,0,71,47,0,0,73;24,0,52,0,0,63,21,44,44,62,44,80,0,76,0,22,0,67,75,0,37,0,37,80,0,43,0,43,66,30;80,48,0,47,34,0,0,42,0,0,0,55,0,80,53,28,64,0,0,42,35,54,49,59,78,58,54,0,23,20;0,0,0,0,0,29,0,0,0,0,0,40,74,57,49,0,0,36,0,31,67,41,21,0,0,25,54,28,77,0;0,0,24,39,47,0,0,24,29,48,0,77,0,59,70,27,0,0,0,0,0,43,80,0,79,75,33,0,0,43;53,0,0,80,56,0,42,26,0,38,42,80,0,0,78,0,34,0,0,66,0,28,25,0,71,76,36,0,0,36;0,43,0,33,0,0,0,0,0,59,68,54,27,0,62,0,0,0,58,20,22,0,51,75,0,57,0,0,0,57;38,70,44,46,0,64,62,58,69,41,0,77,20,21,0,0,35,34,0,0,23,47,0,44,51,80,0,56,56,21;0,39,43,79,0,68,30,0,30,0,0,53,0,0,0,52,56,72,41,0,68,0,20,0,80,31,0,0,0,49;0,59,0,0,76,0,40,0,74,25,0,0,46,36,47,35,0,0,80,37,0,0,0,78,0,0,57,0,0,74;0,0,0,42,48,62,36,59,0,0,20,0,57,52,0,45,74,73,57,24,0,0,41,77,35,0,0,80,75,26;68,0,60,0,0,25,57,0,0,39,40,37,32,0,0,69,64,40,80,0,41,41,50,60,0,0,0,0,71,40;36,48,71,59,0,20,70,64,70,74,75,62,65,58,0,0,79,0,0,61,0,23,43,23,0,71,30,0,64,21;21,0,51,0,34,78,0,69,32,44,35,39,54,50,46,0,27,43,64,74,41,0,0,56,46,0,22,0,0,42;40,0,0,20,0,0,0,0,26,37,0,27,75,0,55,0,0,0,0,0,0,0,60,41,0,30,24,0,42,0
0,0,31,0,0,0,28,0,29,37,0,32,24,24,0,0,31,0,0,33,0,38,26,0,38,26,24,37,40,0;0,0,32,0,0,36,0,23,0,0,38,23,0,26,30,39,0,0,33,0,20,0,0,0,26,20,33,0,0,25;38,0,0,31,0,0,31,32,0,0,0,0,28,0,0,35,23,38,40,38,0,29,27,0,0,37,38,30,0,0;0,30,23,0,28,0,18,38,0,0,0,0,0,23,0,32,0,31,32,0,23,29,38,40,23,21,20,33,0,30;37,38,39,20,0,22,0,27,31,32,20,0,0,0,0,39,0,0,36,27,0,38,0,39,0,38,28,33,38,40;26,23,0,0,0,0,0,0,0,40,26,24,39,0,22,20,0,26,29,33,0,30,36,0,26,36,0,0,36,22;20,0,28,38,0,26,0,14,0,38,39,29,0,0,0,25,0,0,0,21,20,25,0,32,0,34,0,22,0,0;29,0,22,35,29,0,0,0,23,39,30,38,0,0,39,0,0,0,36,39,0,37,24,0,0,0,28,25,25,26;22,25,32,32,30,22,0,34,0,39,0,32,0,40,0,32,27,0,0,22,0,0,39,0,35,0,26,35,35,32;33,0,27,0,40,31,0,36,23,0,24,26,38,0,0,31,23,0,0,0,40,29,30,36,32,36,0,23,40,0;28,0,20,22,31,25,0,0,23,0,0,0,20,24,0,40,23,28,40,37,20,0,0,34,37,30,0,23,0,31;23,21,0,28,29,38,33,36,28,32,33,0,38,26,34,34,38,25,27,32,32,31,38,28,0,0,28,25,0,21;0,35,28,0,0,0,0,24,0,28,21,0,0,37,39,0,0,40,21,23,22,25,23,24,35,40,0,0,29,0;31,38,0,20,0,29,0,38,0,0,0,26,0,0,0,29,0,40,27,25,0,0,0,0,34,0,0,26,22,37;37,31,0,32,22,25,29,38,0,26,31,0,24,27,0,35,33,0,0,23,39,0,36,37,0,0,32,0,23,35;0,0,0,0,33,38,30,23,0,36,0,0,21,34,33,0,0,0,21,0,30,0,0,0,0,30,22,0,0,27;22,0,38,0,0,20,31,40,30,24,20,25,0,33,0,28,0,28,29,0,36,0,25,38,0,36,0,22,32,40;28,39,0,27,23,0,0,39,0,0,0,22,0,21,29,34,38,0,0,39,36,35,30,26,29,40,31,0,20,22;0,0,0,0,0,32,0,0,0,0,0,25,27,38,33,0,0,35,0,25,27,30,32,0,0,29,34,39,28,0;0,0,26,30,30,0,0,30,30,35,0,20,0,33,31,28,0,0,0,0,0,40,26,0,31,40,21,0,0,24;35,0,0,27,37,0,37,20,0,28,22,27,0,0,21,0,22,0,0,24,0,37,37,0,34,29,39,0,0,23;0,20,0,39,0,0,0,0,0,40,28,37,21,0,26,0,0,0,39,37,24,0,35,29,0,34,0,0,0,33;21,21,34,30,0,40,40,21,37,40,0,21,37,39,0,0,25,27,0,0,36,36,0,20,32,17,0,36,24,17;0,30,27,38,0,29,40,0,20,0,0,20,0,0,0,29,32,22,37,0,28,0,29,0,32,27,0,0,0,40;0,37,0,0,23,0,31,0,35,26,0,0,26,37,26,21,0,0,29,37,0,0,0,33,0,0,29,0,0,30;0,0,0,23,23,37,22,30,0,0,39,0,37,40,0,38,36,24,20,26,0,0,30,39,30,0,0,31,38,36;39,0,33,0,0,33,27,0,0,26,35,35,23,0,0,35,32,28,29,0,21,25,23,24,0,0,0,0,26,35;37,34,20,24,0,20,26,28,38,37,21,21,22,21,0,0,26,0,0,37,0,30,25,25,0,21,37,0,15,27;30,0,36,0,38,29,0,29,24,29,31,31,33,21,32,0,37,36,31,23,21,0,0,28,35,0,37,0,0,31;22,0,0,28,0,0,0,0,31,27,0,29,32,0,22,0,0,0,0,0,0,0,25,31,0,38,31,0,38,0
-55,14,0,10,30,-11,0,0,0,0,0,0,24,0,0,-14,0,0,0,0,23,-31,0,-21,23,0,15,0,0,-7
------------- End of Scenario k = 2 -------
0,0,53,0,0,0,71,0,37,29,0,75,47,60,0,0,46,0,0,25,0,48,58,0,25,40,35,40,62,0;0,0,61,0,0,39,0,57,0,0,76,39,0,40,67,53,0,0,28,0,25,0,0,0,54,77,51,0,0,63;37,0,0,60,0,0,41,24,0,0,0,0,28,0,0,73,54,79,56,21,0,51,47,0,0,73,31,73,0,0;0,63,77,0,34,0,45,58,0,0,0,0,0,70,0,80,0,54,31,0,55,40,53,74,20,26,79,66,0,34;80,36,27,76,0,32,0,29,80,40,46,0,0,0,0,80,0,0,65,26,0,80,0,31,0,42,56,32,31,63;47,62,0,0,0,0,0,0,0,45,31,29,56,0,35,78,0,25,36,78,0,47,63,0,32,50,0,0,70,67;80,0,73,68,0,24,0,80,0,49,53,47,0,0,0,72,0,0,0,73,39,20,0,69,0,59,0,32,0,0;54,0,77,24,38,0,0,0,63,68,24,35,0,0,77,0,0,0,38,50,0,70,45,0,0,0,26,30,65,30;57,27,27,24,35,26,0,27,0,77,0,71,0,52,0,58,48,0,0,29,0,0,58,0,53,0,65,37,77,22;80,0,30,0,76,73,0,24,30,0,47,53,38,0,0,58,53,0,0,0,46,69,50,49,23,80,0,29,42,0;64,0,61,27,37,23,0,0,32,0,0,0,74,28,0,30,32,70,32,33,31,0,0,45,65,45,0,45,0,31;80,62,0,33,76,34,43,39,72,59,61,0,39,80,22,23,76,30,70,27,29,53,24,71,0,0,65,32,0,47;0,29,26,0,0,0,0,60,0,80,72,0,0,21,33,0,0,51,62,52,41,61,41,60,29,59,0,0,80,0;44,56,0,46,0,70,0,27,0,0,0,31,0,0,0,62,0,77,67,79,0,0,0,0,76,0,0,22,55,29;36,21,0,48,25,80,42,36,0,45,76,0,72,47,0,80,32,0,0,62,75,0,47,46,0,0,50,0,80,50;0,0,0,0,40,64,59,79,0,70,0,0,25,51,73,0,0,0,54,0,45,0,0,0,0,55,77,0,0,72;76,0,58,0,0,23,46,74,26,38,36,68,0,77,0,57,0,71,34,0,25,0,78,80,0,55,0,55,57,50;62,30,0,27,75,0,0,80,0,0,0,25,0,33,46,48,65,0,0,67,52,33,28,31,59,77,30,0,59,68;0,0,0,0,0,76,0,0,0,0,0,74,67,46,42,0,0,62,0,80,22,67,26,0,0,59,23,78,71,0;0,0,58,22,74,0,0,42,52,61,0,29,0,46,22,78,0,0,0,0,0,68,80,0,28,79,55,0,0,37;45,0,0,33,63,0,20,51,0,47,63,23,0,0,48,0,51,0,0,33,0,21,68,0,40,41,48,0,0,58;0,21,0,79,0,0,0,0,0,62,75,28,58,0,61,0,0,0,59,67,30,0,52,69,0,68,0,0,0,37;79,59,51,30,0,37,60,65,46,57,0,45,61,52,0,0,22,43,0,0,60,37,0,77,74,80,0,41,78,47;0,62,46,22,0,66,27,0,57,0,0,70,0,0,0,30,20,60,56,0,64,0,31,0,62,31,0,0,0,40;0,24,0,0,69,0,29,0,28,36,0,0,57,26,80,41,0,0,49,52,0,0,0,42,0,0,58,0,0,39;0,0,0,52,77,33,36,70,0,0,79,0,27,74,0,23,72,50,22,33,0,0,33,29,52,0,0,80,50,56;44,0,33,0,0,46,29,0,0,63,79,22,26,0,0,49,50,65,71,0,21,38,44,80,0,0,0,0,23,32;71,50,42,71,0,73,72,52,32,64,42,29,64,58,0,0,70,0,0,46,0,65,28,77,0,38,23,0,24,32;38,0,62,0,48,43,0,49,51,46,27,50,55,44,80,0,36,44,73,29,45,0,0,56,30,0,79,0,0,42;52,0,0,28,0,0,0,0,32,68,0,51,30,0,70,0,0,0,0,0,0,0,77,51,0,33,23,0,54,0
0,0,33,0,0,0,25,0,25,28,0,40,32,33,0,0,25,0,0,28,0,22,40,0,30,29,35,23,39,0;0,0,40,0,0,20,0,38,0,0,37,24,0,22,32,21,0,0,26,0,33,0,0,0,38,24,34,0,0,28;39,0,0,39,0,0,22,21,0,0,0,0,28,0,0,30,24,24,35,26,0,31,29,0,0,36,31,25,0,0;0,26,21,0,38,0,33,40,0,0,0,0,0,26,0,40,0,21,27,0,24,30,37,39,36,37,26,32,0,26;31,32,40,20,0,23,0,22,38,37,36,0,0,0,0,28,0,0,40,22,0,40,0,30,0,26,39,24,40,40;21,34,0,0,0,0,0,0,0,35,27,28,37,0,35,30,0,29,30,26,0,28,35,0,30,32,0,0,32,30;38,0,29,22,0,27,0,27,0,39,27,23,0,0,0,22,0,0,0,31,24,23,0,20,0,40,0,31,0,0;35,0,33,27,29,0,0,0,20,29,34,21,0,0,23,0,0,0,39,22,0,40,25,0,0,0,22,20,28,37;30,31,24,25,39,34,0,26,0,24,0,27,0,27,0,35,30,0,0,21,0,0,21,0,29,0,38,25,34,25;26,0,35,0,25,30,0,33,27,0,17,25,29,0,0,24,20,0,0,0,21,40,20,35,25,27,0,37,28,0;22,0,30,23,25,25,0,0,21,0,0,0,24,27,0,21,31,35,20,29,38,0,0,23,35,23,0,39,0,29;38,20,0,39,31,20,30,35,20,25,33,0,39,28,34,39,38,40,21,38,32,21,32,20,0,0,34,24,0,27;0,31,39,0,0,0,0,32,0,31,29,0,0,20,40,0,0,22,37,38,33,27,30,36,34,37,0,0,35,0;30,26,0,36,0,34,0,26,0,0,0,22,0,0,0,37,0,30,38,37,0,0,0,0,36,0,0,27,22,22;37,26,0,28,31,27,36,32,0,24,39,0,37,35,0,20,22,0,0,35,21,0,26,35,0,0,30,0,27,35;0,0,0,0,20,37,35,40,0,23,0,0,32,30,25,0,0,0,34,0,23,0,0,0,0,28,28,0,0,28;37,0,27,0,0,23,23,21,34,21,29,36,0,28,0,23,0,27,33,0,25,0,24,19,0,24,0,32,23,39;38,30,0,34,23,0,0,24,0,0,0,25,0,20,27,26,27,0,0,39,28,32,28,37,36,40,30,0,32,28;0,0,0,0,0,26,0,0,0,0,0,27,35,31,28,0,0,20,0,40,34,34,36,0,0,38,38,30,35,0;0,0,36,37,21,0,0,32,39,26,0,29,0,26,21,20,0,0,0,0,0,32,35,0,27,26,38,0,0,21;28,0,0,28,35,0,37,20,0,36,28,38,0,0,30,0,24,0,0,34,0,32,37,0,34,20,36,0,0,38;0,26,0,33,0,0,0,0,0,36,34,28,21,0,26,0,0,0,39,40,34,0,24,37,0,23,0,0,0,22;25,28,29,28,0,20,30,25,25,32,0,36,35,39,0,0,34,27,0,0,27,22,0,26,28,20,0,27,40,35;0,37,36,26,0,20,27,0,37,0,0,39,0,0,0,40,38,38,20,0,37,0,32,0,36,36,0,0,0,25;0,28,0,0,35,0,21,0,28,40,0,0,38,28,16,31,0,0,40,26,0,0,0,34,0,0,38,0,0,33;0,0,0,21,28,38,38,35,0,0,22,0,21,31,0,36,33,37,22,34,0,0,29,29,31,0,0,34,38,37;37,0,38,0,0,29,34,0,0,37,32,29,26,0,0,39,25,23,26,0,22,21,32,26,0,0,0,0,25,32;20,37,28,31,0,21,29,38,34,30,28,38,27,31,0,0,24,0,0,35,0,31,40,28,0,26,31,0,27,26;39,0,40,0,31,40,0,22,38,30,24,33,28,24,40,0,28,25,23,37,27,0,0,40,40,0,29,0,0,37;30,0,0,27,0,0,0,0,30,37,0,22,39,0,23,0,0,0,0,0,0,0,35,40,0,26,25,0,29,0
-53,21,0,23,26,-11,0,0,0,0,0,0,10,0,0,-20,0,0,0,0,28,-32,0,-9,11,0,16,0,0,-10
------------- End of Scenario k = 3 -------
0,0,72,0,0,0,69,0,55,20,0,45,57,48,0,0,55,0,0,71,0,73,33,0,36,53,55,52,22,0;0,0,80,0,0,38,0,39,0,0,51,69,0,35,47,63,0,0,61,0,40,0,0,0,29,41,54,0,0,35;20,0,0,49,0,0,36,57,0,0,0,0,38,0,0,23,78,59,70,55,0,80,24,0,0,31,55,78,0,0;0,69,59,0,34,0,57,79,0,0,0,0,0,24,0,55,0,69,45,0,54,32,30,30,56,79,40,24,0,28;80,51,33,35,0,61,0,60,80,48,48,0,0,0,0,80,0,0,47,45,0,52,0,73,0,61,48,78,58,80;45,33,0,0,0,0,0,0,0,22,34,46,78,0,41,61,0,57,78,22,0,34,25,0,62,62,0,0,74,27;24,0,46,71,0,64,0,26,0,25,75,64,0,0,0,48,0,0,0,47,55,34,0,47,0,28,0,79,0,0;27,0,71,78,30,0,0,0,23,78,62,59,0,0,60,0,0,0,21,73,0,60,53,0,0,0,51,54,53,80;57,65,54,54,59,41,0,68,0,52,0,78,0,35,0,25,30,0,0,47,0,0,44,0,73,0,37,68,67,43;35,0,39,0,46,42,0,56,76,0,80,55,77,0,0,25,26,0,0,0,25,61,26,70,45,78,0,52,67,0;52,0,55,31,50,67,0,0,32,0,0,0,22,66,0,37,27,54,27,48,69,0,0,41,77,66,0,53,0,44;71,67,0,32,69,26,34,21,51,20,61,0,47,80,30,50,55,52,21,23,79,36,42,77,0,0,72,28,0,24;0,36,30,0,0,0,0,75,0,57,73,0,0,62,35,0,0,32,36,70,41,69,73,62,55,46,0,0,22,0;66,39,0,41,0,75,0,78,0,0,0,60,0,0,0,40,0,54,73,56,0,0,0,0,72,0,0,79,59,57;71,57,0,30,54,70,43,59,0,32,29,0,55,30,0,49,21,0,0,34,50,0,63,27,0,0,54,0,66,62;0,0,0,0,78,52,40,53,0,56,0,0,38,51,76,0,0,0,40,0,34,0,0,0,0,22,32,0,0,36;43,0,21,0,0,58,73,24,80,45,48,66,0,78,0,33,0,80,46,0,71,0,68,32,0,72,0,62,41,37;65,43,0,62,39,0,0,75,0,0,0,48,0,72,50,73,25,0,0,73,71,76,61,58,35,37,52,0,32,62;0,0,0,0,0,80,0,0,0,0,0,45,44,30,21,0,0,64,0,80,33,52,79,0,0,38,21,31,58,0;0,0,52,70,21,0,0,26,34,33,0,78,0,69,47,30,0,0,0,0,0,57,48,0,77,56,58,0,0,33;37,0,0,21,40,0,20,58,0,43,28,80,0,0,79,0,67,0,0,67,0,45,37,0,49,45,71,0,0,66;0,74,0,79,0,0,0,0,0,77,70,78,65,0,34,0,0,0,69,78,37,0,72,58,0,66,0,0,0,34;80,69,69,58,0,26,47,60,54,44,0,47,57,60,0,0,26,71,0,0,44,21,0,38,66,31,0,65,59,38;0,63,65,56,0,64,50,0,41,0,0,59,0,0,0,37,57,34,40,0,38,0,38,0,26,41,0,0,0,25;0,39,0,0,54,0,45,0,57,48,0,0,29,50,80,25,0,0,49,23,0,0,0,36,0,0,45,0,0,42;0,0,0,53,51,60,33,49,0,0,66,0,43,29,0,76,66,75,62,42,0,0,45,39,24,0,0,80,59,50;38,0,36,0,0,35,77,0,0,37,73,60,66,0,0,74,80,69,80,0,35,41,75,56,0,0,0,0,24,28;65,66,37,42,0,47,54,47,37,49,75,61,49,78,0,0,31,0,0,54,0,34,30,43,0,35,80,0,54,75;76,0,56,0,25,46,0,55,72,47,22,66,75,55,21,0,43,56,79,43,27,0,0,77,62,0,33,0,0,22;43,0,0,55,0,0,0,0,73,64,0,22,77,0,80,0,0,0,0,0,0,0,79,24,0,40,63,0,52,0
0,0,24,0,0,0,22,0,40,40,0,28,23,21,0,0,24,0,0,35,0,37,20,0,39,37,38,32,37,0;0,0,24,0,0,39,0,40,0,0,21,38,0,29,31,22,0,0,32,0,34,0,0,0,38,26,25,0,0,25;36,0,0,22,0,0,37,24,0,0,0,0,21,0,0,25,27,32,22,36,0,35,37,0,0,31,22,21,0,0;0,20,20,0,40,0,25,29,0,0,0,0,0,21,0,30,0,26,31,0,20,37,39,36,37,20,35,39,0,23;36,34,25,23,0,32,0,20,32,28,36,0,0,0,0,31,0,0,20,37,0,34,0,26,0,39,27,33,33,33;35,30,0,0,0,0,0,0,0,24,32,22,33,0,27,26,0,34,38,23,0,27,25,0,31,21,0,0,24,28;24,0,20,20,0,22,0,31,0,23,25,35,0,0,0,32,0,0,0,29,29,36,0,21,0,30,0,26,0,0;24,0,37,40,32,0,0,0,28,34,29,27,0,0,37,0,0,0,23,21,0,23,35,0,0,0,21,31,21,33;33,29,25,31,37,22,0,35,0,34,0,29,0,24,0,28,24,0,0,24,0,0,37,0,23,0,28,26,26,33;38,0,24,0,40,35,0,33,23,0,29,27,34,0,0,37,34,0,0,0,32,29,28,20,26,36,0,38,24,0;39,0,28,31,24,36,0,0,26,0,0,0,22,32,0,22,36,32,35,23,23,0,0,35,21,35,0,28,0,38;32,20,0,36,40,30,38,31,25,40,33,0,36,40,22,23,40,38,21,20,39,26,22,40,0,0,31,27,0,29;0,29,34,0,0,0,0,31,0,39,20,0,0,30,38,0,0,20,39,30,38,26,21,39,29,24,0,0,38,0;26,20,0,34,0,20,0,35,0,0,0,25,0,0,0,36,0,22,29,25,0,0,0,0,33,0,0,27,36,29;34,20,0,29,20,35,20,39,0,21,32,0,40,28,0,40,23,0,0,29,29,0,34,39,0,0,37,0,24,29;0,0,0,0,24,30,39,38,0,40,0,0,21,25,20,0,0,0,24,0,33,0,0,0,0,38,32,0,0,37;33,0,40,0,0,23,37,32,38,39,36,34,0,27,0,33,0,33,30,0,30,0,22,17,0,23,0,39,30,25;39,25,0,34,22,0,0,24,0,0,0,27,0,30,31,24,27,0,0,26,28,23,29,28,34,34,34,0,26,22;0,0,0,0,0,32,0,0,0,0,0,30,37,39,28,0,0,24,0,32,27,22,26,0,0,37,36,29,38,0;0,0,23,38,20,0,0,29,31,34,0,22,0,40,30,20,0,0,0,0,0,25,39,0,40,36,24,0,0,39;36,0,0,35,21,0,24,33,0,30,29,35,0,0,36,0,28,0,0,31,0,32,31,0,28,36,26,0,0,29;0,29,0,40,0,0,0,0,0,27,24,25,40,0,31,0,0,0,25,34,37,0,36,21,0,21,0,0,0,36;29,23,21,29,0,29,36,20,36,39,0,40,26,26,0,0,23,32,0,0,21,20,0,35,30,32,0,21,22,24;0,32,22,39,0,25,28,0,24,0,0,30,0,0,0,35,21,23,37,0,28,0,32,0,20,38,0,0,0,26;0,32,0,0,24,0,26,0,29,37,0,0,36,39,32,29,0,0,30,33,0,0,0,26,0,0,39,0,0,28;0,0,0,25,23,27,27,32,0,0,35,0,33,36,0,27,22,25,21,40,0,0,21,29,34,0,0,21,23,37;24,0,36,0,0,23,22,0,0,30,36,21,33,0,0,29,25,36,40,0,25,36,22,37,0,0,0,0,33,26;32,40,39,27,0,29,36,29,40,37,31,23,21,37,0,0,39,0,0,39,0,36,23,26,0,27,24,0,32,28;40,0,37,0,32,25,0,23,23,27,29,34,25,24,32,0,32,28,28,28,34,0,0,31,24,0,30,0,0,31;30,0,0,31,0,0,0,0,26,30,0,40,27,0,33,0,0,0,0,0,0,0,23,24,0,38,40,0,27,0
-60,10,0,19,26,-7,0,0,0,0,0,0,25,0,0,-4,0,0,0,0,27,-24,0,-23,13,0,18,0,0,-20
------------- End of Scenario k = 4 -------
0,0,48,0,0,0,31,0,70,51,0,24,28,60,0,0,76,0,0,75,0,47,28,0,40,67,64,77,34,0;0,0,80,0,0,40,0,74,0,0,72,28,0,56,42,31,0,0,74,0,67,0,0,0,50,50,56,0,0,77;47,0,0,55,0,0,69,20,0,0,0,0,55,0,0,39,64,43,60,58,0,80,52,0,0,25,52,42,0,0;0,49,46,0,35,0,80,32,0,0,0,0,0,80,0,80,0,26,79,0,77,29,51,65,69,68,56,41,0,30;45,65,22,80,0,30,0,28,75,22,68,0,0,0,0,50,0,0,75,38,0,80,0,46,0,56,32,47,65,20;75,43,0,0,0,0,0,0,0,30,55,37,60,0,45,79,0,21,74,74,0,38,63,0,67,43,0,0,24,22;80,0,78,38,0,23,0,53,0,74,49,66,0,0,0,64,0,0,0,38,75,60,0,30,0,56,0,24,0,0;58,0,38,40,77,0,0,0,45,73,67,72,0,0,63,0,0,0,32,23,0,80,30,0,0,0,76,20,29,44;36,22,31,67,43,32,0,53,0,26,0,37,0,74,0,29,34,0,0,65,0,0,70,0,58,0,26,78,62,55;80,0,71,0,56,21,0,65,21,0,80,79,52,0,0,58,37,0,0,0,27,59,28,54,73,50,0,44,34,0;68,0,66,29,32,39,0,0,56,0,0,0,24,23,0,38,49,38,50,47,77,0,0,74,46,35,0,42,0,42;50,38,0,28,39,55,48,33,25,43,65,0,63,68,43,60,55,25,49,54,80,47,30,62,0,0,72,77,0,78;0,48,57,0,0,0,0,52,0,44,31,0,0,60,77,0,0,49,68,53,70,62,25,38,55,75,0,0,30,0;73,36,0,47,0,39,0,20,0,0,0,51,0,0,0,75,0,33,44,42,0,0,0,0,67,0,0,67,51,50;45,45,0,44,22,39,74,32,0,72,47,0,28,67,0,80,80,0,0,64,24,0,54,38,0,0,52,0,75,76;0,0,0,0,55,38,32,48,0,24,0,0,67,61,72,0,0,0,41,0,31,0,0,0,0,58,70,0,0,32;27,0,67,0,0,76,66,75,79,39,40,47,0,51,0,54,0,80,41,0,41,0,58,63,0,71,0,77,33,41;57,21,0,77,66,0,0,22,0,0,0,42,0,38,76,40,36,0,0,71,44,64,56,59,79,45,38,0,21,28;0,0,0,0,0,78,0,0,0,0,0,72,59,34,53,0,0,78,0,71,20,54,37,0,0,41,77,78,59,0;0,0,26,33,60,0,0,59,57,46,0,58,0,55,29,42,0,0,0,0,0,27,40,0,58,41,80,0,0,30;62,0,0,65,30,0,41,39,0,57,33,80,0,0,49,0,49,0,0,44,0,62,41,0,63,44,65,0,0,51;0,61,0,34,0,0,0,0,0,46,38,21,23,0,33,0,0,0,28,65,68,0,59,39,0,79,0,0,0,75;36,44,71,38,0,45,24,78,60,62,0,21,21,62,0,0,47,40,0,0,28,65,0,77,28,80,0,49,48,80;0,55,20,72,0,36,55,0,20,0,0,39,0,0,0,80,34,71,30,0,73,0,48,0,74,29,0,0,0,35;0,72,0,0,30,0,55,0,60,79,0,0,26,34,31,35,0,0,44,33,0,0,0,49,0,0,79,0,0,65;0,0,0,59,65,26,32,75,0,0,66,0,37,42,0,24,54,24,26,66,0,0,66,34,50,0,0,80,34,35;58,0,27,0,0,39,68,0,0,40,73,39,72,0,0,39,71,48,80,0,44,43,52,80,0,0,0,0,68,22;41,73,21,51,0,55,79,56,40,33,56,35,60,28,0,0,45,0,0,48,0,47,70,20,0,46,21,0,80,28;75,0,54,0,30,53,0,75,29,37,47,74,23,62,54,0,44,34,37,62,52,0,0,69,69,0,55,0,0,32;60,0,0,80,0,0,0,0,46,27,0,58,80,0,29,0,0,0,0,0,0,0,55,75,0,52,29,0,36,0
0,0,35,0,0,0,30,0,23,36,0,39,32,20,0,0,23,0,0,24,0,25,32,0,36,36,30,29,26,0;0,0,22,0,0,37,0,24,0,0,38,27,0,24,25,33,0,0,35,0,30,0,0,0,25,39,32,0,0,36;24,0,0,27,0,0,33,27,0,0,0,0,25,0,0,20,35,35,24,28,0,33,38,0,0,25,25,32,0,0;0,27,31,0,39,0,30,26,0,0,0,0,0,31,0,24,0,37,36,0,25,29,25,21,20,39,21,31,0,32;18,29,23,33,0,31,0,29,32,33,40,0,0,0,0,17,0,0,28,25,0,29,0,30,0,28,39,28,37,24;20,34,0,0,0,0,0,0,0,36,20,35,28,0,28,30,0,36,26,31,0,36,30,0,20,33,0,0,22,24;22,0,33,36,0,26,0,33,0,36,40,26,0,0,0,31,0,0,0,33,20,28,0,36,0,31,0,23,0,0;25,0,38,38,39,0,0,0,26,20,27,38,0,0,20,0,0,0,30,29,0,39,22,0,0,0,31,39,26,36;35,31,31,29,30,39,0,23,0,23,0,31,0,27,0,22,26,0,0,28,0,0,22,0,39,0,34,37,32,27;38,0,28,0,38,40,0,22,32,0,18,34,34,0,0,31,31,0,0,0,39,25,38,22,35,38,0,22,39,0;29,0,30,30,29,33,0,0,32,0,0,0,21,26,0,38,36,29,37,22,37,0,0,31,32,31,0,40,0,40;37,38,0,21,25,40,26,38,21,25,31,0,20,17,33,40,38,28,38,27,39,32,26,26,0,0,31,31,0,36;0,27,23,0,0,0,0,29,0,22,22,0,0,25,21,0,0,25,34,28,39,30,33,31,29,35,0,0,34,0;26,24,0,31,0,22,0,28,0,0,0,35,0,0,0,29,0,40,34,23,0,0,0,0,36,0,0,38,31,29;37,31,0,32,36,21,39,25,0,33,24,0,22,27,0,36,14,0,0,30,23,0,29,26,0,0,37,0,22,33;0,0,0,0,24,35,39,36,0,40,0,0,37,30,21,0,0,0,24,0,23,0,0,0,0,39,27,0,0,21;38,0,25,0,0,36,20,25,36,27,35,23,0,21,0,31,0,34,31,0,40,0,27,28,0,29,0,32,29,31;29,21,0,22,32,0,0,26,0,0,0,28,0,24,37,40,28,0,0,39,36,38,21,22,30,22,36,0,29,37;0,0,0,0,0,33,0,0,0,0,0,37,20,30,22,0,0,31,0,25,31,40,24,0,0,35,32,39,33,0;0,0,38,26,32,0,0,28,26,34,0,20,0,29,27,30,0,0,0,0,0,23,29,0,39,37,20,0,0,22;33,0,0,23,32,0,26,32,0,28,38,33,0,0,22,0,21,0,0,26,0,33,24,0,40,36,26,0,0,28;0,22,0,20,0,0,0,0,0,33,26,36,35,0,40,0,0,0,37,29,31,0,29,20,0,32,0,0,0,38;31,25,35,28,0,35,24,39,39,36,0,27,29,26,0,0,24,26,0,0,23,35,0,39,39,20,0,31,22,40;0,20,38,21,0,32,33,0,23,0,0,30,0,0,0,21,20,35,26,0,21,0,20,0,33,40,0,0,0,33;0,27,0,0,30,0,22,0,32,26,0,0,27,26,16,28,0,0,37,30,0,0,0,33,0,0,27,0,0,34;0,0,0,26,39,35,20,38,0,0,36,0,38,21,0,31,36,31,39,35,0,0,31,38,35,0,0,32,27,23;24,0,39,0,0,27,38,0,0,38,30,38,22,0,0,28,30,36,32,0,24,31,39,19,0,0,0,0,35,24;29,30,37,31,0,26,31,28,30,24,25,22,33,30,0,0,22,0,0,38,0,38,29,33,0,22,34,0,22,22;29,0,29,0,23,26,0,24,21,27,39,39,39,23,20,0,40,27,36,33,34,0,0,37,27,0,33,0,0,26;33,0,0,33,0,0,0,0,39,20,0,24,29,0,24,0,0,0,0,0,0,0,40,37,0,26,31,0,34,0
-34,10,0,19,15,-6,0,0,0,0,0,0,17,0,0,-8,0,0,0,0,12,-29,0,-14,14,0,18,0,0,-14
------------- End of Scenario k = 5 -------
0,0,53,0,0,0,54,0,47,74,0,37,45,40,0,0,76,0,0,58,0,26,72,0,31,61,22,30,80,0;0,0,25,0,0,25,0,54,0,0,71,59,0,73,48,78,0,0,41,0,62,0,0,0,27,64,31,0,0,37;71,0,0,50,0,0,59,46,0,0,0,0,74,0,0,60,42,30,61,29,0,80,31,0,0,20,53,25,0,0;0,61,76,0,21,0,80,49,0,0,0,0,0,20,0,80,0,67,23,0,27,36,59,77,64,50,22,40,0,47;51,58,23,32,0,74,0,42,52,68,55,0,0,0,0,80,0,0,76,33,0,80,0,80,0,41,73,20,53,67;50,67,0,0,0,0,0,0,0,41,62,37,22,0,33,38,0,55,51,32,0,63,72,0,57,26,0,0,68,40;80,0,66,76,0,80,0,80,0,31,24,63,0,0,0,31,0,0,0,64,27,56,0,49,0,67,0,20,0,0;45,0,41,76,27,0,0,0,59,73,52,62,0,0,53,0,0,0,30,73,0,80,48,0,0,0,64,80,58,80;27,56,50,24,80,21,0,61,0,49,0,77,0,75,0,65,29,0,0,21,0,0,20,0,65,0,61,73,26,41;79,0,56,0,42,44,0,46,68,0,31,27,80,0,0,46,46,0,0,0,37,63,27,39,51,41,0,36,34,0;29,0,29,57,79,21,0,0,69,0,0,0,57,31,0,63,72,51,66,69,32,0,0,23,42,31,0,29,0,36;80,65,0,78,40,26,59,80,46,80,33,0,47,46,80,63,78,55,45,54,25,74,72,61,0,0,56,77,0,74;0,69,40,0,0,0,0,32,0,72,30,0,0,41,38,0,0,65,73,37,44,63,56,29,65,78,0,0,21,0;53,64,0,49,0,27,0,80,0,0,0,45,0,0,0,48,0,71,54,39,0,0,0,0,27,0,0,73,57,37;30,40,0,66,56,80,33,61,0,51,37,0,75,54,0,80,59,0,0,76,46,0,61,21,0,0,44,0,47,79;0,0,0,0,59,32,67,49,0,24,0,0,72,34,58,0,0,0,64,0,47,0,0,0,0,80,49,0,0,49;49,0,61,0,0,69,79,72,22,47,78,32,0,67,0,46,0,33,29,0,32,0,71,49,0,76,0,20,80,35;74,66,0,71,63,0,0,57,0,0,0,60,0,75,77,27,44,0,0,55,78,23,51,70,76,31,54,0,53,64;0,0,0,0,0,21,0,0,0,0,0,51,57,25,20,0,0,30,0,63,63,25,32,0,0,56,67,57,76,0;0,0,59,66,66,0,0,29,36,23,0,27,0,74,66,34,0,0,0,0,0,21,80,0,31,29,76,0,0,80;76,0,0,68,70,0,66,68,0,71,63,80,0,0,54,0,37,0,0,32,0,60,46,0,80,68,70,0,0,62;0,74,0,28,0,0,0,0,0,39,46,50,42,0,77,0,0,0,58,78,63,0,52,34,0,35,0,0,0,59;37,76,46,76,0,80,54,43,53,68,0,75,23,42,0,0,59,49,0,0,68,75,0,70,31,31,0,24,34,80;0,39,74,78,0,61,78,0,48,0,0,45,0,0,0,50,47,53,43,0,55,0,75,0,40,52,0,0,0,60;0,68,0,0,28,0,68,0,73,53,0,0,52,39,61,64,0,0,44,57,0,0,0,60,0,0,43,0,0,65;0,0,0,80,26,59,79,38,0,0,44,0,65,54,0,32,64,77,40,38,0,0,39,62,61,0,0,80,43,36;73,0,74,0,0,27,77,0,0,25,74,68,73,0,0,69,60,46,37,0,28,69,59,80,0,0,0,0,34,80;66,53,34,78,0,33,44,70,71,73,71,50,28,51,0,0,56,0,0,24,0,53,68,64,0,44,35,0,76,61;25,0,30,0,50,63,0,39,46,44,68,63,49,79,27,0,40,29,53,22,65,0,0,55,40,0,39,0,0,64;55,0,0,65,0,0,0,0,54,57,0,31,36,0,50,0,0,0,0,0,0,0,58,24,0,44,22,0,67,0
0,0,26,0,0,0,32,0,27,29,0,33,32,37,0,0,24,0,0,24,0,24,40,0,37,33,28,20,28,0;0,0,23,0,0,25,0,23,0,0,37,35,0,37,30,29,0,0,32,0,34,0,0,0,31,37,26,0,0,31;28,0,0,34,0,0,35,29,0,0,0,0,39,0,0,25,25,32,34,21,0,29,34,0,0,36,28,31,0,0;0,32,32,0,27,0,28,20,0,0,0,0,0,40,0,25,0,30,22,0,26,38,35,37,26,34,35,29,0,39;33,37,37,32,0,38,0,35,27,39,36,0,0,0,0,34,0,0,40,21,0,32,0,39,0,22,31,27,20,29;28,26,0,0,0,0,0,0,0,23,40,36,40,0,26,33,0,24,33,29,0,28,37,0,37,28,0,0,21,40;31,0,32,39,0,38,0,39,0,27,21,23,0,0,0,27,0,0,0,29,25,30,0,34,0,23,0,23,0,0;34,0,27,29,40,0,0,0,29,29,21,32,0,0,26,0,0,0,20,20,0,34,28,0,0,0,37,35,23,33;35,34,36,24,25,39,0,37,0,24,0,38,0,26,0,22,22,0,0,38,0,0,23,0,39,0,34,28,30,23;30,0,28,0,21,33,0,20,21,0,32,31,28,0,0,32,28,0,0,0,37,40,23,35,39,24,0,40,40,0;28,0,38,20,33,38,0,0,29,0,0,0,34,38,0,30,36,20,37,33,33,0,0,23,23,27,0,29,0,24;20,26,0,32,39,26,40,26,31,27,23,0,25,31,31,34,25,32,27,27,37,38,25,37,0,0,29,33,0,33;0,21,32,0,0,0,0,24,0,35,25,0,0,23,26,0,0,39,40,28,28,30,23,35,29,25,0,0,23,0;21,35,0,25,0,35,0,22,0,0,0,26,0,0,0,26,0,32,37,20,0,0,0,0,20,0,0,32,32,37;25,22,0,20,25,31,22,21,0,26,26,0,24,21,0,38,37,0,0,37,20,0,34,28,0,0,26,0,34,37;0,0,0,0,28,24,34,35,0,28,0,0,38,39,33,0,0,0,29,0,36,0,0,0,0,20,28,0,0,26;31,0,37,0,0,33,24,30,34,22,40,30,0,25,0,39,0,26,22,0,20,0,27,27,0,33,0,36,34,24;21,35,0,25,20,0,0,31,0,0,0,32,0,25,33,31,39,0,0,40,40,38,31,24,30,21,22,0,33,29;0,0,0,0,0,17,0,0,0,0,0,28,21,20,39,0,0,34,0,29,28,35,40,0,0,31,28,25,39,0;0,0,39,30,20,0,0,38,20,29,0,32,0,22,35,20,0,0,0,0,0,38,16,0,24,21,30,0,0,28;39,0,0,32,34,0,24,23,0,35,33,19,0,0,34,0,33,0,0,24,0,21,35,0,35,22,32,0,0,21;0,21,0,26,0,0,0,0,0,24,33,39,36,0,25,0,0,0,24,21,29,0,31,26,0,24,0,0,0,24;20,22,21,32,0,40,31,30,22,22,0,21,24,20,0,0,36,31,0,0,24,37,0,40,39,29,0,39,37,21;0,40,27,23,0,37,23,0,39,0,0,35,0,0,0,37,39,33,38,0,35,0,28,0,30,31,0,0,0,21;0,39,0,0,23,0,31,0,30,40,0,0,37,38,28,27,0,0,40,34,0,0,0,35,0,0,38,0,0,39;0,0,0,26,33,27,28,23,0,0,40,0,29,26,0,23,20,21,34,32,0,0,32,31,35,0,0,15,26,40;30,0,28,0,0,22,37,0,0,31,28,30,35,0,0,38,26,35,26,0,21,40,24,40,0,0,0,0,39,29;33,39,31,30,0,38,28,36,23,22,40,38,29,37,0,0,22,0,0,35,0,35,24,38,0,21,24,0,30,40;23,0,39,0,35,33,0,21,37,30,39,29,36,25,36,0,25,37,32,32,33,0,0,35,33,0,34,0,0,29;39,0,0,37,0,0,0,0,21,36,0,29,33,0,22,0,0,0,0,0,0,0,40,25,0,34,26,0,25,0
-61,14,0,24,27,-10,0,0,0,0,0,0,25,0,0,-10,0,0,0,0,17,-26,0,-19,21,0,14,0,0,-16
------------- End of Scenario k = 6 -------
0,0,34,0,0,0,71,0,69,32,0,63,21,53,0,0,32,0,0,74,0,80,49,0,40,27,39,79,71,0;0,0,34,0,0,24,0,63,0,0,55,73,0,46,31,34,0,0,26,0,50,0,0,0,76,31,50,0,0,52;31,0,0,65,0,0,57,36,0,0,0,0,79,0,0,58,20,80,49,56,0,80,51,0,0,24,62,57,0,0;0,21,49,0,69,0,30,71,0,0,0,0,0,66,0,65,0,77,74,0,52,47,25,71,66,43,68,51,0,57;80,28,73,57,0,29,0,36,80,75,68,0,0,0,0,80,0,0,72,60,0,67,0,80,0,22,41,25,63,80;39,60,0,0,0,0,0,0,0,58,68,35,40,0,26,52,0,68,78,73,0,24,41,0,72,66,0,0,50,57;80,0,26,64,0,71,0,80,0,32,31,59,0,0,0,22,0,0,0,40,60,24,0,71,0,20,0,66,0,0;80,0,52,36,49,0,0,0,63,52,34,47,0,0,55,0,0,0,39,69,0,80,71,0,0,0,42,41,43,32;64,33,72,72,33,41,0,40,0,27,0,24,0,43,0,67,80,0,0,67,0,0,22,0,69,0,42,79,76,69;80,0,31,0,44,38,0,58,50,0,52,26,60,0,0,50,51,0,0,0,42,20,68,30,38,64,0,35,28,0;52,0,30,68,58,78,0,0,73,0,0,0,72,67,0,37,53,74,78,51,62,0,0,75,66,60,0,78,0,45;80,51,0,44,64,49,43,44,47,35,65,0,52,36,35,30,32,78,24,75,62,64,43,80,0,0,52,33,0,47;0,31,26,0,0,0,0,64,0,80,40,0,0,27,74,0,0,22,63,55,57,42,57,28,61,74,0,0,70,0;22,44,0,70,0,57,0,36,0,0,0,78,0,0,0,29,0,39,59,55,0,0,0,0,79,0,0,71,27,51;37,35,0,39,49,80,29,48,0,73,34,0,55,45,0,28,80,0,0,46,22,0,23,35,0,0,21,0,53,38;0,0,0,0,60,75,34,45,0,76,0,0,30,37,72,0,0,0,41,0,75,0,0,0,0,80,47,0,0,34;72,0,69,0,0,65,21,59,78,65,22,31,0,71,0,20,0,80,22,0,24,0,62,80,0,80,0,65,34,65;41,70,0,77,37,0,0,62,0,0,0,27,0,24,63,67,75,0,0,76,70,73,42,42,66,45,52,0,65,52;0,0,0,0,0,80,0,0,0,0,0,42,79,51,74,0,0,42,0,80,55,45,40,0,0,76,34,54,35,0;0,0,62,62,52,0,0,20,35,31,0,26,0,31,44,78,0,0,0,0,0,51,65,0,39,74,35,0,0,22;26,0,0,33,68,0,50,37,0,75,67,80,0,0,29,0,70,0,0,54,0,28,60,0,41,64,76,0,0,34;0,77,0,27,0,0,0,0,0,30,48,72,71,0,60,0,0,0,43,28,24,0,56,57,0,24,0,0,0,33;66,36,32,34,0,59,54,79,26,27,0,53,59,35,0,0,31,59,0,0,71,70,0,61,51,46,0,23,30,80;0,24,31,62,0,29,56,0,36,0,0,26,0,0,0,72,39,68,24,0,58,0,41,0,31,77,0,0,0,77;0,21,0,0,32,0,40,0,63,77,0,0,29,36,80,78,0,0,34,54,0,0,0,43,0,0,23,0,0,40;0,0,0,21,22,49,52,27,0,0,77,0,30,28,0,73,24,43,80,71,0,0,66,77,62,0,0,32,44,77;68,0,45,0,0,70,39,0,0,47,77,67,56,0,0,70,26,60,80,0,52,44,42,67,0,0,0,0,46,30;42,35,72,66,0,78,52,23,44,42,66,60,26,49,0,0,34,0,0,34,0,70,57,66,0,52,53,0,80,25;77,0,60,0,77,49,0,48,50,23,68,55,49,25,61,0,63,62,33,20,44,0,0,78,38,0,37,0,0,23;24,0,0,48,0,0,0,0,40,70,0,35,41,0,63,0,0,0,0,0,0,0,42,62,0,54,23,0,62,0
0,0,33,0,0,0,33,0,38,26,0,28,34,31,0,0,33,0,0,32,0,27,30,0,35,40,39,37,20,0;0,0,32,0,0,37,0,23,0,0,30,20,0,26,29,36,0,0,35,0,31,0,0,0,26,24,24,0,0,31;23,0,0,37,0,0,30,36,0,0,0,0,37,0,0,33,34,27,31,25,0,14,21,0,0,21,31,29,0,0;0,33,38,0,38,0,17,38,0,0,0,0,0,34,0,28,0,29,35,0,35,30,20,40,38,24,40,39,0,27;28,29,25,25,0,38,0,23,31,34,31,0,0,0,0,40,0,0,33,29,0,25,0,30,0,33,38,31,20,40;29,40,0,0,0,0,0,0,0,32,26,30,37,0,33,26,0,27,30,23,0,20,27,0,29,32,0,0,38,29;17,0,20,30,0,36,0,15,0,32,22,35,0,0,0,40,0,0,0,23,21,35,0,35,0,34,0,23,0,0;38,0,39,21,35,0,0,0,27,31,31,30,0,0,27,0,0,0,29,27,0,24,40,0,0,0,34,28,40,32;20,28,29,29,20,38,0,30,0,32,0,37,0,30,0,23,39,0,0,31,0,0,29,0,25,0,28,34,36,24;19,0,20,0,38,29,0,30,21,0,36,28,21,0,0,37,31,0,0,0,25,36,26,21,28,38,0,24,20,0;25,0,21,40,21,28,0,0,27,0,0,0,24,34,0,36,20,20,26,33,24,0,0,38,40,37,0,34,0,25;31,30,0,34,36,40,20,34,40,21,36,0,38,12,24,34,32,22,30,21,36,33,37,40,0,0,35,40,0,34;0,27,32,0,0,0,0,35,0,15,34,0,0,22,29,0,0,23,30,40,39,33,31,24,31,40,0,0,40,0;22,38,0,35,0,39,0,29,0,0,0,21,0,0,0,35,0,24,30,24,0,0,0,0,33,0,0,38,25,24;23,29,0,31,36,40,32,39,0,29,27,0,29,28,0,33,33,0,0,31,27,0,30,32,0,0,24,0,27,27;0,0,0,0,32,27,26,30,0,40,0,0,34,21,24,0,0,0,30,0,38,0,0,0,0,40,26,0,0,22;40,0,23,0,0,27,21,30,24,23,40,32,0,35,0,22,0,40,29,0,31,0,26,37,0,29,0,30,40,36;40,31,0,30,25,0,0,39,0,0,0,22,0,36,33,26,30,0,0,23,21,38,37,35,21,34,31,0,24,25;0,0,0,0,0,32,0,0,0,0,0,29,37,31,20,0,0,37,0,39,35,25,38,0,0,33,24,39,30,0;0,0,28,25,29,0,0,31,20,40,0,37,0,37,20,31,0,0,0,0,0,27,36,0,24,25,32,0,0,26;34,0,0,22,26,0,32,24,0,40,29,12,0,0,24,0,33,0,0,20,0,25,21,0,40,32,39,0,0,32;0,37,0,31,0,0,0,0,0,33,23,25,23,0,30,0,0,0,27,20,25,0,22,32,0,22,0,0,0,30;26,20,37,40,0,35,30,39,39,36,0,25,31,33,0,0,26,31,0,0,28,26,0,33,26,29,0,39,26,22;0,25,31,32,0,34,29,0,24,0,0,25,0,0,0,29,27,21,36,0,39,0,37,0,30,24,0,0,0,30;0,28,0,0,34,0,22,0,25,40,0,0,37,36,34,39,0,0,36,37,0,0,0,23,0,0,34,0,0,35;0,0,0,20,34,25,24,23,0,0,35,0,33,27,0,37,36,29,30,34,0,0,33,30,24,0,0,36,28,31;29,0,37,0,0,37,34,0,0,38,22,37,29,0,0,24,26,25,29,0,30,32,28,40,0,0,0,0,32,36;35,37,31,38,0,34,22,20,30,23,38,28,22,28,0,0,35,0,0,33,0,30,27,25,0,22,30,0,22,40;20,0,29,0,30,31,0,23,35,23,26,35,34,36,30,0,30,36,24,29,34,0,0,31,39,0,39,0,0,25;25,0,0,34,0,0,0,0,39,30,0,29,23,0,30,0,0,0,0,0,0,0,35,34,0,27,36,0,23,0
-36,14,0,10,25,-20,0,0,0,0,0,0,14,0,0,-13,0,0,0,0,11,-28,0,-14,30,0,21,0,0,-14
------------- End of Scenario k = 7 -------
0,0,20,0,0,0,62,0,74,40,0,61,24,53,0,0,24,0,0,47,0,60,76,0,21,78,71,80,36,0;0,0,44,0,0,47,0,76,0,0,33,68,0,26,21,32,0,0,46,0,35,0,0,0,41,45,74,0,0,31;78,0,0,59,0,0,73,29,0,0,0,0,46,0,0,60,23,79,76,37,0,38,75,0,0,67,35,29,0,0;0,52,32,0,35,0,80,27,0,0,0,0,0,44,0,59,0,69,37,0,43,62,23,71,34,52,54,23,0,45;80,32,67,72,0,32,0,61,77,60,79,0,0,0,0,58,0,0,41,34,0,49,0,34,0,57,26,55,50,80;50,56,0,0,0,0,0,0,0,53,53,39,29,0,65,67,0,62,56,36,0,51,43,0,31,65,0,0,40,23;55,0,39,59,0,41,0,80,0,31,71,53,0,0,0,33,0,0,0,74,65,38,0,57,0,70,0,65,0,0;79,0,33,25,49,0,0,0,26,76,24,47,0,0,30,0,0,0,28,54,0,80,79,0,0,0,55,55,49,80;60,78,61,61,75,27,0,64,0,76,0,28,0,68,0,23,61,0,0,49,0,0,47,0,34,0,43,79,21,69;67,0,35,0,50,63,0,32,28,0,44,53,38,0,0,52,43,0,0,0,26,80,46,30,76,42,0,79,58,0;24,0,33,59,31,77,0,0,77,0,0,0,50,59,0,60,69,56,70,67,38,0,0,62,46,42,0,69,0,67;27,74,0,36,65,79,62,53,40,32,25,0,31,80,45,50,67,34,55,30,42,50,49,74,0,0,33,45,0,32;0,37,74,0,0,0,0,30,0,80,49,0,0,47,36,0,0,68,74,61,25,30,46,32,40,22,0,0,47,0;20,22,0,49,0,22,0,21,0,0,0,33,0,0,0,22,0,38,35,42,0,0,0,0,22,0,0,48,23,44;57,51,0,71,78,24,57,28,0,30,36,0,73,34,0,80,29,0,0,70,23,0,78,78,0,0,52,0,59,35;0,0,0,0,25,59,53,61,0,51,0,0,31,41,24,0,0,0,20,0,73,0,0,0,0,51,54,0,0,51;37,0,33,0,0,38,65,30,72,24,50,63,0,62,0,70,0,22,53,0,44,0,73,32,0,23,0,27,70,58;32,55,0,67,75,0,0,47,0,0,0,53,0,51,42,76,72,0,0,54,68,77,51,75,80,55,45,0,68,41;0,0,0,0,0,80,0,0,0,0,0,54,38,63,45,0,0,69,0,80,69,79,57,0,0,25,56,21,20,0;0,0,52,48,31,0,0,29,73,37,0,42,0,54,57,71,0,0,0,0,0,26,80,0,37,71,35,0,0,20;61,0,0,48,34,0,58,71,0,41,71,80,0,0,45,0,25,0,0,76,0,68,36,0,29,31,64,0,0,45;0,25,0,30,0,0,0,0,0,66,37,52,34,0,70,0,0,0,69,24,71,0,74,35,0,43,0,0,0,78;80,53,72,21,0,39,34,57,38,58,0,62,32,31,0,0,47,29,0,0,33,69,0,47,52,80,0,70,74,65;0,50,71,39,0,56,45,0,46,0,0,80,0,0,0,74,77,26,30,0,66,0,68,0,68,54,0,0,0,61;0,65,0,0,41,0,26,0,28,32,0,0,35,49,80,48,0,0,79,72,0,0,0,74,0,0,37,0,0,56;0,0,0,26,44,27,37,69,0,0,21,0,57,55,0,66,46,69,36,69,0,0,72,48,22,0,0,61,21,47;54,0,31,0,0,40,26,0,0,66,54,77,57,0,0,67,55,36,80,0,69,56,36,78,0,0,0,0,35,77;43,55,53,59,0,22,35,48,23,78,40,58,62,36,0,0,73,0,0,25,0,79,65,41,0,37,76,0,80,69;55,0,36,0,44,76,0,35,77,49,66,26,27,55,46,0,46,65,46,73,25,0,0,68,52,0,20,0,0,35;43,0,0,66,0,0,0,0,21,68,0,62,65,0,50,0,0,0,0,0,0,0,20,77,0,34,73,0,70,0
0,0,28,0,0,0,33,0,28,25,0,20,23,30,0,0,26,0,0,32,0,24,40,0,22,22,39,24,33,0;0,0,38,0,0,28,0,26,0,0,25,31,0,28,35,21,0,0,39,0,29,0,0,0,29,32,34,0,0,25;28,0,0,28,0,0,38,34,0,0,0,0,39,0,0,23,40,26,37,31,0,32,29,0,0,33,31,22,0,0;0,31,36,0,22,0,29,33,0,0,0,0,0,21,0,32,0,39,24,0,20,27,25,39,32,24,24,26,0,36;40,40,27,24,0,31,0,33,35,32,28,0,0,0,0,22,0,0,26,20,0,36,0,15,0,22,32,36,31,32;22,38,0,0,0,0,0,0,0,26,22,22,26,0,22,39,0,21,27,38,0,28,34,0,39,27,0,0,38,25;39,0,39,37,0,29,0,34,0,26,31,21,0,0,0,39,0,0,0,39,28,35,0,27,0,37,0,37,0,0;24,0,32,40,33,0,0,0,39,28,40,28,0,0,36,0,0,0,27,34,0,35,29,0,0,0,29,34,38,38;39,30,25,21,33,39,0,27,0,26,0,31,0,37,0,30,27,0,0,39,0,0,28,0,24,0,22,36,37,39;26,0,32,0,27,23,0,22,36,0,33,33,35,0,0,29,37,0,0,0,29,26,20,36,32,32,0,38,33,0;33,0,39,34,25,24,0,0,25,0,0,0,26,38,0,20,36,25,27,25,22,0,0,31,26,23,0,20,0,34;37,29,0,34,35,25,39,26,32,32,25,0,37,35,23,38,21,21,26,32,20,37,39,37,0,0,28,24,0,21;0,38,32,0,0,0,0,37,0,28,32,0,0,37,40,0,0,36,21,36,22,32,26,34,22,24,0,0,38,0;24,39,0,25,0,30,0,32,0,0,0,24,0,0,0,23,0,25,30,37,0,0,0,0,36,0,0,30,27,28;26,21,0,28,25,35,39,40,0,22,29,0,37,34,0,40,23,0,0,37,26,0,33,26,0,0,35,0,33,33;0,0,0,0,34,30,33,24,0,30,0,0,22,32,28,0,0,0,33,0,21,0,0,0,0,36,39,0,0,27;24,0,40,0,0,30,32,21,30,32,21,33,0,20,0,37,0,30,21,0,37,0,22,20,0,32,0,38,23,21;34,35,0,39,20,0,0,26,0,0,0,27,0,26,39,22,28,0,0,27,27,20,36,29,36,25,21,0,25,29;0,0,0,0,0,25,0,0,0,0,0,34,28,28,38,0,0,24,0,31,29,29,26,0,0,33,34,23,25,0;0,0,40,32,24,0,0,25,34,34,0,37,0,27,27,28,0,0,0,0,0,21,30,0,25,21,33,0,0,24;32,0,0,22,23,0,22,37,0,25,28,33,0,0,33,0,40,0,0,26,0,22,28,0,36,40,34,0,0,33;0,21,0,37,0,0,0,0,0,21,40,39,28,0,37,0,0,0,36,21,37,0,32,20,0,39,0,0,0,40;30,27,23,33,0,32,28,24,30,25,0,32,27,29,0,0,31,21,0,0,40,26,0,26,37,28,0,25,36,36;0,24,28,26,0,32,25,0,30,0,0,39,0,0,0,23,27,30,37,0,31,0,25,0,37,29,0,0,0,22;0,29,0,0,30,0,38,0,21,23,0,0,26,35,32,20,0,0,27,23,0,0,0,40,0,0,27,0,0,32;0,0,0,28,38,37,35,21,0,0,36,0,25,28,0,31,22,35,32,20,0,0,24,36,21,0,0,33,20,22;27,0,23,0,0,27,25,0,0,37,27,34,26,0,0,32,39,32,31,0,33,33,29,27,0,0,0,0,27,35;35,27,27,35,0,38,25,38,26,38,26,31,21,34,0,0,40,0,0,38,0,30,35,23,0,20,20,0,35,27;32,0,39,0,24,28,0,40,23,29,22,22,27,21,24,0,29,29,26,29,23,0,0,24,36,0,20,0,0,26;21,0,0,24,0,0,0,0,37,36,0,22,29,0,33,0,0,0,0,0,0,0,38,37,0,38,32,0,24,0
-54,23,0,28,15,-11,0,0,0,0,0,0,23,0,0,-25,0,0,0,0,30,-50,0,-6,15,0,24,0,0,-12
------------- End of Scenario k = 8 -------
0,0,51,0,0,0,71,0,49,52,0,44,37,32,0,0,70,0,0,79,0,30,50,0,59,71,23,47,54,0;0,0,31,0,0,37,0,61,0,0,53,37,0,73,25,56,0,0,74,0,77,0,0,0,78,72,68,0,0,77;68,0,0,55,0,0,77,75,0,0,0,0,55,0,0,41,25,46,50,30,0,76,52,0,0,22,27,42,0,0;0,48,45,0,71,0,63,77,0,0,0,0,0,35,0,40,0,25,80,0,38,54,27,40,24,40,62,45,0,77;80,43,55,42,0,23,0,60,80,61,75,0,0,0,0,28,0,0,40,53,0,80,0,42,0,36,71,62,37,80;39,63,0,0,0,0,0,0,0,55,66,63,34,0,45,27,0,77,58,48,0,61,61,0,24,65,0,0,42,20;56,0,75,77,0,68,0,43,0,36,49,76,0,0,0,46,0,0,0,59,69,28,0,53,0,25,0,54,0,0;46,0,66,75,64,0,0,0,43,70,51,30,0,0,80,0,0,0,39,59,0,34,54,0,0,0,27,46,38,35;72,20,78,79,58,39,0,59,0,28,0,57,0,52,0,26,77,0,0,48,0,0,71,0,57,0,52,23,38,28;80,0,38,0,45,73,0,37,77,0,80,46,69,0,0,35,74,0,0,0,27,72,27,33,71,63,0,43,58,0;46,0,66,68,31,57,0,0,72,0,0,0,44,29,0,28,50,67,25,48,22,0,0,32,73,40,0,70,0,27;80,50,0,37,29,61,27,43,42,71,78,0,39,62,33,49,51,21,68,28,50,79,30,49,0,0,51,78,0,25;0,44,40,0,0,0,0,27,0,80,36,0,0,75,64,0,0,28,68,55,46,28,32,76,52,67,0,0,54,0;79,66,0,27,0,34,0,73,0,0,0,43,0,0,0,31,0,67,59,33,0,0,0,0,30,0,0,71,52,21;31,54,0,47,23,21,64,57,0,35,67,0,42,74,0,80,34,0,0,40,56,0,46,32,0,0,63,0,57,78;0,0,0,0,21,77,55,34,0,74,0,0,50,70,32,0,0,0,32,0,49,0,0,0,0,60,39,0,0,42;56,0,35,0,0,37,60,72,57,35,66,79,0,75,0,58,0,80,66,0,20,0,33,80,0,73,0,44,57,66;22,76,0,25,51,0,0,71,0,0,0,60,0,43,40,24,55,0,0,24,71,35,49,47,77,61,56,0,72,34;0,0,0,0,0,80,0,0,0,0,0,34,45,72,75,0,0,26,0,34,33,80,20,0,0,73,73,37,21,0;0,0,52,78,73,0,0,42,23,23,0,21,0,68,49,64,0,0,0,0,0,48,55,0,62,51,78,0,0,71;43,0,0,25,56,0,66,50,0,59,39,80,0,0,70,0,22,0,0,41,0,70,51,0,65,27,75,0,0,60;0,45,0,45,0,0,0,0,0,60,33,37,33,0,70,0,0,0,48,47,23,0,36,57,0,42,0,0,0,32;43,68,49,58,0,77,39,34,75,57,0,52,49,20,0,0,26,72,0,0,55,41,0,46,69,54,0,29,60,80;0,44,49,47,0,74,32,0,66,0,0,24,0,0,0,28,75,43,29,0,43,0,67,0,37,29,0,0,0,39;0,58,0,0,22,0,69,0,41,68,0,0,22,61,74,39,0,0,67,60,0,0,0,49,0,0,41,0,0,77;0,0,0,62,79,60,62,32,0,0,36,0,23,49,0,77,69,69,34,71,0,0,78,32,57,0,0,76,45,56;49,0,79,0,0,76,57,0,0,57,49,80,35,0,0,67,23,30,80,0,68,61,75,80,0,0,0,0,78,47;36,33,55,28,0,26,44,67,56,36,23,68,47,43,0,0,38,0,0,75,0,24,53,74,0,73,36,0,44,22;63,0,35,0,35,60,0,20,60,32,41,56,51,41,61,0,31,50,48,68,57,0,0,67,24,0,34,0,0,26;47,0,0,48,0,0,0,0,31,69,0,22,52,0,56,0,0,0,0,0,0,0,71,31,0,65,52,0,74,0
0,0,24,0,0,0,29,0,29,40,0,40,24,35,0,0,27,0,0,25,0,25,24,0,31,20,22,20,31,0;0,0,37,0,0,31,0,38,0,0,28,27,0,40,39,40,0,0,25,0,30,0,0,0,31,40,32,0,0,33;23,0,0,36,0,0,23,30,0,0,0,0,22,0,0,38,25,30,26,25,0,29,37,0,0,23,22,22,0,0;0,35,21,0,37,0,32,37,0,0,0,0,0,29,0,18,0,23,20,0,24,35,30,30,23,28,23,22,0,28;40,22,39,31,0,21,0,28,22,28,36,0,0,0,0,24,0,0,20,31,0,40,0,24,0,24,39,32,32,26;28,27,0,0,0,0,0,0,0,33,30,22,29,0,39,33,0,31,31,20,0,23,30,0,36,29,0,0,38,26;38,0,22,28,0,34,0,16,0,32,34,32,0,0,0,20,0,0,0,34,36,27,0,31,0,31,0,31,0,0;24,0,20,30,24,0,0,0,28,34,20,23,0,0,24,0,0,0,36,30,0,38,24,0,0,0,22,28,22,19;38,38,28,20,27,40,0,36,0,20,0,20,0,25,0,29,31,0,0,30,0,0,21,0,38,0,38,30,29,32;27,0,29,0,36,22,0,23,34,0,29,37,31,0,0,33,34,0,0,0,35,35,26,26,25,40,0,26,29,0;27,0,24,20,39,21,0,0,20,0,0,0,23,38,0,20,37,25,38,25,36,0,0,30,24,39,0,38,0,31;40,30,0,30,23,32,21,20,30,23,29,0,39,26,27,27,31,27,27,28,25,31,27,27,0,0,37,29,0,26;0,25,29,0,0,0,0,22,0,33,35,0,0,23,40,0,0,33,27,36,21,23,35,33,34,36,0,0,35,0;38,37,0,23,0,40,0,38,0,0,0,20,0,0,0,21,0,33,28,38,0,0,0,0,29,0,0,38,25,28;21,39,0,32,21,33,33,22,0,28,23,0,37,20,0,37,24,0,0,39,21,0,24,21,0,0,28,0,20,36;0,0,0,0,38,23,28,24,0,22,0,0,33,38,40,0,0,0,22,0,27,0,0,0,0,33,31,0,0,33;32,0,31,0,0,25,35,29,20,20,23,26,0,24,0,22,0,22,40,0,32,0,22,18,0,39,0,23,34,39;28,27,0,24,20,0,0,21,0,0,0,29,0,40,28,21,29,0,0,26,30,23,26,33,40,24,35,0,38,30;0,0,0,0,0,34,0,0,0,0,0,36,30,26,26,0,0,24,0,31,29,34,30,0,0,30,33,34,31,0;0,0,40,29,33,0,0,38,20,31,0,32,0,26,24,37,0,0,0,0,0,35,32,0,40,39,30,0,0,34;35,0,0,34,25,0,31,31,0,40,33,27,0,0,40,0,40,0,0,26,0,33,21,0,34,20,26,0,0,24;0,31,0,32,0,0,0,0,0,35,33,27,36,0,26,0,0,0,39,24,31,0,39,33,0,23,0,0,0,28;24,24,20,21,0,37,24,37,29,29,0,20,27,23,0,0,28,34,0,0,36,38,0,30,38,30,0,22,35,35;0,32,37,22,0,21,23,0,24,0,0,31,0,0,0,39,33,29,37,0,37,0,30,0,25,36,0,0,0,20;0,33,0,0,22,0,33,0,39,32,0,0,23,21,21,39,0,0,29,26,0,0,0,38,0,0,34,0,0,26;0,0,0,26,38,20,23,39,0,0,26,0,27,37,0,40,31,30,23,22,0,0,37,23,20,0,0,38,39,27;20,0,26,0,0,35,40,0,0,24,27,34,27,0,0,20,23,26,36,0,40,29,36,40,0,0,0,0,26,26;33,26,36,37,0,37,40,32,23,36,35,36,40,27,0,0,37,0,0,36,0,31,20,39,0,36,22,0,32,35;22,0,33,0,40,32,0,37,22,27,40,20,25,39,20,0,30,26,26,34,36,0,0,37,26,0,31,0,0,26;35,0,0,21,0,0,0,0,26,25,0,33,22,0,36,0,0,0,0,0,0,0,33,26,0,39,38,0,38,0
-45,29,0,14,16,-6,0,0,0,0,0,0,24,0,0,-15,0,0,0,0,20,-49,0,-25,13,0,30,0,0,-6
------------- End of Scenario k = 9 -------
