/ -------------------------------------------------------------------------
An instance of the stochastic Fixed - charge Network Flow Problem using NETGEN.
/ -------------------------------------------------------------------------
Number of Nodes (no Dummy node is added), n
Graph Density, density
The fixed cost to variable cost ratio, f
Adjacency Matrix, A
Fixed Cost Matrix, c
Number of scenarios, K
Scenario Probabilities, p
----The following three rows will be repeated K times.----
Var Cost Matrix, d
Capacity, u
demand, b
/ -------------------------------------------------------------------------
+
10
0.6
200
0,1,1,0,0,0,0,1,1,1;1,0,1,0,1,1,0,1,1,1;0,1,0,1,1,0,1,1,0,1;0,1,1,0,0,0,0,0,1,1;0,1,0,0,0,1,0,1,1,1;1,0,1,0,1,0,1,1,1,1;0,1,0,1,1,0,0,1,1,0;0,1,1,1,1,0,1,0,0,1;0,1,0,1,0,0,0,0,0,0;1,1,0,1,1,1,1,1,0,0
0,10130,8270,0,0,0,0,7900,11160,10570;9600,0,12080,0,10380,11380,0,8250,10310,9070;0,10700,0,9080,13469,0,11550,10410,0,9920;0,10240,10000,0,0,0,0,0,9640,10180;0,11560,0,0,0,12470,0,8890,10490,10730;10710,0,11060,0,10870,0,14260,9690,11320,9120;0,9970,0,10220,10140,0,0,11230,10810,0;0,10880,10180,8800,8580,0,12030,0,0,12490;0,9580,0,9830,0,0,0,0,0,0;14240,10280,0,10400,10830,9600,8950,10390,0,0
20
0.02,0.05,0.02,0.07,0.02,0.05,0.02,0.02,0.02,0.1,0.1,0.02,0.02,0.1,0.02,0.1,0.02,0.05,0.07,0.11
--Scenarios--
0,29,78,0,0,0,0,25,60,64;27,0,56,0,69,78,0,64,54,63;0,59,0,23,80,0,76,80,0,51;0,23,23,0,0,0,0,0,24,47;0,65,0,0,0,80,0,21,34,56;66,0,47,0,72,0,80,47,75,62;0,52,0,22,52,0,0,73,39,0;0,34,30,54,34,0,61,0,0,80;0,65,0,34,0,0,0,0,0,0;80,67,0,54,24,28,48,73,0,0
0,26,28,0,0,0,0,38,35,37;33,0,40,0,40,38,0,22,36,34;0,36,0,36,39,0,24,26,0,36;0,35,38,0,0,0,0,0,20,24;0,27,0,0,0,33,0,38,40,32;35,0,24,0,32,0,31,31,32,35;0,37,0,31,35,0,0,40,40,0;0,21,37,30,30,0,24,0,0,31;0,26,0,27,0,0,0,0,0,0;30,30,0,37,21,26,36,36,0,0
-30,30,0,0,0,0,0,0,0,0
------------- End of Scenario k = 0 -------
0,35,28,0,0,0,0,38,20,76;32,0,80,0,52,64,0,50,69,22;0,41,0,51,80,0,79,60,0,78;0,36,21,0,0,0,0,0,29,46;0,75,0,0,0,20,0,35,72,66;57,0,35,0,45,0,80,56,79,77;0,75,0,38,29,0,0,36,61,0;0,43,60,77,51,0,61,0,0,80;0,61,0,44,0,0,0,0,0,0;80,56,0,41,35,39,32,44,0,0
0,33,32,0,0,0,0,22,23,31;32,0,14,0,30,37,0,21,36,20;0,38,0,24,15,0,22,31,0,37;0,39,21,0,0,0,0,0,29,38;0,31,0,0,0,38,0,33,38,37;35,0,24,0,30,0,40,32,29,31;0,20,0,40,25,0,0,34,20,0;0,27,38,22,24,0,32,0,0,27;0,35,0,27,0,0,0,0,0,0;26,31,0,28,26,40,30,28,0,0
-10,10,0,0,0,0,0,0,0,0
------------- End of Scenario k = 1 -------
0,64,26,0,0,0,0,23,72,52;64,0,80,0,46,26,0,55,71,30;0,55,0,53,30,0,73,21,0,34;0,59,49,0,0,0,0,0,76,66;0,68,0,0,0,80,0,49,63,66;44,0,79,0,44,0,79,40,53,50;0,66,0,43,46,0,0,80,54,0;0,78,48,73,75,0,42,0,0,75;0,43,0,37,0,0,0,0,0,0;48,70,0,52,48,20,57,29,0,0
0,26,38,0,0,0,0,36,28,40;23,0,27,0,39,38,0,30,39,20;0,30,0,26,39,0,22,20,0,40;0,32,29,0,0,0,0,0,32,37;0,25,0,0,0,33,0,35,37,30;33,0,32,0,25,0,29,32,24,33;0,24,0,28,29,0,0,34,22,0;0,26,38,28,35,0,30,0,0,34;0,34,0,23,0,0,0,0,0,0;36,28,0,38,36,30,38,33,0,0
-26,26,0,0,0,0,0,0,0,0
------------- End of Scenario k = 2 -------
0,28,26,0,0,0,0,20,43,48;34,0,80,0,62,53,0,54,40,56;0,80,0,44,23,0,77,75,0,56;0,68,56,0,0,0,0,0,30,33;0,54,0,0,0,44,0,60,49,71;53,0,48,0,53,0,72,60,50,73;0,75,0,66,29,0,0,66,70,0;0,63,40,47,37,0,71,0,0,80;0,26,0,27,0,0,0,0,0,0;42,21,0,77,62,29,56,45,0,0
0,37,25,0,0,0,0,31,22,40;30,0,39,0,27,34,0,28,28,21;0,35,0,23,30,0,31,32,0,32;0,32,32,0,0,0,0,0,28,29;0,37,0,0,0,32,0,20,39,29;28,0,33,0,29,0,34,26,22,38;0,27,0,32,21,0,0,34,28,0;0,29,34,40,22,0,26,0,0,33;0,23,0,27,0,0,0,0,0,0;31,24,0,37,25,23,31,20,0,0
-19,19,0,0,0,0,0,0,0,0
------------- End of Scenario k = 3 -------
0,66,37,0,0,0,0,32,71,35;66,0,41,0,49,68,0,24,56,28;0,71,0,24,79,0,64,30,0,29;0,42,63,0,0,0,0,0,49,72;0,75,0,0,0,80,0,65,57,59;39,0,43,0,20,0,29,24,50,60;0,42,0,69,60,0,0,31,68,0;0,67,58,48,44,0,75,0,0,33;0,20,0,67,0,0,0,0,0,0;80,73,0,53,62,72,54,79,0,0
0,40,39,0,0,0,0,32,33,25;29,0,38,0,23,24,0,40,21,34;0,28,0,31,35,0,29,39,0,23;0,33,20,0,0,0,0,0,20,39;0,25,0,0,0,27,0,35,39,37;39,0,25,0,23,0,30,21,27,32;0,33,0,28,27,0,0,24,32,0;0,30,38,25,23,0,33,0,0,26;0,35,0,30,0,0,0,0,0,0;29,33,0,25,27,33,34,22,0,0
-22,22,0,0,0,0,0,0,0,0
------------- End of Scenario k = 4 -------
0,24,43,0,0,0,0,39,29,43;77,0,75,0,53,56,0,20,58,40;0,21,0,21,80,0,36,78,0,78;0,30,69,0,0,0,0,0,62,28;0,27,0,0,0,80,0,40,35,60;53,0,79,0,65,0,80,42,36,44;0,32,0,77,67,0,0,46,71,0;0,39,37,22,51,0,37,0,0,80;0,23,0,53,0,0,0,0,0,0;80,21,0,29,29,21,39,48,0,0
0,29,38,0,0,0,0,40,38,39;28,0,31,0,40,32,0,28,20,33;0,39,0,30,27,0,24,24,0,25;0,34,32,0,0,0,0,0,25,24;0,25,0,0,0,29,0,31,30,31;37,0,35,0,39,0,23,23,38,30;0,34,0,26,40,0,0,32,37,0;0,38,20,34,36,0,36,0,0,23;0,23,0,30,0,0,0,0,0,0;38,24,0,33,20,40,37,28,0,0
-15,15,0,0,0,0,0,0,0,0
------------- End of Scenario k = 5 -------
0,56,34,0,0,0,0,36,66,76;70,0,21,0,78,77,0,28,43,34;0,45,0,20,80,0,34,57,0,39;0,75,42,0,0,0,0,0,78,63;0,77,0,0,0,80,0,66,76,58;20,0,71,0,68,0,80,77,71,45;0,35,0,40,27,0,0,75,20,0;0,41,38,44,76,0,76,0,0,59;0,79,0,78,0,0,0,0,0,0;80,74,0,28,32,78,45,52,0,0
0,24,38,0,0,0,0,33,34,34;25,0,38,0,30,25,0,36,36,30;0,30,0,38,30,0,26,22,0,26;0,24,32,0,0,0,0,0,33,27;0,36,0,0,0,35,0,39,37,24;22,0,20,0,21,0,30,38,35,38;0,27,0,36,35,0,0,26,34,0;0,38,39,29,29,0,36,0,0,30;0,32,0,25,0,0,0,0,0,0;25,38,0,33,21,28,35,26,0,0
-25,25,0,0,0,0,0,0,0,0
------------- End of Scenario k = 6 -------
0,70,21,0,0,0,0,34,26,37;21,0,36,0,38,74,0,30,25,54;0,47,0,78,80,0,75,60,0,34;0,44,58,0,0,0,0,0,76,39;0,47,0,0,0,38,0,47,23,27;56,0,59,0,47,0,80,34,36,27;0,44,0,21,44,0,0,80,76,0;0,49,39,33,22,0,50,0,0,80;0,46,0,76,0,0,0,0,0,0;76,49,0,47,60,80,30,71,0,0
0,30,36,0,0,0,0,36,23,38;40,0,27,0,23,29,0,28,36,33;0,25,0,28,37,0,29,20,0,20;0,40,24,0,0,0,0,0,39,34;0,36,0,0,0,24,0,35,38,37;22,0,38,0,36,0,24,35,27,31;0,37,0,30,27,0,0,39,21,0;0,35,35,25,24,0,32,0,0,27;0,32,0,37,0,0,0,0,0,0;16,32,0,26,37,36,35,28,0,0
-13,13,0,0,0,0,0,0,0,0
------------- End of Scenario k = 7 -------
0,60,53,0,0,0,0,31,29,42;34,0,80,0,43,63,0,67,24,25;0,32,0,35,80,0,74,55,0,30;0,69,35,0,0,0,0,0,34,50;0,65,0,0,0,45,0,50,60,74;36,0,54,0,59,0,80,34,20,44;0,51,0,56,25,0,0,80,49,0;0,74,60,30,32,0,52,0,0,63;0,78,0,64,0,0,0,0,0,0;80,58,0,77,67,79,60,58,0,0
0,29,39,0,0,0,0,40,36,30;23,0,25,0,39,21,0,33,36,32;0,24,0,20,40,0,27,27,0,32;0,29,27,0,0,0,0,0,31,31;0,32,0,0,0,33,0,35,34,29;20,0,40,0,23,0,23,24,40,34;0,22,0,26,29,0,0,40,38,0;0,26,21,25,31,0,40,0,0,38;0,27,0,25,0,0,0,0,0,0;39,36,0,24,38,24,28,27,0,0
-22,22,0,0,0,0,0,0,0,0
------------- End of Scenario k = 8 -------
0,52,21,0,0,0,0,22,74,75;30,0,80,0,20,46,0,21,33,33;0,46,0,31,80,0,51,38,0,66;0,70,53,0,0,0,0,0,25,57;0,64,0,0,0,61,0,39,24,59;65,0,36,0,80,0,80,68,48,32;0,34,0,74,71,0,0,52,50,0;0,49,65,42,25,0,51,0,0,25;0,23,0,40,0,0,0,0,0,0;80,37,0,23,45,20,24,52,0,0
0,23,31,0,0,0,0,25,40,36;39,0,27,0,20,38,0,22,34,36;0,26,0,23,27,0,26,20,0,38;0,32,24,0,0,0,0,0,37,24;0,36,0,0,0,24,0,31,33,37;30,0,20,0,26,0,33,36,21,29;0,33,0,31,29,0,0,37,37,0;0,24,22,39,21,0,32,0,0,40;0,34,0,29,0,0,0,0,0,0;26,27,0,39,23,38,31,35,0,0
-22,22,0,0,0,0,0,0,0,0
------------- End of Scenario k = 9 -------
0,62,22,0,0,0,0,67,55,59;27,0,29,0,65,46,0,31,79,72;0,59,0,74,49,0,59,26,0,22;0,79,63,0,0,0,0,0,60,30;0,21,0,0,0,33,0,66,39,31;68,0,63,0,66,0,80,55,57,23;0,37,0,76,71,0,0,73,53,0;0,41,22,27,56,0,72,0,0,38;0,45,0,36,0,0,0,0,0,0;80,27,0,75,71,52,65,33,0,0
0,25,29,0,0,0,0,24,30,25;39,0,38,0,28,23,0,38,28,27;0,24,0,39,34,0,33,31,0,34;0,23,22,0,0,0,0,0,33,22;0,25,0,0,0,32,0,35,23,25;24,0,36,0,24,0,34,27,21,30;0,40,0,24,38,0,0,27,36,0;0,34,21,25,39,0,38,0,0,29;0,40,0,25,0,0,0,0,0,0;34,32,0,33,22,27,25,30,0,0
-27,27,0,0,0,0,0,0,0,0
------------- End of Scenario k = 10 -------
0,35,38,0,0,0,0,66,72,59;61,0,80,0,62,72,0,40,53,24;0,73,0,44,80,0,43,49,0,51;0,47,59,0,0,0,0,0,33,41;0,64,0,0,0,49,0,35,78,63;39,0,74,0,33,0,80,53,70,31;0,36,0,55,51,0,0,25,70,0;0,33,73,72,32,0,61,0,0,80;0,33,0,31,0,0,0,0,0,0;80,79,0,51,65,25,46,72,0,0
0,40,25,0,0,0,0,23,26,21;36,0,38,0,21,30,0,30,29,21;0,21,0,27,30,0,26,25,0,36;0,32,27,0,0,0,0,0,25,20;0,23,0,0,0,35,0,21,35,40;39,0,26,0,30,0,33,26,33,22;0,23,0,40,27,0,0,34,23,0;0,24,37,23,29,0,39,0,0,30;0,22,0,32,0,0,0,0,0,0;38,25,0,36,39,32,39,35,0,0
-27,27,0,0,0,0,0,0,0,0
------------- End of Scenario k = 11 -------
0,37,47,0,0,0,0,41,51,37;33,0,31,0,50,74,0,24,45,52;0,75,0,42,80,0,36,48,0,54;0,65,30,0,0,0,0,0,71,67;0,58,0,0,0,80,0,23,27,58;22,0,73,0,67,0,80,79,35,63;0,80,0,37,56,0,0,23,36,0;0,71,78,51,22,0,62,0,0,55;0,22,0,45,0,0,0,0,0,0;25,77,0,49,77,70,55,57,0,0
0,24,30,0,0,0,0,36,38,40;35,0,18,0,28,26,0,26,29,35;0,38,0,34,27,0,31,25,0,37;0,23,30,0,0,0,0,0,34,27;0,36,0,0,0,32,0,23,31,22;31,0,30,0,39,0,28,31,39,34;0,34,0,28,25,0,0,20,22,0;0,25,24,34,40,0,31,0,0,40;0,27,0,24,0,0,0,0,0,0;39,25,0,32,20,23,21,40,0,0
-17,17,0,0,0,0,0,0,0,0
------------- End of Scenario k = 12 -------
0,62,60,0,0,0,0,79,69,46;26,0,53,0,74,44,0,71,44,53;0,45,0,79,23,0,70,31,0,58;0,25,30,0,0,0,0,0,35,65;0,47,0,0,0,80,0,45,37,36;78,0,40,0,39,0,41,27,69,74;0,53,0,70,54,0,0,80,44,0;0,69,72,44,42,0,62,0,0,80;0,79,0,51,0,0,0,0,0,0;80,21,0,42,44,61,50,54,0,0
0,35,36,0,0,0,0,25,37,27;32,0,40,0,21,22,0,21,25,34;0,35,0,27,32,0,20,27,0,26;0,40,40,0,0,0,0,0,32,23;0,20,0,0,0,19,0,36,37,23;24,0,33,0,25,0,20,32,37,30;0,29,0,32,33,0,0,26,40,0;0,29,27,30,36,0,30,0,0,34;0,22,0,33,0,0,0,0,0,0;22,23,0,27,39,26,23,20,0,0
-14,14,0,0,0,0,0,0,0,0
------------- End of Scenario k = 13 -------
0,24,37,0,0,0,0,22,39,46;57,0,68,0,21,28,0,52,42,35;0,71,0,76,80,0,32,55,0,61;0,64,28,0,0,0,0,0,38,31;0,21,0,0,0,80,0,50,28,55;67,0,46,0,45,0,79,61,79,57;0,22,0,63,63,0,0,40,65,0;0,74,43,31,24,0,55,0,0,69;0,61,0,73,0,0,0,0,0,0;80,30,0,77,69,25,23,71,0,0
0,28,23,0,0,0,0,31,32,24;35,0,23,0,33,31,0,24,35,31;0,22,0,37,35,0,27,22,0,31;0,21,23,0,0,0,0,0,32,30;0,37,0,0,0,38,0,30,33,26;29,0,22,0,37,0,26,27,31,29;0,28,0,36,34,0,0,22,22,0;0,22,40,34,29,0,26,0,0,23;0,21,0,21,0,0,0,0,0,0;25,26,0,27,21,20,24,40,0,0
-20,20,0,0,0,0,0,0,0,0
------------- End of Scenario k = 14 -------
0,38,23,0,0,0,0,37,80,47;78,0,41,0,37,20,0,30,75,67;0,32,0,79,80,0,52,46,0,45;0,53,43,0,0,0,0,0,41,75;0,73,0,0,0,80,0,36,80,44;56,0,29,0,48,0,80,57,78,22;0,65,0,74,70,0,0,35,71,0;0,55,59,34,46,0,80,0,0,78;0,20,0,52,0,0,0,0,0,0;80,38,0,74,45,79,49,21,0,0
0,23,23,0,0,0,0,35,36,29;33,0,19,0,30,26,0,39,39,28;0,22,0,37,25,0,39,26,0,27;0,26,33,0,0,0,0,0,40,39;0,37,0,0,0,30,0,40,21,36;38,0,27,0,29,0,26,26,39,30;0,40,0,33,25,0,0,27,26,0;0,26,35,31,38,0,28,0,0,27;0,25,0,34,0,0,0,0,0,0;34,40,0,37,21,40,34,23,0,0
-19,19,0,0,0,0,0,0,0,0
------------- End of Scenario k = 15 -------
0,46,76,0,0,0,0,49,72,30;41,0,74,0,78,57,0,75,39,46;0,74,0,23,49,0,80,80,0,29;0,57,77,0,0,0,0,0,54,54;0,60,0,0,0,80,0,37,70,53;69,0,54,0,70,0,80,37,64,25;0,43,0,20,37,0,0,80,43,0;0,24,70,45,31,0,52,0,0,59;0,54,0,41,0,0,0,0,0,0;64,60,0,23,73,37,28,30,0,0
0,27,40,0,0,0,0,25,25,20;30,0,23,0,32,40,0,34,34,25;0,35,0,21,13,0,24,34,0,38;0,26,32,0,0,0,0,0,37,34;0,40,0,0,0,28,0,31,24,40;30,0,37,0,31,0,27,20,31,35;0,31,0,25,37,0,0,14,37,0;0,21,22,36,24,0,30,0,0,30;0,20,0,28,0,0,0,0,0,0;38,38,0,40,29,20,23,26,0,0
-12,12,0,0,0,0,0,0,0,0
------------- End of Scenario k = 16 -------
0,78,46,0,0,0,0,42,55,66;79,0,53,0,31,71,0,33,60,62;0,44,0,40,80,0,76,80,0,49;0,27,76,0,0,0,0,0,34,79;0,55,0,0,0,20,0,37,55,47;77,0,64,0,48,0,59,58,24,52;0,78,0,50,22,0,0,74,22,0;0,74,21,21,57,0,39,0,0,25;0,70,0,58,0,0,0,0,0,0;80,56,0,56,39,69,51,57,0,0
0,38,24,0,0,0,0,40,31,23;40,0,31,0,34,30,0,40,28,38;0,21,0,23,33,0,37,33,0,23;0,22,20,0,0,0,0,0,39,38;0,38,0,0,0,17,0,28,39,25;30,0,27,0,39,0,21,31,23,20;0,32,0,21,24,0,0,32,22,0;0,26,35,34,33,0,26,0,0,18;0,38,0,38,0,0,0,0,0,0;33,27,0,25,21,27,35,28,0,0
-17,17,0,0,0,0,0,0,0,0
------------- End of Scenario k = 17 -------
0,80,46,0,0,0,0,34,66,56;42,0,80,0,58,70,0,35,80,31;0,48,0,34,60,0,44,24,0,69;0,50,74,0,0,0,0,0,58,40;0,71,0,0,0,57,0,25,75,40;52,0,58,0,45,0,80,33,73,28;0,51,0,27,79,0,0,34,70,0;0,56,44,56,78,0,68,0,0,54;0,77,0,36,0,0,0,0,0,0;49,73,0,75,66,29,24,58,0,0
0,37,34,0,0,0,0,34,22,33;27,0,32,0,21,27,0,23,23,38;0,21,0,25,22,0,25,25,0,29;0,28,22,0,0,0,0,0,27,21;0,38,0,0,0,35,0,27,23,27;27,0,39,0,23,0,39,32,35,40;0,37,0,39,27,0,0,29,33,0;0,38,33,24,38,0,31,0,0,27;0,35,0,20,0,0,0,0,0,0;40,40,0,36,30,40,31,37,0,0
-19,19,0,0,0,0,0,0,0,0
------------- End of Scenario k = 18 -------
0,67,65,0,0,0,0,53,67,63;61,0,70,0,52,51,0,21,41,80;0,52,0,37,74,0,24,48,0,59;0,41,51,0,0,0,0,0,57,35;0,69,0,0,0,80,0,63,67,50;54,0,54,0,73,0,27,27,65,23;0,26,0,44,61,0,0,40,49,0;0,54,61,29,23,0,76,0,0,56;0,33,0,40,0,0,0,0,0,0;80,41,0,37,70,47,59,35,0,0
0,32,33,0,0,0,0,40,21,24;25,0,32,0,27,33,0,31,28,33;0,29,0,30,38,0,34,35,0,28;0,21,33,0,0,0,0,0,29,20;0,33,0,0,0,21,0,25,26,37;39,0,28,0,24,0,38,36,29,20;0,35,0,23,26,0,0,40,39,0;0,36,38,35,20,0,33,0,0,36;0,30,0,30,0,0,0,0,0,0;39,36,0,33,27,21,25,23,0,0
-19,19,0,0,0,0,0,0,0,0
------------- End of Scenario k = 19 -------
