/ -------------------------------------------------------------------------
An instance of the stochastic Fixed - charge Network Flow Problem using NETGEN.
/ -------------------------------------------------------------------------
Number of Nodes (no Dummy node is added), n
Graph Density, density
The fixed cost to variable cost ratio, f
Adjacency Matrix, A
Fixed Cost Matrix, c
Number of scenarios, K
Scenario Probabilities, p
----The following three rows will be repeated K times.----
Var Cost Matrix, d
Capacity, u
demand, b
/ -------------------------------------------------------------------------
+
30
0.3
200
0,0,1,0,0,0,0,0,0,0,0,1,1,1,0,0,0,1,0,0,0,1,0,1,0,0,1,0,1,0;1,0,1,0,0,0,1,1,0,0,1,0,0,0,0,1,1,0,0,0,1,0,0,0,0,1,0,1,0,0;1,0,0,1,0,0,0,0,1,0,0,1,0,0,0,0,1,0,0,1,0,0,1,0,0,0,0,0,0,1;0,0,1,0,0,0,0,0,0,0,0,0,0,0,1,0,1,1,0,0,0,0,0,1,0,1,1,1,0,0;0,1,1,0,0,1,0,0,1,1,1,1,0,0,0,1,1,0,1,0,0,0,1,1,0,1,0,0,1,0;0,0,1,1,0,0,0,0,1,0,0,0,1,0,0,1,1,0,0,0,1,0,0,1,0,0,0,0,0,1;0,1,0,1,1,1,0,0,0,0,0,0,0,1,0,1,0,1,0,0,1,0,0,0,0,0,0,0,1,0;0,0,0,1,0,0,0,0,0,0,1,1,0,0,0,0,0,0,1,0,1,0,0,0,0,0,0,0,1,1;0,1,0,1,0,1,1,0,0,0,0,1,1,0,0,0,0,0,1,0,0,0,0,0,0,0,0,0,0,1;1,0,1,1,0,1,0,1,1,0,0,1,0,0,1,0,0,0,1,0,0,0,0,1,0,1,1,0,0,0;0,1,0,0,0,0,1,0,1,0,0,0,0,1,1,0,1,1,0,0,0,0,1,0,1,0,0,0,0,0;1,0,0,0,0,1,0,0,0,0,0,0,0,1,0,0,0,1,0,0,0,0,0,0,1,1,0,0,0,0;1,0,0,1,0,1,0,0,0,1,0,1,0,0,0,0,0,1,0,0,1,0,0,1,0,0,0,0,0,0;0,0,0,1,0,1,0,0,0,0,0,1,0,0,0,1,1,0,0,0,0,1,1,0,0,1,0,0,1,0;0,0,0,1,1,0,0,0,0,1,1,0,0,1,0,1,0,1,0,0,0,0,0,0,0,1,0,0,1,0;1,0,0,1,0,1,0,1,1,0,0,1,0,1,0,0,0,0,1,0,0,0,0,1,0,0,0,0,0,0;1,0,0,1,0,0,0,1,1,0,0,0,0,0,1,0,0,1,0,1,1,0,0,0,0,0,0,0,0,0;0,1,0,0,0,0,1,0,0,0,1,0,1,0,0,1,0,0,1,0,1,0,0,0,0,1,0,0,0,1;0,0,0,1,1,0,0,0,0,1,0,0,0,0,0,0,0,1,0,1,1,0,0,1,1,0,1,0,0,0;0,1,0,1,0,0,0,0,1,0,0,0,0,0,0,0,0,0,0,0,0,1,0,0,0,1,0,0,0,0;1,0,0,0,0,0,0,1,0,0,0,0,0,0,1,0,0,0,0,1,0,1,0,0,0,1,1,0,0,1;0,1,0,1,0,0,0,0,0,0,0,0,1,0,0,0,0,0,0,0,1,0,1,0,0,0,0,0,1,0;0,0,0,0,0,0,0,0,0,1,0,1,0,0,0,0,1,0,0,1,1,1,0,1,0,0,0,0,0,0;1,0,0,0,0,0,1,1,0,1,0,1,1,0,1,1,1,1,0,0,0,1,0,0,1,0,1,0,1,1;0,0,0,1,0,0,0,0,1,1,1,0,0,0,1,0,0,0,0,0,0,0,1,0,0,0,1,1,0,0;0,1,0,0,0,0,0,1,0,0,0,0,0,1,0,0,1,1,0,0,0,0,0,0,0,0,0,1,1,1;1,1,0,0,1,0,0,0,0,1,0,0,1,0,0,0,0,0,0,1,0,0,0,1,0,0,0,1,0,0;0,0,0,1,0,0,1,0,1,1,1,1,0,1,1,0,1,0,0,1,0,1,1,0,0,0,0,0,1,0;1,1,0,0,0,0,0,1,1,0,0,1,0,1,0,0,0,0,1,0,0,0,1,0,0,1,0,1,0,1;0,0,0,0,0,0,0,0,0,0,0,0,0,0,0,0,0,0,0,0,1,0,0,0,0,0,1,0,0,0
0,0,9390,0,0,0,0,0,0,0,0,9600,8310,10730,0,0,0,10780,0,0,0,9690,0,9570,0,0,10680,0,11050,0;10420,0,12860,0,0,0,10450,10910,0,0,9700,0,0,0,0,13369,10790,0,0,0,10730,0,0,0,0,14200,0,8590,0,0;13160,0,0,12220,0,0,0,0,10250,0,0,9060,0,0,0,0,9900,0,0,9890,0,0,10570,0,0,0,0,0,0,12510;0,0,12050,0,0,0,0,0,0,0,0,0,0,0,10280,0,8520,9880,0,0,0,0,0,9770,0,10820,8990,11980,0,0;0,10250,11380,0,0,13540,0,0,10400,10470,9530,9700,0,0,0,10290,10840,0,9030,0,0,0,11160,11430,0,11290,0,0,10810,0;0,0,9980,9940,0,0,0,0,13590,0,0,0,10040,0,0,10710,10770,0,0,0,9660,0,0,9000,0,0,0,0,0,13700;0,10260,0,14619,12660,9630,0,0,0,0,0,0,0,10860,0,13190,0,10910,0,0,11440,0,0,0,0,0,0,0,10870,0;0,0,0,13550,0,0,0,0,0,0,8850,14050,0,0,0,0,0,0,10190,0,8870,0,0,0,0,0,0,0,10300,10060;0,9770,0,10130,0,10060,10430,0,0,0,0,10420,9810,0,0,0,0,0,10990,0,0,0,0,0,0,0,0,0,0,9660;12750,0,9690,13280,0,11180,0,11250,10410,0,0,9980,0,0,12030,0,0,0,9620,0,0,0,0,10520,0,12590,9490,0,0,0;0,9460,0,0,0,0,10930,0,10740,0,0,0,0,9290,11550,0,11840,9390,0,0,0,0,10390,0,10880,0,0,0,0,0;10050,0,0,0,0,10960,0,0,0,0,0,0,0,12080,0,0,0,11310,0,0,0,0,0,0,9390,8960,0,0,0,0;9250,0,0,11140,0,10060,0,0,0,11160,0,10030,0,0,0,0,0,8890,0,0,14240,0,0,10300,0,0,0,0,0,0;0,0,0,8680,0,8570,0,0,0,0,0,10020,0,0,0,12980,10540,0,0,0,0,9080,9740,0,0,13160,0,0,10200,0;0,0,0,10360,11380,0,0,0,0,11210,11280,0,0,9550,0,13530,0,10070,0,0,0,0,0,0,0,8540,0,0,9790,0;10280,0,0,9740,0,10030,0,11490,11340,0,0,9820,0,10810,0,0,0,0,10520,0,0,0,0,11490,0,0,0,0,0,0;11330,0,0,9500,0,0,0,10620,10440,0,0,0,0,0,10790,0,0,13340,0,11610,10840,0,0,0,0,0,0,0,0,0;0,9980,0,0,0,0,9310,0,0,0,10360,0,10750,0,0,9750,0,0,11560,0,8990,0,0,0,0,10750,0,0,0,14650;0,0,0,9900,10310,0,0,0,0,8059,0,0,0,0,0,0,0,11150,0,14019,12110,0,0,8380,8900,0,9780,0,0,0;0,9120,0,10280,0,0,0,0,9790,0,0,0,0,0,0,0,0,0,0,0,0,10580,0,0,0,8500,0,0,0,0;9990,0,0,0,0,0,0,8720,0,0,0,0,0,0,9520,0,0,0,0,8880,0,13310,0,0,0,11050,8830,0,0,10040;0,9620,0,14019,0,0,0,0,0,0,0,0,9580,0,0,0,0,0,0,0,10290,0,12930,0,0,0,0,0,10090,0;0,0,0,0,0,0,0,0,0,8830,0,10420,0,0,0,0,10440,0,0,9690,10340,8770,0,12230,0,0,0,0,0,0;13150,0,0,0,0,0,9120,9930,0,9770,0,9040,9360,0,11040,11940,9390,10100,0,0,0,9840,0,0,11810,0,9220,0,10690,10920;0,0,0,10280,0,0,0,0,10690,11360,10210,0,0,0,11200,0,0,0,0,0,0,0,10040,0,0,0,13460,10730,0,0;0,10810,0,0,0,0,0,9910,0,0,0,0,0,9590,0,0,10650,10970,0,0,0,0,0,0,0,0,0,10280,10860,10710;8560,9250,0,0,10320,0,0,0,0,10860,0,0,10240,0,0,0,0,0,0,11650,0,0,0,9560,0,0,0,13750,0,0;0,0,0,10130,0,0,10760,0,11000,9790,9330,11140,0,9070,10830,0,10220,0,0,10240,0,8780,10430,0,0,0,0,0,14680,0;9560,9660,0,0,0,0,0,9600,9730,0,0,9220,0,9830,0,0,0,0,9770,0,0,0,9780,0,0,9340,0,9370,0,9680;0,0,0,0,0,0,0,0,0,0,0,0,0,0,0,0,0,0,0,0,9950,0,0,0,0,0,8970,0,0,0
20
0.05,0.02,0.17,0.02,0.07,0.02,0.02,0.05,0.12,0.05,0.02,0.05,0.02,0.02,0.02,0.02,0.05,0.07,0.05,0.09
--Scenarios--
0,0,73,0,0,0,0,0,0,0,0,31,51,51,0,0,0,79,0,0,0,58,0,78,0,0,52,0,74,0;41,0,80,0,0,0,21,71,0,0,59,0,0,0,0,80,59,0,0,0,64,0,0,0,0,42,0,47,0,0;80,0,0,80,0,0,0,0,43,0,0,79,0,0,0,0,59,0,0,71,0,0,50,0,0,0,0,0,0,56;0,0,30,0,0,0,0,0,0,0,0,0,0,0,25,0,61,41,0,0,0,0,0,28,0,64,74,37,0,0;0,79,45,0,0,56,0,0,53,49,25,64,0,0,0,43,56,0,63,0,0,0,77,72,0,33,0,0,75,0;0,0,75,64,0,0,0,0,80,0,0,0,79,0,0,75,67,0,0,0,72,0,0,57,0,0,0,0,0,80;0,43,0,75,78,64,0,0,0,0,0,0,0,76,0,80,0,32,0,0,80,0,0,0,0,0,0,0,66,0;0,0,0,40,0,0,0,0,0,0,23,80,0,0,0,0,0,0,29,0,41,0,0,0,0,0,0,0,52,75;0,28,0,58,0,53,70,0,0,0,0,34,28,0,0,0,0,0,72,0,0,0,0,0,0,0,0,0,0,58;80,0,57,80,0,73,0,52,71,0,0,61,0,0,71,0,0,0,58,0,0,0,0,53,0,51,20,0,0,0;0,28,0,0,0,0,39,0,33,0,0,0,0,63,63,0,55,80,0,0,0,0,77,0,42,0,0,0,0,0;60,0,0,0,0,29,0,0,0,0,0,0,0,80,0,0,0,67,0,0,0,0,0,0,24,43,0,0,0,0;39,0,0,59,0,36,0,0,0,64,0,40,0,0,0,0,0,59,0,0,80,0,0,58,0,0,0,0,0,0;0,0,0,37,0,54,0,0,0,0,0,22,0,0,0,80,24,0,0,0,0,78,64,0,0,80,0,0,67,0;0,0,0,71,35,0,0,0,0,58,68,0,0,69,0,80,0,29,0,0,0,0,0,0,0,59,0,0,71,0;69,0,0,46,0,20,0,74,61,0,0,75,0,62,0,0,0,0,29,0,0,0,0,38,0,0,0,0,0,0;73,0,0,33,0,0,0,80,41,0,0,0,0,0,56,0,0,80,0,36,34,0,0,0,0,0,0,0,0,0;0,76,0,0,0,0,68,0,0,0,66,0,50,0,0,31,0,0,69,0,45,0,0,0,0,60,0,0,0,69;0,0,0,40,62,0,0,0,0,35,0,0,0,0,0,0,0,69,0,80,75,0,0,31,30,0,32,0,0,0;0,27,0,44,0,0,0,0,33,0,0,0,0,0,0,0,0,0,0,0,0,36,0,0,0,34,0,0,0,0;31,0,0,0,0,0,0,27,0,0,0,0,0,0,39,0,0,0,0,58,0,24,0,0,0,56,42,0,0,46;0,56,0,80,0,0,0,0,0,0,0,0,45,0,0,0,0,0,0,0,63,0,30,0,0,0,0,0,46,0;0,0,0,0,0,0,0,0,0,20,0,71,0,0,0,0,79,0,0,65,50,54,0,34,0,0,0,0,0,0;76,0,0,0,0,0,50,45,0,44,0,24,28,0,80,63,52,34,0,0,0,35,0,0,80,0,50,0,49,80;0,0,0,64,0,0,0,0,37,26,54,0,0,0,73,0,0,0,0,0,0,0,36,0,0,0,63,61,0,0;0,68,0,0,0,0,0,47,0,0,0,0,0,51,0,0,73,56,0,0,0,0,0,0,0,0,0,38,79,36;65,59,0,0,23,0,0,0,0,70,0,0,68,0,0,0,0,0,0,71,0,0,0,65,0,0,0,60,0,0;0,0,0,79,0,0,75,0,78,37,45,40,0,58,50,0,65,0,0,70,0,42,50,0,0,0,0,0,80,0;26,40,0,0,0,0,0,53,48,0,0,42,0,59,0,0,0,0,58,0,0,0,46,0,0,43,0,67,0,49;0,0,0,0,0,0,0,0,0,0,0,0,0,0,0,0,0,0,0,0,36,0,0,0,0,0,27,0,0,0
0,0,23,0,0,0,0,0,0,0,0,33,33,27,0,0,0,21,0,0,0,37,0,36,0,0,35,0,28,0;40,0,15,0,0,0,39,25,0,0,33,0,0,0,0,28,22,0,0,0,28,0,0,0,0,13,0,35,0,0;32,0,0,24,0,0,0,0,20,0,0,34,0,0,0,0,22,0,0,28,0,0,24,0,0,0,0,0,0,40;0,0,24,0,0,0,0,0,0,0,0,0,0,0,22,0,25,34,0,0,0,0,0,28,0,26,34,25,0,0;0,26,30,0,0,37,0,0,26,21,26,36,0,0,0,33,30,0,36,0,0,0,38,32,0,28,0,0,35,0;0,0,31,20,0,0,0,0,25,0,0,0,27,0,0,30,26,0,0,0,32,0,0,36,0,0,0,0,0,22;0,30,0,29,31,24,0,0,0,0,0,0,0,39,0,23,0,25,0,0,20,0,0,0,0,0,0,0,34,0;0,0,0,33,0,0,0,0,0,0,34,35,0,0,0,0,0,0,27,0,20,0,0,0,0,0,0,0,39,24;0,22,0,27,0,36,33,0,0,0,0,31,33,0,0,0,0,0,32,0,0,0,0,0,0,0,0,0,0,22;31,0,24,40,0,35,0,25,40,0,0,28,0,0,37,0,0,0,35,0,0,0,0,28,0,31,31,0,0,0;0,31,0,0,0,0,21,0,28,0,0,0,0,28,27,0,37,24,0,0,0,0,34,0,24,0,0,0,0,0;29,0,0,0,0,39,0,0,0,0,0,0,0,35,0,0,0,22,0,0,0,0,0,0,33,27,0,0,0,0;28,0,0,26,0,33,0,0,0,26,0,25,0,0,0,0,0,28,0,0,31,0,0,27,0,0,0,0,0,0;0,0,0,27,0,34,0,0,0,0,0,23,0,0,0,32,33,0,0,0,0,28,22,0,0,35,0,0,35,0;0,0,0,32,20,0,0,0,0,38,24,0,0,37,0,20,0,23,0,0,0,0,0,0,0,25,0,0,29,0;32,0,0,29,0,29,0,36,37,0,0,23,0,34,0,0,0,0,26,0,0,0,0,27,0,0,0,0,0,0;21,0,0,36,0,0,0,23,24,0,0,0,0,0,22,0,0,29,0,22,23,0,0,0,0,0,0,0,0,0;0,22,0,0,0,0,40,0,0,0,24,0,35,0,0,36,0,0,23,0,28,0,0,0,0,36,0,0,0,34;0,0,0,36,20,0,0,0,0,29,0,0,0,0,0,0,0,38,0,23,30,0,0,30,26,0,31,0,0,0;0,39,0,36,0,0,0,0,20,0,0,0,0,0,0,0,0,0,0,0,0,35,0,0,0,34,0,0,0,0;28,0,0,0,0,0,0,29,0,0,0,0,0,0,23,0,0,0,0,29,0,39,0,0,0,39,28,0,0,27;0,29,0,37,0,0,0,0,0,0,0,0,32,0,0,0,0,0,0,0,33,0,37,0,0,0,0,0,34,0;0,0,0,0,0,0,0,0,0,34,0,22,0,0,0,0,30,0,0,25,35,21,0,34,0,0,0,0,0,0;33,0,0,0,0,0,31,30,0,36,0,28,22,0,31,34,35,33,0,0,0,40,0,0,37,0,37,0,27,31;0,0,0,38,0,0,0,0,34,31,32,0,0,0,40,0,0,0,0,0,0,0,37,0,0,0,39,21,0,0;0,29,0,0,0,0,0,35,0,0,0,0,0,29,0,0,32,33,0,0,0,0,0,0,0,0,0,20,40,20;28,24,0,0,27,0,0,0,0,30,0,0,22,0,0,0,0,0,0,30,0,0,0,29,0,0,0,32,0,0;0,0,0,40,0,0,23,0,29,20,38,25,0,34,21,0,26,0,0,25,0,32,22,0,0,0,0,0,38,0;20,27,0,0,0,0,0,27,20,0,0,24,0,26,0,0,0,0,36,0,0,0,21,0,0,23,0,36,0,36;0,0,0,0,0,0,0,0,0,0,0,0,0,0,0,0,0,0,0,0,40,0,0,0,0,0,27,0,0,0
-12,12,0,-26,0,0,21,25,0,12,23,0,30,0,0,-41,0,0,0,0,0,0,0,0,0,-10,0,0,0,-34
------------- End of Scenario k = 0 -------
0,0,33,0,0,0,0,0,0,0,0,49,29,68,0,0,0,50,0,0,0,73,0,24,0,0,30,0,59,0;23,0,80,0,0,0,23,53,0,0,35,0,0,0,0,80,74,0,0,0,56,0,0,0,0,80,0,77,0,0;80,0,0,80,0,0,0,0,37,0,0,60,0,0,0,0,50,0,0,33,0,0,40,0,0,0,0,0,0,24;0,0,68,0,0,0,0,0,0,0,0,0,0,0,69,0,30,25,0,0,0,0,0,77,0,73,45,54,0,0;0,66,61,0,0,80,0,0,32,74,35,79,0,0,0,35,26,0,55,0,0,0,67,73,0,80,0,0,50,0;0,0,47,53,0,0,0,0,41,0,0,0,41,0,0,55,79,0,0,0,43,0,0,51,0,0,0,0,0,80;0,66,0,80,51,66,0,0,0,0,0,0,0,25,0,80,0,68,0,0,66,0,0,0,0,0,0,0,35,0;0,0,0,80,0,0,0,0,0,0,68,80,0,0,0,0,0,0,28,0,68,0,0,0,0,0,0,0,26,61;0,43,0,70,0,62,69,0,0,0,0,37,75,0,0,0,0,0,73,0,0,0,0,0,0,0,0,0,0,44;56,0,45,24,0,62,0,47,61,0,0,51,0,0,43,0,0,0,47,0,0,0,0,31,0,80,68,0,0,0;0,45,0,0,0,0,67,0,66,0,0,0,0,74,78,0,52,64,0,0,0,0,26,0,71,0,0,0,0,0;42,0,0,0,0,49,0,0,0,0,0,0,0,80,0,0,0,26,0,0,0,0,0,0,68,30,0,0,0,0;52,0,0,30,0,53,0,0,0,79,0,57,0,0,0,0,0,66,0,0,80,0,0,27,0,0,0,0,0,0;0,0,0,20,0,25,0,0,0,0,0,39,0,0,0,80,64,0,0,0,0,51,58,0,0,35,0,0,67,0;0,0,0,73,67,0,0,0,0,27,41,0,0,40,0,31,0,72,0,0,0,0,0,0,0,33,0,0,61,0;36,0,0,77,0,65,0,46,71,0,0,75,0,44,0,0,0,0,61,0,0,0,0,50,0,0,0,0,0,0;27,0,0,36,0,0,0,41,67,0,0,0,0,0,53,0,0,74,0,65,66,0,0,0,0,0,0,0,0,0;0,63,0,0,0,0,43,0,0,0,40,0,20,0,0,38,0,0,20,0,20,0,0,0,0,52,0,0,0,80;0,0,0,70,50,0,0,0,0,26,0,0,0,0,0,0,0,79,0,80,42,0,0,21,66,0,53,0,0,0;0,48,0,53,0,0,0,0,44,0,0,0,0,0,0,0,0,0,0,0,0,23,0,0,0,76,0,0,0,0;32,0,0,0,0,0,0,31,0,0,0,0,0,0,76,0,0,0,0,49,0,31,0,0,0,76,46,0,0,52;0,44,0,80,0,0,0,0,0,0,0,0,59,0,0,0,0,0,0,0,63,0,80,0,0,0,0,0,48,0;0,0,0,0,0,0,0,0,0,49,0,74,0,0,0,0,47,0,0,62,68,51,0,61,0,0,0,0,0,0;30,0,0,0,0,0,55,78,0,71,0,30,42,0,22,27,44,51,0,0,0,68,0,0,35,0,52,0,73,21;0,0,0,32,0,0,0,0,57,48,60,0,0,0,49,0,0,0,0,0,0,0,37,0,0,0,80,52,0,0;0,65,0,0,0,0,0,40,0,0,0,0,0,56,0,0,63,76,0,0,0,0,0,0,0,0,0,21,80,21;31,29,0,0,44,0,0,0,0,67,0,0,60,0,0,0,0,0,0,76,0,0,0,50,0,0,0,80,0,0;0,0,0,76,0,0,64,0,63,21,26,51,0,43,64,0,29,0,0,75,0,46,64,0,0,0,0,0,80,0;73,20,0,0,0,0,0,46,22,0,0,37,0,70,0,0,0,0,21,0,0,0,71,0,0,62,0,77,0,20;0,0,0,0,0,0,0,0,0,0,0,0,0,0,0,0,0,0,0,0,57,0,0,0,0,0,22,0,0,0
0,0,33,0,0,0,0,0,0,0,0,20,23,22,0,0,0,26,0,0,0,38,0,29,0,0,34,0,34,0;22,0,24,0,0,0,36,40,0,0,36,0,0,0,0,37,23,0,0,0,23,0,0,0,0,16,0,32,0,0;28,0,0,14,0,0,0,0,22,0,0,39,0,0,0,0,22,0,0,36,0,0,30,0,0,0,0,0,0,15;0,0,40,0,0,0,0,0,0,0,0,0,0,0,26,0,34,21,0,0,0,0,0,25,0,39,35,26,0,0;0,31,27,0,0,33,0,0,37,25,20,28,0,0,0,30,39,0,29,0,0,0,21,22,0,29,0,0,38,0;0,0,28,26,0,0,0,0,28,0,0,0,21,0,0,40,34,0,0,0,27,0,0,36,0,0,0,0,0,35;0,28,0,20,37,29,0,0,0,0,0,0,0,24,0,35,0,25,0,0,27,0,0,0,0,0,0,0,31,0;0,0,0,26,0,0,0,0,0,0,25,29,0,0,0,0,0,0,32,0,35,0,0,0,0,0,0,0,27,29;0,22,0,34,0,31,32,0,0,0,0,28,29,0,0,0,0,0,30,0,0,0,0,0,0,0,0,0,0,22;17,0,38,29,0,32,0,33,32,0,0,23,0,0,35,0,0,0,24,0,0,0,0,31,0,18,20,0,0,0;0,23,0,0,0,0,35,0,25,0,0,0,0,38,20,0,39,20,0,0,0,0,30,0,28,0,0,0,0,0;23,0,0,0,0,23,0,0,0,0,0,0,0,26,0,0,0,34,0,0,0,0,0,0,26,36,0,0,0,0;26,0,0,24,0,24,0,0,0,28,0,21,0,0,0,0,0,27,0,0,34,0,0,29,0,0,0,0,0,0;0,0,0,23,0,37,0,0,0,0,0,27,0,0,0,26,34,0,0,0,0,32,31,0,0,32,0,0,32,0;0,0,0,24,35,0,0,0,0,21,30,0,0,29,0,35,0,34,0,0,0,0,0,0,0,33,0,0,33,0;32,0,0,26,0,32,0,28,22,0,0,34,0,27,0,0,0,0,40,0,0,0,0,21,0,0,0,0,0,0;40,0,0,24,0,0,0,33,37,0,0,0,0,0,25,0,0,31,0,38,36,0,0,0,0,0,0,0,0,0;0,32,0,0,0,0,36,0,0,0,25,0,36,0,0,34,0,0,40,0,37,0,0,0,0,39,0,0,0,38;0,0,0,23,24,0,0,0,0,40,0,0,0,0,0,0,0,28,0,31,25,0,0,36,26,0,22,0,0,0;0,20,0,33,0,0,0,0,32,0,0,0,0,0,0,0,0,0,0,0,0,36,0,0,0,25,0,0,0,0;25,0,0,0,0,0,0,21,0,0,0,0,0,0,21,0,0,0,0,30,0,38,0,0,0,39,38,0,0,37;0,36,0,33,0,0,0,0,0,0,0,0,38,0,0,0,0,0,0,0,37,0,29,0,0,0,0,0,38,0;0,0,0,0,0,0,0,0,0,37,0,21,0,0,0,0,30,0,0,32,39,23,0,30,0,0,0,0,0,0;36,0,0,0,0,0,33,28,0,21,0,40,27,0,29,39,37,34,0,0,0,24,0,0,33,0,24,0,20,40;0,0,0,38,0,0,0,0,28,32,33,0,0,0,23,0,0,0,0,0,0,0,25,0,0,0,31,38,0,0;0,22,0,0,0,0,0,25,0,0,0,0,0,25,0,0,38,37,0,0,0,0,0,0,0,0,0,20,36,38;29,27,0,0,38,0,0,0,0,27,0,0,20,0,0,0,0,0,0,21,0,0,0,31,0,0,0,31,0,0;0,0,0,35,0,0,33,0,20,21,21,27,0,23,40,0,24,0,0,26,0,24,23,0,0,0,0,0,40,0;28,39,0,0,0,0,0,34,28,0,0,22,0,31,0,0,0,0,20,0,0,0,36,0,0,37,0,35,0,40;0,0,0,0,0,0,0,0,0,0,0,0,0,0,0,0,0,0,0,0,39,0,0,0,0,0,33,0,0,0
-15,11,0,-32,0,0,19,26,0,16,26,0,29,0,0,-11,0,0,0,0,0,0,0,0,0,-27,0,0,0,-42
------------- End of Scenario k = 1 -------
0,0,27,0,0,0,0,0,0,0,0,70,60,26,0,0,0,77,0,0,0,60,0,53,0,0,39,0,59,0;56,0,65,0,0,0,78,42,0,0,38,0,0,0,0,80,62,0,0,0,64,0,0,0,0,80,0,40,0,0;80,0,0,21,0,0,0,0,55,0,0,77,0,0,0,0,55,0,0,49,0,0,46,0,0,0,0,0,0,77;0,0,55,0,0,0,0,0,0,0,0,0,0,0,71,0,33,21,0,0,0,0,0,67,0,50,37,56,0,0;0,61,29,0,0,80,0,0,67,46,50,46,0,0,0,63,49,0,71,0,0,0,34,53,0,80,0,0,24,0;0,0,67,74,0,0,0,0,34,0,0,0,74,0,0,25,78,0,0,0,31,0,0,30,0,0,0,0,0,80;0,63,0,80,68,53,0,0,0,0,0,0,0,37,0,59,0,75,0,0,72,0,0,0,0,0,0,0,59,0;0,0,0,80,0,0,0,0,0,0,77,80,0,0,0,0,0,0,33,0,22,0,0,0,0,0,0,0,75,59;0,63,0,69,0,31,47,0,0,0,0,43,39,0,0,0,0,0,29,0,0,0,0,0,0,0,0,0,0,74;64,0,28,80,0,28,0,34,37,0,0,61,0,0,37,0,0,0,41,0,0,0,0,58,0,80,75,0,0,0;0,31,0,0,0,0,40,0,60,0,0,0,0,58,47,0,62,73,0,0,0,0,66,0,79,0,0,0,0,0;20,0,0,0,0,36,0,0,0,0,0,0,0,80,0,0,0,73,0,0,0,0,0,0,41,62,0,0,0,0;31,0,0,80,0,39,0,0,0,57,0,49,0,0,0,0,0,24,0,0,80,0,0,70,0,0,0,0,0,0;0,0,0,72,0,24,0,0,0,0,0,58,0,0,0,28,55,0,0,0,0,60,80,0,0,26,0,0,53,0;0,0,0,27,26,0,0,0,0,69,73,0,0,43,0,71,0,69,0,0,0,0,0,0,0,68,0,0,20,0;29,0,0,24,0,76,0,77,34,0,0,38,0,59,0,0,0,0,56,0,0,0,0,57,0,0,0,0,0,0;36,0,0,76,0,0,0,60,36,0,0,0,0,0,70,0,0,63,0,71,62,0,0,0,0,0,0,0,0,0;0,73,0,0,0,0,33,0,0,0,59,0,68,0,0,60,0,0,20,0,52,0,0,0,0,48,0,0,0,80;0,0,0,64,69,0,0,0,0,70,0,0,0,0,0,0,0,69,0,72,42,0,0,24,77,0,74,0,0,0;0,45,0,52,0,0,0,0,38,0,0,0,0,0,0,0,0,0,0,0,0,30,0,0,0,20,0,0,0,0;78,0,0,0,0,0,0,42,0,0,0,0,0,0,76,0,0,0,0,32,0,77,0,0,0,48,39,0,0,63;0,78,0,75,0,0,0,0,0,0,0,0,52,0,0,0,0,0,0,0,31,0,68,0,0,0,0,0,50,0;0,0,0,0,0,0,0,0,0,32,0,37,0,0,0,0,72,0,0,23,78,24,0,80,0,0,0,0,0,0;80,0,0,0,0,0,35,77,0,24,0,78,20,0,58,78,41,64,0,0,0,70,0,0,47,0,26,0,38,80;0,0,0,20,0,0,0,0,76,64,47,0,0,0,68,0,0,0,0,0,0,0,63,0,0,0,41,39,0,0;0,70,0,0,0,0,0,70,0,0,0,0,0,59,0,0,44,65,0,0,0,0,0,0,0,0,0,68,50,41;35,49,0,0,61,0,0,0,0,53,0,0,28,0,0,0,0,0,0,50,0,0,0,41,0,0,0,80,0,0;0,0,0,54,0,0,42,0,63,20,59,41,0,29,66,0,68,0,0,55,0,23,22,0,0,0,0,0,80,0;37,33,0,0,0,0,0,21,25,0,0,77,0,24,0,0,0,0,70,0,0,0,32,0,0,55,0,60,0,21;0,0,0,0,0,0,0,0,0,0,0,0,0,0,0,0,0,0,0,0,65,0,0,0,0,0,65,0,0,0
0,0,36,0,0,0,0,0,0,0,0,29,33,23,0,0,0,34,0,0,0,35,0,25,0,0,38,0,37,0;28,0,33,0,0,0,21,25,0,0,39,0,0,0,0,32,37,0,0,0,27,0,0,0,0,31,0,32,0,0;40,0,0,34,0,0,0,0,33,0,0,29,0,0,0,0,31,0,0,24,0,0,28,0,0,0,0,0,0,34;0,0,36,0,0,0,0,0,0,0,0,0,0,0,34,0,29,24,0,0,0,0,0,40,0,22,26,40,0,0;0,23,22,0,0,37,0,0,28,39,25,30,0,0,0,26,20,0,29,0,0,0,33,22,0,37,0,0,27,0;0,0,34,33,0,0,0,0,29,0,0,0,20,0,0,30,21,0,0,0,39,0,0,34,0,0,0,0,0,34;0,29,0,31,32,34,0,0,0,0,0,0,0,37,0,39,0,29,0,0,21,0,0,0,0,0,0,0,27,0;0,0,0,24,0,0,0,0,0,0,37,27,0,0,0,0,0,0,26,0,26,0,0,0,0,0,0,0,32,40;0,21,0,38,0,28,20,0,0,0,0,38,27,0,0,0,0,0,40,0,0,0,0,0,0,0,0,0,0,33;37,0,25,37,0,25,0,32,35,0,0,38,0,0,34,0,0,0,27,0,0,0,0,29,0,38,34,0,0,0;0,21,0,0,0,0,29,0,26,0,0,0,0,39,23,0,38,34,0,0,0,0,36,0,35,0,0,0,0,0;37,0,0,0,0,34,0,0,0,0,0,0,0,37,0,0,0,33,0,0,0,0,0,0,22,39,0,0,0,0;40,0,0,38,0,31,0,0,0,26,0,30,0,0,0,0,0,30,0,0,37,0,0,36,0,0,0,0,0,0;0,0,0,27,0,26,0,0,0,0,0,36,0,0,0,24,38,0,0,0,0,36,40,0,0,40,0,0,27,0;0,0,0,24,27,0,0,0,0,20,27,0,0,36,0,40,0,40,0,0,0,0,0,0,0,28,0,0,28,0;33,0,0,28,0,37,0,31,21,0,0,24,0,34,0,0,0,0,29,0,0,0,0,21,0,0,0,0,0,0;31,0,0,36,0,0,0,31,25,0,0,0,0,0,40,0,0,17,0,39,35,0,0,0,0,0,0,0,0,0;0,37,0,0,0,0,36,0,0,0,32,0,23,0,0,32,0,0,28,0,31,0,0,0,0,21,0,0,0,30;0,0,0,31,38,0,0,0,0,31,0,0,0,0,0,0,0,23,0,20,27,0,0,26,20,0,28,0,0,0;0,36,0,27,0,0,0,0,28,0,0,0,0,0,0,0,0,0,0,0,0,27,0,0,0,35,0,0,0,0;30,0,0,0,0,0,0,28,0,0,0,0,0,0,22,0,0,0,0,27,0,22,0,0,0,38,37,0,0,32;0,34,0,11,0,0,0,0,0,0,0,0,22,0,0,0,0,0,0,0,24,0,34,0,0,0,0,0,30,0;0,0,0,0,0,0,0,0,0,21,0,31,0,0,0,0,34,0,0,25,28,31,0,22,0,0,0,0,0,0;30,0,0,0,0,0,30,35,0,22,0,35,31,0,33,27,31,24,0,0,0,20,0,0,19,0,32,0,33,29;0,0,0,29,0,0,0,0,35,37,25,0,0,0,32,0,0,0,0,0,0,0,38,0,0,0,26,34,0,0;0,34,0,0,0,0,0,33,0,0,0,0,0,40,0,0,26,22,0,0,0,0,0,0,0,0,0,36,36,37;30,21,0,0,20,0,0,0,0,33,0,0,31,0,0,0,0,0,0,22,0,0,0,37,0,0,0,13,0,0;0,0,0,39,0,0,28,0,37,28,29,28,0,40,38,0,23,0,0,40,0,34,26,0,0,0,0,0,29,0;31,31,0,0,0,0,0,25,37,0,0,37,0,30,0,0,0,0,20,0,0,0,24,0,0,32,0,25,0,39;0,0,0,0,0,0,0,0,0,0,0,0,0,0,0,0,0,0,0,0,31,0,0,0,0,0,24,0,0,0
-15,13,0,-15,0,0,27,24,0,22,17,0,10,0,0,-33,0,0,0,0,0,0,0,0,0,-17,0,0,0,-33
------------- End of Scenario k = 2 -------
0,0,79,0,0,0,0,0,0,0,0,33,23,54,0,0,0,22,0,0,0,42,0,63,0,0,75,0,62,0;80,0,80,0,0,0,45,68,0,0,20,0,0,0,0,68,72,0,0,0,37,0,0,0,0,80,0,36,0,0;39,0,0,26,0,0,0,0,78,0,0,51,0,0,0,0,48,0,0,52,0,0,40,0,0,0,0,0,0,80;0,0,51,0,0,0,0,0,0,0,0,0,0,0,80,0,68,63,0,0,0,0,0,38,0,28,63,67,0,0;0,41,75,0,0,43,0,0,27,78,38,20,0,0,0,42,25,0,34,0,0,0,59,63,0,31,0,0,41,0;0,0,59,41,0,0,0,0,62,0,0,0,37,0,0,51,22,0,0,0,64,0,0,47,0,0,0,0,0,75;0,53,0,53,80,36,0,0,0,0,0,0,0,57,0,80,0,50,0,0,58,0,0,0,0,0,0,0,33,0;0,0,0,80,0,0,0,0,0,0,42,80,0,0,0,0,0,0,35,0,46,0,0,0,0,0,0,0,30,21;0,29,0,57,0,65,34,0,0,0,0,79,54,0,0,0,0,0,74,0,0,0,0,0,0,0,0,0,0,23;26,0,46,80,0,68,0,77,21,0,0,51,0,0,48,0,0,0,20,0,0,0,0,32,0,80,53,0,0,0;0,57,0,0,0,0,53,0,80,0,0,0,0,21,27,0,56,50,0,0,0,0,64,0,73,0,0,0,0,0;80,0,0,0,0,64,0,0,0,0,0,0,0,80,0,0,0,45,0,0,0,0,0,0,39,53,0,0,0,0;69,0,0,26,0,36,0,0,0,80,0,73,0,0,0,0,0,59,0,0,65,0,0,37,0,0,0,0,0,0;0,0,0,20,0,71,0,0,0,0,0,58,0,0,0,80,70,0,0,0,0,20,58,0,0,28,0,0,72,0;0,0,0,56,42,0,0,0,0,42,21,0,0,60,0,61,0,61,0,0,0,0,0,0,0,26,0,0,37,0;50,0,0,25,0,28,0,55,79,0,0,42,0,78,0,0,0,0,66,0,0,0,0,34,0,0,0,0,0,0;69,0,0,33,0,0,0,27,22,0,0,0,0,0,53,0,0,74,0,57,78,0,0,0,0,0,0,0,0,0;0,62,0,0,0,0,28,0,0,0,28,0,30,0,0,60,0,0,80,0,22,0,0,0,0,74,0,0,0,40;0,0,0,55,27,0,0,0,0,23,0,0,0,0,0,0,0,71,0,80,76,0,0,65,21,0,54,0,0,0;0,70,0,55,0,0,0,0,46,0,0,0,0,0,0,0,0,0,0,0,0,45,0,0,0,70,0,0,0,0;61,0,0,0,0,0,0,64,0,0,0,0,0,0,21,0,0,0,0,78,0,23,0,0,0,66,58,0,0,48;0,60,0,80,0,0,0,0,0,0,0,0,64,0,0,0,0,0,0,0,29,0,40,0,0,0,0,0,65,0;0,0,0,0,0,0,0,0,0,34,0,64,0,0,0,0,55,0,0,38,37,34,0,30,0,0,0,0,0,0;80,0,0,0,0,0,31,39,0,80,0,28,76,0,79,28,42,53,0,0,0,35,0,0,23,0,44,0,35,80;0,0,0,51,0,0,0,0,70,68,64,0,0,0,25,0,0,0,0,0,0,0,51,0,0,0,80,56,0,0;0,56,0,0,0,0,0,73,0,0,0,0,0,64,0,0,62,36,0,0,0,0,0,0,0,0,0,55,79,45;38,62,0,0,76,0,0,0,0,76,0,0,33,0,0,0,0,0,0,45,0,0,0,40,0,0,0,55,0,0;0,0,0,39,0,0,22,0,75,38,66,80,0,22,66,0,53,0,0,55,0,66,64,0,0,0,0,0,67,0;44,60,0,0,0,0,0,21,56,0,0,67,0,41,0,0,0,0,76,0,0,0,22,0,0,27,0,39,0,44;0,0,0,0,0,0,0,0,0,0,0,0,0,0,0,0,0,0,0,0,53,0,0,0,0,0,57,0,0,0
0,0,37,0,0,0,0,0,0,0,0,35,29,28,0,0,0,21,0,0,0,27,0,27,0,0,21,0,28,0;27,0,26,0,0,0,29,29,0,0,33,0,0,0,0,37,40,0,0,0,24,0,0,0,0,33,0,28,0,0;28,0,0,20,0,0,0,0,35,0,0,36,0,0,0,0,20,0,0,37,0,0,36,0,0,0,0,0,0,33;0,0,23,0,0,0,0,0,0,0,0,0,0,0,23,0,33,24,0,0,0,0,0,36,0,24,20,30,0,0;0,24,36,0,0,35,0,0,21,28,33,31,0,0,0,29,30,0,21,0,0,0,40,28,0,39,0,0,33,0;0,0,26,30,0,0,0,0,37,0,0,0,35,0,0,22,35,0,0,0,33,0,0,32,0,0,0,0,0,34;0,40,0,37,28,23,0,0,0,0,0,0,0,29,0,40,0,24,0,0,33,0,0,0,0,0,0,0,25,0;0,0,0,21,0,0,0,0,0,0,25,17,0,0,0,0,0,0,38,0,22,0,0,0,0,0,0,0,38,32;0,30,0,29,0,28,34,0,0,0,0,27,32,0,0,0,0,0,34,0,0,0,0,0,0,0,0,0,0,29;37,0,21,34,0,27,0,35,40,0,0,35,0,0,26,0,0,0,27,0,0,0,0,21,0,30,23,0,0,0;0,38,0,0,0,0,20,0,31,0,0,0,0,40,34,0,39,39,0,0,0,0,29,0,26,0,0,0,0,0;36,0,0,0,0,30,0,0,0,0,0,0,0,24,0,0,0,24,0,0,0,0,0,0,29,25,0,0,0,0;21,0,0,26,0,21,0,0,0,38,0,24,0,0,0,0,0,27,0,0,35,0,0,31,0,0,0,0,0,0;0,0,0,38,0,35,0,0,0,0,0,28,0,0,0,24,24,0,0,0,0,33,38,0,0,30,0,0,24,0;0,0,0,22,34,0,0,0,0,31,31,0,0,21,0,39,0,29,0,0,0,0,0,0,0,35,0,0,26,0;38,0,0,30,0,37,0,23,23,0,0,40,0,32,0,0,0,0,32,0,0,0,0,21,0,0,0,0,0,0;32,0,0,25,0,0,0,36,28,0,0,0,0,0,39,0,0,36,0,22,25,0,0,0,0,0,0,0,0,0;0,35,0,0,0,0,36,0,0,0,22,0,23,0,0,30,0,0,33,0,35,0,0,0,0,25,0,0,0,33;0,0,0,37,22,0,0,0,0,28,0,0,0,0,0,0,0,27,0,26,25,0,0,22,22,0,21,0,0,0;0,33,0,20,0,0,0,0,24,0,0,0,0,0,0,0,0,0,0,0,0,20,0,0,0,31,0,0,0,0;33,0,0,0,0,0,0,27,0,0,0,0,0,0,21,0,0,0,0,36,0,29,0,0,0,40,22,0,0,21;0,34,0,33,0,0,0,0,0,0,0,0,29,0,0,0,0,0,0,0,39,0,34,0,0,0,0,0,37,0;0,0,0,0,0,0,0,0,0,27,0,24,0,0,0,0,38,0,0,27,24,27,0,35,0,0,0,0,0,0;37,0,0,0,0,0,30,26,0,34,0,33,28,0,24,35,26,37,0,0,0,27,0,0,39,0,26,0,33,36;0,0,0,40,0,0,0,0,28,20,36,0,0,0,27,0,0,0,0,0,0,0,33,0,0,0,27,28,0,0;0,26,0,0,0,0,0,31,0,0,0,0,0,31,0,0,33,20,0,0,0,0,0,0,0,0,0,35,37,40;40,21,0,0,31,0,0,0,0,20,0,0,28,0,0,0,0,0,0,33,0,0,0,32,0,0,0,29,0,0;0,0,0,30,0,0,26,0,40,31,40,22,0,31,25,0,22,0,0,34,0,37,30,0,0,0,0,0,34,0;30,28,0,0,0,0,0,34,32,0,0,31,0,29,0,0,0,0,30,0,0,0,25,0,0,33,0,23,0,29;0,0,0,0,0,0,0,0,0,0,0,0,0,0,0,0,0,0,0,0,22,0,0,0,0,0,34,0,0,0
-16,16,0,-35,0,0,21,15,0,18,23,0,21,0,0,-16,0,0,0,0,0,0,0,0,0,-17,0,0,0,-30
------------- End of Scenario k = 3 -------
0,0,25,0,0,0,0,0,0,0,0,52,21,68,0,0,0,31,0,0,0,57,0,32,0,0,71,0,29,0;60,0,61,0,0,0,77,74,0,0,31,0,0,0,0,34,34,0,0,0,47,0,0,0,0,80,0,51,0,0;80,0,0,80,0,0,0,0,56,0,0,34,0,0,0,0,57,0,0,23,0,0,25,0,0,0,0,0,0,80;0,0,70,0,0,0,0,0,0,0,0,0,0,0,80,0,52,56,0,0,0,0,0,61,0,78,28,79,0,0;0,52,65,0,0,80,0,0,53,33,21,62,0,0,0,65,78,0,38,0,0,0,77,76,0,80,0,0,38,0;0,0,20,43,0,0,0,0,80,0,0,0,33,0,0,62,54,0,0,0,31,0,0,47,0,0,0,0,0,56;0,51,0,37,48,80,0,0,0,0,0,0,0,67,0,80,0,80,0,0,76,0,0,0,0,0,0,0,70,0;0,0,0,80,0,0,0,0,0,0,68,80,0,0,0,0,0,0,41,0,61,0,0,0,0,0,0,0,31,40;0,24,0,66,0,43,67,0,0,0,0,75,59,0,0,0,0,0,76,0,0,0,0,0,0,0,0,0,0,60;80,0,41,80,0,29,0,78,31,0,0,45,0,0,38,0,0,0,36,0,0,0,0,62,0,55,26,0,0,0;0,71,0,0,0,0,39,0,65,0,0,0,0,39,74,0,46,61,0,0,0,0,59,0,63,0,0,0,0,0;62,0,0,0,0,56,0,0,0,0,0,0,0,80,0,0,0,57,0,0,0,0,0,0,42,76,0,0,0,0;56,0,0,53,0,35,0,0,0,70,0,72,0,0,0,0,0,23,0,0,80,0,0,35,0,0,0,0,0,0;0,0,0,56,0,71,0,0,0,0,0,24,0,0,0,80,26,0,0,0,0,36,32,0,0,80,0,0,24,0;0,0,0,80,60,0,0,0,0,55,73,0,0,55,0,80,0,33,0,0,0,0,0,0,0,27,0,0,23,0;29,0,0,68,0,44,0,60,65,0,0,63,0,78,0,0,0,0,58,0,0,0,0,52,0,0,0,0,0,0;60,0,0,33,0,0,0,64,70,0,0,0,0,0,74,0,0,80,0,72,20,0,0,0,0,0,0,0,0,0;0,24,0,0,0,0,48,0,0,0,76,0,73,0,0,46,0,0,65,0,71,0,0,0,0,61,0,0,0,80;0,0,0,73,39,0,0,0,0,31,0,0,0,0,0,0,0,20,0,80,53,0,0,32,28,0,49,0,0,0;0,43,0,34,0,0,0,0,57,0,0,0,0,0,0,0,0,0,0,0,0,55,0,0,0,24,0,0,0,0;30,0,0,0,0,0,0,40,0,0,0,0,0,0,37,0,0,0,0,29,0,80,0,0,0,49,22,0,0,57;0,40,0,80,0,0,0,0,0,0,0,0,41,0,0,0,0,0,0,0,41,0,26,0,0,0,0,0,40,0;0,0,0,0,0,0,0,0,0,55,0,62,0,0,0,0,56,0,0,33,27,54,0,80,0,0,0,0,0,0;80,0,0,0,0,0,50,39,0,36,0,28,49,0,50,80,21,37,0,0,0,38,0,0,80,0,32,0,51,36;0,0,0,61,0,0,0,0,53,40,64,0,0,0,77,0,0,0,0,0,0,0,45,0,0,0,80,57,0,0;0,73,0,0,0,0,0,28,0,0,0,0,0,34,0,0,38,20,0,0,0,0,0,0,0,0,0,36,43,52;45,29,0,0,31,0,0,0,0,26,0,0,79,0,0,0,0,0,0,69,0,0,0,53,0,0,0,38,0,0;0,0,0,21,0,0,33,0,50,48,51,24,0,57,60,0,31,0,0,25,0,56,70,0,0,0,0,0,80,0;29,54,0,0,0,0,0,44,63,0,0,48,0,38,0,0,0,0,65,0,0,0,59,0,0,43,0,29,0,72;0,0,0,0,0,0,0,0,0,0,0,0,0,0,0,0,0,0,0,0,22,0,0,0,0,0,27,0,0,0
0,0,30,0,0,0,0,0,0,0,0,33,26,25,0,0,0,28,0,0,0,35,0,25,0,0,40,0,34,0;36,0,36,0,0,0,27,38,0,0,33,0,0,0,0,35,32,0,0,0,21,0,0,0,0,21,0,31,0,0;32,0,0,28,0,0,0,0,36,0,0,24,0,0,0,0,20,0,0,38,0,0,38,0,0,0,0,0,0,26;0,0,33,0,0,0,0,0,0,0,0,0,0,0,40,0,30,38,0,0,0,0,0,31,0,40,20,23,0,0;0,29,23,0,0,39,0,0,21,26,39,26,0,0,0,28,32,0,22,0,0,0,26,30,0,34,0,0,34,0;0,0,36,20,0,0,0,0,25,0,0,0,33,0,0,35,36,0,0,0,32,0,0,33,0,0,0,0,0,22;0,32,0,22,36,38,0,0,0,0,0,0,0,28,0,26,0,34,0,0,39,0,0,0,0,0,0,0,40,0;0,0,0,30,0,0,0,0,0,0,29,31,0,0,0,0,0,0,23,0,20,0,0,0,0,0,0,0,27,34;0,20,0,35,0,33,32,0,0,0,0,20,34,0,0,0,0,0,36,0,0,0,0,0,0,0,0,0,0,34;30,0,35,26,0,22,0,28,34,0,0,29,0,0,33,0,0,0,22,0,0,0,0,21,0,24,30,0,0,0;0,28,0,0,0,0,26,0,29,0,0,0,0,23,31,0,34,38,0,0,0,0,34,0,30,0,0,0,0,0;39,0,0,0,0,26,0,0,0,0,0,0,0,32,0,0,0,23,0,0,0,0,0,0,28,29,0,0,0,0;35,0,0,32,0,27,0,0,0,29,0,28,0,0,0,0,0,40,0,0,36,0,0,24,0,0,0,0,0,0;0,0,0,38,0,22,0,0,0,0,0,31,0,0,0,30,34,0,0,0,0,35,24,0,0,35,0,0,38,0;0,0,0,30,32,0,0,0,0,31,29,0,0,22,0,30,0,28,0,0,0,0,0,0,0,22,0,0,26,0;24,0,0,36,0,29,0,34,30,0,0,33,0,22,0,0,0,0,33,0,0,0,0,37,0,0,0,0,0,0;37,0,0,20,0,0,0,33,36,0,0,0,0,0,36,0,0,20,0,28,37,0,0,0,0,0,0,0,0,0;0,25,0,0,0,0,21,0,0,0,32,0,34,0,0,21,0,0,34,0,33,0,0,0,0,24,0,0,0,30;0,0,0,21,25,0,0,0,0,29,0,0,0,0,0,0,0,36,0,23,22,0,0,40,39,0,20,0,0,0;0,28,0,32,0,0,0,0,29,0,0,0,0,0,0,0,0,0,0,0,0,40,0,0,0,36,0,0,0,0;23,0,0,0,0,0,0,23,0,0,0,0,0,0,20,0,0,0,0,34,0,30,0,0,0,20,36,0,0,25;0,37,0,33,0,0,0,0,0,0,0,0,32,0,0,0,0,0,0,0,31,0,23,0,0,0,0,0,23,0;0,0,0,0,0,0,0,0,0,22,0,34,0,0,0,0,22,0,0,31,23,27,0,24,0,0,0,0,0,0;26,0,0,0,0,0,37,24,0,40,0,32,24,0,20,20,26,33,0,0,0,24,0,0,38,0,35,0,32,40;0,0,0,20,0,0,0,0,34,34,26,0,0,0,32,0,0,0,0,0,0,0,33,0,0,0,33,29,0,0;0,36,0,0,0,0,0,30,0,0,0,0,0,23,0,0,37,37,0,0,0,0,0,0,0,0,0,33,31,24;24,37,0,0,35,0,0,0,0,31,0,0,27,0,0,0,0,0,0,25,0,0,0,27,0,0,0,38,0,0;0,0,0,32,0,0,30,0,30,34,36,31,0,22,31,0,32,0,0,22,0,37,31,0,0,0,0,0,37,0;29,33,0,0,0,0,0,31,21,0,0,33,0,25,0,0,0,0,20,0,0,0,28,0,0,23,0,33,0,35;0,0,0,0,0,0,0,0,0,0,0,0,0,0,0,0,0,0,0,0,39,0,0,0,0,0,23,0,0,0
-11,19,0,-43,0,0,22,28,0,18,20,0,20,0,0,-35,0,0,0,0,0,0,0,0,0,-10,0,0,0,-28
------------- End of Scenario k = 4 -------
0,0,33,0,0,0,0,0,0,0,0,79,65,53,0,0,0,73,0,0,0,46,0,63,0,0,74,0,38,0;20,0,44,0,0,0,39,30,0,0,79,0,0,0,0,63,22,0,0,0,22,0,0,0,0,59,0,29,0,0;64,0,0,80,0,0,0,0,26,0,0,68,0,0,0,0,31,0,0,29,0,0,31,0,0,0,0,0,0,80;0,0,50,0,0,0,0,0,0,0,0,0,0,0,40,0,49,35,0,0,0,0,0,78,0,80,42,80,0,0;0,58,39,0,0,34,0,0,56,80,35,67,0,0,0,61,74,0,42,0,0,0,51,36,0,33,0,0,50,0;0,0,30,76,0,0,0,0,80,0,0,0,26,0,0,55,37,0,0,0,63,0,0,76,0,0,0,0,0,80;0,60,0,80,31,64,0,0,0,0,0,0,0,61,0,80,0,53,0,0,30,0,0,0,0,0,0,0,80,0;0,0,0,66,0,0,0,0,0,0,38,80,0,0,0,0,0,0,37,0,20,0,0,0,0,0,0,0,40,42;0,38,0,56,0,76,44,0,0,0,0,43,37,0,0,0,0,0,31,0,0,0,0,0,0,0,0,0,0,27;80,0,67,80,0,80,0,45,62,0,0,39,0,0,44,0,0,0,53,0,0,0,0,46,0,80,49,0,0,0;0,41,0,0,0,0,74,0,64,0,0,0,0,36,28,0,22,24,0,0,0,0,58,0,34,0,0,0,0,0;65,0,0,0,0,70,0,0,0,0,0,0,0,80,0,0,0,76,0,0,0,0,0,0,65,65,0,0,0,0;24,0,0,32,0,59,0,0,0,71,0,54,0,0,0,0,0,78,0,0,80,0,0,62,0,0,0,0,0,0;0,0,0,75,0,26,0,0,0,0,0,38,0,0,0,68,58,0,0,0,0,57,46,0,0,80,0,0,20,0;0,0,0,23,68,0,0,0,0,73,62,0,0,56,0,80,0,75,0,0,0,0,0,0,0,22,0,0,38,0;33,0,0,68,0,42,0,69,28,0,0,43,0,79,0,0,0,0,75,0,0,0,0,72,0,0,0,0,0,0;76,0,0,57,0,0,0,49,54,0,0,0,0,0,70,0,0,59,0,48,23,0,0,0,0,0,0,0,0,0;0,46,0,0,0,0,39,0,0,0,71,0,64,0,0,29,0,0,43,0,26,0,0,0,0,71,0,0,0,80;0,0,0,27,67,0,0,0,0,42,0,0,0,0,0,0,0,46,0,80,79,0,0,69,78,0,68,0,0,0;0,43,0,80,0,0,0,0,80,0,0,0,0,0,0,0,0,0,0,0,0,28,0,0,0,28,0,0,0,0;44,0,0,0,0,0,0,66,0,0,0,0,0,0,38,0,0,0,0,49,0,77,0,0,0,35,59,0,0,69;0,23,0,80,0,0,0,0,0,0,0,0,28,0,0,0,0,0,0,0,35,0,80,0,0,0,0,0,40,0;0,0,0,0,0,0,0,0,0,28,0,29,0,0,0,0,31,0,0,30,22,52,0,80,0,0,0,0,0,0;80,0,0,0,0,0,33,23,0,79,0,22,64,0,59,62,49,34,0,0,0,33,0,0,80,0,25,0,27,28;0,0,0,37,0,0,0,0,41,50,24,0,0,0,28,0,0,0,0,0,0,0,61,0,0,0,80,46,0,0;0,74,0,0,0,0,0,49,0,0,0,0,0,69,0,0,58,55,0,0,0,0,0,0,0,0,0,24,52,65;66,29,0,0,46,0,0,0,0,23,0,0,70,0,0,0,0,0,0,57,0,0,0,61,0,0,0,73,0,0;0,0,0,22,0,0,46,0,41,64,23,71,0,38,70,0,32,0,0,41,0,24,22,0,0,0,0,0,52,0;67,78,0,0,0,0,0,79,25,0,0,62,0,56,0,0,0,0,29,0,0,0,52,0,0,61,0,70,0,39;0,0,0,0,0,0,0,0,0,0,0,0,0,0,0,0,0,0,0,0,66,0,0,0,0,0,20,0,0,0
0,0,32,0,0,0,0,0,0,0,0,33,39,31,0,0,0,38,0,0,0,37,0,31,0,0,20,0,35,0;24,0,30,0,0,0,25,38,0,0,26,0,0,0,0,28,28,0,0,0,40,0,0,0,0,32,0,31,0,0;31,0,0,30,0,0,0,0,39,0,0,20,0,0,0,0,27,0,0,24,0,0,27,0,0,0,0,0,0,30;0,0,21,0,0,0,0,0,0,0,0,0,0,0,28,0,29,37,0,0,0,0,0,29,0,21,32,23,0,0;0,24,20,0,0,35,0,0,39,25,36,37,0,0,0,20,23,0,22,0,0,0,31,39,0,36,0,0,39,0;0,0,32,35,0,0,0,0,31,0,0,0,36,0,0,33,20,0,0,0,37,0,0,20,0,0,0,0,0,40;0,23,0,40,33,28,0,0,0,0,0,0,0,40,0,33,0,33,0,0,29,0,0,0,0,0,0,0,34,0;0,0,0,19,0,0,0,0,0,0,33,19,0,0,0,0,0,0,20,0,25,0,0,0,0,0,0,0,31,22;0,28,0,21,0,21,24,0,0,0,0,20,40,0,0,0,0,0,21,0,0,0,0,0,0,0,0,0,0,30;32,0,25,32,0,32,0,25,26,0,0,25,0,0,27,0,0,0,27,0,0,0,0,22,0,24,40,0,0,0;0,31,0,0,0,0,40,0,31,0,0,0,0,25,29,0,24,40,0,0,0,0,31,0,21,0,0,0,0,0;38,0,0,0,0,39,0,0,0,0,0,0,0,37,0,0,0,36,0,0,0,0,0,0,21,21,0,0,0,0;25,0,0,40,0,28,0,0,0,32,0,31,0,0,0,0,0,35,0,0,37,0,0,31,0,0,0,0,0,0;0,0,0,20,0,40,0,0,0,0,0,25,0,0,0,29,27,0,0,0,0,40,35,0,0,40,0,0,39,0;0,0,0,29,28,0,0,0,0,28,31,0,0,31,0,29,0,21,0,0,0,0,0,0,0,20,0,0,37,0;28,0,0,36,0,24,0,31,37,0,0,22,0,29,0,0,0,0,29,0,0,0,0,36,0,0,0,0,0,0;29,0,0,40,0,0,0,25,21,0,0,0,0,0,36,0,0,37,0,33,22,0,0,0,0,0,0,0,0,0;0,38,0,0,0,0,21,0,0,0,37,0,30,0,0,29,0,0,32,0,27,0,0,0,0,28,0,0,0,25;0,0,0,37,37,0,0,0,0,31,0,0,0,0,0,0,0,31,0,37,22,0,0,26,33,0,37,0,0,0;0,22,0,36,0,0,0,0,23,0,0,0,0,0,0,0,0,0,0,0,0,20,0,0,0,30,0,0,0,0;20,0,0,0,0,0,0,31,0,0,0,0,0,0,26,0,0,0,0,32,0,39,0,0,0,26,26,0,0,30;0,25,0,31,0,0,0,0,0,0,0,0,36,0,0,0,0,0,0,0,28,0,40,0,0,0,0,0,33,0;0,0,0,0,0,0,0,0,0,35,0,37,0,0,0,0,37,0,0,26,39,31,0,37,0,0,0,0,0,0;34,0,0,0,0,0,40,34,0,33,0,30,24,0,22,35,34,20,0,0,0,34,0,0,31,0,39,0,23,29;0,0,0,30,0,0,0,0,22,24,38,0,0,0,30,0,0,0,0,0,0,0,30,0,0,0,35,29,0,0;0,21,0,0,0,0,0,27,0,0,0,0,0,30,0,0,21,27,0,0,0,0,0,0,0,0,0,23,39,27;22,29,0,0,40,0,0,0,0,30,0,0,35,0,0,0,0,0,0,35,0,0,0,37,0,0,0,26,0,0;0,0,0,25,0,0,40,0,26,40,38,26,0,39,27,0,38,0,0,22,0,38,23,0,0,0,0,0,40,0;29,25,0,0,0,0,0,31,20,0,0,29,0,26,0,0,0,0,37,0,0,0,27,0,0,27,0,39,0,34;0,0,0,0,0,0,0,0,0,0,0,0,0,0,0,0,0,0,0,0,25,0,0,0,0,0,32,0,0,0
-13,28,0,-19,0,0,21,15,0,21,22,0,23,0,0,-33,0,0,0,0,0,0,0,0,0,-22,0,0,0,-43
------------- End of Scenario k = 5 -------
0,0,51,0,0,0,0,0,0,0,0,42,25,65,0,0,0,43,0,0,0,49,0,29,0,0,59,0,76,0;48,0,35,0,0,0,65,56,0,0,67,0,0,0,0,77,47,0,0,0,59,0,0,0,0,80,0,22,0,0;60,0,0,67,0,0,0,0,70,0,0,21,0,0,0,0,27,0,0,29,0,0,78,0,0,0,0,0,0,62;0,0,80,0,0,0,0,0,0,0,0,0,0,0,31,0,28,27,0,0,0,0,0,25,0,32,27,54,0,0;0,75,67,0,0,69,0,0,79,44,30,59,0,0,0,69,51,0,38,0,0,0,64,79,0,38,0,0,75,0;0,0,27,30,0,0,0,0,80,0,0,0,79,0,0,32,52,0,0,0,49,0,0,32,0,0,0,0,0,36;0,33,0,80,80,44,0,0,0,0,0,0,0,29,0,55,0,48,0,0,43,0,0,0,0,0,0,0,40,0;0,0,0,80,0,0,0,0,0,0,29,80,0,0,0,0,0,0,70,0,66,0,0,0,0,0,0,0,71,72;0,79,0,29,0,48,42,0,0,0,0,62,49,0,0,0,0,0,36,0,0,0,0,0,0,0,0,0,0,50;80,0,40,80,0,50,0,66,45,0,0,26,0,0,80,0,0,0,55,0,0,0,0,55,0,38,37,0,0,0;0,28,0,0,0,0,28,0,36,0,0,0,0,53,72,0,80,67,0,0,0,0,45,0,58,0,0,0,0,0;53,0,0,0,0,67,0,0,0,0,0,0,0,40,0,0,0,22,0,0,0,0,0,0,24,45,0,0,0,0;60,0,0,68,0,32,0,0,0,42,0,26,0,0,0,0,0,54,0,0,31,0,0,68,0,0,0,0,0,0;0,0,0,49,0,24,0,0,0,0,0,36,0,0,0,80,20,0,0,0,0,37,23,0,0,80,0,0,75,0;0,0,0,50,73,0,0,0,0,71,59,0,0,20,0,24,0,79,0,0,0,0,0,0,0,27,0,0,41,0;80,0,0,22,0,55,0,71,67,0,0,24,0,48,0,0,0,0,45,0,0,0,0,77,0,0,0,0,0,0;67,0,0,52,0,0,0,59,39,0,0,0,0,0,28,0,0,45,0,59,78,0,0,0,0,0,0,0,0,0;0,43,0,0,0,0,51,0,0,0,48,0,26,0,0,53,0,0,53,0,48,0,0,0,0,58,0,0,0,80;0,0,0,66,40,0,0,0,0,30,0,0,0,0,0,0,0,74,0,47,27,0,0,37,33,0,21,0,0,0;0,21,0,32,0,0,0,0,38,0,0,0,0,0,0,0,0,0,0,0,0,76,0,0,0,30,0,0,0,0;36,0,0,0,0,0,0,59,0,0,0,0,0,0,64,0,0,0,0,33,0,68,0,0,0,74,46,0,0,55;0,33,0,49,0,0,0,0,0,0,0,0,53,0,0,0,0,0,0,0,68,0,28,0,0,0,0,0,29,0;0,0,0,0,0,0,0,0,0,62,0,32,0,0,0,0,40,0,0,29,25,65,0,65,0,0,0,0,0,0;32,0,0,0,0,0,71,44,0,57,0,63,33,0,73,40,42,48,0,0,0,50,0,0,80,0,50,0,65,20;0,0,0,45,0,0,0,0,27,72,41,0,0,0,25,0,0,0,0,0,0,0,59,0,0,0,80,28,0,0;0,49,0,0,0,0,0,51,0,0,0,0,0,67,0,0,20,73,0,0,0,0,0,0,0,0,0,74,59,23;20,50,0,0,71,0,0,0,0,70,0,0,31,0,0,0,0,0,0,40,0,0,0,50,0,0,0,49,0,0;0,0,0,21,0,0,76,0,57,56,37,22,0,68,22,0,56,0,0,37,0,60,70,0,0,0,0,0,80,0;72,47,0,0,0,0,0,75,51,0,0,66,0,60,0,0,0,0,62,0,0,0,40,0,0,48,0,61,0,39;0,0,0,0,0,0,0,0,0,0,0,0,0,0,0,0,0,0,0,0,30,0,0,0,0,0,34,0,0,0
0,0,36,0,0,0,0,0,0,0,0,32,39,22,0,0,0,38,0,0,0,31,0,23,0,0,31,0,27,0;28,0,36,0,0,0,25,37,0,0,31,0,0,0,0,14,22,0,0,0,26,0,0,0,0,38,0,39,0,0;23,0,0,32,0,0,0,0,25,0,0,30,0,0,0,0,31,0,0,34,0,0,26,0,0,0,0,0,0,14;0,0,25,0,0,0,0,0,0,0,0,0,0,0,34,0,33,26,0,0,0,0,0,38,0,24,25,37,0,0;0,39,23,0,0,36,0,0,29,28,32,22,0,0,0,32,24,0,39,0,0,0,37,22,0,40,0,0,28,0;0,0,39,29,0,0,0,0,40,0,0,0,36,0,0,28,37,0,0,0,38,0,0,36,0,0,0,0,0,29;0,25,0,37,34,36,0,0,0,0,0,0,0,23,0,31,0,36,0,0,40,0,0,0,0,0,0,0,25,0;0,0,0,23,0,0,0,0,0,0,24,40,0,0,0,0,0,0,25,0,30,0,0,0,0,0,0,0,31,30;0,26,0,24,0,25,21,0,0,0,0,38,29,0,0,0,0,0,40,0,0,0,0,0,0,0,0,0,0,33;15,0,33,40,0,40,0,31,21,0,0,32,0,0,22,0,0,0,37,0,0,0,0,23,0,38,33,0,0,0;0,22,0,0,0,0,38,0,24,0,0,0,0,31,24,0,32,36,0,0,0,0,21,0,36,0,0,0,0,0;27,0,0,0,0,29,0,0,0,0,0,0,0,39,0,0,0,26,0,0,0,0,0,0,34,39,0,0,0,0;35,0,0,25,0,31,0,0,0,24,0,36,0,0,0,0,0,26,0,0,38,0,0,34,0,0,0,0,0,0;0,0,0,29,0,20,0,0,0,0,0,26,0,0,0,14,20,0,0,0,0,33,33,0,0,20,0,0,26,0;0,0,0,21,26,0,0,0,0,40,37,0,0,31,0,24,0,39,0,0,0,0,0,0,0,26,0,0,23,0;21,0,0,22,0,37,0,29,25,0,0,25,0,31,0,0,0,0,21,0,0,0,0,20,0,0,0,0,0,0;28,0,0,22,0,0,0,26,29,0,0,0,0,0,36,0,0,21,0,30,31,0,0,0,0,0,0,0,0,0;0,27,0,0,0,0,36,0,0,0,36,0,28,0,0,28,0,0,38,0,29,0,0,0,0,36,0,0,0,35;0,0,0,21,23,0,0,0,0,40,0,0,0,0,0,0,0,22,0,23,27,0,0,22,35,0,21,0,0,0;0,29,0,31,0,0,0,0,33,0,0,0,0,0,0,0,0,0,0,0,0,37,0,0,0,26,0,0,0,0;32,0,0,0,0,0,0,30,0,0,0,0,0,0,31,0,0,0,0,24,0,34,0,0,0,27,31,0,0,40;0,22,0,26,0,0,0,0,0,0,0,0,25,0,0,0,0,0,0,0,22,0,19,0,0,0,0,0,20,0;0,0,0,0,0,0,0,0,0,24,0,24,0,0,0,0,23,0,0,24,35,23,0,17,0,0,0,0,0,0;30,0,0,0,0,0,35,38,0,32,0,26,26,0,39,36,32,28,0,0,0,35,0,0,20,0,28,0,20,36;0,0,0,35,0,0,0,0,22,29,35,0,0,0,32,0,0,0,0,0,0,0,30,0,0,0,27,37,0,0;0,38,0,0,0,0,0,29,0,0,0,0,0,36,0,0,20,29,0,0,0,0,0,0,0,0,0,39,33,26;31,23,0,0,28,0,0,0,0,26,0,0,30,0,0,0,0,0,0,28,0,0,0,37,0,0,0,26,0,0;0,0,0,40,0,0,33,0,34,30,32,26,0,40,24,0,20,0,0,21,0,31,31,0,0,0,0,0,40,0;33,31,0,0,0,0,0,31,27,0,0,24,0,36,0,0,0,0,28,0,0,0,25,0,0,29,0,37,0,33;0,0,0,0,0,0,0,0,0,0,0,0,0,0,0,0,0,0,0,0,28,0,0,0,0,0,36,0,0,0
-7,13,0,-19,0,0,29,14,0,13,21,0,15,0,0,-14,0,0,0,0,0,0,0,0,0,-30,0,0,0,-35
------------- End of Scenario k = 6 -------
0,0,60,0,0,0,0,0,0,0,0,45,20,66,0,0,0,80,0,0,0,37,0,73,0,0,33,0,80,0;70,0,80,0,0,0,50,78,0,0,62,0,0,0,0,80,44,0,0,0,74,0,0,0,0,80,0,28,0,0;54,0,0,78,0,0,0,0,69,0,0,49,0,0,0,0,66,0,0,75,0,0,79,0,0,0,0,0,0,35;0,0,55,0,0,0,0,0,0,0,0,0,0,0,22,0,59,59,0,0,0,0,0,72,0,58,64,76,0,0;0,41,64,0,0,39,0,0,74,74,30,60,0,0,0,22,22,0,35,0,0,0,53,59,0,80,0,0,60,0;0,0,44,28,0,0,0,0,80,0,0,0,80,0,0,36,29,0,0,0,38,0,0,41,0,0,0,0,0,80;0,27,0,80,80,21,0,0,0,0,0,0,0,69,0,80,0,40,0,0,43,0,0,0,0,0,0,0,65,0;0,0,0,80,0,0,0,0,0,0,26,57,0,0,0,0,0,0,70,0,24,0,0,0,0,0,0,0,67,22;0,36,0,44,0,40,32,0,0,0,0,38,43,0,0,0,0,0,43,0,0,0,0,0,0,0,0,0,0,72;80,0,41,73,0,51,0,29,47,0,0,45,0,0,66,0,0,0,71,0,0,0,0,62,0,65,36,0,0,0;0,69,0,0,0,0,50,0,73,0,0,0,0,52,80,0,64,48,0,0,0,0,59,0,28,0,0,0,0,0;66,0,0,0,0,49,0,0,0,0,0,0,0,80,0,0,0,77,0,0,0,0,0,0,47,37,0,0,0,0;32,0,0,63,0,71,0,0,0,72,0,32,0,0,0,0,0,32,0,0,80,0,0,78,0,0,0,0,0,0;0,0,0,34,0,74,0,0,0,0,0,25,0,0,0,80,67,0,0,0,0,68,36,0,0,77,0,0,80,0;0,0,0,23,74,0,0,0,0,42,53,0,0,54,0,80,0,63,0,0,0,0,0,0,0,46,0,0,41,0;78,0,0,38,0,65,0,36,78,0,0,53,0,26,0,0,0,0,55,0,0,0,0,45,0,0,0,0,0,0;26,0,0,40,0,0,0,79,28,0,0,0,0,0,70,0,0,80,0,28,80,0,0,0,0,0,0,0,0,0;0,22,0,0,0,0,21,0,0,0,39,0,52,0,0,69,0,0,25,0,55,0,0,0,0,57,0,0,0,80;0,0,0,38,61,0,0,0,0,42,0,0,0,0,0,0,0,57,0,41,78,0,0,34,34,0,28,0,0,0;0,61,0,27,0,0,0,0,46,0,0,0,0,0,0,0,0,0,0,0,0,76,0,0,0,32,0,0,0,0;72,0,0,0,0,0,0,64,0,0,0,0,0,0,42,0,0,0,0,38,0,80,0,0,0,64,47,0,0,74;0,73,0,80,0,0,0,0,0,0,0,0,74,0,0,0,0,0,0,0,48,0,61,0,0,0,0,0,32,0;0,0,0,0,0,0,0,0,0,41,0,43,0,0,0,0,62,0,0,40,79,70,0,80,0,0,0,0,0,0;80,0,0,0,0,0,62,41,0,67,0,45,55,0,80,25,45,24,0,0,0,64,0,0,48,0,21,0,56,80;0,0,0,55,0,0,0,0,58,77,23,0,0,0,74,0,0,0,0,0,0,0,23,0,0,0,71,75,0,0;0,50,0,0,0,0,0,34,0,0,0,0,0,55,0,0,23,68,0,0,0,0,0,0,0,0,0,70,22,72;28,43,0,0,76,0,0,0,0,28,0,0,37,0,0,0,0,0,0,74,0,0,0,46,0,0,0,78,0,0;0,0,0,32,0,0,71,0,57,70,48,57,0,67,73,0,29,0,0,69,0,27,20,0,0,0,0,0,59,0;22,74,0,0,0,0,0,46,65,0,0,63,0,40,0,0,0,0,20,0,0,0,60,0,0,58,0,32,0,39;0,0,0,0,0,0,0,0,0,0,0,0,0,0,0,0,0,0,0,0,68,0,0,0,0,0,40,0,0,0
0,0,31,0,0,0,0,0,0,0,0,34,29,29,0,0,0,29,0,0,0,40,0,28,0,0,24,0,23,0;27,0,24,0,0,0,39,32,0,0,21,0,0,0,0,32,25,0,0,0,33,0,0,0,0,29,0,38,0,0;31,0,0,32,0,0,0,0,22,0,0,32,0,0,0,0,39,0,0,36,0,0,39,0,0,0,0,0,0,34;0,0,23,0,0,0,0,0,0,0,0,0,0,0,36,0,20,21,0,0,0,0,0,26,0,24,33,40,0,0;0,24,31,0,0,20,0,0,36,33,28,23,0,0,0,23,33,0,38,0,0,0,33,33,0,40,0,0,24,0;0,0,21,27,0,0,0,0,40,0,0,0,25,0,0,26,39,0,0,0,33,0,0,35,0,0,0,0,0,21;0,36,0,32,38,21,0,0,0,0,0,0,0,32,0,38,0,34,0,0,25,0,0,0,0,0,0,0,35,0;0,0,0,30,0,0,0,0,0,0,36,35,0,0,0,0,0,0,26,0,33,0,0,0,0,0,0,0,31,25;0,37,0,22,0,37,33,0,0,0,0,39,36,0,0,0,0,0,33,0,0,0,0,0,0,0,0,0,0,39;17,0,31,38,0,30,0,32,37,0,0,40,0,0,27,0,0,0,36,0,0,0,0,31,0,30,33,0,0,0;0,27,0,0,0,0,39,0,23,0,0,0,0,39,20,0,24,31,0,0,0,0,38,0,23,0,0,0,0,0;24,0,0,0,0,40,0,0,0,0,0,0,0,38,0,0,0,32,0,0,0,0,0,0,31,32,0,0,0,0;25,0,0,35,0,22,0,0,0,37,0,29,0,0,0,0,0,32,0,0,18,0,0,24,0,0,0,0,0,0;0,0,0,33,0,36,0,0,0,0,0,27,0,0,0,37,38,0,0,0,0,27,37,0,0,28,0,0,20,0;0,0,0,35,30,0,0,0,0,20,24,0,0,29,0,24,0,24,0,0,0,0,0,0,0,31,0,0,29,0;22,0,0,31,0,27,0,27,40,0,0,37,0,40,0,0,0,0,27,0,0,0,0,38,0,0,0,0,0,0;23,0,0,20,0,0,0,33,40,0,0,0,0,0,29,0,0,37,0,36,32,0,0,0,0,0,0,0,0,0;0,31,0,0,0,0,23,0,0,0,29,0,38,0,0,28,0,0,34,0,21,0,0,0,0,30,0,0,0,18;0,0,0,32,31,0,0,0,0,28,0,0,0,0,0,0,0,20,0,18,26,0,0,25,20,0,38,0,0,0;0,34,0,25,0,0,0,0,27,0,0,0,0,0,0,0,0,0,0,0,0,36,0,0,0,34,0,0,0,0;26,0,0,0,0,0,0,22,0,0,0,0,0,0,37,0,0,0,0,23,0,35,0,0,0,34,30,0,0,35;0,21,0,14,0,0,0,0,0,0,0,0,28,0,0,0,0,0,0,0,21,0,13,0,0,0,0,0,23,0;0,0,0,0,0,0,0,0,0,32,0,31,0,0,0,0,30,0,0,39,33,25,0,31,0,0,0,0,0,0;19,0,0,0,0,0,32,31,0,23,0,23,29,0,29,33,20,37,0,0,0,29,0,0,30,0,34,0,28,28;0,0,0,40,0,0,0,0,26,27,27,0,0,0,29,0,0,0,0,0,0,0,29,0,0,0,36,38,0,0;0,40,0,0,0,0,0,20,0,0,0,0,0,34,0,0,28,24,0,0,0,0,0,0,0,0,0,22,26,26;23,24,0,0,32,0,0,0,0,26,0,0,27,0,0,0,0,0,0,39,0,0,0,30,0,0,0,18,0,0;0,0,0,21,0,0,37,0,33,34,40,25,0,37,39,0,28,0,0,29,0,35,40,0,0,0,0,0,18,0;33,22,0,0,0,0,0,20,28,0,0,20,0,33,0,0,0,0,20,0,0,0,27,0,0,30,0,24,0,35;0,0,0,0,0,0,0,0,0,0,0,0,0,0,0,0,0,0,0,0,21,0,0,0,0,0,24,0,0,0
-23,23,0,-11,0,0,20,23,0,11,18,0,11,0,0,-18,0,0,0,0,0,0,0,0,0,-17,0,0,0,-37
------------- End of Scenario k = 7 -------
0,0,33,0,0,0,0,0,0,0,0,68,51,53,0,0,0,40,0,0,0,56,0,29,0,0,31,0,51,0;67,0,80,0,0,0,60,75,0,0,36,0,0,0,0,80,75,0,0,0,73,0,0,0,0,80,0,34,0,0;29,0,0,34,0,0,0,0,66,0,0,32,0,0,0,0,64,0,0,60,0,0,39,0,0,0,0,0,0,80;0,0,63,0,0,0,0,0,0,0,0,0,0,0,31,0,22,70,0,0,0,0,0,43,0,53,43,67,0,0;0,28,61,0,0,80,0,0,72,54,42,28,0,0,0,40,69,0,48,0,0,0,45,51,0,32,0,0,52,0;0,0,60,48,0,0,0,0,80,0,0,0,20,0,0,80,64,0,0,0,24,0,0,48,0,0,0,0,0,79;0,59,0,80,80,20,0,0,0,0,0,0,0,69,0,49,0,72,0,0,75,0,0,0,0,0,0,0,32,0;0,0,0,80,0,0,0,0,0,0,64,80,0,0,0,0,0,0,38,0,24,0,0,0,0,0,0,0,71,73;0,60,0,38,0,25,60,0,0,0,0,76,80,0,0,0,0,0,38,0,0,0,0,0,0,0,0,0,0,26;25,0,51,61,0,79,0,58,77,0,0,70,0,0,80,0,0,0,26,0,0,0,0,53,0,80,45,0,0,0;0,31,0,0,0,0,74,0,39,0,0,0,0,58,77,0,34,40,0,0,0,0,27,0,74,0,0,0,0,0;21,0,0,0,0,73,0,0,0,0,0,0,0,43,0,0,0,59,0,0,0,0,0,0,57,61,0,0,0,0;41,0,0,54,0,78,0,0,0,48,0,26,0,0,0,0,0,40,0,0,70,0,0,41,0,0,0,0,0,0;0,0,0,50,0,24,0,0,0,0,0,80,0,0,0,80,72,0,0,0,0,22,46,0,0,80,0,0,20,0;0,0,0,65,44,0,0,0,0,26,52,0,0,62,0,80,0,37,0,0,0,0,0,0,0,56,0,0,52,0;67,0,0,38,0,65,0,56,24,0,0,34,0,65,0,0,0,0,74,0,0,0,0,42,0,0,0,0,0,0;25,0,0,57,0,0,0,71,51,0,0,0,0,0,22,0,0,46,0,74,60,0,0,0,0,0,0,0,0,0;0,78,0,0,0,0,54,0,0,0,36,0,21,0,0,47,0,0,55,0,62,0,0,0,0,44,0,0,0,80;0,0,0,69,62,0,0,0,0,27,0,0,0,0,0,0,0,76,0,80,75,0,0,35,22,0,54,0,0,0;0,33,0,72,0,0,0,0,22,0,0,0,0,0,0,0,0,0,0,0,0,49,0,0,0,61,0,0,0,0;51,0,0,0,0,0,0,21,0,0,0,0,0,0,64,0,0,0,0,24,0,80,0,0,0,29,43,0,0,71;0,22,0,66,0,0,0,0,0,0,0,0,53,0,0,0,0,0,0,0,55,0,80,0,0,0,0,0,77,0;0,0,0,0,0,0,0,0,0,30,0,70,0,0,0,0,68,0,0,77,40,68,0,22,0,0,0,0,0,0;60,0,0,0,0,0,26,47,0,57,0,24,55,0,66,68,20,74,0,0,0,50,0,0,30,0,56,0,70,47;0,0,0,47,0,0,0,0,61,71,30,0,0,0,62,0,0,0,0,0,0,0,28,0,0,0,80,20,0,0;0,73,0,0,0,0,0,67,0,0,0,0,0,33,0,0,44,72,0,0,0,0,0,0,0,0,0,53,49,70;28,25,0,0,46,0,0,0,0,77,0,0,71,0,0,0,0,0,0,65,0,0,0,48,0,0,0,80,0,0;0,0,0,65,0,0,60,0,34,51,30,68,0,68,27,0,54,0,0,22,0,73,78,0,0,0,0,0,80,0;53,61,0,0,0,0,0,31,75,0,0,50,0,20,0,0,0,0,53,0,0,0,20,0,0,65,0,58,0,40;0,0,0,0,0,0,0,0,0,0,0,0,0,0,0,0,0,0,0,0,32,0,0,0,0,0,37,0,0,0
0,0,25,0,0,0,0,0,0,0,0,34,32,38,0,0,0,35,0,0,0,34,0,35,0,0,37,0,24,0;27,0,38,0,0,0,20,33,0,0,29,0,0,0,0,16,40,0,0,0,23,0,0,0,0,16,0,32,0,0;23,0,0,37,0,0,0,0,31,0,0,26,0,0,0,0,37,0,0,33,0,0,31,0,0,0,0,0,0,22;0,0,28,0,0,0,0,0,0,0,0,0,0,0,30,0,30,21,0,0,0,0,0,23,0,22,31,31,0,0;0,36,37,0,0,30,0,0,35,35,30,22,0,0,0,36,20,0,36,0,0,0,23,32,0,30,0,0,20,0;0,0,32,24,0,0,0,0,38,0,0,0,31,0,0,27,34,0,0,0,39,0,0,26,0,0,0,0,0,36;0,37,0,33,37,40,0,0,0,0,0,0,0,21,0,40,0,33,0,0,32,0,0,0,0,0,0,0,38,0;0,0,0,26,0,0,0,0,0,0,36,20,0,0,0,0,0,0,38,0,30,0,0,0,0,0,0,0,37,21;0,28,0,30,0,29,25,0,0,0,0,40,24,0,0,0,0,0,37,0,0,0,0,0,0,0,0,0,0,29;18,0,30,29,0,29,0,24,27,0,0,27,0,0,37,0,0,0,36,0,0,0,0,37,0,21,40,0,0,0;0,28,0,0,0,0,39,0,40,0,0,0,0,36,36,0,25,33,0,0,0,0,37,0,23,0,0,0,0,0;38,0,0,0,0,22,0,0,0,0,0,0,0,37,0,0,0,36,0,0,0,0,0,0,33,36,0,0,0,0;31,0,0,21,0,33,0,0,0,31,0,35,0,0,0,0,0,30,0,0,30,0,0,39,0,0,0,0,0,0;0,0,0,28,0,31,0,0,0,0,0,33,0,0,0,37,22,0,0,0,0,33,32,0,0,15,0,0,35,0;0,0,0,24,39,0,0,0,0,34,39,0,0,27,0,36,0,39,0,0,0,0,0,0,0,22,0,0,36,0;32,0,0,26,0,36,0,36,33,0,0,22,0,36,0,0,0,0,23,0,0,0,0,38,0,0,0,0,0,0;30,0,0,33,0,0,0,33,25,0,0,0,0,0,20,0,0,21,0,21,40,0,0,0,0,0,0,0,0,0;0,35,0,0,0,0,31,0,0,0,28,0,26,0,0,40,0,0,29,0,20,0,0,0,0,31,0,0,0,19;0,0,0,40,24,0,0,0,0,33,0,0,0,0,0,0,0,26,0,32,40,0,0,30,21,0,22,0,0,0;0,30,0,29,0,0,0,0,31,0,0,0,0,0,0,0,0,0,0,0,0,31,0,0,0,25,0,0,0,0;39,0,0,0,0,0,0,25,0,0,0,0,0,0,20,0,0,0,0,39,0,38,0,0,0,28,35,0,0,32;0,20,0,39,0,0,0,0,0,0,0,0,25,0,0,0,0,0,0,0,35,0,27,0,0,0,0,0,36,0;0,0,0,0,0,0,0,0,0,32,0,23,0,0,0,0,29,0,0,20,39,39,0,29,0,0,0,0,0,0;30,0,0,0,0,0,40,22,0,35,0,37,26,0,21,31,32,30,0,0,0,27,0,0,34,0,28,0,25,37;0,0,0,40,0,0,0,0,39,38,20,0,0,0,21,0,0,0,0,0,0,0,40,0,0,0,36,26,0,0;0,24,0,0,0,0,0,34,0,0,0,0,0,23,0,0,21,37,0,0,0,0,0,0,0,0,0,38,33,36;36,28,0,0,38,0,0,0,0,28,0,0,39,0,0,0,0,0,0,29,0,0,0,23,0,0,0,37,0,0;0,0,0,27,0,0,23,0,23,29,30,25,0,21,25,0,34,0,0,21,0,25,31,0,0,0,0,0,21,0;30,22,0,0,0,0,0,27,25,0,0,34,0,24,0,0,0,0,40,0,0,0,27,0,0,37,0,29,0,34;0,0,0,0,0,0,0,0,0,0,0,0,0,0,0,0,0,0,0,0,37,0,0,0,0,0,35,0,0,0
-7,11,0,-31,0,0,30,14,0,15,16,0,20,0,0,-23,0,0,0,0,0,0,0,0,0,-22,0,0,0,-23
------------- End of Scenario k = 8 -------
0,0,37,0,0,0,0,0,0,0,0,22,79,38,0,0,0,65,0,0,0,20,0,78,0,0,56,0,55,0;24,0,22,0,0,0,70,76,0,0,23,0,0,0,0,28,47,0,0,0,72,0,0,0,0,66,0,59,0,0;80,0,0,80,0,0,0,0,36,0,0,28,0,0,0,0,65,0,0,59,0,0,35,0,0,0,0,0,0,80;0,0,73,0,0,0,0,0,0,0,0,0,0,0,68,0,35,40,0,0,0,0,0,36,0,49,30,50,0,0;0,41,63,0,0,76,0,0,44,57,68,45,0,0,0,70,36,0,72,0,0,0,67,58,0,21,0,0,72,0;0,0,37,76,0,0,0,0,34,0,0,0,23,0,0,50,29,0,0,0,43,0,0,39,0,0,0,0,0,80;0,54,0,80,80,62,0,0,0,0,0,0,0,80,0,80,0,32,0,0,37,0,0,0,0,0,0,0,76,0;0,0,0,80,0,0,0,0,0,0,44,28,0,0,0,0,0,0,78,0,44,0,0,0,0,0,0,0,50,52;0,37,0,63,0,55,62,0,0,0,0,42,37,0,0,0,0,0,61,0,0,0,0,0,0,0,0,0,0,37;80,0,38,20,0,77,0,62,47,0,0,25,0,0,27,0,0,0,73,0,0,0,0,49,0,80,77,0,0,0;0,55,0,0,0,0,37,0,35,0,0,0,0,24,23,0,57,75,0,0,0,0,63,0,51,0,0,0,0,0;39,0,0,0,0,33,0,0,0,0,0,0,0,80,0,0,0,39,0,0,0,0,0,0,73,36,0,0,0,0;35,0,0,76,0,27,0,0,0,35,0,39,0,0,0,0,0,53,0,0,63,0,0,66,0,0,0,0,0,0;0,0,0,32,0,54,0,0,0,0,0,68,0,0,0,27,22,0,0,0,0,20,32,0,0,80,0,0,56,0;0,0,0,37,64,0,0,0,0,78,74,0,0,33,0,80,0,58,0,0,0,0,0,0,0,76,0,0,44,0;42,0,0,58,0,78,0,65,55,0,0,26,0,36,0,0,0,0,35,0,0,0,0,41,0,0,0,0,0,0;36,0,0,67,0,0,0,20,30,0,0,0,0,0,51,0,0,80,0,71,49,0,0,0,0,0,0,0,0,0;0,65,0,0,0,0,55,0,0,0,78,0,35,0,0,31,0,0,80,0,34,0,0,0,0,64,0,0,0,69;0,0,0,36,73,0,0,0,0,29,0,0,0,0,0,0,0,36,0,80,48,0,0,80,79,0,45,0,0,0;0,32,0,44,0,0,0,0,66,0,0,0,0,0,0,0,0,0,0,0,0,44,0,0,0,35,0,0,0,0;31,0,0,0,0,0,0,37,0,0,0,0,0,0,62,0,0,0,0,67,0,75,0,0,0,54,26,0,0,26;0,64,0,80,0,0,0,0,0,0,0,0,30,0,0,0,0,0,0,0,35,0,80,0,0,0,0,0,38,0;0,0,0,0,0,0,0,0,0,33,0,54,0,0,0,0,59,0,0,27,36,78,0,74,0,0,0,0,0,0;80,0,0,0,0,0,80,68,0,70,0,35,67,0,43,60,76,51,0,0,0,21,0,0,80,0,70,0,77,45;0,0,0,46,0,0,0,0,72,78,64,0,0,0,43,0,0,0,0,0,0,0,68,0,0,0,80,67,0,0;0,21,0,0,0,0,0,54,0,0,0,0,0,78,0,0,66,45,0,0,0,0,0,0,0,0,0,33,76,49;29,61,0,0,34,0,0,0,0,45,0,0,44,0,0,0,0,0,0,24,0,0,0,23,0,0,0,74,0,0;0,0,0,49,0,0,75,0,60,72,49,59,0,62,21,0,29,0,0,30,0,39,31,0,0,0,0,0,80,0;77,62,0,0,0,0,0,53,51,0,0,25,0,46,0,0,0,0,79,0,0,0,23,0,0,20,0,51,0,67;0,0,0,0,0,0,0,0,0,0,0,0,0,0,0,0,0,0,0,0,27,0,0,0,0,0,78,0,0,0
0,0,36,0,0,0,0,0,0,0,0,21,33,38,0,0,0,39,0,0,0,27,0,20,0,0,36,0,34,0;26,0,35,0,0,0,28,31,0,0,27,0,0,0,0,36,31,0,0,0,34,0,0,0,0,29,0,21,0,0;34,0,0,35,0,0,0,0,34,0,0,24,0,0,0,0,31,0,0,35,0,0,26,0,0,0,0,0,0,33;0,0,31,0,0,0,0,0,0,0,0,0,0,0,40,0,29,23,0,0,0,0,0,39,0,26,35,29,0,0;0,25,20,0,0,35,0,0,27,20,40,32,0,0,0,27,23,0,36,0,0,0,23,23,0,32,0,0,31,0;0,0,21,27,0,0,0,0,33,0,0,0,25,0,0,21,22,0,0,0,36,0,0,32,0,0,0,0,0,29;0,22,0,39,32,25,0,0,0,0,0,0,0,34,0,32,0,30,0,0,27,0,0,0,0,0,0,0,32,0;0,0,0,39,0,0,0,0,0,0,21,36,0,0,0,0,0,0,26,0,28,0,0,0,0,0,0,0,32,32;0,28,0,39,0,27,22,0,0,0,0,28,39,0,0,0,0,0,27,0,0,0,0,0,0,0,0,0,0,21;40,0,31,38,0,24,0,20,32,0,0,38,0,0,24,0,0,0,34,0,0,0,0,37,0,37,28,0,0,0;0,38,0,0,0,0,20,0,20,0,0,0,0,37,27,0,20,29,0,0,0,0,29,0,26,0,0,0,0,0;28,0,0,0,0,38,0,0,0,0,0,0,0,22,0,0,0,38,0,0,0,0,0,0,26,22,0,0,0,0;23,0,0,27,0,28,0,0,0,28,0,25,0,0,0,0,0,29,0,0,36,0,0,34,0,0,0,0,0,0;0,0,0,26,0,32,0,0,0,0,0,33,0,0,0,29,27,0,0,0,0,23,33,0,0,25,0,0,28,0;0,0,0,32,35,0,0,0,0,24,30,0,0,27,0,25,0,32,0,0,0,0,0,0,0,27,0,0,34,0;33,0,0,38,0,26,0,31,30,0,0,25,0,36,0,0,0,0,23,0,0,0,0,37,0,0,0,0,0,0;32,0,0,22,0,0,0,34,22,0,0,0,0,0,34,0,0,25,0,34,31,0,0,0,0,0,0,0,0,0;0,24,0,0,0,0,21,0,0,0,36,0,21,0,0,39,0,0,20,0,29,0,0,0,0,39,0,0,0,15;0,0,0,22,38,0,0,0,0,20,0,0,0,0,0,0,0,30,0,38,23,0,0,40,38,0,30,0,0,0;0,30,0,28,0,0,0,0,25,0,0,0,0,0,0,0,0,0,0,0,0,34,0,0,0,21,0,0,0,0;23,0,0,0,0,0,0,24,0,0,0,0,0,0,32,0,0,0,0,21,0,33,0,0,0,22,38,0,0,24;0,34,0,37,0,0,0,0,0,0,0,0,24,0,0,0,0,0,0,0,39,0,27,0,0,0,0,0,37,0;0,0,0,0,0,0,0,0,0,30,0,33,0,0,0,0,28,0,0,34,33,32,0,29,0,0,0,0,0,0;35,0,0,0,0,0,22,26,0,33,0,38,27,0,35,28,35,33,0,0,0,34,0,0,22,0,31,0,37,37;0,0,0,35,0,0,0,0,34,31,23,0,0,0,27,0,0,0,0,0,0,0,22,0,0,0,38,25,0,0;0,27,0,0,0,0,0,25,0,0,0,0,0,24,0,0,38,20,0,0,0,0,0,0,0,0,0,27,35,40;26,23,0,0,34,0,0,0,0,24,0,0,22,0,0,0,0,0,0,33,0,0,0,24,0,0,0,24,0,0;0,0,0,22,0,0,28,0,21,36,24,30,0,35,38,0,37,0,0,32,0,22,33,0,0,0,0,0,30,0;32,23,0,0,0,0,0,31,39,0,0,30,0,33,0,0,0,0,22,0,0,0,40,0,0,25,0,38,0,20;0,0,0,0,0,0,0,0,0,0,0,0,0,0,0,0,0,0,0,0,28,0,0,0,0,0,24,0,0,0
-6,26,0,-30,0,0,28,22,0,22,13,0,22,0,0,-40,0,0,0,0,0,0,0,0,0,-29,0,0,0,-28
------------- End of Scenario k = 9 -------
0,0,37,0,0,0,0,0,0,0,0,76,24,43,0,0,0,27,0,0,0,31,0,42,0,0,72,0,29,0;61,0,80,0,0,0,44,66,0,0,68,0,0,0,0,60,54,0,0,0,40,0,0,0,0,64,0,74,0,0;42,0,0,49,0,0,0,0,59,0,0,55,0,0,0,0,42,0,0,26,0,0,51,0,0,0,0,0,0,65;0,0,78,0,0,0,0,0,0,0,0,0,0,0,30,0,27,29,0,0,0,0,0,78,0,59,58,76,0,0;0,35,65,0,0,80,0,0,22,31,66,20,0,0,0,58,80,0,36,0,0,0,51,60,0,80,0,0,77,0;0,0,61,60,0,0,0,0,63,0,0,0,60,0,0,52,46,0,0,0,44,0,0,20,0,0,0,0,0,80;0,67,0,80,38,22,0,0,0,0,0,0,0,20,0,80,0,44,0,0,59,0,0,0,0,0,0,0,57,0;0,0,0,22,0,0,0,0,0,0,80,80,0,0,0,0,0,0,80,0,40,0,0,0,0,0,0,0,73,24;0,76,0,31,0,58,70,0,0,0,0,37,78,0,0,0,0,0,70,0,0,0,0,0,0,0,0,0,0,68;80,0,54,80,0,80,0,41,55,0,0,63,0,0,68,0,0,0,51,0,0,0,0,28,0,80,68,0,0,0;0,59,0,0,0,0,62,0,44,0,0,0,0,23,70,0,77,32,0,0,0,0,64,0,80,0,0,0,0,0;24,0,0,0,0,75,0,0,0,0,0,0,0,38,0,0,0,35,0,0,0,0,0,0,20,30,0,0,0,0;20,0,0,63,0,34,0,0,0,78,0,65,0,0,0,0,0,32,0,0,56,0,0,77,0,0,0,0,0,0;0,0,0,26,0,41,0,0,0,0,0,30,0,0,0,53,64,0,0,0,0,53,51,0,0,80,0,0,77,0;0,0,0,47,36,0,0,0,0,40,63,0,0,58,0,80,0,33,0,0,0,0,0,0,0,47,0,0,63,0;51,0,0,51,0,66,0,79,64,0,0,47,0,48,0,0,0,0,26,0,0,0,0,62,0,0,0,0,0,0;72,0,0,28,0,0,0,23,51,0,0,0,0,0,80,0,0,27,0,22,35,0,0,0,0,0,0,0,0,0;0,63,0,0,0,0,70,0,0,0,62,0,79,0,0,77,0,0,42,0,25,0,0,0,0,35,0,0,0,44;0,0,0,46,37,0,0,0,0,26,0,0,0,0,0,0,0,42,0,80,64,0,0,77,28,0,65,0,0,0;0,38,0,34,0,0,0,0,47,0,0,0,0,0,0,0,0,0,0,0,0,71,0,0,0,27,0,0,0,0;24,0,0,0,0,0,0,63,0,0,0,0,0,0,20,0,0,0,0,22,0,63,0,0,0,67,28,0,0,46;0,20,0,47,0,0,0,0,0,0,0,0,58,0,0,0,0,0,0,0,67,0,80,0,0,0,0,0,63,0;0,0,0,0,0,0,0,0,0,43,0,66,0,0,0,0,22,0,0,62,65,35,0,80,0,0,0,0,0,0;42,0,0,0,0,0,50,28,0,50,0,36,50,0,55,61,29,70,0,0,0,69,0,0,44,0,46,0,44,80;0,0,0,43,0,0,0,0,60,54,80,0,0,0,79,0,0,0,0,0,0,0,47,0,0,0,80,74,0,0;0,72,0,0,0,0,0,66,0,0,0,0,0,72,0,0,48,61,0,0,0,0,0,0,0,0,0,40,66,65;44,58,0,0,61,0,0,0,0,51,0,0,78,0,0,0,0,0,0,52,0,0,0,29,0,0,0,78,0,0;0,0,0,32,0,0,46,0,61,41,32,61,0,24,80,0,46,0,0,30,0,36,51,0,0,0,0,0,80,0;33,24,0,0,0,0,0,42,64,0,0,69,0,52,0,0,0,0,22,0,0,0,23,0,0,56,0,34,0,62;0,0,0,0,0,0,0,0,0,0,0,0,0,0,0,0,0,0,0,0,74,0,0,0,0,0,44,0,0,0
0,0,21,0,0,0,0,0,0,0,0,23,34,20,0,0,0,27,0,0,0,29,0,33,0,0,23,0,22,0;33,0,30,0,0,0,22,28,0,0,36,0,0,0,0,37,23,0,0,0,38,0,0,0,0,37,0,29,0,0;30,0,0,28,0,0,0,0,38,0,0,23,0,0,0,0,29,0,0,35,0,0,21,0,0,0,0,0,0,27;0,0,28,0,0,0,0,0,0,0,0,0,0,0,22,0,20,40,0,0,0,0,0,20,0,32,24,33,0,0;0,39,36,0,0,29,0,0,22,27,28,27,0,0,0,28,28,0,21,0,0,0,34,22,0,17,0,0,25,0;0,0,32,27,0,0,0,0,16,0,0,0,28,0,0,30,23,0,0,0,29,0,0,21,0,0,0,0,0,32;0,34,0,29,36,22,0,0,0,0,0,0,0,34,0,40,0,24,0,0,36,0,0,0,0,0,0,0,33,0;0,0,0,23,0,0,0,0,0,0,26,36,0,0,0,0,0,0,35,0,20,0,0,0,0,0,0,0,20,39;0,31,0,23,0,26,40,0,0,0,0,23,30,0,0,0,0,0,27,0,0,0,0,0,0,0,0,0,0,27;37,0,39,38,0,22,0,32,20,0,0,37,0,0,38,0,0,0,26,0,0,0,0,29,0,35,39,0,0,0;0,36,0,0,0,0,39,0,38,0,0,0,0,35,22,0,36,32,0,0,0,0,25,0,24,0,0,0,0,0;22,0,0,0,0,34,0,0,0,0,0,0,0,24,0,0,0,35,0,0,0,0,0,0,35,33,0,0,0,0;34,0,0,36,0,25,0,0,0,34,0,36,0,0,0,0,0,26,0,0,37,0,0,30,0,0,0,0,0,0;0,0,0,32,0,21,0,0,0,0,0,24,0,0,0,30,31,0,0,0,0,39,29,0,0,28,0,0,24,0;0,0,0,31,38,0,0,0,0,40,40,0,0,31,0,33,0,20,0,0,0,0,0,0,0,26,0,0,36,0;30,0,0,36,0,28,0,39,33,0,0,40,0,34,0,0,0,0,24,0,0,0,0,32,0,0,0,0,0,0;29,0,0,25,0,0,0,36,34,0,0,0,0,0,37,0,0,27,0,31,20,0,0,0,0,0,0,0,0,0;0,24,0,0,0,0,29,0,0,0,37,0,24,0,0,25,0,0,37,0,38,0,0,0,0,25,0,0,0,32;0,0,0,29,31,0,0,0,0,37,0,0,0,0,0,0,0,27,0,39,31,0,0,27,36,0,22,0,0,0;0,35,0,34,0,0,0,0,21,0,0,0,0,0,0,0,0,0,0,0,0,30,0,0,0,23,0,0,0,0;32,0,0,0,0,0,0,23,0,0,0,0,0,0,25,0,0,0,0,29,0,23,0,0,0,34,23,0,0,37;0,24,0,40,0,0,0,0,0,0,0,0,27,0,0,0,0,0,0,0,22,0,26,0,0,0,0,0,28,0;0,0,0,0,0,0,0,0,0,29,0,30,0,0,0,0,26,0,0,36,26,31,0,29,0,0,0,0,0,0;38,0,0,0,0,0,33,30,0,20,0,20,29,0,35,26,39,26,0,0,0,27,0,0,33,0,23,0,37,36;0,0,0,35,0,0,0,0,22,24,30,0,0,0,40,0,0,0,0,0,0,0,39,0,0,0,36,25,0,0;0,29,0,0,0,0,0,32,0,0,0,0,0,36,0,0,30,36,0,0,0,0,0,0,0,0,0,25,31,21;38,35,0,0,20,0,0,0,0,26,0,0,33,0,0,0,0,0,0,29,0,0,0,29,0,0,0,32,0,0;0,0,0,27,0,0,39,0,27,23,26,21,0,30,38,0,27,0,0,22,0,24,21,0,0,0,0,0,27,0;39,33,0,0,0,0,0,40,25,0,0,31,0,38,0,0,0,0,32,0,0,0,24,0,0,31,0,23,0,21;0,0,0,0,0,0,0,0,0,0,0,0,0,0,0,0,0,0,0,0,27,0,0,0,0,0,22,0,0,0
-22,20,0,-31,0,0,15,22,0,30,23,0,23,0,0,-21,0,0,0,0,0,0,0,0,0,-22,0,0,0,-37
------------- End of Scenario k = 10 -------
0,0,35,0,0,0,0,0,0,0,0,55,54,41,0,0,0,68,0,0,0,28,0,29,0,0,51,0,53,0;70,0,80,0,0,0,42,35,0,0,47,0,0,0,0,80,55,0,0,0,79,0,0,0,0,80,0,36,0,0;80,0,0,28,0,0,0,0,51,0,0,40,0,0,0,0,21,0,0,70,0,0,42,0,0,0,0,0,0,80;0,0,67,0,0,0,0,0,0,0,0,0,0,0,41,0,72,69,0,0,0,0,0,33,0,32,34,58,0,0;0,63,58,0,0,80,0,0,57,29,74,55,0,0,0,69,74,0,22,0,0,0,23,43,0,62,0,0,33,0;0,0,50,58,0,0,0,0,80,0,0,0,73,0,0,41,71,0,0,0,47,0,0,21,0,0,0,0,0,74;0,41,0,69,80,31,0,0,0,0,0,0,0,74,0,80,0,36,0,0,77,0,0,0,0,0,0,0,31,0;0,0,0,80,0,0,0,0,0,0,26,37,0,0,0,0,0,0,40,0,66,0,0,0,0,0,0,0,52,79;0,43,0,25,0,44,21,0,0,0,0,27,26,0,0,0,0,0,70,0,0,0,0,0,0,0,0,0,0,64;24,0,50,80,0,33,0,66,31,0,0,76,0,0,80,0,0,0,29,0,0,0,0,71,0,40,32,0,0,0;0,46,0,0,0,0,59,0,27,0,0,0,0,49,30,0,66,34,0,0,0,0,42,0,33,0,0,0,0,0;25,0,0,0,0,52,0,0,0,0,0,0,0,26,0,0,0,71,0,0,0,0,0,0,77,76,0,0,0,0;78,0,0,57,0,36,0,0,0,67,0,61,0,0,0,0,0,26,0,0,80,0,0,22,0,0,0,0,0,0;0,0,0,48,0,50,0,0,0,0,0,37,0,0,0,22,38,0,0,0,0,43,44,0,0,67,0,0,24,0;0,0,0,56,65,0,0,0,0,56,54,0,0,59,0,80,0,31,0,0,0,0,0,0,0,61,0,0,23,0;36,0,0,67,0,40,0,47,80,0,0,67,0,65,0,0,0,0,36,0,0,0,0,38,0,0,0,0,0,0;40,0,0,43,0,0,0,56,76,0,0,0,0,0,29,0,0,80,0,80,58,0,0,0,0,0,0,0,0,0;0,59,0,0,0,0,49,0,0,0,20,0,48,0,0,23,0,0,80,0,76,0,0,0,0,27,0,0,0,80;0,0,0,26,58,0,0,0,0,35,0,0,0,0,0,0,0,31,0,63,71,0,0,21,71,0,58,0,0,0;0,57,0,63,0,0,0,0,25,0,0,0,0,0,0,0,0,0,0,0,0,47,0,0,0,42,0,0,0,0;51,0,0,0,0,0,0,24,0,0,0,0,0,0,54,0,0,0,0,42,0,65,0,0,0,69,43,0,0,48;0,64,0,80,0,0,0,0,0,0,0,0,40,0,0,0,0,0,0,0,76,0,80,0,0,0,0,0,67,0;0,0,0,0,0,0,0,0,0,41,0,50,0,0,0,0,54,0,0,50,46,25,0,80,0,0,0,0,0,0;80,0,0,0,0,0,21,52,0,21,0,71,75,0,64,80,71,30,0,0,0,25,0,0,80,0,74,0,65,56;0,0,0,76,0,0,0,0,59,49,44,0,0,0,45,0,0,0,0,0,0,0,68,0,0,0,80,71,0,0;0,42,0,0,0,0,0,58,0,0,0,0,0,44,0,0,61,31,0,0,0,0,0,0,0,0,0,69,75,66;70,61,0,0,59,0,0,0,0,59,0,0,52,0,0,0,0,0,0,50,0,0,0,70,0,0,0,80,0,0;0,0,0,36,0,0,31,0,62,70,66,77,0,66,40,0,51,0,0,31,0,39,80,0,0,0,0,0,64,0;57,52,0,0,0,0,0,78,24,0,0,35,0,67,0,0,0,0,32,0,0,0,77,0,0,37,0,29,0,23;0,0,0,0,0,0,0,0,0,0,0,0,0,0,0,0,0,0,0,0,55,0,0,0,0,0,71,0,0,0
0,0,21,0,0,0,0,0,0,0,0,28,27,40,0,0,0,23,0,0,0,32,0,32,0,0,24,0,33,0;37,0,19,0,0,0,28,39,0,0,25,0,0,0,0,31,26,0,0,0,24,0,0,0,0,17,0,27,0,0;19,0,0,15,0,0,0,0,24,0,0,33,0,0,0,0,26,0,0,31,0,0,21,0,0,0,0,0,0,30;0,0,24,0,0,0,0,0,0,0,0,0,0,0,39,0,26,27,0,0,0,0,0,34,0,38,22,34,0,0;0,34,39,0,0,35,0,0,40,23,35,33,0,0,0,40,26,0,40,0,0,0,22,37,0,34,0,0,33,0;0,0,32,26,0,0,0,0,36,0,0,0,25,0,0,21,20,0,0,0,20,0,0,32,0,0,0,0,0,40;0,32,0,30,40,32,0,0,0,0,0,0,0,21,0,33,0,32,0,0,26,0,0,0,0,0,0,0,31,0;0,0,0,36,0,0,0,0,0,0,23,33,0,0,0,0,0,0,20,0,23,0,0,0,0,0,0,0,27,24;0,26,0,33,0,37,29,0,0,0,0,27,34,0,0,0,0,0,26,0,0,0,0,0,0,0,0,0,0,20;24,0,26,23,0,20,0,27,39,0,0,39,0,0,20,0,0,0,24,0,0,0,0,35,0,39,39,0,0,0;0,24,0,0,0,0,35,0,31,0,0,0,0,26,28,0,33,30,0,0,0,0,31,0,37,0,0,0,0,0;33,0,0,0,0,32,0,0,0,0,0,0,0,31,0,0,0,30,0,0,0,0,0,0,31,40,0,0,0,0;21,0,0,36,0,28,0,0,0,31,0,30,0,0,0,0,0,36,0,0,38,0,0,25,0,0,0,0,0,0;0,0,0,33,0,27,0,0,0,0,0,28,0,0,0,24,33,0,0,0,0,27,21,0,0,26,0,0,37,0;0,0,0,21,20,0,0,0,0,37,34,0,0,29,0,30,0,32,0,0,0,0,0,0,0,22,0,0,38,0;39,0,0,33,0,36,0,28,31,0,0,21,0,35,0,0,0,0,22,0,0,0,0,21,0,0,0,0,0,0;40,0,0,29,0,0,0,29,37,0,0,0,0,0,29,0,0,39,0,28,20,0,0,0,0,0,0,0,0,0;0,25,0,0,0,0,21,0,0,0,23,0,35,0,0,30,0,0,32,0,32,0,0,0,0,29,0,0,0,26;0,0,0,32,29,0,0,0,0,37,0,0,0,0,0,0,0,23,0,38,36,0,0,23,38,0,38,0,0,0;0,30,0,24,0,0,0,0,22,0,0,0,0,0,0,0,0,0,0,0,0,31,0,0,0,23,0,0,0,0;32,0,0,0,0,0,0,25,0,0,0,0,0,0,28,0,0,0,0,35,0,29,0,0,0,20,36,0,0,26;0,27,0,27,0,0,0,0,0,0,0,0,32,0,0,0,0,0,0,0,24,0,35,0,0,0,0,0,24,0;0,0,0,0,0,0,0,0,0,35,0,21,0,0,0,0,23,0,0,32,29,24,0,24,0,0,0,0,0,0;35,0,0,0,0,0,37,34,0,30,0,29,22,0,25,32,36,27,0,0,0,27,0,0,30,0,39,0,34,24;0,0,0,33,0,0,0,0,23,21,28,0,0,0,32,0,0,0,0,0,0,0,33,0,0,0,40,21,0,0;0,40,0,0,0,0,0,37,0,0,0,0,0,24,0,0,20,31,0,0,0,0,0,0,0,0,0,27,39,30;28,26,0,0,37,0,0,0,0,31,0,0,36,0,0,0,0,0,0,25,0,0,0,25,0,0,0,35,0,0;0,0,0,35,0,0,36,0,30,28,22,21,0,29,35,0,33,0,0,28,0,23,26,0,0,0,0,0,29,0;21,35,0,0,0,0,0,24,30,0,0,22,0,33,0,0,0,0,28,0,0,0,28,0,0,22,0,37,0,25;0,0,0,0,0,0,0,0,0,0,0,0,0,0,0,0,0,0,0,0,29,0,0,0,0,0,33,0,0,0
-17,15,0,-22,0,0,30,21,0,17,15,0,24,0,0,-26,0,0,0,0,0,0,0,0,0,-24,0,0,0,-33
------------- End of Scenario k = 11 -------
0,0,76,0,0,0,0,0,0,0,0,76,34,38,0,0,0,43,0,0,0,58,0,72,0,0,23,0,48,0;37,0,80,0,0,0,61,59,0,0,40,0,0,0,0,56,64,0,0,0,56,0,0,0,0,80,0,23,0,0;62,0,0,34,0,0,0,0,47,0,0,24,0,0,0,0,54,0,0,40,0,0,76,0,0,0,0,0,0,25;0,0,40,0,0,0,0,0,0,0,0,0,0,0,68,0,76,55,0,0,0,0,0,39,0,53,41,25,0,0;0,21,67,0,0,80,0,0,69,67,42,64,0,0,0,73,65,0,55,0,0,0,80,47,0,55,0,0,41,0;0,0,79,23,0,0,0,0,80,0,0,0,24,0,0,72,40,0,0,0,48,0,0,32,0,0,0,0,0,80;0,75,0,80,80,67,0,0,0,0,0,0,0,30,0,39,0,69,0,0,62,0,0,0,0,0,0,0,66,0;0,0,0,21,0,0,0,0,0,0,21,80,0,0,0,0,0,0,53,0,59,0,0,0,0,0,0,0,54,30;0,56,0,78,0,23,78,0,0,0,0,80,25,0,0,0,0,0,71,0,0,0,0,0,0,0,0,0,0,25;70,0,34,22,0,77,0,57,25,0,0,54,0,0,32,0,0,0,60,0,0,0,0,80,0,80,40,0,0,0;0,59,0,0,0,0,67,0,55,0,0,0,0,29,71,0,80,24,0,0,0,0,51,0,42,0,0,0,0,0;33,0,0,0,0,55,0,0,0,0,0,0,0,76,0,0,0,73,0,0,0,0,0,0,28,45,0,0,0,0;42,0,0,76,0,79,0,0,0,23,0,28,0,0,0,0,0,33,0,0,80,0,0,80,0,0,0,0,0,0;0,0,0,51,0,53,0,0,0,0,0,63,0,0,0,75,59,0,0,0,0,37,59,0,0,80,0,0,38,0;0,0,0,70,67,0,0,0,0,58,22,0,0,61,0,80,0,28,0,0,0,0,0,0,0,26,0,0,60,0;62,0,0,53,0,60,0,69,20,0,0,32,0,78,0,0,0,0,55,0,0,0,0,68,0,0,0,0,0,0;75,0,0,39,0,0,0,70,26,0,0,0,0,0,53,0,0,76,0,57,62,0,0,0,0,0,0,0,0,0;0,29,0,0,0,0,54,0,0,0,78,0,53,0,0,57,0,0,80,0,45,0,0,0,0,73,0,0,0,80;0,0,0,25,75,0,0,0,0,51,0,0,0,0,0,0,0,24,0,80,28,0,0,59,41,0,24,0,0,0;0,60,0,71,0,0,0,0,73,0,0,0,0,0,0,0,0,0,0,0,0,74,0,0,0,61,0,0,0,0;64,0,0,0,0,0,0,77,0,0,0,0,0,0,21,0,0,0,0,72,0,53,0,0,0,68,68,0,0,31;0,37,0,80,0,0,0,0,0,0,0,0,28,0,0,0,0,0,0,0,33,0,60,0,0,0,0,0,73,0;0,0,0,0,0,0,0,0,0,42,0,39,0,0,0,0,35,0,0,63,74,25,0,51,0,0,0,0,0,0;80,0,0,0,0,0,39,31,0,27,0,59,43,0,51,70,34,50,0,0,0,58,0,0,31,0,53,0,58,80;0,0,0,73,0,0,0,0,40,65,46,0,0,0,73,0,0,0,0,0,0,0,49,0,0,0,25,48,0,0;0,60,0,0,0,0,0,25,0,0,0,0,0,53,0,0,56,74,0,0,0,0,0,0,0,0,0,80,55,57;25,21,0,0,39,0,0,0,0,80,0,0,34,0,0,0,0,0,0,79,0,0,0,45,0,0,0,33,0,0;0,0,0,46,0,0,71,0,49,39,53,50,0,23,22,0,29,0,0,33,0,57,44,0,0,0,0,0,80,0;53,30,0,0,0,0,0,51,46,0,0,50,0,76,0,0,0,0,65,0,0,0,68,0,0,26,0,73,0,53;0,0,0,0,0,0,0,0,0,0,0,0,0,0,0,0,0,0,0,0,66,0,0,0,0,0,39,0,0,0
0,0,28,0,0,0,0,0,0,0,0,23,25,36,0,0,0,28,0,0,0,20,0,31,0,0,38,0,36,0;35,0,25,0,0,0,22,27,0,0,27,0,0,0,0,27,29,0,0,0,20,0,0,0,0,27,0,35,0,0;20,0,0,27,0,0,0,0,21,0,0,34,0,0,0,0,26,0,0,39,0,0,30,0,0,0,0,0,0,24;0,0,26,0,0,0,0,0,0,0,0,0,0,0,32,0,22,40,0,0,0,0,0,20,0,34,23,39,0,0;0,40,37,0,0,26,0,0,31,29,26,37,0,0,0,29,24,0,39,0,0,0,26,30,0,27,0,0,38,0;0,0,25,26,0,0,0,0,15,0,0,0,28,0,0,30,22,0,0,0,23,0,0,23,0,0,0,0,0,21;0,23,0,35,22,28,0,0,0,0,0,0,0,26,0,19,0,21,0,0,25,0,0,0,0,0,0,0,33,0;0,0,0,18,0,0,0,0,0,0,33,23,0,0,0,0,0,0,39,0,32,0,0,0,0,0,0,0,20,21;0,39,0,21,0,20,28,0,0,0,0,38,32,0,0,0,0,0,24,0,0,0,0,0,0,0,0,0,0,37;30,0,29,37,0,40,0,25,25,0,0,24,0,0,37,0,0,0,32,0,0,0,0,22,0,19,28,0,0,0;0,38,0,0,0,0,35,0,27,0,0,0,0,35,21,0,38,22,0,0,0,0,25,0,24,0,0,0,0,0;31,0,0,0,0,24,0,0,0,0,0,0,0,34,0,0,0,25,0,0,0,0,0,0,30,26,0,0,0,0;27,0,0,34,0,23,0,0,0,39,0,37,0,0,0,0,0,29,0,0,37,0,0,39,0,0,0,0,0,0;0,0,0,31,0,29,0,0,0,0,0,21,0,0,0,18,38,0,0,0,0,39,40,0,0,39,0,0,30,0;0,0,0,27,22,0,0,0,0,24,40,0,0,25,0,31,0,23,0,0,0,0,0,0,0,36,0,0,29,0;28,0,0,37,0,21,0,40,34,0,0,30,0,37,0,0,0,0,30,0,0,0,0,38,0,0,0,0,0,0;34,0,0,33,0,0,0,23,26,0,0,0,0,0,25,0,0,40,0,24,27,0,0,0,0,0,0,0,0,0;0,31,0,0,0,0,35,0,0,0,25,0,20,0,0,24,0,0,29,0,34,0,0,0,0,39,0,0,0,28;0,0,0,25,37,0,0,0,0,34,0,0,0,0,0,0,0,27,0,40,24,0,0,23,22,0,22,0,0,0;0,20,0,21,0,0,0,0,31,0,0,0,0,0,0,0,0,0,0,0,0,29,0,0,0,29,0,0,0,0;33,0,0,0,0,0,0,33,0,0,0,0,0,0,31,0,0,0,0,40,0,32,0,0,0,32,39,0,0,39;0,34,0,26,0,0,0,0,0,0,0,0,40,0,0,0,0,0,0,0,40,0,38,0,0,0,0,0,20,0;0,0,0,0,0,0,0,0,0,37,0,21,0,0,0,0,21,0,0,38,28,40,0,31,0,0,0,0,0,0;35,0,0,0,0,0,36,22,0,27,0,40,20,0,33,29,34,36,0,0,0,38,0,0,25,0,31,0,25,35;0,0,0,20,0,0,0,0,28,20,39,0,0,0,36,0,0,0,0,0,0,0,40,0,0,0,39,24,0,0;0,35,0,0,0,0,0,35,0,0,0,0,0,30,0,0,22,38,0,0,0,0,0,0,0,0,0,40,30,28;34,32,0,0,38,0,0,0,0,40,0,0,36,0,0,0,0,0,0,38,0,0,0,38,0,0,0,37,0,0;0,0,0,27,0,0,38,0,23,23,29,24,0,30,36,0,28,0,0,40,0,37,35,0,0,0,0,0,33,0;39,37,0,0,0,0,0,37,25,0,0,39,0,24,0,0,0,0,40,0,0,0,32,0,0,31,0,21,0,34;0,0,0,0,0,0,0,0,0,0,0,0,0,0,0,0,0,0,0,0,34,0,0,0,0,0,33,0,0,0
-20,18,0,-28,0,0,15,14,0,18,26,0,23,0,0,-11,0,0,0,0,0,0,0,0,0,-15,0,0,0,-40
------------- End of Scenario k = 12 -------
0,0,63,0,0,0,0,0,0,0,0,37,39,39,0,0,0,76,0,0,0,63,0,27,0,0,60,0,72,0;76,0,64,0,0,0,34,52,0,0,70,0,0,0,0,80,77,0,0,0,21,0,0,0,0,65,0,40,0,0;41,0,0,80,0,0,0,0,70,0,0,42,0,0,0,0,23,0,0,60,0,0,74,0,0,0,0,0,0,80;0,0,61,0,0,0,0,0,0,0,0,0,0,0,68,0,60,41,0,0,0,0,0,32,0,44,29,65,0,0;0,49,45,0,0,80,0,0,42,48,52,49,0,0,0,35,71,0,38,0,0,0,63,52,0,39,0,0,34,0;0,0,39,70,0,0,0,0,30,0,0,0,67,0,0,48,78,0,0,0,50,0,0,69,0,0,0,0,0,37;0,69,0,80,37,28,0,0,0,0,0,0,0,53,0,80,0,78,0,0,76,0,0,0,0,0,0,0,50,0;0,0,0,51,0,0,0,0,0,0,60,57,0,0,0,0,0,0,72,0,46,0,0,0,0,0,0,0,49,52;0,67,0,71,0,57,58,0,0,0,0,51,42,0,0,0,0,0,65,0,0,0,0,0,0,0,0,0,0,28;80,0,43,80,0,31,0,66,55,0,0,32,0,0,80,0,0,0,25,0,0,0,0,65,0,68,31,0,0,0;0,28,0,0,0,0,63,0,80,0,0,0,0,67,71,0,64,20,0,0,0,0,58,0,67,0,0,0,0,0;49,0,0,0,0,57,0,0,0,0,0,0,0,27,0,0,0,63,0,0,0,0,0,0,31,41,0,0,0,0;66,0,0,46,0,68,0,0,0,73,0,39,0,0,0,0,0,56,0,0,79,0,0,46,0,0,0,0,0,0;0,0,0,41,0,33,0,0,0,0,0,67,0,0,0,72,34,0,0,0,0,57,30,0,0,80,0,0,27,0;0,0,0,57,75,0,0,0,0,74,70,0,0,31,0,80,0,62,0,0,0,0,0,0,0,20,0,0,56,0;27,0,0,53,0,25,0,50,41,0,0,44,0,51,0,0,0,0,32,0,0,0,0,46,0,0,0,0,0,0;63,0,0,48,0,0,0,46,68,0,0,0,0,0,32,0,0,80,0,75,80,0,0,0,0,0,0,0,0,0;0,60,0,0,0,0,26,0,0,0,49,0,60,0,0,70,0,0,53,0,42,0,0,0,0,38,0,0,0,52;0,0,0,55,33,0,0,0,0,74,0,0,0,0,0,0,0,60,0,80,48,0,0,23,22,0,58,0,0,0;0,75,0,44,0,0,0,0,35,0,0,0,0,0,0,0,0,0,0,0,0,78,0,0,0,56,0,0,0,0;31,0,0,0,0,0,0,38,0,0,0,0,0,0,57,0,0,0,0,30,0,80,0,0,0,47,26,0,0,29;0,45,0,80,0,0,0,0,0,0,0,0,58,0,0,0,0,0,0,0,55,0,65,0,0,0,0,0,63,0;0,0,0,0,0,0,0,0,0,31,0,70,0,0,0,0,79,0,0,48,63,31,0,42,0,0,0,0,0,0;80,0,0,0,0,0,63,26,0,36,0,52,32,0,70,43,79,73,0,0,0,64,0,0,80,0,32,0,50,25;0,0,0,40,0,0,0,0,37,59,54,0,0,0,50,0,0,0,0,0,0,0,49,0,0,0,80,41,0,0;0,22,0,0,0,0,0,36,0,0,0,0,0,26,0,0,45,75,0,0,0,0,0,0,0,0,0,58,35,62;43,53,0,0,77,0,0,0,0,38,0,0,79,0,0,0,0,0,0,78,0,0,0,46,0,0,0,80,0,0;0,0,0,64,0,0,23,0,56,57,74,74,0,61,28,0,64,0,0,73,0,31,56,0,0,0,0,0,77,0;35,27,0,0,0,0,0,36,48,0,0,21,0,32,0,0,0,0,35,0,0,0,36,0,0,80,0,21,0,55;0,0,0,0,0,0,0,0,0,0,0,0,0,0,0,0,0,0,0,0,43,0,0,0,0,0,37,0,0,0
0,0,29,0,0,0,0,0,0,0,0,34,34,35,0,0,0,37,0,0,0,37,0,27,0,0,20,0,39,0;39,0,39,0,0,0,31,32,0,0,37,0,0,0,0,29,22,0,0,0,28,0,0,0,0,25,0,27,0,0;32,0,0,35,0,0,0,0,36,0,0,28,0,0,0,0,27,0,0,34,0,0,20,0,0,0,0,0,0,28;0,0,29,0,0,0,0,0,0,0,0,0,0,0,36,0,26,32,0,0,0,0,0,25,0,32,21,26,0,0;0,34,33,0,0,24,0,0,27,36,30,36,0,0,0,21,31,0,25,0,0,0,39,37,0,39,0,0,29,0;0,0,25,27,0,0,0,0,27,0,0,0,26,0,0,34,38,0,0,0,27,0,0,20,0,0,0,0,0,25;0,34,0,22,27,30,0,0,0,0,0,0,0,27,0,26,0,29,0,0,31,0,0,0,0,0,0,0,23,0;0,0,0,25,0,0,0,0,0,0,39,20,0,0,0,0,0,0,22,0,28,0,0,0,0,0,0,0,22,25;0,37,0,26,0,21,23,0,0,0,0,20,27,0,0,0,0,0,38,0,0,0,0,0,0,0,0,0,0,26;37,0,39,12,0,27,0,38,32,0,0,39,0,0,35,0,0,0,31,0,0,0,0,37,0,16,38,0,0,0;0,22,0,0,0,0,32,0,28,0,0,0,0,28,33,0,19,21,0,0,0,0,36,0,37,0,0,0,0,0;31,0,0,0,0,26,0,0,0,0,0,0,0,37,0,0,0,25,0,0,0,0,0,0,35,35,0,0,0,0;37,0,0,31,0,26,0,0,0,24,0,29,0,0,0,0,0,39,0,0,39,0,0,22,0,0,0,0,0,0;0,0,0,35,0,37,0,0,0,0,0,32,0,0,0,14,40,0,0,0,0,23,35,0,0,33,0,0,23,0;0,0,0,24,38,0,0,0,0,38,39,0,0,26,0,22,0,37,0,0,0,0,0,0,0,27,0,0,40,0;38,0,0,36,0,30,0,34,34,0,0,25,0,28,0,0,0,0,31,0,0,0,0,23,0,0,0,0,0,0;36,0,0,34,0,0,0,28,31,0,0,0,0,0,29,0,0,21,0,28,39,0,0,0,0,0,0,0,0,0;0,35,0,0,0,0,26,0,0,0,22,0,35,0,0,31,0,0,23,0,27,0,0,0,0,20,0,0,0,26;0,0,0,34,36,0,0,0,0,26,0,0,0,0,0,0,0,24,0,20,20,0,0,20,29,0,25,0,0,0;0,29,0,23,0,0,0,0,32,0,0,0,0,0,0,0,0,0,0,0,0,21,0,0,0,40,0,0,0,0;34,0,0,0,0,0,0,25,0,0,0,0,0,0,29,0,0,0,0,25,0,29,0,0,0,29,23,0,0,39;0,38,0,27,0,0,0,0,0,0,0,0,27,0,0,0,0,0,0,0,28,0,29,0,0,0,0,0,25,0;0,0,0,0,0,0,0,0,0,21,0,30,0,0,0,0,32,0,0,26,28,37,0,16,0,0,0,0,0,0;19,0,0,0,0,0,21,24,0,34,0,34,29,0,25,35,40,32,0,0,0,38,0,0,15,0,20,0,35,23;0,0,0,35,0,0,0,0,37,20,40,0,0,0,30,0,0,0,0,0,0,0,27,0,0,0,39,25,0,0;0,39,0,0,0,0,0,20,0,0,0,0,0,29,0,0,35,36,0,0,0,0,0,0,0,0,0,23,31,40;40,32,0,0,39,0,0,0,0,22,0,0,28,0,0,0,0,0,0,24,0,0,0,33,0,0,0,22,0,0;0,0,0,32,0,0,20,0,36,34,32,35,0,38,20,0,23,0,0,25,0,33,26,0,0,0,0,0,26,0;34,29,0,0,0,0,0,37,28,0,0,25,0,32,0,0,0,0,35,0,0,0,21,0,0,36,0,39,0,30;0,0,0,0,0,0,0,0,0,0,0,0,0,0,0,0,0,0,0,0,31,0,0,0,0,0,26,0,0,0
-6,25,0,-10,0,0,20,13,0,11,18,0,15,0,0,-38,0,0,0,0,0,0,0,0,0,-18,0,0,0,-30
------------- End of Scenario k = 13 -------
0,0,35,0,0,0,0,0,0,0,0,42,33,48,0,0,0,35,0,0,0,37,0,60,0,0,53,0,59,0;79,0,59,0,0,0,65,22,0,0,66,0,0,0,0,30,23,0,0,0,77,0,0,0,0,41,0,33,0,0;65,0,0,70,0,0,0,0,35,0,0,58,0,0,0,0,36,0,0,42,0,0,54,0,0,0,0,0,0,35;0,0,58,0,0,0,0,0,0,0,0,0,0,0,60,0,33,29,0,0,0,0,0,47,0,59,69,62,0,0;0,60,79,0,0,62,0,0,54,71,59,47,0,0,0,59,40,0,34,0,0,0,69,69,0,24,0,0,35,0;0,0,47,23,0,0,0,0,60,0,0,0,67,0,0,62,48,0,0,0,68,0,0,66,0,0,0,0,0,62;0,55,0,80,80,67,0,0,0,0,0,0,0,21,0,80,0,68,0,0,42,0,0,0,0,0,0,0,22,0;0,0,0,39,0,0,0,0,0,0,28,61,0,0,0,0,0,0,21,0,53,0,0,0,0,0,0,0,77,45;0,41,0,74,0,76,56,0,0,0,0,30,66,0,0,0,0,0,21,0,0,0,0,0,0,0,0,0,0,67;51,0,59,80,0,67,0,64,29,0,0,49,0,0,80,0,0,0,41,0,0,0,0,76,0,42,34,0,0,0;0,58,0,0,0,0,60,0,56,0,0,0,0,50,80,0,80,31,0,0,0,0,39,0,31,0,0,0,0,0;58,0,0,0,0,64,0,0,0,0,0,0,0,21,0,0,0,41,0,0,0,0,0,0,37,21,0,0,0,0;65,0,0,64,0,35,0,0,0,66,0,75,0,0,0,0,0,33,0,0,80,0,0,79,0,0,0,0,0,0;0,0,0,67,0,33,0,0,0,0,0,34,0,0,0,80,76,0,0,0,0,59,58,0,0,80,0,0,48,0;0,0,0,70,51,0,0,0,0,41,41,0,0,41,0,80,0,68,0,0,0,0,0,0,0,62,0,0,32,0;50,0,0,59,0,25,0,24,52,0,0,57,0,44,0,0,0,0,65,0,0,0,0,50,0,0,0,0,0,0;65,0,0,45,0,0,0,62,60,0,0,0,0,0,33,0,0,80,0,24,40,0,0,0,0,0,0,0,0,0;0,23,0,0,0,0,59,0,0,0,29,0,77,0,0,28,0,0,35,0,36,0,0,0,0,78,0,0,0,80;0,0,0,68,26,0,0,0,0,53,0,0,0,0,0,0,0,56,0,80,75,0,0,21,66,0,30,0,0,0;0,21,0,70,0,0,0,0,68,0,0,0,0,0,0,0,0,0,0,0,0,68,0,0,0,22,0,0,0,0;55,0,0,0,0,0,0,21,0,0,0,0,0,0,23,0,0,0,0,53,0,80,0,0,0,21,68,0,0,31;0,73,0,28,0,0,0,0,0,0,0,0,41,0,0,0,0,0,0,0,46,0,80,0,0,0,0,0,31,0;0,0,0,0,0,0,0,0,0,62,0,38,0,0,0,0,40,0,0,78,54,20,0,80,0,0,0,0,0,0;44,0,0,0,0,0,22,77,0,57,0,22,34,0,35,80,76,22,0,0,0,47,0,0,57,0,52,0,27,80;0,0,0,33,0,0,0,0,74,49,42,0,0,0,80,0,0,0,0,0,0,0,43,0,0,0,21,70,0,0;0,34,0,0,0,0,0,47,0,0,0,0,0,24,0,0,79,79,0,0,0,0,0,0,0,0,0,61,76,69;27,64,0,0,57,0,0,0,0,33,0,0,45,0,0,0,0,0,0,49,0,0,0,54,0,0,0,80,0,0;0,0,0,51,0,0,64,0,32,21,25,77,0,62,65,0,76,0,0,58,0,25,42,0,0,0,0,0,80,0;73,61,0,0,0,0,0,71,61,0,0,26,0,43,0,0,0,0,54,0,0,0,47,0,0,60,0,22,0,50;0,0,0,0,0,0,0,0,0,0,0,0,0,0,0,0,0,0,0,0,65,0,0,0,0,0,68,0,0,0
0,0,20,0,0,0,0,0,0,0,0,36,31,21,0,0,0,23,0,0,0,22,0,27,0,0,25,0,26,0;27,0,19,0,0,0,27,27,0,0,32,0,0,0,0,26,38,0,0,0,34,0,0,0,0,34,0,31,0,0;22,0,0,36,0,0,0,0,32,0,0,27,0,0,0,0,29,0,0,28,0,0,22,0,0,0,0,0,0,27;0,0,30,0,0,0,0,0,0,0,0,0,0,0,29,0,23,39,0,0,0,0,0,26,0,37,39,37,0,0;0,40,28,0,0,40,0,0,40,35,35,40,0,0,0,26,20,0,33,0,0,0,24,35,0,40,0,0,33,0;0,0,24,33,0,0,0,0,31,0,0,0,30,0,0,35,30,0,0,0,33,0,0,23,0,0,0,0,0,37;0,35,0,37,38,21,0,0,0,0,0,0,0,39,0,33,0,32,0,0,24,0,0,0,0,0,0,0,39,0;0,0,0,37,0,0,0,0,0,0,28,40,0,0,0,0,0,0,39,0,21,0,0,0,0,0,0,0,27,38;0,22,0,30,0,38,21,0,0,0,0,26,20,0,0,0,0,0,30,0,0,0,0,0,0,0,0,0,0,29;39,0,30,27,0,21,0,33,24,0,0,29,0,0,31,0,0,0,37,0,0,0,0,29,0,27,20,0,0,0;0,23,0,0,0,0,28,0,24,0,0,0,0,39,33,0,40,35,0,0,0,0,35,0,34,0,0,0,0,0;21,0,0,0,0,28,0,0,0,0,0,0,0,32,0,0,0,37,0,0,0,0,0,0,31,39,0,0,0,0;38,0,0,37,0,24,0,0,0,31,0,29,0,0,0,0,0,39,0,0,29,0,0,30,0,0,0,0,0,0;0,0,0,40,0,26,0,0,0,0,0,23,0,0,0,34,40,0,0,0,0,40,38,0,0,28,0,0,37,0;0,0,0,36,35,0,0,0,0,31,39,0,0,29,0,37,0,20,0,0,0,0,0,0,0,36,0,0,33,0;24,0,0,33,0,25,0,26,23,0,0,25,0,21,0,0,0,0,25,0,0,0,0,23,0,0,0,0,0,0;37,0,0,36,0,0,0,37,29,0,0,0,0,0,23,0,0,21,0,25,38,0,0,0,0,0,0,0,0,0;0,23,0,0,0,0,21,0,0,0,38,0,22,0,0,27,0,0,30,0,36,0,0,0,0,22,0,0,0,31;0,0,0,35,20,0,0,0,0,25,0,0,0,0,0,0,0,21,0,35,34,0,0,21,38,0,35,0,0,0;0,36,0,37,0,0,0,0,21,0,0,0,0,0,0,0,0,0,0,0,0,30,0,0,0,20,0,0,0,0;34,0,0,0,0,0,0,21,0,0,0,0,0,0,24,0,0,0,0,30,0,13,0,0,0,40,35,0,0,21;0,38,0,24,0,0,0,0,0,0,0,0,32,0,0,0,0,0,0,0,31,0,18,0,0,0,0,0,25,0;0,0,0,0,0,0,0,0,0,21,0,24,0,0,0,0,27,0,0,40,38,32,0,22,0,0,0,0,0,0;28,0,0,0,0,0,33,35,0,28,0,33,20,0,26,37,21,36,0,0,0,39,0,0,34,0,40,0,33,15;0,0,0,25,0,0,0,0,31,33,34,0,0,0,25,0,0,0,0,0,0,0,28,0,0,0,21,32,0,0;0,39,0,0,0,0,0,26,0,0,0,0,0,34,0,0,36,27,0,0,0,0,0,0,0,0,0,36,22,23;39,37,0,0,35,0,0,0,0,29,0,0,22,0,0,0,0,0,0,28,0,0,0,25,0,0,0,16,0,0;0,0,0,24,0,0,25,0,39,26,30,36,0,26,29,0,34,0,0,39,0,36,33,0,0,0,0,0,24,0;33,29,0,0,0,0,0,20,36,0,0,29,0,23,0,0,0,0,26,0,0,0,25,0,0,33,0,22,0,29;0,0,0,0,0,0,0,0,0,0,0,0,0,0,0,0,0,0,0,0,35,0,0,0,0,0,38,0,0,0
-3,15,0,-42,0,0,30,27,0,23,21,0,11,0,0,-40,0,0,0,0,0,0,0,0,0,-7,0,0,0,-35
------------- End of Scenario k = 14 -------
0,0,61,0,0,0,0,0,0,0,0,36,60,75,0,0,0,30,0,0,0,53,0,40,0,0,74,0,48,0;29,0,80,0,0,0,45,73,0,0,41,0,0,0,0,80,42,0,0,0,35,0,0,0,0,80,0,28,0,0;80,0,0,58,0,0,0,0,62,0,0,37,0,0,0,0,54,0,0,42,0,0,33,0,0,0,0,0,0,37;0,0,79,0,0,0,0,0,0,0,0,0,0,0,24,0,43,56,0,0,0,0,0,37,0,37,45,63,0,0;0,65,57,0,0,74,0,0,55,44,55,73,0,0,0,46,74,0,37,0,0,0,37,50,0,80,0,0,55,0;0,0,67,37,0,0,0,0,75,0,0,0,40,0,0,46,73,0,0,0,57,0,0,42,0,0,0,0,0,35;0,56,0,80,50,77,0,0,0,0,0,0,0,48,0,52,0,43,0,0,67,0,0,0,0,0,0,0,59,0;0,0,0,80,0,0,0,0,0,0,22,45,0,0,0,0,0,0,74,0,20,0,0,0,0,0,0,0,51,27;0,78,0,31,0,38,55,0,0,0,0,77,56,0,0,0,0,0,43,0,0,0,0,0,0,0,0,0,0,78;61,0,36,80,0,67,0,66,73,0,0,59,0,0,80,0,0,0,79,0,0,0,0,31,0,26,41,0,0,0;0,48,0,0,0,0,47,0,66,0,0,0,0,64,65,0,80,31,0,0,0,0,77,0,55,0,0,0,0,0;76,0,0,0,0,76,0,0,0,0,0,0,0,80,0,0,0,73,0,0,0,0,0,0,79,34,0,0,0,0;26,0,0,31,0,56,0,0,0,31,0,57,0,0,0,0,0,25,0,0,80,0,0,34,0,0,0,0,0,0;0,0,0,25,0,37,0,0,0,0,0,66,0,0,0,80,74,0,0,0,0,22,21,0,0,80,0,0,52,0;0,0,0,71,69,0,0,0,0,37,42,0,0,34,0,80,0,79,0,0,0,0,0,0,0,22,0,0,69,0;55,0,0,56,0,72,0,73,40,0,0,45,0,54,0,0,0,0,78,0,0,0,0,80,0,0,0,0,0,0;37,0,0,38,0,0,0,62,30,0,0,0,0,0,46,0,0,33,0,68,67,0,0,0,0,0,0,0,0,0;0,27,0,0,0,0,65,0,0,0,39,0,79,0,0,60,0,0,80,0,21,0,0,0,0,71,0,0,0,80;0,0,0,22,50,0,0,0,0,59,0,0,0,0,0,0,0,71,0,80,77,0,0,68,68,0,78,0,0,0;0,41,0,48,0,0,0,0,35,0,0,0,0,0,0,0,0,0,0,0,0,36,0,0,0,65,0,0,0,0;54,0,0,0,0,0,0,40,0,0,0,0,0,0,22,0,0,0,0,79,0,80,0,0,0,62,37,0,0,38;0,31,0,55,0,0,0,0,0,0,0,0,40,0,0,0,0,0,0,0,61,0,58,0,0,0,0,0,55,0;0,0,0,0,0,0,0,0,0,45,0,61,0,0,0,0,72,0,0,52,68,23,0,62,0,0,0,0,0,0;49,0,0,0,0,0,66,56,0,27,0,51,53,0,20,38,34,74,0,0,0,56,0,0,80,0,50,0,78,20;0,0,0,71,0,0,0,0,51,64,41,0,0,0,63,0,0,0,0,0,0,0,54,0,0,0,80,25,0,0;0,71,0,0,0,0,0,62,0,0,0,0,0,32,0,0,23,59,0,0,0,0,0,0,0,0,0,36,47,79;27,32,0,0,43,0,0,0,0,74,0,0,23,0,0,0,0,0,0,75,0,0,0,33,0,0,0,51,0,0;0,0,0,76,0,0,78,0,41,61,35,31,0,21,76,0,67,0,0,66,0,32,58,0,0,0,0,0,59,0;23,74,0,0,0,0,0,22,60,0,0,24,0,35,0,0,0,0,68,0,0,0,73,0,0,20,0,21,0,30;0,0,0,0,0,0,0,0,0,0,0,0,0,0,0,0,0,0,0,0,31,0,0,0,0,0,25,0,0,0
0,0,35,0,0,0,0,0,0,0,0,31,24,39,0,0,0,23,0,0,0,24,0,37,0,0,32,0,25,0;25,0,17,0,0,0,29,33,0,0,29,0,0,0,0,20,23,0,0,0,39,0,0,0,0,18,0,32,0,0;25,0,0,35,0,0,0,0,29,0,0,28,0,0,0,0,34,0,0,29,0,0,26,0,0,0,0,0,0,17;0,0,40,0,0,0,0,0,0,0,0,0,0,0,22,0,37,28,0,0,0,0,0,20,0,23,39,21,0,0;0,36,35,0,0,35,0,0,40,22,35,32,0,0,0,35,22,0,20,0,0,0,21,38,0,34,0,0,35,0;0,0,21,24,0,0,0,0,16,0,0,0,29,0,0,36,30,0,0,0,38,0,0,26,0,0,0,0,0,29;0,26,0,24,28,33,0,0,0,0,0,0,0,34,0,18,0,38,0,0,25,0,0,0,0,0,0,0,38,0;0,0,0,24,0,0,0,0,0,0,24,36,0,0,0,0,0,0,22,0,24,0,0,0,0,0,0,0,27,40;0,36,0,36,0,25,36,0,0,0,0,32,23,0,0,0,0,0,21,0,0,0,0,0,0,0,0,0,0,38;29,0,27,31,0,39,0,39,34,0,0,37,0,0,28,0,0,0,27,0,0,0,0,20,0,31,25,0,0,0;0,36,0,0,0,0,24,0,22,0,0,0,0,27,32,0,39,25,0,0,0,0,29,0,20,0,0,0,0,0;40,0,0,0,0,23,0,0,0,0,0,0,0,23,0,0,0,33,0,0,0,0,0,0,20,36,0,0,0,0;26,0,0,22,0,25,0,0,0,33,0,32,0,0,0,0,0,38,0,0,38,0,0,39,0,0,0,0,0,0;0,0,0,37,0,39,0,0,0,0,0,32,0,0,0,22,34,0,0,0,0,37,25,0,0,29,0,0,35,0;0,0,0,21,33,0,0,0,0,26,20,0,0,21,0,29,0,21,0,0,0,0,0,0,0,24,0,0,22,0;35,0,0,32,0,22,0,31,20,0,0,36,0,20,0,0,0,0,31,0,0,0,0,27,0,0,0,0,0,0;25,0,0,33,0,0,0,25,30,0,0,0,0,0,30,0,0,30,0,20,39,0,0,0,0,0,0,0,0,0;0,23,0,0,0,0,28,0,0,0,24,0,31,0,0,26,0,0,23,0,26,0,0,0,0,40,0,0,0,33;0,0,0,27,28,0,0,0,0,40,0,0,0,0,0,0,0,29,0,33,31,0,0,39,40,0,27,0,0,0;0,29,0,35,0,0,0,0,24,0,0,0,0,0,0,0,0,0,0,0,0,31,0,0,0,40,0,0,0,0;32,0,0,0,0,0,0,25,0,0,0,0,0,0,36,0,0,0,0,29,0,17,0,0,0,39,32,0,0,24;0,37,0,26,0,0,0,0,0,0,0,0,24,0,0,0,0,0,0,0,23,0,19,0,0,0,0,0,34,0;0,0,0,0,0,0,0,0,0,29,0,35,0,0,0,0,30,0,0,39,28,32,0,38,0,0,0,0,0,0;39,0,0,0,0,0,32,36,0,31,0,33,21,0,26,15,38,31,0,0,0,24,0,0,32,0,21,0,21,21;0,0,0,21,0,0,0,0,20,40,38,0,0,0,32,0,0,0,0,0,0,0,29,0,0,0,30,26,0,0;0,20,0,0,0,0,0,31,0,0,0,0,0,40,0,0,36,24,0,0,0,0,0,0,0,0,0,26,33,31;33,32,0,0,21,0,0,0,0,34,0,0,39,0,0,0,0,0,0,23,0,0,0,25,0,0,0,15,0,0;0,0,0,21,0,0,24,0,36,31,40,22,0,25,26,0,21,0,0,38,0,31,32,0,0,0,0,0,22,0;22,40,0,0,0,0,0,29,25,0,0,22,0,23,0,0,0,0,24,0,0,0,28,0,0,32,0,38,0,24;0,0,0,0,0,0,0,0,0,0,0,0,0,0,0,0,0,0,0,0,35,0,0,0,0,0,34,0,0,0
-7,16,0,-33,0,0,10,19,0,28,17,0,15,0,0,-23,0,0,0,0,0,0,0,0,0,-20,0,0,0,-22
------------- End of Scenario k = 15 -------
0,0,23,0,0,0,0,0,0,0,0,25,58,79,0,0,0,35,0,0,0,69,0,33,0,0,52,0,34,0;41,0,50,0,0,0,32,31,0,0,35,0,0,0,0,80,42,0,0,0,46,0,0,0,0,76,0,63,0,0;80,0,0,80,0,0,0,0,50,0,0,27,0,0,0,0,77,0,0,64,0,0,74,0,0,0,0,0,0,80;0,0,57,0,0,0,0,0,0,0,0,0,0,0,66,0,20,52,0,0,0,0,0,54,0,22,52,65,0,0;0,38,65,0,0,60,0,0,55,37,40,21,0,0,0,75,41,0,32,0,0,0,41,43,0,67,0,0,80,0;0,0,23,29,0,0,0,0,80,0,0,0,57,0,0,48,70,0,0,0,44,0,0,31,0,0,0,0,0,80;0,28,0,49,80,48,0,0,0,0,0,0,0,51,0,80,0,74,0,0,25,0,0,0,0,0,0,0,75,0;0,0,0,76,0,0,0,0,0,0,52,80,0,0,0,0,0,0,67,0,47,0,0,0,0,0,0,0,39,79;0,79,0,22,0,64,45,0,0,0,0,73,62,0,0,0,0,0,70,0,0,0,0,0,0,0,0,0,0,60;63,0,30,80,0,45,0,28,78,0,0,70,0,0,80,0,0,0,66,0,0,0,0,21,0,80,64,0,0,0;0,31,0,0,0,0,55,0,76,0,0,0,0,56,61,0,45,41,0,0,0,0,52,0,48,0,0,0,0,0;50,0,0,0,0,43,0,0,0,0,0,0,0,52,0,0,0,75,0,0,0,0,0,0,36,48,0,0,0,0;31,0,0,61,0,78,0,0,0,23,0,47,0,0,0,0,0,57,0,0,73,0,0,36,0,0,0,0,0,0;0,0,0,23,0,50,0,0,0,0,0,66,0,0,0,51,57,0,0,0,0,71,30,0,0,40,0,0,33,0;0,0,0,26,44,0,0,0,0,79,64,0,0,25,0,52,0,24,0,0,0,0,0,0,0,21,0,0,64,0;77,0,0,35,0,28,0,21,73,0,0,43,0,45,0,0,0,0,50,0,0,0,0,79,0,0,0,0,0,0;76,0,0,66,0,0,0,41,79,0,0,0,0,0,69,0,0,80,0,58,58,0,0,0,0,0,0,0,0,0;0,57,0,0,0,0,54,0,0,0,22,0,26,0,0,34,0,0,80,0,41,0,0,0,0,75,0,0,0,80;0,0,0,58,48,0,0,0,0,35,0,0,0,0,0,0,0,33,0,40,69,0,0,25,20,0,59,0,0,0;0,60,0,39,0,0,0,0,70,0,0,0,0,0,0,0,0,0,0,0,0,20,0,0,0,55,0,0,0,0;50,0,0,0,0,0,0,46,0,0,0,0,0,0,61,0,0,0,0,29,0,80,0,0,0,65,25,0,0,70;0,47,0,80,0,0,0,0,0,0,0,0,77,0,0,0,0,0,0,0,24,0,80,0,0,0,0,0,72,0;0,0,0,0,0,0,0,0,0,47,0,53,0,0,0,0,51,0,0,36,42,59,0,80,0,0,0,0,0,0;25,0,0,0,0,0,22,73,0,46,0,55,29,0,44,80,73,80,0,0,0,65,0,0,43,0,34,0,78,80;0,0,0,60,0,0,0,0,67,21,58,0,0,0,25,0,0,0,0,0,0,0,41,0,0,0,34,33,0,0;0,49,0,0,0,0,0,38,0,0,0,0,0,47,0,0,42,47,0,0,0,0,0,0,0,0,0,43,28,59;61,41,0,0,23,0,0,0,0,50,0,0,65,0,0,0,0,0,0,41,0,0,0,76,0,0,0,80,0,0;0,0,0,47,0,0,38,0,26,67,66,66,0,31,53,0,46,0,0,51,0,42,29,0,0,0,0,0,80,0;55,76,0,0,0,0,0,22,79,0,0,40,0,45,0,0,0,0,49,0,0,0,32,0,0,44,0,47,0,75;0,0,0,0,0,0,0,0,0,0,0,0,0,0,0,0,0,0,0,0,55,0,0,0,0,0,63,0,0,0
0,0,29,0,0,0,0,0,0,0,0,21,38,31,0,0,0,28,0,0,0,36,0,32,0,0,24,0,24,0;31,0,24,0,0,0,26,38,0,0,29,0,0,0,0,34,22,0,0,0,22,0,0,0,0,38,0,35,0,0;38,0,0,25,0,0,0,0,33,0,0,39,0,0,0,0,37,0,0,20,0,0,38,0,0,0,0,0,0,35;0,0,38,0,0,0,0,0,0,0,0,0,0,0,34,0,29,35,0,0,0,0,0,35,0,33,34,32,0,0;0,27,25,0,0,36,0,0,31,29,25,27,0,0,0,36,23,0,32,0,0,0,36,37,0,38,0,0,23,0;0,0,21,30,0,0,0,0,32,0,0,0,37,0,0,22,31,0,0,0,39,0,0,27,0,0,0,0,0,32;0,32,0,38,38,38,0,0,0,0,0,0,0,34,0,34,0,39,0,0,35,0,0,0,0,0,0,0,26,0;0,0,0,34,0,0,0,0,0,0,27,39,0,0,0,0,0,0,35,0,34,0,0,0,0,0,0,0,29,31;0,28,0,21,0,25,29,0,0,0,0,37,40,0,0,0,0,0,37,0,0,0,0,0,0,0,0,0,0,37;34,0,35,28,0,39,0,26,27,0,0,22,0,0,31,0,0,0,38,0,0,0,0,36,0,36,34,0,0,0;0,21,0,0,0,0,28,0,26,0,0,0,0,34,26,0,27,38,0,0,0,0,40,0,23,0,0,0,0,0;34,0,0,0,0,39,0,0,0,0,0,0,0,38,0,0,0,22,0,0,0,0,0,0,39,35,0,0,0,0;39,0,0,26,0,28,0,0,0,23,0,40,0,0,0,0,0,27,0,0,36,0,0,25,0,0,0,0,0,0;0,0,0,23,0,37,0,0,0,0,0,36,0,0,0,30,34,0,0,0,0,25,22,0,0,34,0,0,25,0;0,0,0,31,24,0,0,0,0,21,36,0,0,35,0,39,0,30,0,0,0,0,0,0,0,40,0,0,38,0;23,0,0,23,0,23,0,22,24,0,0,21,0,35,0,0,0,0,40,0,0,0,0,25,0,0,0,0,0,0;40,0,0,38,0,0,0,29,35,0,0,0,0,0,27,0,0,35,0,37,40,0,0,0,0,0,0,0,0,0;0,36,0,0,0,0,20,0,0,0,23,0,36,0,0,31,0,0,36,0,34,0,0,0,0,29,0,0,0,31;0,0,0,39,32,0,0,0,0,31,0,0,0,0,0,0,0,23,0,33,37,0,0,28,25,0,27,0,0,0;0,22,0,31,0,0,0,0,27,0,0,0,0,0,0,0,0,0,0,0,0,35,0,0,0,34,0,0,0,0;33,0,0,0,0,0,0,28,0,0,0,0,0,0,30,0,0,0,0,23,0,19,0,0,0,24,24,0,0,36;0,29,0,39,0,0,0,0,0,0,0,0,26,0,0,0,0,0,0,0,23,0,37,0,0,0,0,0,27,0;0,0,0,0,0,0,0,0,0,35,0,39,0,0,0,0,29,0,0,34,32,38,0,34,0,0,0,0,0,0;28,0,0,0,0,0,25,29,0,38,0,39,38,0,20,38,38,26,0,0,0,36,0,0,32,0,35,0,29,30;0,0,0,21,0,0,0,0,29,37,26,0,0,0,35,0,0,0,0,0,0,0,33,0,0,0,31,29,0,0;0,31,0,0,0,0,0,24,0,0,0,0,0,27,0,0,24,40,0,0,0,0,0,0,0,0,0,26,23,24;31,21,0,0,29,0,0,0,0,37,0,0,34,0,0,0,0,0,0,20,0,0,0,35,0,0,0,20,0,0;0,0,0,26,0,0,35,0,26,24,32,25,0,36,24,0,26,0,0,31,0,30,30,0,0,0,0,0,22,0;31,20,0,0,0,0,0,30,38,0,0,35,0,22,0,0,0,0,32,0,0,0,26,0,0,34,0,30,0,38;0,0,0,0,0,0,0,0,0,0,0,0,0,0,0,0,0,0,0,0,29,0,0,0,0,0,24,0,0,0
-17,18,0,-35,0,0,29,27,0,26,25,0,19,0,0,-19,0,0,0,0,0,0,0,0,0,-34,0,0,0,-39
------------- End of Scenario k = 16 -------
0,0,26,0,0,0,0,0,0,0,0,50,36,33,0,0,0,77,0,0,0,53,0,71,0,0,78,0,42,0;44,0,36,0,0,0,70,34,0,0,23,0,0,0,0,68,50,0,0,0,52,0,0,0,0,58,0,66,0,0;80,0,0,80,0,0,0,0,32,0,0,44,0,0,0,0,70,0,0,34,0,0,80,0,0,0,0,0,0,80;0,0,54,0,0,0,0,0,0,0,0,0,0,0,40,0,26,78,0,0,0,0,0,71,0,74,42,73,0,0;0,74,27,0,0,76,0,0,72,32,78,27,0,0,0,32,51,0,76,0,0,0,54,74,0,65,0,0,71,0;0,0,28,31,0,0,0,0,80,0,0,0,47,0,0,71,22,0,0,0,78,0,0,47,0,0,0,0,0,36;0,77,0,60,29,20,0,0,0,0,0,0,0,80,0,56,0,33,0,0,65,0,0,0,0,0,0,0,73,0;0,0,0,80,0,0,0,0,0,0,26,80,0,0,0,0,0,0,49,0,64,0,0,0,0,0,0,0,56,78;0,37,0,25,0,76,46,0,0,0,0,39,21,0,0,0,0,0,56,0,0,0,0,0,0,0,0,0,0,57;80,0,70,22,0,20,0,40,60,0,0,39,0,0,53,0,0,0,71,0,0,0,0,61,0,80,63,0,0,0;0,38,0,0,0,0,47,0,70,0,0,0,0,56,66,0,48,30,0,0,0,0,45,0,76,0,0,0,0,0;74,0,0,0,0,38,0,0,0,0,0,0,0,80,0,0,0,42,0,0,0,0,0,0,47,28,0,0,0,0;41,0,0,70,0,71,0,0,0,49,0,56,0,0,0,0,0,37,0,0,77,0,0,32,0,0,0,0,0,0;0,0,0,66,0,50,0,0,0,0,0,58,0,0,0,31,79,0,0,0,0,55,72,0,0,80,0,0,48,0;0,0,0,20,79,0,0,0,0,79,44,0,0,52,0,29,0,37,0,0,0,0,0,0,0,53,0,0,41,0;74,0,0,48,0,49,0,78,69,0,0,59,0,22,0,0,0,0,78,0,0,0,0,75,0,0,0,0,0,0;63,0,0,47,0,0,0,53,77,0,0,0,0,0,70,0,0,79,0,49,21,0,0,0,0,0,0,0,0,0;0,59,0,0,0,0,24,0,0,0,51,0,79,0,0,31,0,0,80,0,52,0,0,0,0,31,0,0,0,79;0,0,0,79,46,0,0,0,0,47,0,0,0,0,0,0,0,79,0,73,66,0,0,35,44,0,26,0,0,0;0,46,0,67,0,0,0,0,53,0,0,0,0,0,0,0,0,0,0,0,0,80,0,0,0,27,0,0,0,0;52,0,0,0,0,0,0,46,0,0,0,0,0,0,67,0,0,0,0,22,0,80,0,0,0,52,56,0,0,35;0,20,0,80,0,0,0,0,0,0,0,0,40,0,0,0,0,0,0,0,69,0,80,0,0,0,0,0,36,0;0,0,0,0,0,0,0,0,0,78,0,32,0,0,0,0,63,0,0,49,23,25,0,48,0,0,0,0,0,0;77,0,0,0,0,0,46,50,0,71,0,42,40,0,52,80,41,62,0,0,0,28,0,0,51,0,65,0,34,48;0,0,0,42,0,0,0,0,71,80,65,0,0,0,70,0,0,0,0,0,0,0,46,0,0,0,51,80,0,0;0,33,0,0,0,0,0,32,0,0,0,0,0,38,0,0,77,45,0,0,0,0,0,0,0,0,0,74,63,49;79,57,0,0,49,0,0,0,0,70,0,0,78,0,0,0,0,0,0,80,0,0,0,37,0,0,0,80,0,0;0,0,0,73,0,0,30,0,65,54,57,42,0,26,64,0,74,0,0,76,0,41,55,0,0,0,0,0,80,0;39,20,0,0,0,0,0,36,26,0,0,26,0,75,0,0,0,0,20,0,0,0,59,0,0,56,0,67,0,44;0,0,0,0,0,0,0,0,0,0,0,0,0,0,0,0,0,0,0,0,54,0,0,0,0,0,63,0,0,0
0,0,30,0,0,0,0,0,0,0,0,39,23,32,0,0,0,27,0,0,0,39,0,20,0,0,23,0,27,0;39,0,26,0,0,0,23,37,0,0,22,0,0,0,0,31,35,0,0,0,38,0,0,0,0,35,0,29,0,0;34,0,0,33,0,0,0,0,38,0,0,35,0,0,0,0,25,0,0,21,0,0,27,0,0,0,0,0,0,26;0,0,28,0,0,0,0,0,0,0,0,0,0,0,37,0,32,35,0,0,0,0,0,35,0,36,36,32,0,0;0,38,29,0,0,26,0,0,38,21,27,25,0,0,0,37,35,0,38,0,0,0,28,31,0,33,0,0,38,0;0,0,22,35,0,0,0,0,31,0,0,0,30,0,0,37,21,0,0,0,37,0,0,40,0,0,0,0,0,32;0,40,0,27,32,27,0,0,0,0,0,0,0,35,0,30,0,32,0,0,25,0,0,0,0,0,0,0,31,0;0,0,0,33,0,0,0,0,0,0,30,21,0,0,0,0,0,0,33,0,38,0,0,0,0,0,0,0,27,24;0,33,0,33,0,22,24,0,0,0,0,20,31,0,0,0,0,0,29,0,0,0,0,0,0,0,0,0,0,38;24,0,35,29,0,31,0,28,34,0,0,40,0,0,30,0,0,0,30,0,0,0,0,38,0,32,31,0,0,0;0,36,0,0,0,0,40,0,32,0,0,0,0,35,36,0,35,22,0,0,0,0,20,0,22,0,0,0,0,0;23,0,0,0,0,26,0,0,0,0,0,0,0,21,0,0,0,40,0,0,0,0,0,0,23,20,0,0,0,0;36,0,0,27,0,24,0,0,0,36,0,40,0,0,0,0,0,25,0,0,34,0,0,30,0,0,0,0,0,0;0,0,0,22,0,40,0,0,0,0,0,28,0,0,0,21,37,0,0,0,0,40,35,0,0,23,0,0,26,0;0,0,0,36,38,0,0,0,0,31,31,0,0,38,0,29,0,21,0,0,0,0,0,0,0,35,0,0,22,0;32,0,0,38,0,20,0,22,38,0,0,30,0,35,0,0,0,0,23,0,0,0,0,29,0,0,0,0,0,0;20,0,0,40,0,0,0,31,37,0,0,0,0,0,33,0,0,40,0,34,36,0,0,0,0,0,0,0,0,0;0,27,0,0,0,0,40,0,0,0,39,0,30,0,0,40,0,0,14,0,24,0,0,0,0,26,0,0,0,39;0,0,0,21,23,0,0,0,0,32,0,0,0,0,0,0,0,33,0,37,27,0,0,20,30,0,27,0,0,0;0,39,0,30,0,0,0,0,28,0,0,0,0,0,0,0,0,0,0,0,0,33,0,0,0,31,0,0,0,0;20,0,0,0,0,0,0,30,0,0,0,0,0,0,20,0,0,0,0,28,0,37,0,0,0,25,20,0,0,37;0,39,0,34,0,0,0,0,0,0,0,0,25,0,0,0,0,0,0,0,28,0,32,0,0,0,0,0,29,0;0,0,0,0,0,0,0,0,0,39,0,36,0,0,0,0,40,0,0,25,22,27,0,37,0,0,0,0,0,0;27,0,0,0,0,0,39,29,0,38,0,27,30,0,28,30,35,20,0,0,0,29,0,0,38,0,40,0,31,31;0,0,0,23,0,0,0,0,20,30,32,0,0,0,34,0,0,0,0,0,0,0,38,0,0,0,37,33,0,0;0,23,0,0,0,0,0,30,0,0,0,0,0,39,0,0,39,22,0,0,0,0,0,0,0,0,0,25,40,31;40,38,0,0,39,0,0,0,0,36,0,0,34,0,0,0,0,0,0,22,0,0,0,40,0,0,0,33,0,0;0,0,0,36,0,0,36,0,37,39,37,38,0,20,34,0,39,0,0,37,0,37,32,0,0,0,0,0,37,0;35,39,0,0,0,0,0,39,30,0,0,30,0,25,0,0,0,0,31,0,0,0,23,0,0,38,0,22,0,31;0,0,0,0,0,0,0,0,0,0,0,0,0,0,0,0,0,0,0,0,21,0,0,0,0,0,28,0,0,0
-4,24,0,-31,0,0,22,17,0,22,11,0,27,0,0,-37,0,0,0,0,0,0,0,0,0,-16,0,0,0,-35
------------- End of Scenario k = 17 -------
0,0,61,0,0,0,0,0,0,0,0,21,39,59,0,0,0,78,0,0,0,46,0,22,0,0,57,0,57,0;45,0,50,0,0,0,45,44,0,0,70,0,0,0,0,67,60,0,0,0,49,0,0,0,0,69,0,30,0,0;60,0,0,37,0,0,0,0,37,0,0,55,0,0,0,0,71,0,0,61,0,0,43,0,0,0,0,0,0,80;0,0,52,0,0,0,0,0,0,0,0,0,0,0,68,0,38,79,0,0,0,0,0,24,0,60,40,59,0,0;0,42,60,0,0,79,0,0,24,49,48,58,0,0,0,46,71,0,45,0,0,0,52,49,0,69,0,0,51,0;0,0,64,59,0,0,0,0,80,0,0,0,33,0,0,38,55,0,0,0,27,0,0,51,0,0,0,0,0,80;0,23,0,80,36,70,0,0,0,0,0,0,0,76,0,22,0,20,0,0,27,0,0,0,0,0,0,0,25,0;0,0,0,80,0,0,0,0,0,0,60,80,0,0,0,0,0,0,64,0,51,0,0,0,0,0,0,0,31,32;0,29,0,54,0,36,45,0,0,0,0,60,75,0,0,0,0,0,53,0,0,0,0,0,0,0,0,0,0,25;80,0,73,80,0,35,0,73,73,0,0,56,0,0,80,0,0,0,25,0,0,0,0,79,0,36,50,0,0,0;0,66,0,0,0,0,77,0,22,0,0,0,0,26,30,0,80,55,0,0,0,0,21,0,63,0,0,0,0,0;34,0,0,0,0,30,0,0,0,0,0,0,0,49,0,0,0,44,0,0,0,0,0,0,39,29,0,0,0,0;50,0,0,62,0,41,0,0,0,48,0,32,0,0,0,0,0,23,0,0,80,0,0,59,0,0,0,0,0,0;0,0,0,25,0,24,0,0,0,0,0,60,0,0,0,71,71,0,0,0,0,34,73,0,0,42,0,0,72,0;0,0,0,70,51,0,0,0,0,71,78,0,0,72,0,80,0,45,0,0,0,0,0,0,0,45,0,0,75,0;62,0,0,42,0,35,0,27,62,0,0,61,0,78,0,0,0,0,53,0,0,0,0,70,0,0,0,0,0,0;70,0,0,72,0,0,0,64,79,0,0,0,0,0,57,0,0,80,0,69,52,0,0,0,0,0,0,0,0,0;0,20,0,0,0,0,68,0,0,0,69,0,76,0,0,65,0,0,48,0,47,0,0,0,0,35,0,0,0,80;0,0,0,30,43,0,0,0,0,30,0,0,0,0,0,0,0,73,0,80,49,0,0,22,38,0,42,0,0,0;0,26,0,21,0,0,0,0,36,0,0,0,0,0,0,0,0,0,0,0,0,70,0,0,0,46,0,0,0,0;73,0,0,0,0,0,0,42,0,0,0,0,0,0,49,0,0,0,0,27,0,55,0,0,0,54,33,0,0,64;0,61,0,42,0,0,0,0,0,0,0,0,24,0,0,0,0,0,0,0,55,0,80,0,0,0,0,0,46,0;0,0,0,0,0,0,0,0,0,54,0,59,0,0,0,0,32,0,0,74,69,38,0,26,0,0,0,0,0,0;80,0,0,0,0,0,67,31,0,29,0,75,59,0,52,80,33,31,0,0,0,49,0,0,66,0,58,0,56,80;0,0,0,61,0,0,0,0,38,80,48,0,0,0,78,0,0,0,0,0,0,0,76,0,0,0,80,53,0,0;0,30,0,0,0,0,0,57,0,0,0,0,0,29,0,0,76,30,0,0,0,0,0,0,0,0,0,54,28,69;62,68,0,0,63,0,0,0,0,70,0,0,26,0,0,0,0,0,0,39,0,0,0,58,0,0,0,66,0,0;0,0,0,73,0,0,72,0,75,56,56,57,0,35,75,0,44,0,0,49,0,62,76,0,0,0,0,0,80,0;54,30,0,0,0,0,0,53,50,0,0,26,0,57,0,0,0,0,51,0,0,0,68,0,0,20,0,47,0,74;0,0,0,0,0,0,0,0,0,0,0,0,0,0,0,0,0,0,0,0,70,0,0,0,0,0,58,0,0,0
0,0,31,0,0,0,0,0,0,0,0,24,37,28,0,0,0,31,0,0,0,31,0,30,0,0,36,0,24,0;29,0,28,0,0,0,35,30,0,0,35,0,0,0,0,30,32,0,0,0,23,0,0,0,0,29,0,25,0,0;38,0,0,21,0,0,0,0,33,0,0,37,0,0,0,0,21,0,0,20,0,0,26,0,0,0,0,0,0,30;0,0,35,0,0,0,0,0,0,0,0,0,0,0,22,0,32,36,0,0,0,0,0,32,0,33,39,28,0,0;0,39,30,0,0,30,0,0,28,39,39,21,0,0,0,32,33,0,34,0,0,0,21,38,0,22,0,0,22,0;0,0,29,30,0,0,0,0,40,0,0,0,22,0,0,39,28,0,0,0,36,0,0,22,0,0,0,0,0,19;0,40,0,24,34,35,0,0,0,0,0,0,0,29,0,34,0,33,0,0,37,0,0,0,0,0,0,0,25,0;0,0,0,37,0,0,0,0,0,0,35,15,0,0,0,0,0,0,31,0,22,0,0,0,0,0,0,0,23,36;0,38,0,37,0,27,22,0,0,0,0,38,29,0,0,0,0,0,40,0,0,0,0,0,0,0,0,0,0,36;22,0,20,28,0,35,0,20,27,0,0,37,0,0,29,0,0,0,39,0,0,0,0,30,0,34,20,0,0,0;0,21,0,0,0,0,33,0,36,0,0,0,0,22,32,0,26,26,0,0,0,0,25,0,37,0,0,0,0,0;36,0,0,0,0,22,0,0,0,0,0,0,0,19,0,0,0,24,0,0,0,0,0,0,28,33,0,0,0,0;21,0,0,39,0,29,0,0,0,38,0,26,0,0,0,0,0,35,0,0,39,0,0,35,0,0,0,0,0,0;0,0,0,25,0,24,0,0,0,0,0,27,0,0,0,14,35,0,0,0,0,22,24,0,0,10,0,0,34,0;0,0,0,35,28,0,0,0,0,20,25,0,0,22,0,29,0,27,0,0,0,0,0,0,0,39,0,0,33,0;25,0,0,20,0,39,0,22,32,0,0,30,0,37,0,0,0,0,30,0,0,0,0,37,0,0,0,0,0,0;40,0,0,26,0,0,0,35,25,0,0,0,0,0,25,0,0,32,0,21,35,0,0,0,0,0,0,0,0,0;0,21,0,0,0,0,37,0,0,0,21,0,29,0,0,36,0,0,38,0,34,0,0,0,0,36,0,0,0,34;0,0,0,37,32,0,0,0,0,31,0,0,0,0,0,0,0,25,0,28,21,0,0,22,28,0,22,0,0,0;0,20,0,27,0,0,0,0,21,0,0,0,0,0,0,0,0,0,0,0,0,33,0,0,0,24,0,0,0,0;20,0,0,0,0,0,0,35,0,0,0,0,0,0,24,0,0,0,0,27,0,32,0,0,0,29,35,0,0,38;0,37,0,16,0,0,0,0,0,0,0,0,21,0,0,0,0,0,0,0,40,0,22,0,0,0,0,0,38,0;0,0,0,0,0,0,0,0,0,24,0,26,0,0,0,0,34,0,0,35,28,35,0,27,0,0,0,0,0,0;21,0,0,0,0,0,35,33,0,25,0,24,25,0,24,14,30,20,0,0,0,39,0,0,13,0,24,0,24,40;0,0,0,36,0,0,0,0,23,22,20,0,0,0,27,0,0,0,0,0,0,0,28,0,0,0,10,30,0,0;0,22,0,0,0,0,0,31,0,0,0,0,0,22,0,0,34,37,0,0,0,0,0,0,0,0,0,38,29,37;29,27,0,0,35,0,0,0,0,28,0,0,26,0,0,0,0,0,0,29,0,0,0,28,0,0,0,12,0,0;0,0,0,33,0,0,20,0,24,35,24,40,0,22,40,0,31,0,0,31,0,35,26,0,0,0,0,0,22,0;40,21,0,0,0,0,0,34,30,0,0,39,0,37,0,0,0,0,25,0,0,0,38,0,0,24,0,20,0,35;0,0,0,0,0,0,0,0,0,0,0,0,0,0,0,0,0,0,0,0,39,0,0,0,0,0,39,0,0,0
-4,21,0,-19,0,0,19,10,0,21,14,0,10,0,0,-15,0,0,0,0,0,0,0,0,0,-24,0,0,0,-33
------------- End of Scenario k = 18 -------
0,0,71,0,0,0,0,0,0,0,0,51,30,76,0,0,0,49,0,0,0,33,0,39,0,0,28,0,80,0;71,0,80,0,0,0,79,52,0,0,60,0,0,0,0,66,76,0,0,0,50,0,0,0,0,80,0,43,0,0;80,0,0,80,0,0,0,0,46,0,0,25,0,0,0,0,20,0,0,70,0,0,67,0,0,0,0,0,0,35;0,0,64,0,0,0,0,0,0,0,0,0,0,0,46,0,20,63,0,0,0,0,0,37,0,77,36,32,0,0;0,36,46,0,0,46,0,0,33,50,65,26,0,0,0,26,31,0,32,0,0,0,52,36,0,80,0,0,67,0;0,0,74,71,0,0,0,0,80,0,0,0,44,0,0,72,63,0,0,0,45,0,0,53,0,0,0,0,0,80;0,26,0,79,80,23,0,0,0,0,0,0,0,63,0,27,0,76,0,0,64,0,0,0,0,0,0,0,73,0;0,0,0,80,0,0,0,0,0,0,31,80,0,0,0,0,0,0,40,0,25,0,0,0,0,0,0,0,35,43;0,34,0,52,0,36,42,0,0,0,0,39,29,0,0,0,0,0,47,0,0,0,0,0,0,0,0,0,0,23;35,0,66,66,0,66,0,76,63,0,0,26,0,0,36,0,0,0,35,0,0,0,0,39,0,38,40,0,0,0;0,57,0,0,0,0,55,0,27,0,0,0,0,31,42,0,36,59,0,0,0,0,46,0,20,0,0,0,0,0;74,0,0,0,0,80,0,0,0,0,0,0,0,36,0,0,0,73,0,0,0,0,0,0,65,36,0,0,0,0;67,0,0,43,0,42,0,0,0,40,0,75,0,0,0,0,0,79,0,0,30,0,0,23,0,0,0,0,0,0;0,0,0,51,0,39,0,0,0,0,0,73,0,0,0,80,24,0,0,0,0,28,61,0,0,41,0,0,67,0;0,0,0,44,48,0,0,0,0,45,74,0,0,30,0,45,0,24,0,0,0,0,0,0,0,57,0,0,68,0;21,0,0,46,0,65,0,72,71,0,0,54,0,21,0,0,0,0,25,0,0,0,0,73,0,0,0,0,0,0;77,0,0,40,0,0,0,35,60,0,0,0,0,0,63,0,0,38,0,78,61,0,0,0,0,0,0,0,0,0;0,49,0,0,0,0,22,0,0,0,76,0,59,0,0,66,0,0,68,0,79,0,0,0,0,23,0,0,0,72;0,0,0,43,65,0,0,0,0,41,0,0,0,0,0,0,0,49,0,26,69,0,0,59,24,0,60,0,0,0;0,65,0,78,0,0,0,0,67,0,0,0,0,0,0,0,0,0,0,0,0,52,0,0,0,39,0,0,0,0;79,0,0,0,0,0,0,24,0,0,0,0,0,0,59,0,0,0,0,55,0,80,0,0,0,49,71,0,0,51;0,71,0,80,0,0,0,0,0,0,0,0,53,0,0,0,0,0,0,0,75,0,57,0,0,0,0,0,38,0;0,0,0,0,0,0,0,0,0,56,0,38,0,0,0,0,27,0,0,33,68,46,0,68,0,0,0,0,0,0;80,0,0,0,0,0,23,68,0,28,0,64,32,0,51,51,37,48,0,0,0,59,0,0,66,0,32,0,38,26;0,0,0,71,0,0,0,0,20,21,72,0,0,0,33,0,0,0,0,0,0,0,60,0,0,0,80,77,0,0;0,69,0,0,0,0,0,57,0,0,0,0,0,28,0,0,67,30,0,0,0,0,0,0,0,0,0,41,24,22;33,34,0,0,53,0,0,0,0,26,0,0,23,0,0,0,0,0,0,51,0,0,0,31,0,0,0,80,0,0;0,0,0,57,0,0,59,0,55,36,35,66,0,46,61,0,79,0,0,78,0,57,61,0,0,0,0,0,50,0;34,43,0,0,0,0,0,80,34,0,0,68,0,47,0,0,0,0,48,0,0,0,70,0,0,53,0,32,0,72;0,0,0,0,0,0,0,0,0,0,0,0,0,0,0,0,0,0,0,0,26,0,0,0,0,0,22,0,0,0
0,0,31,0,0,0,0,0,0,0,0,21,35,24,0,0,0,33,0,0,0,28,0,37,0,0,22,0,21,0;28,0,28,0,0,0,40,27,0,0,37,0,0,0,0,34,30,0,0,0,34,0,0,0,0,38,0,26,0,0;34,0,0,29,0,0,0,0,23,0,0,29,0,0,0,0,24,0,0,30,0,0,24,0,0,0,0,0,0,37;0,0,20,0,0,0,0,0,0,0,0,0,0,0,35,0,29,34,0,0,0,0,0,23,0,33,34,21,0,0;0,29,25,0,0,19,0,0,34,27,28,27,0,0,0,38,20,0,27,0,0,0,21,27,0,21,0,0,37,0;0,0,24,33,0,0,0,0,21,0,0,0,29,0,0,38,23,0,0,0,20,0,0,20,0,0,0,0,0,33;0,39,0,30,34,36,0,0,0,0,0,0,0,23,0,36,0,24,0,0,24,0,0,0,0,0,0,0,39,0;0,0,0,36,0,0,0,0,0,0,37,28,0,0,0,0,0,0,35,0,32,0,0,0,0,0,0,0,28,29;0,25,0,39,0,21,23,0,0,0,0,23,31,0,0,0,0,0,33,0,0,0,0,0,0,0,0,0,0,27;20,0,36,25,0,32,0,32,40,0,0,37,0,0,22,0,0,0,25,0,0,0,0,35,0,37,33,0,0,0;0,28,0,0,0,0,34,0,38,0,0,0,0,26,39,0,36,26,0,0,0,0,35,0,34,0,0,0,0,0;25,0,0,0,0,20,0,0,0,0,0,0,0,24,0,0,0,30,0,0,0,0,0,0,28,21,0,0,0,0;29,0,0,36,0,39,0,0,0,23,0,27,0,0,0,0,0,20,0,0,30,0,0,29,0,0,0,0,0,0;0,0,0,39,0,35,0,0,0,0,0,31,0,0,0,38,36,0,0,0,0,35,37,0,0,36,0,0,33,0;0,0,0,39,32,0,0,0,0,36,36,0,0,28,0,36,0,32,0,0,0,0,0,0,0,30,0,0,22,0;38,0,0,27,0,40,0,30,22,0,0,29,0,32,0,0,0,0,29,0,0,0,0,30,0,0,0,0,0,0;37,0,0,30,0,0,0,26,27,0,0,0,0,0,33,0,0,34,0,21,22,0,0,0,0,0,0,0,0,0;0,25,0,0,0,0,22,0,0,0,24,0,29,0,0,35,0,0,27,0,36,0,0,0,0,30,0,0,0,30;0,0,0,35,31,0,0,0,0,33,0,0,0,0,0,0,0,29,0,27,28,0,0,25,23,0,21,0,0,0;0,21,0,25,0,0,0,0,36,0,0,0,0,0,0,0,0,0,0,0,0,27,0,0,0,34,0,0,0,0;21,0,0,0,0,0,0,27,0,0,0,0,0,0,30,0,0,0,0,23,0,21,0,0,0,28,30,0,0,33;0,34,0,30,0,0,0,0,0,0,0,0,31,0,0,0,0,0,0,0,32,0,24,0,0,0,0,0,25,0;0,0,0,0,0,0,0,0,0,23,0,36,0,0,0,0,32,0,0,38,39,36,0,33,0,0,0,0,0,0;32,0,0,0,0,0,21,26,0,33,0,22,32,0,30,37,22,29,0,0,0,28,0,0,36,0,39,0,34,38;0,0,0,32,0,0,0,0,26,24,29,0,0,0,21,0,0,0,0,0,0,0,40,0,0,0,38,24,0,0;0,31,0,0,0,0,0,33,0,0,0,0,0,30,0,0,40,27,0,0,0,0,0,0,0,0,0,35,35,36;34,24,0,0,25,0,0,0,0,35,0,0,31,0,0,0,0,0,0,30,0,0,0,39,0,0,0,28,0,0;0,0,0,22,0,0,31,0,35,28,30,36,0,38,28,0,22,0,0,24,0,40,21,0,0,0,0,0,38,0;28,34,0,0,0,0,0,31,23,0,0,20,0,30,0,0,0,0,33,0,0,0,26,0,0,35,0,39,0,38;0,0,0,0,0,0,0,0,0,0,0,0,0,0,0,0,0,0,0,0,20,0,0,0,0,0,25,0,0,0
-9,28,0,-18,0,0,19,23,0,19,27,0,21,0,0,-24,0,0,0,0,0,0,0,0,0,-34,0,0,0,-52
------------- End of Scenario k = 19 -------
