/ -------------------------------------------------------------------------
An instance of the stochastic Fixed - charge Network Flow Problem using NETGEN.
/ -------------------------------------------------------------------------
Number of Nodes (no Dummy node is added), n
Graph Density, density
The fixed cost to variable cost ratio, f
Adjacency Matrix, A
Fixed Cost Matrix, c
Number of scenarios, K
Scenario Probabilities, p
----The following three rows will be repeated K times.----
Var Cost Matrix, d
Capacity, u
demand, b
/ -------------------------------------------------------------------------
+
30
0.6
200
0,1,0,1,0,1,0,1,1,1,1,1,1,0,0,0,0,0,0,0,0,1,0,0,0,1,0,0,0,0;1,0,1,0,1,0,0,1,1,1,1,1,0,1,0,0,1,1,0,1,0,1,0,1,1,1,0,0,1,1;1,1,0,0,0,1,1,0,1,1,0,1,1,0,0,1,1,1,1,1,1,0,1,1,0,1,1,1,1,0;0,0,0,0,1,1,0,0,1,1,1,0,1,1,0,0,1,0,1,0,1,0,1,0,0,1,1,0,1,0;1,0,1,1,0,0,1,1,1,1,0,0,0,1,0,1,0,1,0,0,1,0,0,1,0,0,0,0,0,1;1,1,0,1,0,0,1,1,1,1,0,1,0,1,1,1,0,1,1,0,1,1,1,1,1,1,0,1,1,0;1,1,0,1,0,1,0,0,0,1,1,1,0,1,0,0,0,1,1,1,1,1,1,1,1,0,0,0,1,1;0,1,1,0,0,1,1,0,0,0,1,0,1,1,1,0,1,0,1,0,1,0,0,1,1,1,1,1,1,0;1,1,1,0,0,1,1,1,0,0,1,1,0,0,0,1,1,0,1,1,0,1,0,1,1,0,1,1,1,1;0,1,1,0,1,1,0,1,1,0,1,0,0,0,1,0,0,0,0,1,1,0,0,0,1,1,1,1,0,1;0,1,0,1,0,1,0,1,1,1,0,1,0,1,0,1,0,0,0,0,0,0,1,0,0,1,0,1,0,1;1,1,1,1,0,0,0,0,0,1,1,0,0,1,0,0,1,1,0,1,1,1,0,0,1,0,1,1,1,0;1,1,0,0,1,0,1,0,1,1,1,0,0,0,1,1,1,0,1,0,1,1,1,1,1,1,0,1,0,1;1,1,1,1,1,0,1,1,1,0,0,1,0,0,1,1,1,0,1,0,0,0,1,1,0,1,1,0,1,1;1,0,0,1,1,1,1,0,0,1,1,1,1,0,0,1,1,1,1,0,1,1,0,1,0,0,0,1,0,1;1,1,1,1,1,1,1,1,1,0,1,0,1,0,1,0,0,0,1,0,1,0,1,1,0,1,1,1,1,0;1,0,1,1,1,0,0,1,1,0,1,0,1,1,1,1,0,1,1,0,1,0,1,1,1,1,0,1,1,0;1,1,0,1,0,0,0,1,1,1,1,1,1,1,0,1,0,0,1,0,0,1,1,1,1,1,1,1,0,1;1,1,0,0,0,0,1,0,0,0,1,0,1,1,1,1,1,1,0,0,1,0,1,1,1,0,1,1,1,1;1,0,0,0,1,0,1,1,1,1,0,0,0,0,1,1,0,1,0,0,1,1,0,1,0,0,0,1,0,0;1,1,0,0,1,0,1,1,1,1,0,0,1,1,0,1,1,1,0,0,0,1,1,0,1,1,1,1,0,1;1,0,0,0,0,0,1,0,1,1,0,0,1,0,0,1,1,1,0,1,1,0,1,0,0,1,0,0,1,0;1,0,1,0,0,0,1,0,1,0,0,0,0,1,0,0,1,0,1,1,0,1,0,1,1,0,1,1,1,1;0,1,0,1,0,1,1,1,1,1,0,0,0,1,1,1,1,1,1,1,0,1,1,0,1,1,0,1,0,0;0,1,0,1,1,0,1,1,0,1,0,1,1,0,1,1,1,1,0,0,0,0,1,0,0,1,1,1,1,1;1,0,0,0,0,1,1,1,1,1,0,1,0,1,1,0,1,0,0,0,1,1,1,0,1,0,1,1,1,1;0,0,0,1,1,1,1,1,0,1,1,1,0,0,0,1,1,1,1,1,1,1,0,1,0,1,0,1,1,1;1,1,0,1,1,0,0,1,1,0,1,1,0,1,1,1,1,0,1,1,1,0,1,1,1,0,1,0,1,0;0,0,1,1,0,1,1,0,1,0,0,1,1,1,0,1,0,1,1,1,1,0,1,0,1,1,1,0,0,0;1,1,1,1,1,1,1,0,1,1,0,1,1,0,1,1,0,0,0,1,1,1,0,1,1,1,0,1,1,0
0,9180,0,10160,0,10360,0,11380,9020,10460,9800,10600,9620,0,0,0,0,0,0,0,0,10680,0,0,0,10160,0,0,0,0;14080,0,14000,0,9560,0,0,11180,9960,10540,10360,10960,0,10540,0,0,9780,11940,0,9660,0,9300,0,10000,10020,8860,0,0,7900,10960;9480,8940,0,0,0,11060,9080,0,10620,12100,0,10260,12380,0,0,10220,10340,10340,10420,12880,8980,0,10800,10800,0,9360,9400,9180,10540,0;0,0,0,0,10140,13560,0,0,10860,9620,11180,0,10740,10280,0,0,9900,0,9880,0,10840,0,10240,0,0,11520,8660,0,10320,0;10860,0,11420,14980,0,0,10460,9740,13960,8800,0,0,0,11580,0,10120,0,11380,0,0,10920,0,0,9300,0,0,0,0,0,11060;10660,10480,0,9380,0,0,9060,8080,8520,10160,0,10720,0,9600,11180,9400,0,9840,8320,0,9920,10180,9840,8000,10500,10040,0,10480,10900,0;11060,10500,0,10260,0,6759,0,0,0,11300,11840,10480,0,9920,0,0,0,10780,11740,10180,9340,8760,10360,8480,12280,0,0,0,8000,13200;0,10280,11240,0,0,10540,12300,0,0,0,9840,0,11840,9620,10000,0,10940,0,9600,0,10140,0,0,10140,10000,10320,10700,10500,9900,0;11160,10220,10260,0,0,9380,9120,8860,0,0,9700,9380,0,0,0,11260,11200,0,11540,10240,0,9800,0,9180,10340,0,8200,9480,9320,12460;0,13640,8100,0,8380,10120,0,10220,13440,0,8340,0,0,0,9040,0,0,0,0,8520,9060,0,0,0,10380,10960,9180,10340,0,8840;0,8760,0,10700,0,9260,0,10680,9720,11280,0,10580,0,9940,0,10300,0,0,0,0,0,0,10100,0,0,9020,0,10300,0,10580;9760,10440,9860,11400,0,0,0,0,0,9540,12260,0,0,11840,0,0,8540,9880,0,9780,9780,11060,0,0,10680,0,8900,10080,13800,0;16000,10820,0,0,10340,0,9720,0,14200,10960,7720,0,0,0,14119,9860,10380,0,10420,0,9680,9140,10340,10600,10400,10300,0,11800,0,11660;11640,11260,10780,9060,11540,0,10540,8680,8640,0,0,13860,0,0,10200,10820,9460,0,8620,0,0,0,8240,10260,0,10520,9740,0,8860,10300;10980,0,0,8280,12100,8860,11540,0,0,9840,10360,10540,8280,0,0,12320,9720,10960,11260,0,10500,13260,0,10120,0,0,0,9260,0,8520;9860,9820,10600,10240,9340,8620,9740,9800,8740,0,11400,0,8280,0,8040,0,0,0,8140,0,9880,0,10460,11400,0,10920,7180,9120,13919,0;10520,0,9960,10360,10040,0,0,10620,9420,0,15160,0,10960,10180,9200,10520,0,14500,10300,0,9720,0,9720,9160,8720,11020,0,8940,13580,0;14419,11160,0,10160,0,0,0,9380,12060,10700,9600,7620,9460,9380,0,10320,0,0,9220,0,0,9660,11260,8540,7640,9040,9840,9320,0,11020;11060,9500,0,0,0,0,7920,0,0,0,9500,0,12540,10080,10220,10860,11520,9420,0,0,10680,0,6600,8940,9920,0,10060,8400,10840,11720;9720,0,0,0,9160,0,11100,12000,10880,10920,0,0,0,0,12540,10580,0,9900,0,0,12080,10940,0,9260,0,0,0,8740,0,0;12160,9960,0,0,9440,0,10940,10460,11920,10600,0,0,11220,10040,0,11640,10900,9620,0,0,0,14040,9820,0,11260,9520,10860,10720,0,10760;11260,0,0,0,0,0,9460,0,10340,9920,0,0,10180,0,0,12300,9520,8920,0,10960,9560,0,12220,0,0,9680,0,0,10460,0;11400,0,10120,0,0,0,10400,0,9060,0,0,0,0,9920,0,0,10100,0,9940,9000,0,10140,0,15160,11420,0,8780,8680,10660,9180;0,9200,0,8960,0,10600,7659,10300,13119,9420,0,0,0,11560,10380,10080,10200,9740,11520,9980,0,11020,11680,0,13460,10060,0,9440,0,0;0,11540,0,10080,9240,0,9820,10380,0,11460,0,8560,10680,0,12080,9880,12140,9940,0,0,0,0,10600,0,0,11880,9100,10620,10660,7759;11280,0,0,0,0,11380,11180,10880,9420,10860,0,10520,0,9080,9340,0,10120,0,0,0,9780,8280,11040,0,11240,0,10720,10760,11760,9160;0,0,0,9380,9840,9220,10800,9060,0,9580,10860,10080,0,0,0,10980,13180,12780,9640,10980,8480,10740,0,10400,0,11380,0,9180,11460,8600;9340,10080,0,10740,10140,0,0,11020,11880,0,8680,10700,0,9860,8540,11240,10420,0,11640,10180,10480,0,10840,8960,9500,0,11660,0,9980,0;0,0,9840,10620,0,11320,9560,0,6680,0,0,10840,9140,10460,0,9420,0,10460,10000,10380,10020,0,10420,0,9460,9360,10640,0,0,0;8680,10820,12160,8100,10140,10800,10560,0,8660,7880,0,11160,9580,0,11180,8840,0,0,0,12880,9440,7820,0,9760,8660,9780,0,8520,11280,0
10
0.05,0.05,0.1,0.1,0.1,0.25,0.05,0.05,0.2,0.05
--Scenarios--
0,21,0,42,0,74,0,79,66,33,77,57,69,0,0,0,0,0,0,0,0,67,0,0,0,20,0,0,0,0;80,0,80,0,30,0,0,48,47,71,77,37,0,60,0,0,59,58,0,47,0,53,0,76,26,75,0,0,24,55;36,22,0,0,0,61,45,0,65,76,0,59,54,0,0,36,30,52,73,37,65,0,33,25,0,43,67,25,76,0;0,0,0,0,34,80,0,0,38,29,80,0,68,31,0,0,24,0,66,0,53,0,20,0,0,64,30,0,42,0;69,0,34,68,0,0,66,53,44,22,0,0,0,70,0,39,0,73,0,0,58,0,0,56,0,0,0,0,0,80;49,34,0,63,0,0,40,28,46,34,0,43,0,77,79,36,0,60,32,0,22,34,70,53,70,22,0,38,29,0;45,69,0,67,0,27,0,0,0,52,50,72,0,44,0,0,0,61,76,70,26,30,59,71,80,0,0,0,57,43;0,74,75,0,0,53,80,0,0,0,79,0,59,68,71,0,74,0,53,0,40,0,0,75,66,68,53,54,73,0;73,73,31,0,0,60,61,23,0,0,56,69,0,0,0,70,33,0,69,66,0,60,0,24,77,0,20,43,31,50;0,80,33,0,73,47,0,76,23,0,34,0,0,0,64,0,0,0,0,20,49,0,0,0,40,41,33,29,0,52;0,24,0,62,0,26,0,26,20,20,0,65,0,49,0,22,0,0,0,0,0,0,52,0,0,30,0,34,0,71;44,27,49,62,0,0,0,0,0,39,80,0,0,60,0,0,38,51,0,29,73,74,0,0,68,0,23,40,37,0;80,60,0,0,39,0,57,0,80,62,28,0,0,0,80,44,31,0,37,0,24,58,22,61,20,39,0,50,0,71;45,46,41,62,46,0,28,42,29,0,0,80,0,0,74,34,45,0,52,0,0,0,20,45,0,53,80,0,25,35;71,0,0,61,78,70,33,0,0,60,22,43,53,0,0,80,53,37,40,0,23,68,0,60,0,0,0,79,0,32;48,55,45,53,36,28,44,70,61,0,40,0,46,0,27,0,0,0,35,0,57,0,54,63,0,43,50,42,48,0;36,0,62,71,67,0,0,45,42,0,80,0,64,66,32,73,0,76,75,0,73,0,31,38,49,24,0,69,80,0;80,21,0,58,0,0,0,69,51,42,47,44,31,21,0,67,0,0,80,0,0,35,65,42,28,70,40,26,0,49;21,26,0,0,0,0,58,0,0,0,29,0,46,64,32,77,69,44,0,0,60,0,27,65,38,0,25,23,44,78;63,0,0,0,48,0,31,44,34,33,0,0,0,0,41,76,0,29,0,0,58,31,0,56,0,0,0,65,0,0;54,36,0,0,45,0,21,60,34,59,0,0,37,23,0,77,76,21,0,0,0,59,73,0,45,54,79,62,0,34;52,0,0,0,0,0,43,0,31,30,0,0,21,0,0,78,30,36,0,44,25,0,55,0,0,63,0,0,41,0;79,0,77,0,0,0,64,0,74,0,0,0,0,61,0,0,40,0,61,72,0,38,0,80,34,0,64,28,65,50;0,66,0,62,0,42,53,68,53,22,0,0,0,56,35,79,41,40,53,22,0,70,75,0,50,63,0,46,0,0;0,68,0,59,74,0,25,46,0,66,0,48,34,0,58,63,35,72,0,0,0,0,78,0,0,56,25,60,30,21;69,0,0,0,0,79,59,47,33,27,0,67,0,26,31,0,41,0,0,0,24,29,63,0,80,0,72,65,80,40;0,0,0,22,74,60,29,42,0,80,25,39,0,0,0,34,80,73,22,63,40,68,0,53,0,68,0,31,71,79;53,74,0,44,34,0,0,44,50,0,45,75,0,63,48,79,74,0,76,45,67,0,42,32,26,0,74,0,29,0;0,0,54,28,0,74,60,0,24,0,0,59,24,57,0,30,0,28,40,37,53,0,42,0,77,52,78,0,0,0;36,65,48,69,64,80,46,0,22,27,0,68,50,0,76,44,0,0,0,80,50,22,0,20,64,28,0,23,60,0
0,40,0,38,0,24,0,22,34,38,25,35,28,0,0,0,0,0,0,0,0,39,0,0,0,26,0,0,0,0;28,0,32,0,33,0,0,29,24,26,37,30,0,35,0,0,28,22,0,39,0,37,0,34,24,21,0,0,36,32;26,38,0,0,0,20,21,0,39,20,0,25,35,0,0,32,30,39,33,36,40,0,29,31,0,24,35,39,36,0;0,0,0,0,23,40,0,0,33,29,35,0,21,38,0,0,21,0,36,0,27,0,29,0,0,38,31,0,32,0;25,0,25,31,0,0,31,37,31,40,0,0,0,22,0,35,0,29,0,0,25,0,0,28,0,0,0,0,0,28;31,37,0,27,0,0,32,29,35,32,0,21,0,28,37,36,0,30,27,0,27,25,22,26,23,21,0,24,38,0;38,37,0,30,0,35,0,0,0,33,25,31,0,35,0,0,0,21,24,40,36,27,35,35,30,0,0,0,24,31;0,29,28,0,0,37,13,0,0,0,40,0,31,40,27,0,36,0,38,0,34,0,0,38,35,20,33,25,33,0;23,22,20,0,0,36,28,20,0,0,22,21,0,0,0,40,37,0,38,30,0,31,0,40,21,0,20,27,30,25;0,24,33,0,33,30,0,21,26,0,36,0,0,0,40,0,0,0,0,26,30,0,0,0,26,29,35,38,0,32;0,33,0,38,0,25,0,28,28,29,0,35,0,29,0,32,0,0,0,0,0,0,39,0,0,37,0,37,0,40;33,35,20,28,0,0,0,0,0,28,30,0,0,24,0,0,21,37,0,31,40,33,0,0,26,0,37,38,33,0;19,38,0,0,35,0,28,0,34,26,26,0,0,0,29,29,23,0,30,0,28,32,27,30,34,38,0,38,0,27;36,28,32,39,40,0,22,28,36,0,0,36,0,0,29,22,37,0,35,0,0,0,27,25,0,34,25,0,20,22;25,0,0,38,39,26,38,0,0,31,24,20,37,0,0,12,26,29,30,0,33,28,0,40,0,0,0,32,0,20;38,38,26,34,21,33,40,22,36,0,20,0,32,0,24,0,0,0,24,0,21,0,39,27,0,39,40,22,24,0;31,0,31,38,34,0,0,25,20,0,30,0,32,24,25,26,0,13,40,0,38,0,23,25,24,26,0,26,21,0;30,29,0,27,0,0,0,22,37,32,28,31,34,29,0,39,0,0,21,0,0,37,40,34,27,21,35,33,0,25;26,32,0,0,0,0,38,0,0,0,36,0,26,33,38,37,23,30,0,0,29,0,21,32,28,0,23,22,33,38;39,0,0,0,33,0,39,28,24,37,0,0,0,0,38,28,0,21,0,0,16,22,0,26,0,0,0,38,0,0;21,20,0,0,39,0,29,36,40,30,0,0,31,24,0,22,38,26,0,0,0,18,33,0,30,37,27,35,0,32;23,0,0,0,0,0,25,0,25,38,0,0,27,0,0,32,21,22,0,26,32,0,14,0,0,20,0,0,37,0;38,0,26,0,0,0,24,0,20,0,0,0,0,27,0,0,22,0,29,23,0,24,0,38,23,0,27,20,23,28;0,34,0,32,0,20,21,35,37,25,0,0,0,39,20,34,27,27,25,30,0,36,32,0,12,37,0,20,0,0;0,40,0,23,27,0,36,27,0,39,0,32,23,0,28,24,33,22,0,0,0,0,34,0,0,28,21,21,22,25;40,0,0,0,0,28,34,24,36,33,0,31,0,22,23,0,36,0,0,0,30,22,30,0,36,0,35,28,31,31;0,0,0,35,20,37,32,22,0,29,35,32,0,0,0,33,13,24,39,27,33,31,0,21,0,37,0,25,27,40;29,22,0,37,39,0,0,21,24,0,31,39,0,35,29,30,24,0,24,40,37,0,27,38,20,0,25,0,34,0;0,0,24,32,0,39,33,0,25,0,0,26,38,26,0,24,0,25,27,22,32,0,23,0,26,25,33,0,0,0;32,32,22,30,26,38,37,0,32,32,0,23,39,0,22,29,0,0,0,40,35,37,0,37,25,35,0,33,33,0
-41,16,0,0,27,0,0,12,-27,0,-26,0,0,26,0,0,0,0,10,0,0,0,0,0,0,0,13,0,-22,12
------------- End of Scenario k = 0 -------
0,20,0,56,0,80,0,78,24,59,34,28,74,0,0,0,0,0,0,0,0,79,0,0,0,41,0,0,0,0;80,0,77,0,58,0,0,38,71,27,60,53,0,34,0,0,30,75,0,72,0,42,0,30,25,75,0,0,22,55;66,51,0,0,0,63,50,0,31,50,0,30,33,0,0,33,25,36,46,75,21,0,69,67,0,39,31,55,78,0;0,0,0,0,60,51,0,0,69,27,52,0,59,25,0,0,74,0,21,0,50,0,33,0,0,57,36,0,43,0;45,0,28,80,0,0,35,78,73,25,0,0,0,24,0,49,0,79,0,0,35,0,0,68,0,0,0,0,0,43;80,61,0,36,0,0,62,64,59,55,0,53,0,58,48,27,0,61,33,0,67,47,66,24,72,38,0,71,80,0;70,47,0,63,0,53,0,0,0,21,70,60,0,60,0,0,0,20,29,36,44,44,44,40,43,0,0,0,39,66;0,24,25,0,0,60,80,0,0,0,68,0,77,63,60,0,68,0,45,0,67,0,0,31,31,22,53,72,53,0;71,27,32,0,0,70,55,76,0,0,49,54,0,0,0,65,26,0,37,41,0,78,0,54,64,0,27,42,49,64;0,80,26,0,25,67,0,69,80,0,66,0,0,0,30,0,0,0,0,47,79,0,0,0,77,38,32,33,0,50;0,34,0,62,0,37,0,33,55,79,0,22,0,42,0,39,0,0,0,0,0,0,22,0,0,35,0,67,0,63;24,66,35,49,0,0,0,0,0,27,26,0,0,39,0,0,59,24,0,74,37,67,0,0,65,0,28,78,53,0;80,75,0,0,77,0,77,0,71,33,22,0,0,0,55,28,77,0,34,0,57,61,53,39,43,68,0,77,0,50;30,73,58,52,41,0,63,53,78,0,0,27,0,0,35,54,44,0,35,0,0,0,31,65,0,79,52,0,46,51;47,0,0,43,40,37,67,0,0,25,60,71,21,0,0,45,47,69,49,0,28,55,0,53,0,0,0,65,0,53;28,60,63,52,22,21,32,39,35,0,43,0,59,0,29,0,0,0,61,0,23,0,76,45,0,32,28,31,80,0;59,0,25,29,31,0,0,44,41,0,80,0,75,71,54,21,0,80,24,0,75,0,55,27,69,74,0,51,69,0;80,62,0,69,0,0,0,23,77,71,64,31,60,33,0,53,0,0,69,0,0,72,78,63,68,29,32,25,0,69;31,75,0,0,0,0,28,0,0,0,43,0,38,33,45,23,65,21,0,0,74,0,55,68,69,0,39,54,42,26;40,0,0,0,30,0,77,53,56,47,0,0,0,0,78,47,0,80,0,0,69,69,0,49,0,0,0,37,0,0;69,57,0,0,38,0,65,32,72,31,0,0,80,74,0,78,74,40,0,0,0,80,51,0,78,53,63,68,0,70;39,0,0,0,0,0,33,0,54,44,0,0,63,0,0,32,41,31,0,75,24,0,39,0,0,72,0,0,79,0;45,0,61,0,0,0,62,0,21,0,0,0,0,36,0,0,42,0,22,54,0,67,0,74,56,0,77,46,37,74;0,29,0,46,0,62,42,54,29,31,0,0,0,35,63,48,23,53,41,41,0,25,67,0,40,29,0,30,0,0;0,62,0,29,71,0,74,35,0,54,0,27,45,0,69,45,76,76,0,0,0,0,44,0,0,78,38,59,62,31;59,0,0,0,0,46,54,39,69,79,0,40,0,35,27,0,29,0,0,0,40,43,68,0,30,0,20,27,46,66;0,0,0,41,75,32,35,62,0,34,66,67,0,0,0,42,80,51,36,25,30,25,0,57,0,49,0,63,63,25;31,41,0,68,71,0,0,62,57,0,74,31,0,47,20,80,20,0,68,52,65,0,65,47,30,0,68,0,55,0;0,0,30,67,0,40,71,0,26,0,0,59,65,37,0,43,0,29,21,41,31,0,58,0,28,51,77,0,0,0;80,46,47,24,57,57,74,0,70,43,0,71,32,0,30,26,0,0,0,80,25,55,0,40,23,25,0,30,37,0
0,28,0,34,0,31,0,35,38,39,34,34,20,0,0,0,0,0,0,0,0,24,0,0,0,22,0,0,0,0;38,0,17,0,29,0,0,23,39,23,32,36,0,33,0,0,35,28,0,31,0,35,0,22,34,38,0,0,25,22;29,33,0,0,0,28,34,0,21,20,0,22,22,0,0,21,27,26,34,33,28,0,27,23,0,37,28,31,38,0;0,0,0,0,26,33,0,0,21,22,29,0,34,34,0,0,38,0,29,0,32,0,26,0,0,31,33,0,31,0;38,0,32,38,0,0,23,38,36,33,0,0,0,27,0,39,0,39,0,0,40,0,0,40,0,0,0,0,0,30;30,38,0,32,0,0,32,25,39,36,0,23,0,31,30,33,0,39,28,0,24,31,23,27,28,29,0,27,31,0;35,29,0,23,0,21,0,0,0,40,23,33,0,23,0,0,0,33,39,35,35,20,29,23,38,0,0,0,33,23;0,38,29,0,0,20,28,0,0,0,27,0,37,30,39,0,40,0,39,0,23,0,0,39,38,37,22,22,35,0;32,39,31,0,0,39,32,40,0,0,38,23,0,0,0,39,22,0,28,29,0,27,0,39,24,0,34,31,33,32;0,21,35,0,32,34,0,28,26,0,22,0,0,0,21,0,0,0,0,26,37,0,0,0,27,25,38,34,0,29;0,26,0,31,0,34,0,25,29,23,0,27,0,38,0,28,0,0,0,0,0,0,37,0,0,30,0,21,0,26;25,21,28,40,0,0,0,0,0,30,27,0,0,27,0,0,27,31,0,27,20,35,0,0,21,0,31,37,38,0;14,25,0,0,27,0,20,0,14,23,35,0,0,0,38,35,31,0,21,0,34,38,39,36,40,32,0,27,0,28;35,23,36,29,23,0,39,37,21,0,0,26,0,0,31,23,33,0,37,0,0,0,27,35,0,25,25,0,25,24;28,0,0,22,35,33,33,0,0,37,36,27,36,0,0,16,38,37,27,0,30,31,0,21,0,0,0,22,0,34;24,27,27,28,29,20,26,32,21,0,34,0,23,0,37,0,0,0,24,0,31,0,34,30,0,35,23,38,35,0;26,0,28,24,36,0,0,20,22,0,31,0,22,26,40,37,0,28,39,0,37,0,28,31,28,26,0,20,30,0;37,21,0,22,0,0,0,26,30,27,36,33,27,20,0,27,0,0,36,0,0,20,39,38,29,37,26,24,0,34;20,32,0,0,0,0,24,0,0,0,36,0,35,21,32,29,25,28,0,0,35,0,37,35,20,0,38,37,32,27;29,0,0,0,26,0,22,20,24,23,0,0,0,0,33,24,0,22,0,0,32,34,0,37,0,0,0,23,0,0;28,32,0,0,38,0,21,32,37,20,0,0,40,25,0,38,37,28,0,0,0,24,32,0,23,30,21,36,0,23;36,0,0,0,0,0,23,0,39,27,0,0,36,0,0,36,38,35,0,33,20,0,34,0,0,31,0,0,31,0;34,0,21,0,0,0,25,0,23,0,0,0,0,34,0,0,32,0,35,39,0,40,0,37,36,0,39,23,22,21;0,32,0,25,0,25,23,25,23,29,0,0,0,29,34,37,29,21,39,33,0,20,33,0,30,20,0,31,0,0;0,29,0,24,24,0,39,24,0,35,0,38,34,0,33,33,35,20,0,0,0,0,21,0,0,36,25,24,20,33;28,0,0,0,0,24,34,22,32,24,0,20,0,29,32,0,24,0,0,0,27,31,32,0,30,0,23,21,30,38;0,0,0,39,21,38,21,23,0,28,33,31,0,0,0,22,26,27,27,29,23,27,0,40,0,21,0,25,29,23;35,30,0,27,40,0,0,37,37,0,35,28,0,28,24,39,26,0,32,28,28,0,32,31,24,0,36,0,24,0;0,0,20,23,0,36,39,0,33,0,0,40,28,34,0,36,0,37,23,22,40,0,23,0,20,25,29,0,0,0;31,33,28,32,25,38,39,0,39,23,0,33,27,0,21,23,0,0,0,35,38,38,0,34,30,24,0,38,39,0
-37,15,0,0,29,0,0,26,-68,0,-23,0,0,25,0,0,0,0,14,0,0,0,0,0,0,0,23,0,-23,19
------------- End of Scenario k = 1 -------
0,37,0,66,0,64,0,79,80,50,53,34,49,0,0,0,0,0,0,0,0,37,0,0,0,47,0,0,0,0;46,0,67,0,20,0,0,61,46,46,64,61,0,26,0,0,34,53,0,32,0,32,0,37,54,25,0,0,52,23;70,38,0,0,0,35,71,0,59,32,0,25,47,0,0,65,42,65,27,65,59,0,52,41,0,52,37,64,22,0;0,0,0,0,53,80,0,0,70,74,66,0,50,51,0,0,71,0,71,0,44,0,69,0,0,43,35,0,60,0;54,0,34,80,0,0,48,71,64,50,0,0,0,35,0,41,0,60,0,0,67,0,0,40,0,0,0,0,0,26;80,64,0,58,0,0,38,34,39,80,0,43,0,51,70,49,0,30,25,0,58,71,50,38,51,75,0,71,22,0;43,80,0,26,0,20,0,0,0,30,78,26,0,33,0,0,0,64,72,32,37,61,75,24,79,0,0,0,21,78;0,70,76,0,0,78,80,0,0,0,23,0,77,52,39,0,55,0,21,0,58,0,0,56,57,37,63,53,60,0;38,27,75,0,0,68,43,49,0,0,58,27,0,0,0,24,73,0,27,40,0,32,0,67,56,0,56,57,34,69;0,63,35,0,29,70,0,27,80,0,46,0,0,0,42,0,0,0,0,24,28,0,0,0,51,66,23,40,0,56;0,56,0,37,0,52,0,77,65,57,0,32,0,78,0,38,0,0,0,0,0,0,50,0,0,27,0,53,0,24;38,38,73,75,0,0,0,0,0,24,47,0,0,64,0,0,37,48,0,65,74,50,0,0,59,0,32,71,75,0;80,24,0,0,41,0,24,0,42,74,35,0,0,0,80,59,28,0,40,0,64,28,67,75,34,69,0,58,0,63;80,60,60,27,78,0,67,69,48,0,0,80,0,0,22,23,45,0,36,0,0,0,72,49,0,39,61,0,64,58;63,0,0,49,75,76,22,0,0,27,78,61,73,0,0,80,67,28,37,0,38,37,0,70,0,0,0,30,0,29;28,27,61,71,22,32,66,69,40,0,72,0,27,0,65,0,0,0,33,0,58,0,74,36,0,77,42,65,80,0;33,0,48,30,44,0,0,70,30,0,80,0,43,42,54,47,0,80,54,0,40,0,62,39,51,44,0,50,58,0;80,48,0,48,0,0,0,27,54,68,71,38,23,35,0,32,0,0,23,0,0,44,48,43,55,65,56,54,0,69;80,21,0,0,0,0,25,0,0,0,23,0,80,43,66,57,75,43,0,0,55,0,29,29,44,0,39,42,44,55;35,0,0,0,52,0,78,74,22,45,0,0,0,0,64,39,0,68,0,0,30,65,0,64,0,0,0,20,0,0;52,70,0,0,67,0,69,66,68,44,0,0,36,63,0,73,28,65,0,0,0,78,63,0,43,35,46,34,0,49;74,0,0,0,0,0,62,0,70,74,0,0,80,0,0,78,44,25,0,65,58,0,37,0,0,64,0,0,48,0;72,0,55,0,0,0,76,0,37,0,0,0,0,79,0,0,32,0,40,43,0,21,0,80,65,0,25,31,77,27;0,30,0,77,0,34,24,74,58,79,0,0,0,60,62,45,26,51,51,31,0,68,64,0,76,30,0,38,0,0;0,63,0,74,80,0,70,68,0,78,0,51,77,0,78,23,59,37,0,0,0,0,45,0,0,39,79,72,68,56;68,0,0,0,0,77,46,43,47,68,0,53,0,26,53,0,60,0,0,0,39,32,41,0,78,0,51,80,71,49;0,0,0,35,46,23,54,29,0,68,77,78,0,0,0,70,20,67,80,79,51,49,0,45,0,68,0,70,52,38;65,27,0,20,49,0,0,80,51,0,41,53,0,29,25,64,41,0,77,69,37,0,54,51,22,0,49,0,68,0;0,0,45,67,0,72,27,0,68,0,0,74,48,28,0,55,0,41,36,80,32,0,74,0,63,73,25,0,0,0;60,34,65,44,68,57,35,0,47,20,0,56,77,0,57,64,0,0,0,43,65,38,0,29,32,72,0,66,74,0
0,28,0,34,0,33,0,38,39,31,23,28,26,0,0,0,0,0,0,0,0,39,0,0,0,24,0,0,0,0;23,0,32,0,20,0,0,30,34,36,35,37,0,38,0,0,31,36,0,23,0,23,0,37,25,33,0,0,21,38;26,24,0,0,0,39,23,0,32,33,0,25,21,0,0,29,25,35,34,27,25,0,28,20,0,40,36,23,31,0;0,0,0,0,34,39,0,0,25,24,31,0,38,36,0,0,38,0,22,0,31,0,35,0,0,37,37,0,28,0;32,0,20,34,0,0,38,33,38,27,0,0,0,39,0,28,0,22,0,0,27,0,0,29,0,0,0,0,0,26;34,29,0,28,0,0,33,26,33,37,0,35,0,34,20,33,0,24,38,0,35,24,38,23,26,20,0,27,35,0;23,21,0,40,0,31,0,0,0,22,29,23,0,22,0,0,0,22,26,20,34,27,26,37,31,0,0,0,40,33;0,34,36,0,0,24,28,0,0,0,32,0,20,21,40,0,33,0,24,0,27,0,0,26,33,21,31,24,35,0;27,31,37,0,0,39,32,36,0,0,24,39,0,0,0,32,24,0,21,21,0,35,0,39,24,0,28,27,32,21;0,22,24,0,29,35,0,21,31,0,36,0,0,0,34,0,0,0,0,23,39,0,0,0,30,33,26,24,0,24;0,21,0,29,0,37,0,25,35,40,0,28,0,23,0,31,0,0,0,0,0,0,30,0,0,20,0,23,0,32;30,35,26,22,0,0,0,0,0,23,13,0,0,20,0,0,25,36,0,39,23,31,0,0,26,0,34,35,16,0;20,32,0,0,34,0,40,0,39,31,36,0,0,0,39,29,39,0,33,0,28,37,37,32,24,36,0,29,0,24;32,35,40,25,34,0,37,21,39,0,0,27,0,0,25,22,20,0,33,0,0,0,38,36,0,37,23,0,33,33;36,0,0,33,29,33,34,0,0,38,32,31,39,0,0,33,40,34,20,0,21,32,0,40,0,0,0,34,0,33;30,20,28,33,29,20,32,22,31,0,21,0,26,0,20,0,0,0,35,0,40,0,36,20,0,39,37,32,33,0;20,0,27,27,20,0,0,31,29,0,22,0,33,25,26,33,0,23,32,0,22,0,40,38,30,40,0,40,40,0;34,33,0,24,0,0,0,36,24,29,20,24,26,36,0,36,0,0,29,0,0,23,26,20,35,28,21,21,0,25;25,28,0,0,0,0,29,0,0,0,23,0,27,24,20,27,32,36,0,0,39,0,29,25,24,0,33,40,26,23;37,0,0,0,24,0,23,31,23,30,0,0,0,0,31,32,0,32,0,0,37,37,0,36,0,0,0,21,0,0;20,35,0,0,35,0,32,26,22,27,0,0,20,35,0,32,38,32,0,0,0,27,28,0,22,23,32,33,0,26;35,0,0,0,0,0,27,0,40,28,0,0,27,0,0,36,40,24,0,20,38,0,31,0,0,30,0,0,25,0;30,0,37,0,0,0,39,0,33,0,0,0,0,21,0,0,38,0,21,39,0,30,0,25,20,0,30,40,26,31;0,25,0,24,0,27,22,38,35,34,0,0,0,26,35,40,35,27,26,23,0,35,27,0,21,32,0,35,0,0;0,40,0,30,35,0,40,20,0,29,0,35,35,0,36,24,24,27,0,0,0,0,25,0,0,20,37,33,35,21;20,0,0,0,0,36,30,23,31,27,0,32,0,24,27,0,33,0,0,0,37,21,22,0,35,0,27,27,22,28;0,0,0,40,28,38,40,40,0,27,34,33,0,0,0,38,23,29,24,31,26,20,0,37,0,34,0,21,21,23;27,34,0,30,29,0,0,26,30,0,22,21,0,26,31,24,37,0,26,24,34,0,26,27,25,0,29,0,37,0;0,0,29,37,0,37,36,0,40,0,0,25,37,40,0,20,0,39,28,34,33,0,35,0,20,30,29,0,0,0;20,25,20,22,40,40,34,0,24,24,0,36,39,0,24,21,0,0,0,22,23,35,0,25,35,40,0,31,32,0
-58,17,0,0,24,0,0,21,-55,0,-9,0,0,12,0,0,0,0,20,0,0,0,0,0,0,0,19,0,-9,18
------------- End of Scenario k = 2 -------
0,75,0,47,0,51,0,35,26,65,73,64,42,0,0,0,0,0,0,0,0,21,0,0,0,36,0,0,0,0;80,0,56,0,53,0,0,64,25,48,49,36,0,60,0,0,25,68,0,50,0,38,0,31,50,34,0,0,22,52;40,61,0,0,0,49,52,0,75,53,0,71,78,0,0,66,78,39,64,77,47,0,29,65,0,70,45,42,22,0;0,0,0,0,59,80,0,0,80,26,67,0,58,59,0,0,58,0,49,0,80,0,78,0,0,70,72,0,51,0;53,0,67,80,0,0,46,33,80,26,0,0,0,63,0,79,0,39,0,0,49,0,0,26,0,0,0,0,0,61;79,43,0,35,0,0,70,32,71,47,0,39,0,33,22,23,0,21,72,0,57,67,40,27,79,39,0,48,69,0;80,52,0,71,0,44,0,0,0,80,35,78,0,25,0,0,0,76,49,39,24,24,45,34,62,0,0,0,53,56;0,37,40,0,0,62,80,0,0,0,43,0,56,39,34,0,61,0,69,0,56,0,0,76,69,61,68,56,63,0;58,39,50,0,0,25,52,44,0,0,55,60,0,0,0,53,72,0,65,59,0,48,0,74,78,0,37,33,34,48;0,56,68,0,79,71,0,20,80,0,41,0,0,0,61,0,0,0,0,57,38,0,0,0,38,55,62,66,0,45;0,20,0,70,0,34,0,66,29,52,0,56,0,77,0,80,0,0,0,0,0,0,65,0,0,76,0,54,0,80;36,30,30,64,0,0,0,0,0,78,80,0,0,72,0,0,47,52,0,25,70,24,0,0,49,0,55,53,80,0;80,58,0,0,29,0,54,0,80,70,48,0,0,0,40,80,68,0,46,0,55,80,67,20,58,55,0,41,0,20;76,68,28,28,77,0,55,38,36,0,0,80,0,0,77,31,53,0,45,0,0,0,46,63,0,52,27,0,21,76;71,0,0,26,44,46,41,0,0,79,75,25,27,0,0,30,44,61,66,0,59,71,0,70,0,0,0,64,0,36;78,73,57,70,71,50,24,27,60,0,60,0,20,0,29,0,0,0,32,0,70,0,52,63,0,79,23,54,74,0;69,0,80,43,39,0,0,80,36,0,60,0,68,55,64,74,0,75,52,0,39,0,36,51,35,54,0,37,80,0;52,70,0,37,0,0,0,24,80,39,32,46,27,60,0,60,0,0,37,0,0,55,73,35,23,52,68,46,0,60;54,24,0,0,0,0,28,0,0,0,28,0,72,62,47,76,55,73,0,0,57,0,23,68,59,0,51,37,22,62;55,0,0,0,73,0,28,75,60,50,0,0,0,0,68,49,0,63,0,0,52,74,0,33,0,0,0,71,0,0;63,46,0,0,66,0,69,78,55,53,0,0,69,29,0,21,29,61,0,0,0,80,47,0,45,39,63,36,0,59;78,0,0,0,0,0,45,0,68,74,0,0,76,0,0,76,29,69,0,26,29,0,61,0,0,24,0,0,80,0;57,0,53,0,0,0,60,0,32,0,0,0,0,34,0,0,67,0,49,80,0,56,0,80,61,0,22,48,41,64;0,72,0,40,0,60,32,21,62,55,0,0,0,79,41,67,50,69,62,72,0,73,21,0,27,46,0,37,0,0;0,44,0,53,31,0,24,59,0,36,0,61,72,0,77,70,73,22,0,0,0,0,24,0,0,80,43,71,71,29;32,0,0,0,0,67,74,59,20,56,0,49,0,32,69,0,20,0,0,0,49,42,57,0,40,0,80,36,24,33;0,0,0,37,56,21,60,22,0,21,41,21,0,0,0,64,49,74,77,66,29,76,0,25,0,75,0,47,58,76;59,42,0,62,63,0,0,57,55,0,32,48,0,56,32,80,41,0,66,26,80,0,74,60,35,0,50,0,58,0;0,0,76,61,0,53,54,0,24,0,0,68,27,69,0,79,0,80,31,54,46,0,31,0,26,77,77,0,0,0;71,70,73,37,22,55,37,0,24,46,0,59,46,0,38,22,0,0,0,55,51,22,0,61,52,76,0,23,35,0
0,40,0,23,0,25,0,37,31,28,23,40,20,0,0,0,0,0,0,0,0,31,0,0,0,28,0,0,0,0;26,0,34,0,32,0,0,25,25,30,38,34,0,35,0,0,21,32,0,23,0,32,0,23,20,40,0,0,39,21;39,28,0,0,0,34,32,0,27,22,0,25,20,0,0,25,22,33,28,22,35,0,35,28,0,39,37,37,25,0;0,0,0,0,38,35,0,0,28,26,26,0,36,25,0,0,35,0,24,0,32,0,27,0,0,38,38,0,22,0;29,0,40,26,0,0,27,39,17,38,0,0,0,29,0,34,0,36,0,0,21,0,0,33,0,0,0,0,0,31;25,35,0,28,0,0,22,30,34,31,0,40,0,29,20,39,0,20,22,0,31,25,33,23,22,20,0,28,25,0;27,24,0,24,0,37,0,0,0,28,22,24,0,40,0,0,0,25,24,26,20,27,24,27,40,0,0,0,23,20;0,23,37,0,0,26,27,0,0,0,32,0,24,32,40,0,32,0,40,0,33,0,0,30,20,29,27,33,20,0;32,38,26,0,0,20,36,22,0,0,27,30,0,0,0,22,28,0,32,34,0,26,0,39,36,0,35,31,32,20;0,24,34,0,34,36,0,26,36,0,24,0,0,0,20,0,0,0,0,21,29,0,0,0,31,21,22,30,0,33;0,26,0,31,0,29,0,32,36,31,0,40,0,38,0,30,0,0,0,0,0,0,28,0,0,23,0,40,0,25;39,35,24,31,0,0,0,0,0,23,35,0,0,35,0,0,34,22,0,33,32,29,0,0,22,0,40,20,32,0;11,21,0,0,28,0,30,0,26,37,23,0,0,0,40,33,26,0,26,0,34,26,26,34,28,34,0,30,0,34;40,23,31,26,30,0,24,26,34,0,0,35,0,0,32,24,29,0,39,0,0,0,25,27,0,31,38,0,31,32;37,0,0,29,37,36,31,0,0,21,29,21,40,0,0,12,40,34,35,0,36,37,0,23,0,0,0,38,0,31;34,27,23,24,34,38,39,23,21,0,20,0,40,0,21,0,0,0,38,0,23,0,21,26,0,25,27,34,35,0;31,0,22,35,31,0,0,29,34,0,25,0,27,37,26,21,0,30,32,0,34,0,27,37,21,38,0,37,40,0;37,22,0,33,0,0,0,30,40,39,35,34,27,37,0,35,0,0,37,0,0,24,27,29,25,21,22,23,0,28;27,31,0,0,0,0,40,0,0,0,22,0,34,22,29,21,31,25,0,0,40,0,40,33,37,0,31,37,34,20;25,0,0,0,26,0,34,26,24,23,0,0,0,0,39,27,0,31,0,0,22,28,0,39,0,0,0,35,0,0;40,38,0,0,33,0,30,35,29,30,0,0,23,39,0,30,23,36,0,0,0,17,28,0,39,34,31,36,0,24;33,0,0,0,0,0,29,0,38,34,0,0,21,0,0,39,20,36,0,29,20,0,31,0,0,24,0,0,28,0;40,0,21,0,0,0,25,0,37,0,0,0,0,30,0,0,40,0,29,37,0,32,0,18,32,0,23,24,36,22;0,39,0,40,0,32,30,37,20,21,0,0,0,30,25,24,30,32,38,33,0,31,26,0,11,24,0,36,0,0;0,26,0,23,40,0,22,31,0,40,0,40,35,0,40,22,38,28,0,0,0,0,20,0,0,32,29,37,36,22;23,0,0,0,0,28,31,39,31,26,0,32,0,31,28,0,21,0,0,0,40,21,40,0,30,0,22,27,26,26;0,0,0,32,22,26,39,33,0,30,32,40,0,0,0,27,40,23,34,30,34,31,0,31,0,29,0,24,38,40;32,22,0,39,21,0,0,30,20,0,21,27,0,37,33,20,24,0,35,29,29,0,26,20,37,0,26,0,20,0;0,0,21,22,0,24,34,0,39,0,0,29,23,23,0,25,0,22,26,27,33,0,30,0,23,40,33,0,0,0;33,38,24,40,33,39,24,0,35,35,0,39,25,0,26,29,0,0,0,18,33,36,0,38,30,33,0,25,39,0
-64,26,0,0,11,0,0,27,-46,0,-18,0,0,29,0,0,0,0,11,0,0,0,0,0,0,0,25,0,-12,11
------------- End of Scenario k = 3 -------
0,29,0,51,0,29,0,53,48,79,31,62,23,0,0,0,0,0,0,0,0,45,0,0,0,66,0,0,0,0;69,0,80,0,20,0,0,62,29,55,27,73,0,57,0,0,79,64,0,60,0,69,0,38,70,52,0,0,31,78;41,39,0,0,0,47,23,0,22,68,0,75,56,0,0,58,71,61,62,67,59,0,76,80,0,34,43,75,60,0;0,0,0,0,55,67,0,0,67,23,75,0,68,63,0,0,44,0,46,0,26,0,67,0,0,73,68,0,58,0;40,0,74,80,0,0,51,48,77,74,0,0,0,69,0,55,0,68,0,0,73,0,0,22,0,0,0,0,0,74;47,25,0,22,0,0,62,28,37,20,0,30,0,22,63,32,0,53,58,0,79,55,27,34,41,74,0,33,41,0;79,79,0,25,0,36,0,0,0,77,47,51,0,67,0,0,0,31,79,46,55,35,47,54,67,0,0,0,43,63;0,59,42,0,0,60,44,0,0,0,57,0,39,54,48,0,23,0,78,0,28,0,0,24,40,64,74,34,23,0;25,54,64,0,0,34,58,22,0,0,37,33,0,0,0,57,77,0,57,38,0,77,0,52,32,0,37,51,35,57;0,68,28,0,52,73,0,45,80,0,34,0,0,0,70,0,0,0,0,66,77,0,0,0,32,38,67,34,0,62;0,72,0,20,0,75,0,70,46,44,0,38,0,29,0,80,0,0,0,0,0,0,47,0,0,56,0,47,0,79;70,62,60,37,0,0,0,0,0,37,60,0,0,76,0,0,26,36,0,44,27,26,0,0,47,0,65,21,80,0;80,80,0,0,45,0,52,0,80,51,73,0,0,0,80,43,31,0,78,0,75,37,60,41,59,43,0,73,0,76;80,30,77,50,58,0,67,55,61,0,0,49,0,0,80,74,67,0,37,0,0,0,38,37,0,51,38,0,79,69;28,0,0,28,76,40,79,0,0,46,40,58,40,0,0,55,52,61,68,0,66,58,0,52,0,0,0,40,0,63;39,23,64,27,34,54,48,75,23,0,49,0,25,0,41,0,0,0,22,0,51,0,38,63,0,57,23,62,80,0;24,0,43,80,39,0,0,80,72,0,80,0,28,39,28,79,0,57,31,0,61,0,69,51,35,76,0,32,56,0;80,34,0,42,0,0,0,43,59,59,40,23,58,79,0,65,0,0,23,0,0,30,35,32,51,45,45,59,0,61;78,62,0,0,0,0,62,0,0,0,59,0,80,50,50,75,22,31,0,0,71,0,31,40,49,0,64,52,48,64;31,0,0,0,58,0,69,31,65,79,0,0,0,0,45,78,0,31,0,0,64,63,0,56,0,0,0,25,0,0;57,61,0,0,54,0,26,40,76,53,0,0,40,54,0,46,39,66,0,0,0,80,56,0,74,49,67,49,0,36;73,0,0,0,0,0,37,0,55,50,0,0,35,0,0,40,29,42,0,71,72,0,80,0,0,53,0,0,29,0;55,0,51,0,0,0,37,0,26,0,0,0,0,46,0,0,66,0,46,40,0,31,0,80,72,0,49,73,21,53;0,46,0,41,0,31,24,52,80,73,0,0,0,72,36,32,78,62,53,64,0,38,29,0,80,63,0,70,0,0;0,61,0,61,66,0,55,78,0,72,0,35,77,0,42,23,49,47,0,0,0,0,44,0,0,21,68,67,25,65;70,0,0,0,0,20,36,59,74,57,0,75,0,70,57,0,79,0,0,0,78,50,21,0,71,0,64,28,73,41;0,0,0,61,53,58,70,50,0,43,70,35,0,0,0,68,80,75,33,64,60,33,0,62,0,43,0,44,32,55;32,68,0,73,79,0,0,52,76,0,66,25,0,80,41,44,58,0,20,42,68,0,41,39,37,0,80,0,29,0;0,0,26,55,0,70,30,0,32,0,0,62,22,20,0,35,0,67,55,71,27,0,34,0,62,49,74,0,0,0;26,76,70,44,30,42,33,0,34,22,0,38,25,0,47,53,0,0,0,43,20,30,0,74,60,48,0,22,69,0
0,26,0,34,0,29,0,28,33,22,40,31,30,0,0,0,0,0,0,0,0,24,0,0,0,37,0,0,0,0;34,0,37,0,32,0,0,20,28,29,25,26,0,27,0,0,21,31,0,26,0,38,0,35,33,38,0,0,27,28;30,33,0,0,0,38,20,0,23,22,0,30,35,0,0,27,40,20,32,26,35,0,22,32,0,40,33,23,27,0;0,0,0,0,20,18,0,0,21,26,25,0,36,20,0,0,23,0,36,0,23,0,34,0,0,21,39,0,26,0;40,0,36,40,0,0,39,36,37,31,0,0,0,20,0,37,0,21,0,0,21,0,0,40,0,0,0,0,0,22;13,36,0,35,0,0,36,39,32,22,0,24,0,37,28,26,0,26,31,0,35,22,32,37,20,38,0,33,14,0;37,21,0,23,0,40,0,0,0,30,35,40,0,33,0,0,0,37,34,22,37,40,28,37,37,0,0,0,23,35;0,22,40,0,0,36,36,0,0,0,23,0,39,23,35,0,31,0,38,0,20,0,0,35,24,28,26,24,38,0;29,40,34,0,0,29,25,33,0,0,22,35,0,0,0,36,26,0,38,21,0,26,0,27,31,0,32,34,28,38;0,30,27,0,38,20,0,35,40,0,32,0,0,0,29,0,0,0,0,23,23,0,0,0,35,37,32,32,0,40;0,23,0,32,0,31,0,32,36,23,0,30,0,35,0,34,0,0,0,0,0,0,32,0,0,40,0,36,0,40;26,27,30,29,0,0,0,0,0,20,39,0,0,28,0,0,33,36,0,36,39,21,0,0,29,0,34,37,34,0;38,33,0,0,35,0,30,0,18,21,36,0,0,0,35,38,30,0,36,0,22,25,37,25,38,31,0,23,0,35;30,38,37,31,33,0,38,24,25,0,0,30,0,0,26,37,24,0,27,0,0,0,20,28,0,39,38,0,39,27;31,0,0,25,21,28,38,0,0,39,20,22,40,0,0,16,31,36,29,0,32,24,0,32,0,0,0,35,0,27;23,37,34,20,31,25,39,21,34,0,28,0,33,0,29,0,0,0,27,0,20,0,28,37,0,30,24,20,23,0;28,0,40,37,28,0,0,30,20,0,22,0,21,33,34,20,0,31,26,0,40,0,25,36,36,38,0,37,27,0;23,26,0,40,0,0,0,25,24,33,25,31,29,21,0,21,0,0,25,0,0,39,28,27,31,25,25,20,0,31;38,32,0,0,0,0,40,0,0,0,31,0,37,27,30,29,28,36,0,0,23,0,23,22,33,0,36,35,30,34;29,0,0,0,37,0,27,32,38,30,0,0,0,0,29,34,0,21,0,0,23,35,0,28,0,0,0,30,0,0;33,22,0,0,24,0,29,40,22,35,0,0,32,25,0,22,28,28,0,0,0,28,26,0,37,31,28,23,0,37;35,0,0,0,0,0,27,0,26,26,0,0,31,0,0,24,38,21,0,40,38,0,26,0,0,21,0,0,37,0;33,0,22,0,0,0,35,0,23,0,0,0,0,25,0,0,36,0,23,35,0,33,0,34,27,0,29,32,32,21;0,36,0,22,0,29,31,29,29,32,0,0,0,38,37,40,23,34,30,34,0,36,20,0,24,20,0,33,0,0;0,29,0,28,40,0,33,34,0,33,0,35,40,0,30,39,33,31,0,0,0,0,31,0,0,32,33,33,22,30;36,0,0,0,0,36,24,31,26,24,0,38,0,23,23,0,33,0,0,0,26,24,23,0,30,0,36,37,31,20;0,0,0,35,27,29,20,27,0,38,40,34,0,0,0,24,40,26,39,23,32,20,0,29,0,37,0,37,30,21;20,25,0,38,22,0,0,37,29,0,39,20,0,26,37,23,40,0,24,37,27,0,23,22,23,0,26,0,31,0;0,0,36,24,0,22,30,0,28,0,0,30,20,23,0,32,0,36,33,29,33,0,23,0,20,20,26,0,0,0;37,23,32,24,38,25,30,0,27,27,0,26,23,0,28,32,0,0,0,35,23,26,0,36,26,23,0,20,32,0
-50,24,0,0,12,0,0,29,-62,0,-12,0,0,26,0,0,0,0,10,0,0,0,0,0,0,0,15,0,-15,23
------------- End of Scenario k = 4 -------
0,35,0,31,0,36,0,36,26,20,36,67,47,0,0,0,0,0,0,0,0,69,0,0,0,76,0,0,0,0;80,0,80,0,72,0,0,55,54,53,25,69,0,76,0,0,29,28,0,32,0,29,0,56,65,23,0,0,65,60;37,75,0,0,0,34,72,0,48,79,0,24,64,0,0,36,65,79,33,78,29,0,61,65,0,29,76,33,43,0;0,0,0,0,26,28,0,0,25,67,39,0,42,73,0,0,52,0,31,0,79,0,42,0,0,69,31,0,68,0;26,0,76,80,0,0,64,31,80,24,0,0,0,51,0,52,0,55,0,0,46,0,0,75,0,0,0,0,0,35;32,53,0,37,0,0,52,28,35,48,0,48,0,26,23,73,0,42,43,0,22,34,36,32,22,61,0,59,43,0;24,42,0,52,0,20,0,0,0,70,77,71,0,60,0,0,0,52,21,76,60,35,59,58,33,0,0,0,50,80;0,42,72,0,0,32,71,0,0,0,32,0,80,40,39,0,68,0,71,0,49,0,0,50,48,24,30,63,50,0;78,40,77,0,0,32,57,48,0,0,63,66,0,0,0,65,68,0,59,37,0,40,0,25,64,0,40,35,56,51;0,76,35,0,53,41,0,48,69,0,49,0,0,0,46,0,0,0,0,52,44,0,0,0,70,77,22,78,0,35;0,25,0,29,0,56,0,54,30,70,0,46,0,20,0,41,0,0,0,0,0,0,39,0,0,73,0,69,0,69;36,61,80,72,0,0,0,0,0,28,54,0,0,30,0,0,35,57,0,70,32,80,0,0,77,0,48,32,58,0;80,74,0,0,59,0,76,0,75,80,31,0,0,0,80,31,69,0,80,0,70,42,26,28,58,44,0,38,0,74;21,40,71,37,64,0,61,38,36,0,0,80,0,0,42,46,28,0,33,0,0,0,30,34,0,51,34,0,44,67;31,0,0,30,57,42,78,0,0,65,75,40,31,0,0,53,56,52,72,0,56,64,0,38,0,0,0,22,0,27;48,24,25,66,59,47,69,20,25,0,63,0,28,0,55,0,0,0,42,0,52,0,78,69,0,40,61,38,80,0;47,0,39,59,60,0,0,43,46,0,80,0,41,63,35,74,0,80,65,0,35,0,48,73,28,47,0,34,80,0;67,51,0,61,0,0,0,70,25,28,37,56,33,72,0,43,0,0,26,0,0,76,51,26,20,20,50,78,0,67;55,52,0,0,0,0,74,0,0,0,48,0,72,50,71,49,50,38,0,0,56,0,51,43,64,0,45,26,59,67;45,0,0,0,27,0,58,79,48,76,0,0,0,0,55,55,0,39,0,0,38,59,0,66,0,0,0,32,0,0;72,31,0,0,23,0,34,52,73,59,0,0,47,26,0,34,43,35,0,0,0,80,79,0,65,49,45,47,0,67;53,0,0,0,0,0,41,0,71,48,0,0,23,0,0,55,27,67,0,79,34,0,80,0,0,25,0,0,69,0;58,0,45,0,0,0,49,0,75,0,0,0,0,64,0,0,60,0,39,33,0,77,0,80,50,0,58,30,31,49;0,26,0,71,0,50,50,38,80,39,0,0,0,71,69,38,47,69,73,68,0,28,63,0,80,74,0,53,0,0;0,26,0,71,21,0,75,28,0,78,0,45,39,0,41,58,26,54,0,0,0,0,60,0,0,80,41,58,78,45;80,0,0,0,0,49,55,74,61,64,0,43,0,23,75,0,75,0,0,0,25,34,78,0,44,0,78,69,67,55;0,0,0,76,32,51,51,39,0,50,51,50,0,0,0,27,80,78,69,78,29,55,0,60,0,57,0,29,59,21;31,49,0,53,28,0,0,36,59,0,34,71,0,21,50,51,67,0,67,51,42,0,48,30,77,0,45,0,68,0;0,0,66,80,0,70,50,0,27,0,0,79,55,66,0,78,0,73,60,20,68,0,67,0,25,20,27,0,0,0;57,40,53,55,67,38,73,0,24,55,0,80,77,0,58,77,0,0,0,80,75,61,0,36,53,30,0,30,44,0
0,23,0,31,0,36,0,37,30,34,29,36,33,0,0,0,0,0,0,0,0,29,0,0,0,37,0,0,0,0;36,0,39,0,21,0,0,40,37,34,23,39,0,38,0,0,34,25,0,35,0,31,0,25,23,34,0,0,31,33;21,22,0,0,0,34,25,0,40,36,0,26,28,0,0,26,34,32,23,23,35,0,30,33,0,37,27,39,31,0;0,0,0,0,34,33,0,0,23,31,18,0,21,39,0,0,32,0,20,0,32,0,20,0,0,40,35,0,31,0;39,0,26,37,0,0,32,21,36,32,0,0,0,32,0,26,0,38,0,0,26,0,0,38,0,0,0,0,0,35;18,33,0,40,0,0,28,38,40,36,0,34,0,30,40,40,0,28,33,0,23,22,24,34,27,37,0,38,26,0;22,28,0,34,0,37,0,0,0,31,22,38,0,21,0,0,0,23,22,35,35,20,25,34,33,0,0,0,28,32;0,29,25,0,0,28,21,0,0,0,38,0,40,27,33,0,30,0,23,0,35,0,0,24,29,22,25,38,23,0;26,34,37,0,0,21,34,28,0,0,29,25,0,0,0,21,27,0,31,33,0,39,0,37,33,0,20,35,40,22;0,38,30,0,22,35,0,39,40,0,22,0,0,0,40,0,0,0,0,26,25,0,0,0,38,29,33,39,0,28;0,25,0,40,0,21,0,23,24,39,0,22,0,29,0,25,0,0,0,0,0,0,25,0,0,30,0,21,0,28;29,26,38,36,0,0,0,0,0,33,33,0,0,38,0,0,25,24,0,21,38,26,0,0,36,0,23,22,32,0;28,35,0,0,30,0,38,0,38,30,37,0,0,0,29,31,24,0,30,0,23,20,28,20,26,23,0,29,0,36;28,33,21,40,23,0,21,28,23,0,0,35,0,0,36,39,29,0,20,0,0,0,28,28,0,31,38,0,20,31;24,0,0,23,30,24,39,0,0,37,37,20,27,0,0,31,32,26,24,0,30,31,0,33,0,0,0,29,0,34;37,25,36,28,32,21,26,35,40,0,25,0,21,0,33,0,0,0,22,0,20,0,34,31,0,22,37,35,33,0;34,0,31,31,33,0,0,31,33,0,38,0,29,26,35,21,0,40,31,0,20,0,39,23,23,20,0,24,31,0;37,30,0,39,0,0,0,22,24,20,32,23,40,33,0,29,0,0,36,0,0,39,31,32,33,39,27,34,0,22;22,35,0,0,0,0,29,0,0,0,20,0,34,24,36,29,21,21,0,0,26,0,26,25,28,0,22,20,27,36;22,0,0,0,40,0,38,30,38,37,0,0,0,0,27,20,0,35,0,0,19,39,0,38,0,0,0,22,0,0;29,26,0,0,21,0,21,39,35,29,0,0,21,31,0,35,25,21,0,0,0,39,20,0,27,29,23,37,0,21;31,0,0,0,0,0,29,0,35,20,0,0,29,0,0,27,33,34,0,31,32,0,32,0,0,26,0,0,38,0;25,0,29,0,0,0,31,0,34,0,0,0,0,32,0,0,32,0,24,25,0,33,0,34,30,0,31,35,23,34;0,22,0,33,0,22,39,20,27,36,0,0,0,30,36,35,24,32,29,33,0,35,23,0,16,27,0,31,0,0;0,37,0,37,26,0,25,26,0,26,0,36,32,0,28,26,24,30,0,0,0,0,28,0,0,29,35,22,20,27;31,0,0,0,0,30,39,25,23,25,0,27,0,25,24,0,31,0,0,0,21,25,21,0,32,0,30,29,27,22;0,0,0,25,38,39,24,33,0,35,22,31,0,0,0,37,31,32,36,38,39,26,0,22,0,36,0,35,34,33;34,27,0,30,24,0,0,27,23,0,26,29,0,31,37,21,24,0,28,22,32,0,26,25,24,0,32,0,23,0;0,0,40,27,0,38,22,0,35,0,0,24,32,26,0,36,0,40,29,40,25,0,39,0,22,21,35,0,0,0;39,39,33,32,24,27,30,0,29,24,0,30,29,0,29,22,0,0,0,33,31,32,0,37,35,32,0,32,20,0
-35,19,0,0,17,0,0,21,-47,0,-19,0,0,28,0,0,0,0,27,0,0,0,0,0,0,0,30,0,-54,13
------------- End of Scenario k = 5 -------
0,71,0,31,0,46,0,20,21,46,47,60,63,0,0,0,0,0,0,0,0,71,0,0,0,71,0,0,0,0;80,0,80,0,56,0,0,44,47,73,40,79,0,76,0,0,73,46,0,34,0,64,0,65,51,25,0,0,42,73;41,51,0,0,0,79,50,0,72,80,0,74,71,0,0,37,72,55,62,79,59,0,74,45,0,29,55,31,78,0;0,0,0,0,40,63,0,0,70,64,73,0,51,57,0,0,25,0,67,0,28,0,52,0,0,45,20,0,36,0;78,0,57,80,0,0,48,64,73,70,0,0,0,53,0,65,0,39,0,0,43,0,0,55,0,0,0,0,0,56;23,67,0,69,0,0,37,25,38,49,0,70,0,32,62,42,0,44,39,0,57,31,75,64,80,47,0,25,21,0;52,44,0,24,0,35,0,0,0,22,59,28,0,39,0,0,0,46,62,53,62,41,30,33,44,0,0,0,31,73;0,79,80,0,0,63,31,0,0,0,29,0,57,38,51,0,22,0,53,0,47,0,0,75,53,58,53,74,64,0;48,75,71,0,0,79,36,26,0,0,57,41,0,0,0,62,41,0,63,79,0,54,0,21,53,0,26,27,51,69;0,80,54,0,33,34,0,54,80,0,35,0,0,0,24,0,0,0,0,30,36,0,0,0,58,79,60,80,0,21;0,21,0,63,0,34,0,76,72,51,0,77,0,62,0,36,0,0,0,0,0,0,64,0,0,50,0,73,0,31;32,31,36,78,0,0,0,0,0,77,80,0,0,65,0,0,43,73,0,78,54,48,0,0,66,0,37,62,67,0;80,69,0,0,46,0,29,0,71,21,28,0,0,0,72,76,77,0,79,0,57,34,33,63,71,41,0,63,0,67;63,69,72,74,78,0,56,24,34,0,0,67,0,0,54,80,52,0,67,0,0,0,27,65,0,50,55,0,51,21;67,0,0,28,57,30,49,0,0,29,72,48,58,0,0,80,26,70,75,0,76,79,0,31,0,0,0,22,0,48;44,59,30,42,59,29,70,29,67,0,80,0,42,0,32,0,0,0,20,0,52,0,26,41,0,72,26,57,35,0;65,0,46,27,35,0,0,51,76,0,80,0,71,64,35,72,0,46,66,0,31,0,32,39,38,36,0,29,37,0;80,74,0,51,0,0,0,49,33,72,57,28,64,66,0,59,0,0,39,0,0,54,33,23,24,40,80,41,0,56;80,73,0,0,0,0,20,0,0,0,72,0,68,38,64,32,68,60,0,0,39,0,21,45,39,0,67,44,53,48;77,0,0,0,48,0,62,54,67,55,0,0,0,0,52,62,0,24,0,0,80,39,0,46,0,0,0,74,0,0;73,20,0,0,26,0,63,77,40,34,0,0,62,62,0,64,50,44,0,0,0,48,37,0,51,41,30,72,0,55;47,0,0,0,0,0,70,0,42,67,0,0,66,0,0,79,51,22,0,49,63,0,74,0,0,29,0,0,23,0;43,0,29,0,0,0,38,0,69,0,0,0,0,32,0,0,38,0,76,20,0,64,0,76,24,0,27,43,78,25;0,37,0,21,0,80,48,25,54,51,0,0,0,46,20,38,58,26,77,77,0,59,73,0,80,52,0,21,0,0;0,77,0,38,35,0,43,65,0,54,0,56,31,0,60,77,76,60,0,0,0,0,39,0,0,77,29,46,40,21;49,0,0,0,0,52,78,26,38,25,0,61,0,64,22,0,24,0,0,0,61,35,71,0,67,0,29,80,66,43;0,0,0,58,26,58,68,73,0,45,79,36,0,0,0,72,80,36,45,70,58,72,0,65,0,55,0,76,80,21;25,75,0,64,41,0,0,62,24,0,23,77,0,52,64,22,68,0,59,67,25,0,29,59,46,0,53,0,27,0;0,0,70,27,0,74,39,0,39,0,0,33,56,61,0,38,0,78,57,42,74,0,67,0,56,28,59,0,0,0;30,48,70,59,61,31,37,0,36,64,0,40,27,0,51,36,0,0,0,80,70,60,0,77,33,25,0,36,51,0
0,26,0,22,0,32,0,27,34,23,30,33,38,0,0,0,0,0,0,0,0,24,0,0,0,26,0,0,0,0;34,0,38,0,40,0,0,39,25,26,23,22,0,20,0,0,26,29,0,27,0,37,0,23,31,29,0,0,38,27;36,23,0,0,0,34,25,0,36,24,0,27,36,0,0,24,30,39,28,34,31,0,24,27,0,27,28,26,32,0;0,0,0,0,29,26,0,0,26,36,29,0,35,32,0,0,22,0,29,0,24,0,38,0,0,22,20,0,33,0;24,0,24,23,0,0,27,36,39,22,0,0,0,25,0,32,0,21,0,0,36,0,0,21,0,0,0,0,0,21;25,31,0,34,0,0,32,35,25,35,0,33,0,33,36,40,0,30,27,0,23,24,26,36,29,32,0,36,19,0;34,26,0,25,0,31,0,0,0,40,28,33,0,20,0,0,0,28,32,25,20,26,32,28,31,0,0,0,28,23;0,36,27,0,0,20,26,0,0,0,33,0,26,40,37,0,29,0,33,0,25,0,0,20,30,30,22,25,40,0;35,32,37,0,0,34,27,29,0,0,26,27,0,0,0,27,22,0,29,22,0,30,0,40,24,0,24,26,23,25;0,34,40,0,27,25,0,28,33,0,21,0,0,0,31,0,0,0,0,30,33,0,0,0,37,20,39,35,0,31;0,20,0,24,0,30,0,38,38,24,0,28,0,30,0,29,0,0,0,0,0,0,33,0,0,24,0,23,0,27;21,34,35,32,0,0,0,0,0,21,31,0,0,22,0,0,23,32,0,36,32,32,0,0,36,0,30,35,24,0;31,33,0,0,25,0,21,0,37,24,21,0,0,0,36,32,34,0,20,0,20,39,23,24,38,22,0,24,0,22;36,22,40,22,38,0,28,31,31,0,0,37,0,0,39,36,40,0,29,0,0,0,32,30,0,27,36,0,21,29;40,0,0,34,35,26,34,0,0,30,32,34,23,0,0,33,22,25,27,0,21,38,0,20,0,0,0,39,0,25;24,31,36,27,35,25,26,23,26,0,27,0,39,0,40,0,0,0,29,0,33,0,28,37,0,40,24,40,22,0;38,0,35,29,27,0,0,20,37,0,23,0,33,24,35,22,0,32,39,0,37,0,24,32,32,28,0,40,32,0;21,37,0,28,0,0,0,34,31,29,23,26,31,25,0,33,0,0,26,0,0,22,33,24,29,35,31,23,0,34;33,36,0,0,0,0,40,0,0,0,39,0,32,33,38,20,24,29,0,0,22,0,39,29,30,0,40,22,39,37;21,0,0,0,33,0,22,20,40,33,0,0,0,0,23,27,0,34,0,0,31,37,0,23,0,0,0,37,0,0;24,39,0,0,33,0,36,23,22,37,0,0,29,24,0,35,34,31,0,0,0,24,25,0,35,20,31,23,0,32;30,0,0,0,0,0,36,0,38,32,0,0,29,0,0,26,38,30,0,29,40,0,32,0,0,21,0,0,35,0;33,0,28,0,0,0,40,0,39,0,0,0,0,22,0,0,27,0,38,33,0,26,0,19,34,0,25,39,35,33;0,32,0,34,0,37,31,37,24,30,0,0,0,32,38,31,21,33,40,21,0,34,22,0,36,30,0,27,0,0;0,25,0,34,28,0,23,36,0,38,0,24,31,0,34,36,25,21,0,0,0,0,28,0,0,36,32,27,37,25;38,0,0,0,0,32,28,24,27,29,0,40,0,21,27,0,28,0,0,0,40,22,23,0,40,0,24,38,33,35;0,0,0,22,36,24,30,38,0,22,25,22,0,0,0,21,29,29,24,32,29,31,0,39,0,20,0,31,28,39;28,27,0,27,40,0,0,34,34,0,26,22,0,31,39,37,29,0,20,20,22,0,28,35,20,0,37,0,21,0;0,0,30,21,0,28,24,0,35,0,0,22,25,35,0,34,0,36,24,33,37,0,27,0,25,21,37,0,0,0;35,21,27,29,37,37,22,0,31,29,0,34,28,0,26,33,0,0,0,37,21,31,0,31,27,28,0,30,33,0
-50,19,0,0,19,0,0,18,-48,0,-19,0,0,23,0,0,0,0,19,0,0,0,0,0,0,0,20,0,-19,18
------------- End of Scenario k = 6 -------
0,23,0,35,0,43,0,73,61,64,78,69,25,0,0,0,0,0,0,0,0,55,0,0,0,36,0,0,0,0;29,0,64,0,77,0,0,63,64,64,75,29,0,69,0,0,63,59,0,68,0,45,0,38,47,55,0,0,37,53;20,31,0,0,0,41,21,0,59,37,0,63,76,0,0,62,27,32,73,64,45,0,53,72,0,53,48,27,48,0;0,0,0,0,54,69,0,0,34,50,46,0,35,28,0,0,20,0,72,0,64,0,53,0,0,23,46,0,71,0;68,0,65,75,0,0,66,29,75,63,0,0,0,56,0,39,0,51,0,0,32,0,0,51,0,0,0,0,0,44;50,31,0,31,0,0,41,53,34,46,0,74,0,61,55,54,0,78,32,0,65,49,22,34,35,35,0,68,80,0;58,38,0,72,0,35,0,0,0,80,54,68,0,47,0,0,0,78,64,53,58,37,71,58,56,0,0,0,31,68;0,77,60,0,0,54,22,0,0,0,45,0,80,53,76,0,73,0,35,0,51,0,0,20,79,77,70,31,55,0;42,72,33,0,0,20,22,53,0,0,53,20,0,0,0,49,74,0,62,45,0,48,0,44,31,0,44,75,52,73;0,61,62,0,23,21,0,40,80,0,34,0,0,0,43,0,0,0,0,41,49,0,0,0,70,80,80,45,0,28;0,62,0,74,0,21,0,38,70,69,0,69,0,53,0,75,0,0,0,0,0,0,78,0,0,30,0,32,0,52;79,77,54,65,0,0,0,0,0,23,41,0,0,78,0,0,40,80,0,26,30,62,0,0,40,0,55,66,80,0;80,52,0,0,62,0,23,0,80,46,32,0,0,0,80,79,26,0,29,0,30,45,68,77,68,78,0,44,0,43;45,48,27,30,29,0,66,22,26,0,0,80,0,0,35,63,38,0,64,0,0,0,63,37,0,31,22,0,45,26;49,0,0,39,38,41,69,0,0,23,24,56,43,0,0,80,73,73,49,0,72,71,0,74,0,0,0,62,0,34;75,37,66,28,72,21,72,76,25,0,73,0,79,0,30,0,0,0,61,0,27,0,48,52,0,63,52,26,59,0;65,0,80,64,75,0,0,52,35,0,68,0,69,27,70,23,0,71,60,0,50,0,57,34,41,75,0,38,59,0;69,76,0,73,0,0,0,25,75,45,20,46,63,31,0,45,0,0,60,0,0,20,77,20,56,39,22,32,0,25;43,50,0,0,0,0,26,0,0,0,27,0,28,42,46,70,78,58,0,0,33,0,22,20,46,0,41,32,77,52;37,0,0,0,57,0,34,73,57,34,0,0,0,0,70,45,0,72,0,0,80,22,0,25,0,0,0,27,0,0;76,71,0,0,48,0,57,64,44,70,0,0,59,68,0,33,55,32,0,0,0,80,23,0,64,44,73,29,0,37;45,0,0,0,0,0,32,0,44,40,0,0,47,0,0,59,75,71,0,45,30,0,80,0,0,50,0,0,49,0;35,0,29,0,0,0,53,0,50,0,0,0,0,28,0,0,39,0,71,36,0,35,0,80,73,0,26,74,80,26;0,61,0,24,0,24,62,50,80,49,0,0,0,45,78,63,58,20,57,40,0,44,61,0,80,30,0,69,0,0;0,59,0,35,39,0,40,59,0,40,0,43,50,0,49,29,70,63,0,0,0,0,65,0,0,56,47,42,78,37;44,0,0,0,0,67,65,54,26,31,0,46,0,33,33,0,45,0,0,0,74,57,69,0,35,0,40,57,57,57;0,0,0,50,30,37,69,31,0,44,65,55,0,0,0,47,71,77,20,28,27,70,0,44,0,25,0,41,76,37;25,77,0,54,41,0,0,54,80,0,33,66,0,67,38,63,53,0,49,33,53,0,79,32,77,0,72,0,76,0;0,0,54,59,0,24,61,0,23,0,0,47,58,42,0,58,0,53,57,39,76,0,51,0,40,26,52,0,0,0;25,33,58,27,56,62,80,0,36,30,0,62,69,0,75,68,0,0,0,39,23,38,0,47,34,61,0,61,67,0
0,39,0,32,0,38,0,37,31,33,24,35,37,0,0,0,0,0,0,0,0,23,0,0,0,31,0,0,0,0;29,0,34,0,39,0,0,30,29,39,31,35,0,29,0,0,40,33,0,30,0,20,0,31,31,33,0,0,24,21;34,32,0,0,0,26,30,0,39,33,0,34,25,0,0,21,22,27,21,38,29,0,34,27,0,24,34,22,40,0;0,0,0,0,20,40,0,0,29,39,20,0,35,35,0,0,24,0,39,0,30,0,23,0,0,37,34,0,40,0;28,0,28,31,0,0,28,20,18,39,0,0,0,34,0,26,0,31,0,0,33,0,0,21,0,0,0,0,0,39;18,37,0,30,0,0,35,25,40,22,0,37,0,21,24,26,0,26,38,0,36,21,25,39,25,21,0,33,23,0;37,40,0,25,0,33,0,0,0,30,36,36,0,23,0,0,0,36,30,37,22,26,34,39,31,0,0,0,30,40;0,38,27,0,0,23,29,0,0,0,27,0,26,21,31,0,27,0,24,0,27,0,0,23,35,36,39,28,40,0;36,25,23,0,0,36,25,33,0,0,26,25,0,0,0,23,28,0,34,25,0,21,0,39,21,0,28,35,36,40;0,29,37,0,30,34,0,34,33,0,35,0,0,0,25,0,0,0,0,32,38,0,0,0,23,32,38,35,0,36;0,27,0,21,0,28,0,35,31,20,0,24,0,25,0,29,0,0,0,0,0,0,20,0,0,30,0,21,0,34;28,20,26,38,0,0,0,0,0,32,24,0,0,40,0,0,25,26,0,20,23,40,0,0,36,0,35,25,22,0;23,22,0,0,27,0,23,0,33,23,22,0,0,0,26,38,26,0,27,0,40,31,20,24,36,27,0,40,0,24;38,23,36,31,37,0,29,40,22,0,0,21,0,0,24,39,36,0,37,0,0,0,32,38,0,24,40,0,38,20;36,0,0,28,36,25,20,0,0,34,38,38,36,0,0,34,28,29,29,0,27,23,0,21,0,0,0,39,0,36;33,21,23,27,38,35,33,37,21,0,23,0,22,0,34,0,0,0,27,0,27,0,34,34,0,24,23,33,39,0;28,0,29,30,20,0,0,28,27,0,38,0,23,21,24,34,0,28,28,0,25,0,31,36,26,31,0,33,34,0;36,37,0,29,0,0,0,32,29,32,30,35,25,20,0,38,0,0,24,0,0,21,26,29,26,37,35,40,0,37;20,23,0,0,0,0,27,0,0,0,30,0,26,30,35,27,30,23,0,0,35,0,27,34,20,0,27,39,23,24;24,0,0,0,28,0,26,38,26,20,0,0,0,0,32,27,0,40,0,0,39,21,0,25,0,0,0,29,0,0;40,26,0,0,34,0,38,24,22,21,0,0,20,20,0,32,24,26,0,0,0,38,35,0,40,38,32,24,0,32;24,0,0,0,0,0,31,0,31,27,0,0,36,0,0,28,21,34,0,20,28,0,35,0,0,30,0,0,27,0;38,0,24,0,0,0,35,0,23,0,0,0,0,25,0,0,40,0,21,40,0,39,0,40,38,0,34,33,22,28;0,28,0,20,0,31,28,24,32,21,0,0,0,22,21,35,23,34,38,40,0,26,37,0,30,26,0,22,0,0;0,40,0,40,33,0,35,23,0,32,0,29,20,0,29,34,30,22,0,0,0,0,40,0,0,34,39,23,35,40;35,0,0,0,0,20,25,27,37,21,0,37,0,27,31,0,32,0,0,0,29,21,37,0,27,0,29,35,22,35;0,0,0,23,35,35,36,35,0,30,33,21,0,0,0,30,31,22,32,25,30,40,0,27,0,29,0,27,30,32;34,34,0,30,40,0,0,29,38,0,26,26,0,36,25,20,38,0,30,34,39,0,30,30,39,0,26,0,31,0;0,0,39,38,0,33,38,0,28,0,0,36,21,22,0,22,0,24,25,36,35,0,36,0,26,24,22,0,0,0;26,22,37,40,20,28,22,0,30,26,0,36,22,0,38,24,0,0,0,35,34,29,0,20,21,26,0,37,27,0
-72,18,0,0,15,0,0,12,-57,0,-5,0,0,20,0,0,0,0,21,0,0,0,0,0,0,0,28,0,-10,30
------------- End of Scenario k = 7 -------
0,78,0,79,0,54,0,52,25,31,26,53,61,0,0,0,0,0,0,0,0,67,0,0,0,78,0,0,0,0;80,0,80,0,34,0,0,71,49,56,72,48,0,34,0,0,42,76,0,24,0,63,0,65,47,39,0,0,68,52;79,20,0,0,0,72,30,0,23,71,0,65,64,0,0,73,48,76,53,76,28,0,27,56,0,56,21,44,43,0;0,0,0,0,64,80,0,0,70,66,31,0,56,58,0,0,72,0,34,0,79,0,63,0,0,55,39,0,53,0;79,0,56,46,0,0,76,31,70,43,0,0,0,79,0,49,0,54,0,0,76,0,0,33,0,0,0,0,0,62;50,79,0,39,0,0,30,52,27,60,0,65,0,59,68,55,0,73,21,0,33,60,64,43,29,31,0,73,80,0;51,35,0,45,0,30,0,0,0,80,58,29,0,64,0,0,0,64,72,38,61,70,30,20,72,0,0,0,26,70;0,31,24,0,0,24,53,0,0,0,73,0,39,37,33,0,49,0,29,0,32,0,0,38,24,67,33,66,23,0;46,74,33,0,0,60,52,37,0,0,26,25,0,0,0,49,41,0,77,77,0,26,0,68,37,0,46,79,55,72;0,42,33,0,21,46,0,65,80,0,47,0,0,0,22,0,0,0,0,60,25,0,0,0,36,39,53,50,0,36;0,74,0,56,0,52,0,32,20,72,0,48,0,57,0,24,0,0,0,0,0,0,36,0,0,53,0,63,0,33;74,62,41,23,0,0,0,0,0,69,65,0,0,47,0,0,24,21,0,34,59,50,0,0,36,0,46,25,80,0;80,21,0,0,69,0,48,0,51,72,29,0,0,0,59,30,39,0,25,0,26,33,69,63,32,49,0,70,0,76;80,52,39,21,79,0,35,54,63,0,0,80,0,0,37,58,56,0,20,0,0,0,52,60,0,58,43,0,45,73;46,0,0,70,79,25,75,0,0,71,36,72,26,0,0,80,26,45,63,0,80,80,0,28,0,0,0,31,0,60;68,63,47,33,58,79,29,53,70,0,51,0,44,0,57,0,0,0,54,0,56,0,28,68,0,20,21,44,80,0;53,0,24,57,48,0,0,40,72,0,80,0,28,49,66,34,0,80,23,0,45,0,31,39,69,66,0,79,80,0;75,61,0,26,0,0,0,65,70,63,70,20,42,26,0,39,0,0,40,0,0,25,61,63,23,37,38,78,0,46;67,49,0,0,0,0,46,0,0,0,66,0,80,80,48,40,49,28,0,0,35,0,34,21,64,0,56,45,79,69;63,0,0,0,31,0,53,50,76,68,0,0,0,0,74,50,0,23,0,0,53,66,0,37,0,0,0,46,0,0;59,79,0,0,49,0,68,30,76,63,0,0,51,53,0,76,74,76,0,0,0,80,28,0,35,41,26,73,0,70;34,0,0,0,0,0,49,0,49,21,0,0,54,0,0,40,77,53,0,30,80,0,80,0,0,78,0,0,54,0;54,0,58,0,0,0,20,0,31,0,0,0,0,77,0,0,64,0,22,33,0,44,0,80,77,0,40,20,67,55;0,54,0,34,0,78,23,64,80,32,0,0,0,70,64,55,50,43,38,22,0,80,54,0,80,56,0,74,0,0;0,57,0,34,22,0,29,60,0,28,0,40,72,0,61,70,77,30,0,0,0,0,73,0,0,80,50,25,28,51;71,0,0,0,0,56,51,77,46,57,0,46,0,65,75,0,74,0,0,0,44,58,49,0,51,0,28,52,41,30;0,0,0,23,74,75,55,46,0,50,48,62,0,0,0,46,80,35,46,21,36,51,0,60,0,53,0,27,43,31;72,31,0,67,26,0,0,30,63,0,36,31,0,25,44,32,26,0,34,61,40,0,58,30,46,0,68,0,57,0;0,0,45,37,0,35,65,0,46,0,0,23,63,67,0,34,0,43,78,77,37,0,41,0,56,49,34,0,0,0;22,52,50,23,23,66,44,0,74,47,0,36,30,0,73,25,0,0,0,80,72,40,0,46,52,66,0,78,67,0
0,20,0,35,0,30,0,22,38,31,26,20,37,0,0,0,0,0,0,0,0,38,0,0,0,21,0,0,0,0;17,0,16,0,22,0,0,40,38,27,23,34,0,24,0,0,20,40,0,30,0,39,0,38,25,21,0,0,28,28;37,38,0,0,0,23,37,0,36,37,0,20,20,0,0,38,24,38,26,31,27,0,39,38,0,26,29,34,39,0;0,0,0,0,25,30,0,0,23,26,32,0,25,28,0,0,25,0,22,0,38,0,27,0,0,20,27,0,30,0;35,0,22,40,0,0,35,38,31,27,0,0,0,32,0,21,0,25,0,0,20,0,0,28,0,0,0,0,0,34;38,27,0,24,0,0,34,30,20,27,0,22,0,22,29,37,0,28,35,0,34,27,31,22,26,36,0,20,39,0;28,30,0,29,0,22,0,0,0,39,37,33,0,31,0,0,0,35,29,35,34,36,29,36,22,0,0,0,29,25;0,21,20,0,0,25,35,0,0,0,28,0,26,20,30,0,35,0,20,0,28,0,0,36,31,25,27,40,28,0;30,32,24,0,0,21,33,21,0,0,27,31,0,0,0,34,36,0,36,40,0,35,0,27,35,0,21,28,33,36;0,36,38,0,39,30,0,35,36,0,20,0,0,0,30,0,0,0,0,33,27,0,0,0,37,21,26,26,0,22;0,28,0,32,0,33,0,35,25,33,0,37,0,30,0,39,0,0,0,0,0,0,23,0,0,40,0,39,0,21;31,36,24,40,0,0,0,0,0,27,31,0,0,38,0,0,36,21,0,34,35,32,0,0,32,0,28,38,37,0;25,31,0,0,26,0,24,0,40,24,31,0,0,0,26,34,24,0,34,0,31,37,39,30,38,27,0,32,0,38;26,22,36,25,36,0,32,28,39,0,0,40,0,0,24,35,34,0,40,0,0,0,26,29,0,34,36,0,22,33;35,0,0,31,25,26,30,0,0,33,39,24,30,0,0,25,23,29,21,0,22,36,0,25,0,0,0,36,0,40;32,27,27,34,20,21,28,38,34,0,27,0,39,0,32,0,0,0,35,0,29,0,34,37,0,34,25,20,36,0;26,0,22,24,31,0,0,29,22,0,33,0,31,35,30,24,0,26,20,0,32,0,27,23,35,23,0,40,36,0;20,31,0,36,0,0,0,20,38,33,35,34,24,34,0,21,0,0,28,0,0,26,25,34,24,24,24,25,0,34;40,38,0,0,0,0,33,0,0,0,36,0,31,33,37,32,26,29,0,0,24,0,22,20,39,0,33,22,20,38;26,0,0,0,30,0,23,27,40,40,0,0,0,0,30,40,0,40,0,0,31,27,0,29,0,0,0,26,0,0;20,34,0,0,33,0,26,40,29,20,0,0,28,35,0,40,39,30,0,0,0,21,25,0,27,28,33,31,0,35;40,0,0,0,0,0,32,0,27,33,0,0,35,0,0,26,29,27,0,27,25,0,24,0,0,30,0,0,23,0;24,0,33,0,0,0,34,0,37,0,0,0,0,38,0,0,35,0,23,39,0,26,0,31,21,0,33,33,34,34;0,39,0,32,0,24,37,29,27,34,0,0,0,30,20,28,22,40,39,40,0,39,34,0,30,25,0,34,0,0;0,40,0,32,32,0,30,26,0,26,0,34,27,0,32,32,32,29,0,0,0,0,26,0,0,26,34,36,30,21;40,0,0,0,0,33,27,20,31,30,0,26,0,25,35,0,30,0,0,0,35,28,29,0,31,0,22,26,34,32;0,0,0,34,36,25,40,21,0,37,24,38,0,0,0,28,32,25,26,40,28,28,0,23,0,35,0,20,34,30;28,22,0,37,38,0,0,26,23,0,24,37,0,39,20,27,38,0,28,23,20,0,23,38,40,0,28,0,33,0;0,0,39,24,0,31,28,0,27,0,0,39,22,38,0,32,0,25,38,40,38,0,23,0,27,32,38,0,0,0;39,24,34,22,31,39,40,0,39,37,0,35,22,0,22,29,0,0,0,36,37,20,0,32,38,21,0,33,33,0
-41,15,0,0,28,0,0,16,-45,0,-17,0,0,24,0,0,0,0,24,0,0,0,0,0,0,0,17,0,-40,19
------------- End of Scenario k = 8 -------
0,70,0,70,0,41,0,64,74,76,35,36,28,0,0,0,0,0,0,0,0,23,0,0,0,37,0,0,0,0;80,0,36,0,58,0,0,53,66,34,29,63,0,35,0,0,55,70,0,64,0,30,0,64,66,40,0,0,32,47;44,59,0,0,0,72,40,0,77,59,0,27,76,0,0,45,59,22,28,26,37,0,66,24,0,63,47,63,57,0;0,0,0,0,62,80,0,0,20,55,30,0,50,69,0,0,55,0,37,0,39,0,35,0,0,77,56,0,34,0;31,0,80,80,0,0,23,49,62,43,0,0,0,79,0,38,0,51,0,0,67,0,0,39,0,0,0,0,0,72;43,67,0,79,0,0,21,60,40,69,0,71,0,61,69,79,0,30,61,0,36,61,42,51,46,80,0,38,80,0;51,39,0,68,0,38,0,0,0,53,64,41,0,57,0,0,0,47,63,66,40,61,58,32,78,0,0,0,49,63;0,21,68,0,0,41,74,0,0,0,43,0,28,37,49,0,54,0,26,0,79,0,0,62,33,38,38,22,31,0;79,30,47,0,0,21,20,65,0,0,31,74,0,0,0,69,55,0,61,30,0,27,0,30,25,0,77,32,69,70;0,76,31,0,31,36,0,67,20,0,31,0,0,0,50,0,0,0,0,29,28,0,0,0,47,35,27,62,0,57;0,50,0,62,0,76,0,62,79,50,0,76,0,30,0,80,0,0,0,0,0,0,52,0,0,21,0,23,0,27;55,68,35,45,0,0,0,0,0,75,80,0,0,61,0,0,78,52,0,44,33,72,0,0,27,0,56,56,80,0;80,28,0,0,50,0,46,0,80,39,60,0,0,0,80,23,73,0,73,0,26,39,52,63,77,29,0,76,0,43;62,77,66,72,27,0,29,39,21,0,0,70,0,0,54,78,45,0,42,0,0,0,33,58,0,62,75,0,23,39;76,0,0,40,61,36,64,0,0,67,36,53,42,0,0,33,42,52,44,0,27,80,0,30,0,0,0,48,0,44;37,70,72,70,34,70,33,32,31,0,39,0,44,0,37,0,0,0,47,0,48,0,49,70,0,63,33,37,80,0;75,0,51,58,64,0,0,26,21,0,70,0,61,33,22,29,0,80,65,0,37,0,65,67,21,55,0,28,80,0;58,61,0,43,0,0,0,74,79,48,42,49,72,46,0,53,0,0,64,0,0,72,42,80,34,55,61,27,0,49;44,43,0,0,0,0,29,0,0,0,80,0,63,42,42,44,45,75,0,0,54,0,37,48,24,0,76,65,74,65;40,0,0,0,34,0,65,67,59,59,0,0,0,0,80,28,0,66,0,0,80,59,0,31,0,0,0,40,0,0;33,27,0,0,56,0,75,24,58,64,0,0,80,50,0,80,77,41,0,0,0,37,34,0,63,71,51,66,0,61;68,0,0,0,0,0,61,0,33,48,0,0,44,0,0,78,73,30,0,64,63,0,25,0,0,26,0,0,51,0;72,0,48,0,0,0,61,0,38,0,0,0,0,39,0,0,57,0,71,39,0,74,0,48,59,0,51,41,36,36;0,39,0,32,0,69,25,69,80,40,0,0,0,44,51,39,79,54,71,62,0,66,77,0,80,60,0,34,0,0;0,60,0,50,23,0,56,21,0,67,0,22,37,0,69,36,66,36,0,0,0,0,58,0,0,27,35,31,53,32;22,0,0,0,0,56,41,66,57,79,0,46,0,80,25,0,59,0,0,0,55,34,35,0,66,0,74,44,63,44;0,0,0,66,26,46,49,59,0,44,21,61,0,0,0,79,39,73,54,55,64,38,0,49,0,76,0,31,39,47;74,20,0,32,75,0,0,74,79,0,50,58,0,53,65,47,73,0,66,63,47,0,52,68,79,0,24,0,32,0;0,0,26,50,0,54,21,0,25,0,0,38,39,76,0,21,0,31,65,58,57,0,56,0,40,43,29,0,0,0;27,77,74,23,59,52,69,0,66,40,0,48,46,0,54,27,0,0,0,64,21,25,0,58,30,58,0,57,60,0
0,31,0,40,0,23,0,35,26,40,37,36,22,0,0,0,0,0,0,0,0,39,0,0,0,23,0,0,0,0;23,0,26,0,21,0,0,24,25,35,35,22,0,24,0,0,29,24,0,36,0,33,0,33,21,24,0,0,35,25;21,29,0,0,0,24,23,0,33,35,0,30,35,0,0,34,40,28,31,28,25,0,32,30,0,37,27,28,39,0;0,0,0,0,25,40,0,0,34,34,38,0,37,31,0,0,26,0,31,0,37,0,30,0,0,30,23,0,32,0;25,0,23,37,0,0,20,22,37,36,0,0,0,28,0,31,0,28,0,0,20,0,0,37,0,0,0,0,0,34;33,33,0,21,0,0,20,39,28,36,0,37,0,27,30,38,0,37,34,0,28,30,30,37,21,27,0,39,33,0;39,31,0,37,0,22,0,0,0,20,33,28,0,34,0,0,0,40,22,28,39,20,32,22,27,0,0,0,27,25;0,33,26,0,0,40,24,0,0,0,32,0,31,37,31,0,33,0,21,0,34,0,0,35,38,29,22,33,26,0;30,35,28,0,0,31,35,21,0,0,39,31,0,0,0,23,26,0,24,37,0,20,0,32,36,0,36,26,22,37;0,24,24,0,25,40,0,39,37,0,30,0,0,0,34,0,0,0,0,36,25,0,0,0,32,25,32,30,0,27;0,39,0,33,0,26,0,30,39,35,0,37,0,37,0,31,0,0,0,0,0,0,32,0,0,35,0,21,0,34;26,22,25,24,0,0,0,0,0,28,39,0,0,24,0,0,33,30,0,25,32,31,0,0,33,0,23,39,37,0;36,35,0,0,26,0,29,0,35,34,27,0,0,0,36,30,39,0,32,0,20,30,35,38,36,27,0,32,0,35;35,38,33,34,40,0,27,32,40,0,0,39,0,0,20,24,30,0,22,0,0,0,36,31,0,29,22,0,35,32;22,0,0,20,26,25,25,0,0,25,30,22,27,0,0,40,23,24,34,0,23,35,0,20,0,0,0,25,0,22;36,24,34,38,33,37,26,33,22,0,31,0,23,0,34,0,0,0,28,0,36,0,37,30,0,22,40,40,40,0;27,0,27,21,30,0,0,20,39,0,28,0,27,37,40,33,0,30,36,0,38,0,33,37,21,22,0,28,34,0;31,29,0,24,0,0,0,37,28,34,20,27,37,24,0,24,0,0,21,0,0,40,33,40,28,20,23,31,0,28;29,20,0,0,0,0,35,0,0,0,24,0,38,29,34,40,29,37,0,0,33,0,25,26,31,0,21,20,32,27;27,0,0,0,35,0,27,27,39,24,0,0,0,0,20,30,0,23,0,0,16,38,0,27,0,0,0,32,0,0;27,26,0,0,29,0,22,21,32,22,0,0,30,30,0,28,29,32,0,0,0,29,39,0,29,31,28,28,0,40;31,0,0,0,0,0,22,0,34,20,0,0,32,0,0,39,39,33,0,26,34,0,25,0,0,38,0,0,21,0;21,0,28,0,0,0,37,0,35,0,0,0,0,39,0,0,32,0,36,34,0,40,0,34,20,0,33,31,35,24;0,24,0,24,0,40,31,39,33,21,0,0,0,30,24,22,25,36,23,28,0,40,33,0,33,25,0,39,0,0;0,25,0,36,20,0,22,30,0,37,0,26,33,0,36,36,22,21,0,0,0,0,39,0,0,21,29,32,23,37;36,0,0,0,0,20,25,30,32,35,0,33,0,23,27,0,23,0,0,0,30,25,22,0,34,0,23,23,34,34;0,0,0,31,30,37,26,27,0,24,29,32,0,0,0,30,33,29,30,33,30,23,0,26,0,34,0,25,40,40;24,39,0,28,33,0,0,29,34,0,34,33,0,28,20,26,23,0,28,37,39,0,25,31,24,0,24,0,28,0;0,0,26,30,0,39,26,0,23,0,0,25,35,31,0,23,0,31,33,32,29,0,35,0,30,22,23,0,0,0;24,34,24,27,20,39,23,0,31,20,0,22,25,0,40,33,0,0,0,38,27,24,0,22,26,31,0,24,40,0
-55,13,0,0,26,0,0,17,-38,0,-29,0,0,18,0,0,0,0,27,0,0,0,0,0,0,0,22,0,-12,11
------------- End of Scenario k = 9 -------
