/ -------------------------------------------------------------------------
An instance of the stochastic Fixed - charge Network Flow Problem using NETGEN.
/ -------------------------------------------------------------------------
Number of Nodes (no Dummy node is added), n
Graph Density, density
The fixed cost to variable cost ratio, f
Adjacency Matrix, A
Fixed Cost Matrix, c
Number of scenarios, K
Scenario Probabilities, p
----The following three rows will be repeated K times.----
Var Cost Matrix, d
Capacity, u
demand, b
/ -------------------------------------------------------------------------
+
10
0.3
200
0,0,0,1,0,0,1,0,0,0;0,0,1,1,0,1,0,0,0,0;1,1,0,0,1,1,0,0,0,0;1,0,0,0,0,0,0,1,0,0;1,0,0,0,0,1,0,0,0,0;0,1,0,1,0,0,0,0,0,0;0,0,0,1,0,0,0,0,0,1;1,0,1,0,0,0,1,0,1,0;0,0,0,0,1,0,1,1,0,1;1,0,0,0,0,0,0,0,1,0
0,0,0,11660,0,0,10460,0,0,0;0,0,14250,9930,0,9900,0,0,0,0;11160,8830,0,0,11720,10140,0,0,0,0;10240,0,0,0,0,0,0,12390,0,0;12990,0,0,0,0,11820,0,0,0,0;0,10380,0,9180,0,0,0,0,0,0;0,0,0,10490,0,0,0,0,0,9950;11680,0,9320,0,0,0,10050,0,12030,0;0,0,0,0,11640,0,9320,10500,0,12930;10960,0,0,0,0,0,0,0,10420,0
20
0.1,0.02,0.02,0.02,0.17,0.05,0.02,0.1,0.02,0.05,0.1,0.02,0.07,0.02,0.02,0.02,0.02,0.05,0.02,0.09
--Scenarios--
0,0,0,26,0,0,59,0,0,0;0,0,75,61,0,66,0,0,0,0;37,28,0,0,63,38,0,0,0,0;72,0,0,0,0,0,0,64,0,0;40,0,0,0,0,26,0,0,0,0;0,48,0,44,0,0,0,0,0,0;0,0,0,69,0,0,0,0,0,75;80,0,29,0,0,0,37,0,35,0;0,0,0,0,46,0,62,61,0,80;49,0,0,0,0,0,0,0,67,0
0,0,0,37,0,0,26,0,0,0;0,0,34,29,0,35,0,0,0,0;34,28,0,0,35,33,0,0,0,0;35,0,0,0,0,0,0,36,0,0;31,0,0,0,0,21,0,0,0,0;0,25,0,35,0,0,0,0,0,0;0,0,0,40,0,0,0,0,0,34;39,0,21,0,0,0,40,0,29,0;0,0,0,0,32,0,28,40,0,27;27,0,0,0,0,0,0,0,25,0
-34,13,0,21,0,0,0,0,0,0
------------- End of Scenario k = 0 -------
0,0,0,46,0,0,33,0,0,0;0,0,35,56,0,49,0,0,0,0;76,34,0,0,80,36,0,0,0,0;23,0,0,0,0,0,0,80,0,0;49,0,0,0,0,23,0,0,0,0;0,53,0,51,0,0,0,0,0,0;0,0,0,78,0,0,0,0,0,25;41,0,33,0,0,0,67,0,80,0;0,0,0,0,44,0,69,47,0,59;72,0,0,0,0,0,0,0,69,0
0,0,0,39,0,0,28,0,0,0;0,0,34,35,0,27,0,0,0,0;28,29,0,0,29,27,0,0,0,0;22,0,0,0,0,0,0,32,0,0;39,0,0,0,0,36,0,0,0,0;0,39,0,30,0,0,0,0,0,0;0,0,0,32,0,0,0,0,0,24;38,0,27,0,0,0,33,0,34,0;0,0,0,0,34,0,36,34,0,29;37,0,0,0,0,0,0,0,37,0
-47,20,0,27,0,0,0,0,0,0
------------- End of Scenario k = 1 -------
0,0,0,75,0,0,37,0,0,0;0,0,64,59,0,43,0,0,0,0;33,45,0,0,80,56,0,0,0,0;76,0,0,0,0,0,0,80,0,0;80,0,0,0,0,65,0,0,0,0;0,75,0,72,0,0,0,0,0,0;0,0,0,35,0,0,0,0,0,65;41,0,27,0,0,0,72,0,40,0;0,0,0,0,68,0,37,71,0,80;37,0,0,0,0,0,0,0,47,0
0,0,0,38,0,0,38,0,0,0;0,0,37,23,0,35,0,0,0,0;37,23,0,0,39,37,0,0,0,0;31,0,0,0,0,0,0,31,0,0;32,0,0,0,0,37,0,0,0,0;0,26,0,28,0,0,0,0,0,0;0,0,0,22,0,0,0,0,0,31;33,0,30,0,0,0,33,0,29,0;0,0,0,0,34,0,39,36,0,27;31,0,0,0,0,0,0,0,25,0
-48,26,0,22,0,0,0,0,0,0
------------- End of Scenario k = 2 -------
0,0,0,68,0,0,54,0,0,0;0,0,80,55,0,30,0,0,0,0;79,68,0,0,45,78,0,0,0,0;23,0,0,0,0,0,0,31,0,0;80,0,0,0,0,80,0,0,0,0;0,32,0,49,0,0,0,0,0,0;0,0,0,57,0,0,0,0,0,63;61,0,41,0,0,0,27,0,37,0;0,0,0,0,64,0,20,75,0,80;67,0,0,0,0,0,0,0,68,0
0,0,0,30,0,0,33,0,0,0;0,0,30,27,0,25,0,0,0,0;26,31,0,0,40,37,0,0,0,0;39,0,0,0,0,0,0,23,0,0;40,0,0,0,0,36,0,0,0,0;0,27,0,32,0,0,0,0,0,0;0,0,0,31,0,0,0,0,0,37;32,0,34,0,0,0,37,0,22,0;0,0,0,0,26,0,35,31,0,24;28,0,0,0,0,0,0,0,24,0
-50,29,0,21,0,0,0,0,0,0
------------- End of Scenario k = 3 -------
0,0,0,77,0,0,65,0,0,0;0,0,80,69,0,43,0,0,0,0;74,77,0,0,80,36,0,0,0,0;50,0,0,0,0,0,0,63,0,0;80,0,0,0,0,80,0,0,0,0;0,42,0,30,0,0,0,0,0,0;0,0,0,30,0,0,0,0,0,30;50,0,53,0,0,0,49,0,68,0;0,0,0,0,63,0,45,47,0,20;67,0,0,0,0,0,0,0,63,0
0,0,0,28,0,0,37,0,0,0;0,0,18,28,0,30,0,0,0,0;37,33,0,0,34,28,0,0,0,0;28,0,0,0,0,0,0,35,0,0;39,0,0,0,0,32,0,0,0,0;0,30,0,29,0,0,0,0,0,0;0,0,0,27,0,0,0,0,0,34;35,0,32,0,0,0,20,0,33,0;0,0,0,0,32,0,27,25,0,35;29,0,0,0,0,0,0,0,30,0
-46,17,0,29,0,0,0,0,0,0
------------- End of Scenario k = 4 -------
0,0,0,65,0,0,46,0,0,0;0,0,80,29,0,61,0,0,0,0;77,49,0,0,39,27,0,0,0,0;61,0,0,0,0,0,0,39,0,0;80,0,0,0,0,67,0,0,0,0;0,59,0,21,0,0,0,0,0,0;0,0,0,33,0,0,0,0,0,27;80,0,76,0,0,0,36,0,67,0;0,0,0,0,77,0,46,63,0,80;29,0,0,0,0,0,0,0,25,0
0,0,0,29,0,0,36,0,0,0;0,0,34,22,0,35,0,0,0,0;36,32,0,0,24,23,0,0,0,0;22,0,0,0,0,0,0,40,0,0;22,0,0,0,0,40,0,0,0,0;0,27,0,27,0,0,0,0,0,0;0,0,0,22,0,0,0,0,0,35;26,0,23,0,0,0,28,0,25,0;0,0,0,0,37,0,32,33,0,27;21,0,0,0,0,0,0,0,36,0
-37,20,0,17,0,0,0,0,0,0
------------- End of Scenario k = 5 -------
0,0,0,77,0,0,26,0,0,0;0,0,78,25,0,55,0,0,0,0;33,27,0,0,34,65,0,0,0,0;62,0,0,0,0,0,0,80,0,0;23,0,0,0,0,23,0,0,0,0;0,54,0,54,0,0,0,0,0,0;0,0,0,63,0,0,0,0,0,27;69,0,43,0,0,0,36,0,80,0;0,0,0,0,76,0,39,25,0,55;75,0,0,0,0,0,0,0,42,0
0,0,0,39,0,0,38,0,0,0;0,0,32,30,0,39,0,0,0,0;32,34,0,0,26,26,0,0,0,0;20,0,0,0,0,0,0,34,0,0;33,0,0,0,0,39,0,0,0,0;0,36,0,28,0,0,0,0,0,0;0,0,0,26,0,0,0,0,0,26;35,0,30,0,0,0,34,0,29,0;0,0,0,0,21,0,28,39,0,32;26,0,0,0,0,0,0,0,37,0
-51,26,0,25,0,0,0,0,0,0
------------- End of Scenario k = 6 -------
0,0,0,28,0,0,47,0,0,0;0,0,80,55,0,64,0,0,0,0;67,34,0,0,80,41,0,0,0,0;42,0,0,0,0,0,0,80,0,0;46,0,0,0,0,47,0,0,0,0;0,58,0,71,0,0,0,0,0,0;0,0,0,45,0,0,0,0,0,42;65,0,24,0,0,0,59,0,80,0;0,0,0,0,73,0,55,50,0,72;65,0,0,0,0,0,0,0,33,0
0,0,0,21,0,0,22,0,0,0;0,0,24,39,0,30,0,0,0,0;30,29,0,0,26,21,0,0,0,0;21,0,0,0,0,0,0,22,0,0;28,0,0,0,0,36,0,0,0,0;0,35,0,32,0,0,0,0,0,0;0,0,0,31,0,0,0,0,0,26;26,0,23,0,0,0,27,0,19,0;0,0,0,0,21,0,27,35,0,29;32,0,0,0,0,0,0,0,22,0
-39,20,0,19,0,0,0,0,0,0
------------- End of Scenario k = 7 -------
0,0,0,47,0,0,71,0,0,0;0,0,80,23,0,49,0,0,0,0;21,32,0,0,59,67,0,0,0,0;53,0,0,0,0,0,0,57,0,0;80,0,0,0,0,80,0,0,0,0;0,45,0,46,0,0,0,0,0,0;0,0,0,75,0,0,0,0,0,72;80,0,55,0,0,0,75,0,21,0;0,0,0,0,29,0,45,43,0,80;63,0,0,0,0,0,0,0,44,0
0,0,0,24,0,0,24,0,0,0;0,0,30,24,0,29,0,0,0,0;24,29,0,0,39,40,0,0,0,0;34,0,0,0,0,0,0,35,0,0;24,0,0,0,0,40,0,0,0,0;0,24,0,26,0,0,0,0,0,0;0,0,0,23,0,0,0,0,0,29;13,0,33,0,0,0,31,0,18,0;0,0,0,0,21,0,20,22,0,37;28,0,0,0,0,0,0,0,40,0
-29,19,0,10,0,0,0,0,0,0
------------- End of Scenario k = 8 -------
0,0,0,74,0,0,66,0,0,0;0,0,50,68,0,27,0,0,0,0;53,45,0,0,80,30,0,0,0,0;39,0,0,0,0,0,0,62,0,0;80,0,0,0,0,46,0,0,0,0;0,29,0,69,0,0,0,0,0,0;0,0,0,40,0,0,0,0,0,75;49,0,44,0,0,0,67,0,73,0;0,0,0,0,36,0,31,53,0,41;48,0,0,0,0,0,0,0,63,0
0,0,0,31,0,0,38,0,0,0;0,0,34,29,0,27,0,0,0,0;20,31,0,0,38,38,0,0,0,0;30,0,0,0,0,0,0,29,0,0;31,0,0,0,0,29,0,0,0,0;0,20,0,39,0,0,0,0,0,0;0,0,0,25,0,0,0,0,0,32;20,0,27,0,0,0,28,0,22,0;0,0,0,0,29,0,23,30,0,33;21,0,0,0,0,0,0,0,36,0
-45,29,0,16,0,0,0,0,0,0
------------- End of Scenario k = 9 -------
0,0,0,46,0,0,49,0,0,0;0,0,80,49,0,72,0,0,0,0;79,29,0,0,52,67,0,0,0,0;62,0,0,0,0,0,0,79,0,0;80,0,0,0,0,79,0,0,0,0;0,55,0,27,0,0,0,0,0,0;0,0,0,54,0,0,0,0,0,70;80,0,43,0,0,0,25,0,80,0;0,0,0,0,59,0,55,66,0,38;77,0,0,0,0,0,0,0,57,0
0,0,0,24,0,0,27,0,0,0;0,0,32,26,0,27,0,0,0,0;29,35,0,0,40,33,0,0,0,0;22,0,0,0,0,0,0,30,0,0;38,0,0,0,0,39,0,0,0,0;0,37,0,26,0,0,0,0,0,0;0,0,0,37,0,0,0,0,0,23;40,0,29,0,0,0,38,0,30,0;0,0,0,0,32,0,29,39,0,38;25,0,0,0,0,0,0,0,26,0
-59,30,0,29,0,0,0,0,0,0
------------- End of Scenario k = 10 -------
0,0,0,73,0,0,77,0,0,0;0,0,37,61,0,59,0,0,0,0;22,63,0,0,53,21,0,0,0,0;72,0,0,0,0,0,0,58,0,0;80,0,0,0,0,45,0,0,0,0;0,65,0,65,0,0,0,0,0,0;0,0,0,63,0,0,0,0,0,34;20,0,56,0,0,0,80,0,80,0;0,0,0,0,75,0,42,46,0,80;62,0,0,0,0,0,0,0,57,0
0,0,0,21,0,0,30,0,0,0;0,0,24,32,0,27,0,0,0,0;31,40,0,0,29,29,0,0,0,0;27,0,0,0,0,0,0,40,0,0;15,0,0,0,0,37,0,0,0,0;0,27,0,31,0,0,0,0,0,0;0,0,0,40,0,0,0,0,0,40;21,0,26,0,0,0,37,0,33,0;0,0,0,0,33,0,21,22,0,28;29,0,0,0,0,0,0,0,36,0
-32,11,0,21,0,0,0,0,0,0
------------- End of Scenario k = 11 -------
0,0,0,57,0,0,46,0,0,0;0,0,80,27,0,20,0,0,0,0;76,45,0,0,24,51,0,0,0,0;58,0,0,0,0,0,0,80,0,0;78,0,0,0,0,80,0,0,0,0;0,72,0,53,0,0,0,0,0,0;0,0,0,66,0,0,0,0,0,66;27,0,22,0,0,0,66,0,80,0;0,0,0,0,66,0,63,47,0,80;59,0,0,0,0,0,0,0,54,0
0,0,0,24,0,0,34,0,0,0;0,0,18,38,0,34,0,0,0,0;30,34,0,0,21,20,0,0,0,0;38,0,0,0,0,0,0,28,0,0;13,0,0,0,0,21,0,0,0,0;0,32,0,36,0,0,0,0,0,0;0,0,0,39,0,0,0,0,0,32;22,0,30,0,0,0,36,0,31,0;0,0,0,0,27,0,24,30,0,32;27,0,0,0,0,0,0,0,38,0
-33,11,0,22,0,0,0,0,0,0
------------- End of Scenario k = 12 -------
0,0,0,50,0,0,54,0,0,0;0,0,47,70,0,70,0,0,0,0;44,53,0,0,42,62,0,0,0,0;29,0,0,0,0,0,0,47,0,0;80,0,0,0,0,71,0,0,0,0;0,61,0,27,0,0,0,0,0,0;0,0,0,57,0,0,0,0,0,50;31,0,45,0,0,0,47,0,30,0;0,0,0,0,52,0,50,53,0,80;33,0,0,0,0,0,0,0,44,0
0,0,0,25,0,0,34,0,0,0;0,0,36,25,0,32,0,0,0,0;35,23,0,0,37,30,0,0,0,0;30,0,0,0,0,0,0,35,0,0;28,0,0,0,0,40,0,0,0,0;0,29,0,35,0,0,0,0,0,0;0,0,0,36,0,0,0,0,0,34;37,0,25,0,0,0,38,0,27,0;0,0,0,0,34,0,28,28,0,29;21,0,0,0,0,0,0,0,20,0
-53,28,0,25,0,0,0,0,0,0
------------- End of Scenario k = 13 -------
0,0,0,73,0,0,68,0,0,0;0,0,80,28,0,29,0,0,0,0;59,68,0,0,45,23,0,0,0,0;20,0,0,0,0,0,0,80,0,0;80,0,0,0,0,22,0,0,0,0;0,76,0,64,0,0,0,0,0,0;0,0,0,43,0,0,0,0,0,33;40,0,65,0,0,0,65,0,80,0;0,0,0,0,34,0,60,67,0,58;22,0,0,0,0,0,0,0,24,0
0,0,0,32,0,0,38,0,0,0;0,0,26,38,0,26,0,0,0,0;31,23,0,0,39,28,0,0,0,0;29,0,0,0,0,0,0,32,0,0;29,0,0,0,0,33,0,0,0,0;0,33,0,20,0,0,0,0,0,0;0,0,0,28,0,0,0,0,0,24;21,0,32,0,0,0,37,0,34,0;0,0,0,0,39,0,27,24,0,35;37,0,0,0,0,0,0,0,22,0
-45,24,0,21,0,0,0,0,0,0
------------- End of Scenario k = 14 -------
0,0,0,50,0,0,76,0,0,0;0,0,80,28,0,21,0,0,0,0;33,44,0,0,73,74,0,0,0,0;64,0,0,0,0,0,0,27,0,0;80,0,0,0,0,80,0,0,0,0;0,37,0,22,0,0,0,0,0,0;0,0,0,40,0,0,0,0,0,57;34,0,80,0,0,0,21,0,64,0;0,0,0,0,75,0,43,44,0,22;66,0,0,0,0,0,0,0,67,0
0,0,0,39,0,0,25,0,0,0;0,0,21,23,0,33,0,0,0,0;30,26,0,0,29,39,0,0,0,0;26,0,0,0,0,0,0,32,0,0;23,0,0,0,0,11,0,0,0,0;0,34,0,31,0,0,0,0,0,0;0,0,0,33,0,0,0,0,0,20;28,0,36,0,0,0,26,0,18,0;0,0,0,0,34,0,29,32,0,25;22,0,0,0,0,0,0,0,34,0
-27,10,0,17,0,0,0,0,0,0
------------- End of Scenario k = 15 -------
0,0,0,57,0,0,52,0,0,0;0,0,80,53,0,50,0,0,0,0;63,26,0,0,26,37,0,0,0,0;71,0,0,0,0,0,0,24,0,0;80,0,0,0,0,68,0,0,0,0;0,76,0,22,0,0,0,0,0,0;0,0,0,25,0,0,0,0,0,20;80,0,41,0,0,0,37,0,23,0;0,0,0,0,70,0,57,31,0,80;40,0,0,0,0,0,0,0,34,0
0,0,0,22,0,0,31,0,0,0;0,0,11,30,0,34,0,0,0,0;34,30,0,0,35,26,0,0,0,0;25,0,0,0,0,0,0,32,0,0;40,0,0,0,0,29,0,0,0,0;0,35,0,26,0,0,0,0,0,0;0,0,0,38,0,0,0,0,0,32;35,0,26,0,0,0,20,0,40,0;0,0,0,0,40,0,32,25,0,37;39,0,0,0,0,0,0,0,34,0
-31,11,0,20,0,0,0,0,0,0
------------- End of Scenario k = 16 -------
0,0,0,38,0,0,60,0,0,0;0,0,80,63,0,58,0,0,0,0;39,28,0,0,80,46,0,0,0,0;57,0,0,0,0,0,0,48,0,0;37,0,0,0,0,80,0,0,0,0;0,23,0,39,0,0,0,0,0,0;0,0,0,80,0,0,0,0,0,20;80,0,47,0,0,0,44,0,26,0;0,0,0,0,36,0,36,49,0,80;79,0,0,0,0,0,0,0,66,0
0,0,0,34,0,0,24,0,0,0;0,0,29,22,0,32,0,0,0,0;26,33,0,0,19,37,0,0,0,0;29,0,0,0,0,0,0,25,0,0;40,0,0,0,0,22,0,0,0,0;0,20,0,37,0,0,0,0,0,0;0,0,0,33,0,0,0,0,0,31;33,0,21,0,0,0,32,0,29,0;0,0,0,0,28,0,29,33,0,23;24,0,0,0,0,0,0,0,27,0
-33,12,0,21,0,0,0,0,0,0
------------- End of Scenario k = 17 -------
0,0,0,75,0,0,38,0,0,0;0,0,80,58,0,78,0,0,0,0;79,58,0,0,80,79,0,0,0,0;30,0,0,0,0,0,0,80,0,0;20,0,0,0,0,40,0,0,0,0;0,53,0,48,0,0,0,0,0,0;0,0,0,25,0,0,0,0,0,65;80,0,41,0,0,0,59,0,80,0;0,0,0,0,64,0,36,64,0,56;31,0,0,0,0,0,0,0,79,0
0,0,0,27,0,0,37,0,0,0;0,0,27,20,0,33,0,0,0,0;38,25,0,0,30,31,0,0,0,0;34,0,0,0,0,0,0,33,0,0;27,0,0,0,0,29,0,0,0,0;0,31,0,40,0,0,0,0,0,0;0,0,0,22,0,0,0,0,0,28;27,0,38,0,0,0,23,0,27,0;0,0,0,0,29,0,33,29,0,38;35,0,0,0,0,0,0,0,23,0
-45,26,0,19,0,0,0,0,0,0
------------- End of Scenario k = 18 -------
0,0,0,64,0,0,22,0,0,0;0,0,79,56,0,46,0,0,0,0;72,30,0,0,57,80,0,0,0,0;60,0,0,0,0,0,0,80,0,0;46,0,0,0,0,80,0,0,0,0;0,25,0,44,0,0,0,0,0,0;0,0,0,71,0,0,0,0,0,79;80,0,67,0,0,0,36,0,79,0;0,0,0,0,57,0,41,48,0,72;55,0,0,0,0,0,0,0,39,0
0,0,0,21,0,0,33,0,0,0;0,0,38,40,0,26,0,0,0,0;24,26,0,0,39,21,0,0,0,0;20,0,0,0,0,0,0,26,0,0;32,0,0,0,0,30,0,0,0,0;0,38,0,20,0,0,0,0,0,0;0,0,0,28,0,0,0,0,0,39;37,0,27,0,0,0,31,0,40,0;0,0,0,0,37,0,29,34,0,11;22,0,0,0,0,0,0,0,37,0
-40,30,0,10,0,0,0,0,0,0
------------- End of Scenario k = 19 -------
