/ -------------------------------------------------------------------------
An instance of the stochastic Fixed - charge Network Flow Problem using NETGEN.
/ -------------------------------------------------------------------------
Number of Nodes (no Dummy node is added), n
Graph Density, density
The fixed cost to variable cost ratio, f
Adjacency Matrix, A
Fixed Cost Matrix, c
Number of scenarios, K
Scenario Probabilities, p
----The following three rows will be repeated K times.----
Var Cost Matrix, d
Capacity, u
demand, b
/ -------------------------------------------------------------------------
+
10
0.3
200
0,0,0,0,0,0,1,0,1,0;0,0,1,1,1,0,0,0,0,0;0,0,0,1,0,1,0,0,0,0;0,0,0,0,1,0,0,1,0,0;0,0,1,0,0,0,0,1,0,0;0,0,0,0,0,0,0,0,0,0;0,0,0,0,0,1,0,1,1,1;1,1,0,1,0,0,1,0,0,0;1,0,0,0,0,1,1,1,0,0;0,0,0,1,1,0,0,1,1,0
0,0,0,0,0,0,11130,0,9400,0;0,0,12250,9620,9720,0,0,0,0,0;0,0,0,12890,0,12650,0,0,0,0;0,0,0,0,12570,0,0,11960,0,0;0,0,10510,0,0,0,0,8470,0,0;0,0,0,0,0,0,0,0,0,0;0,0,0,0,0,9810,0,10200,13410,10870;10770,10090,0,9640,0,0,9200,0,0,0;14540,0,0,0,0,13010,10290,13480,0,0;0,0,0,8870,11210,0,0,8600,10890,0
20
0.05,0.12,0.05,0.05,0.02,0.02,0.02,0.02,0.1,0.05,0.02,0.02,0.05,0.02,0.05,0.07,0.07,0.02,0.07,0.11
--Scenarios--
0,0,0,0,0,0,52,0,26,0;0,0,80,54,54,0,0,0,0,0;0,0,0,80,0,37,0,0,0,0;0,0,0,0,41,0,0,34,0,0;0,0,39,0,0,0,0,46,0,0;0,0,0,0,0,0,0,0,0,0;0,0,0,0,0,33,0,51,80,58;80,49,0,33,0,0,73,0,0,0;80,0,0,0,0,45,43,80,0,0;0,0,0,26,72,0,0,26,53,0
0,0,0,0,0,0,32,0,28,0;0,0,35,29,24,0,0,0,0,0;0,0,0,32,0,38,0,0,0,0;0,0,0,0,35,0,0,35,0,0;0,0,35,0,0,0,0,32,0,0;0,0,0,0,0,0,0,0,0,0;0,0,0,0,0,33,0,32,28,28;36,20,0,33,0,0,35,0,0,0;29,0,0,0,0,28,32,28,0,0;0,0,0,39,29,0,0,26,39,0
-7,29,0,0,0,-28,16,-8,0,-2
------------- End of Scenario k = 0 -------
0,0,0,0,0,0,53,0,23,0;0,0,47,78,33,0,0,0,0,0;0,0,0,80,0,55,0,0,0,0;0,0,0,0,80,0,0,64,0,0;0,0,69,0,0,0,0,63,0,0;0,0,0,0,0,0,0,0,0,0;0,0,0,0,0,29,0,49,80,54;33,22,0,41,0,0,29,0,0,0;32,0,0,0,0,80,42,20,0,0;0,0,0,28,45,0,0,24,27,0
0,0,0,0,0,0,36,0,38,0;0,0,38,31,34,0,0,0,0,0;0,0,0,24,0,25,0,0,0,0;0,0,0,0,40,0,0,27,0,0;0,0,38,0,0,0,0,36,0,0;0,0,0,0,0,0,0,0,0,0;0,0,0,0,0,37,0,25,25,40;31,32,0,32,0,0,29,0,0,0;29,0,0,0,0,33,30,37,0,0;0,0,0,23,23,0,0,26,38,0
-3,23,0,0,0,-15,24,-27,0,-2
------------- End of Scenario k = 1 -------
0,0,0,0,0,0,75,0,71,0;0,0,59,48,22,0,0,0,0,0;0,0,0,62,0,28,0,0,0,0;0,0,0,0,63,0,0,80,0,0;0,0,73,0,0,0,0,27,0,0;0,0,0,0,0,0,0,0,0,0;0,0,0,0,0,67,0,32,80,36;73,21,0,21,0,0,39,0,0,0;80,0,0,0,0,20,70,26,0,0;0,0,0,39,49,0,0,37,36,0
0,0,0,0,0,0,26,0,30,0;0,0,32,35,30,0,0,0,0,0;0,0,0,32,0,33,0,0,0,0;0,0,0,0,38,0,0,30,0,0;0,0,25,0,0,0,0,20,0,0;0,0,0,0,0,0,0,0,0,0;0,0,0,0,0,22,0,40,17,15;38,31,0,22,0,0,39,0,0,0;30,0,0,0,0,27,20,39,0,0;0,0,0,34,26,0,0,35,33,0
0,30,0,0,0,-15,14,-21,0,-8
------------- End of Scenario k = 2 -------
0,0,0,0,0,0,56,0,38,0;0,0,80,45,27,0,0,0,0,0;0,0,0,37,0,56,0,0,0,0;0,0,0,0,80,0,0,80,0,0;0,0,43,0,0,0,0,76,0,0;0,0,0,0,0,0,0,0,0,0;0,0,0,0,0,30,0,28,73,80;55,68,0,43,0,0,42,0,0,0;80,0,0,0,0,48,37,54,0,0;0,0,0,33,79,0,0,65,77,0
0,0,0,0,0,0,21,0,22,0;0,0,20,25,34,0,0,0,0,0;0,0,0,38,0,15,0,0,0,0;0,0,0,0,31,0,0,25,0,0;0,0,27,0,0,0,0,32,0,0;0,0,0,0,0,0,0,0,0,0;0,0,0,0,0,29,0,24,18,19;39,40,0,38,0,0,38,0,0,0;25,0,0,0,0,35,20,18,0,0;0,0,0,36,26,0,0,23,31,0
-1,14,0,0,0,-10,11,-13,0,-1
------------- End of Scenario k = 3 -------
0,0,0,0,0,0,37,0,58,0;0,0,76,56,71,0,0,0,0,0;0,0,0,63,0,80,0,0,0,0;0,0,0,0,57,0,0,80,0,0;0,0,44,0,0,0,0,69,0,0;0,0,0,0,0,0,0,0,0,0;0,0,0,0,0,56,0,70,80,76;48,58,0,79,0,0,28,0,0,0;80,0,0,0,0,44,61,72,0,0;0,0,0,44,53,0,0,80,79,0
0,0,0,0,0,0,32,0,34,0;0,0,28,39,34,0,0,0,0,0;0,0,0,40,0,23,0,0,0,0;0,0,0,0,30,0,0,36,0,0;0,0,25,0,0,0,0,27,0,0;0,0,0,0,0,0,0,0,0,0;0,0,0,0,0,34,0,24,31,34;31,37,0,23,0,0,31,0,0,0;37,0,0,0,0,25,20,34,0,0;0,0,0,28,39,0,0,35,38,0
-5,21,0,0,0,-14,25,-25,0,-2
------------- End of Scenario k = 4 -------
0,0,0,0,0,0,71,0,28,0;0,0,28,51,69,0,0,0,0,0;0,0,0,34,0,80,0,0,0,0;0,0,0,0,61,0,0,61,0,0;0,0,27,0,0,0,0,63,0,0;0,0,0,0,0,0,0,0,0,0;0,0,0,0,0,73,0,49,80,78;36,31,0,53,0,0,72,0,0,0;53,0,0,0,0,80,48,80,0,0;0,0,0,44,43,0,0,49,52,0
0,0,0,0,0,0,32,0,22,0;0,0,38,28,28,0,0,0,0,0;0,0,0,33,0,28,0,0,0,0;0,0,0,0,23,0,0,32,0,0;0,0,31,0,0,0,0,21,0,0;0,0,0,0,0,0,0,0,0,0;0,0,0,0,0,28,0,39,40,36;39,23,0,25,0,0,26,0,0,0;28,0,0,0,0,39,40,23,0,0;0,0,0,28,23,0,0,38,33,0
-1,14,0,0,0,-8,23,-23,0,-5
------------- End of Scenario k = 5 -------
0,0,0,0,0,0,53,0,22,0;0,0,80,28,34,0,0,0,0,0;0,0,0,80,0,49,0,0,0,0;0,0,0,0,64,0,0,79,0,0;0,0,76,0,0,0,0,24,0,0;0,0,0,0,0,0,0,0,0,0;0,0,0,0,0,31,0,28,39,47;42,31,0,38,0,0,70,0,0,0;80,0,0,0,0,80,65,80,0,0;0,0,0,26,70,0,0,30,68,0
0,0,0,0,0,0,25,0,26,0;0,0,34,27,33,0,0,0,0,0;0,0,0,31,0,23,0,0,0,0;0,0,0,0,29,0,0,25,0,0;0,0,38,0,0,0,0,22,0,0;0,0,0,0,0,0,0,0,0,0;0,0,0,0,0,37,0,23,25,30;33,31,0,31,0,0,25,0,0,0;22,0,0,0,0,21,37,33,0,0;0,0,0,20,27,0,0,35,27,0
-5,16,0,0,0,-3,14,-19,0,-3
------------- End of Scenario k = 6 -------
0,0,0,0,0,0,61,0,62,0;0,0,40,56,55,0,0,0,0,0;0,0,0,80,0,80,0,0,0,0;0,0,0,0,80,0,0,40,0,0;0,0,55,0,0,0,0,30,0,0;0,0,0,0,0,0,0,0,0,0;0,0,0,0,0,49,0,26,34,24;31,79,0,44,0,0,29,0,0,0;80,0,0,0,0,80,74,74,0,0;0,0,0,64,66,0,0,22,78,0
0,0,0,0,0,0,26,0,26,0;0,0,32,40,26,0,0,0,0,0;0,0,0,20,0,21,0,0,0,0;0,0,0,0,26,0,0,21,0,0;0,0,25,0,0,0,0,33,0,0;0,0,0,0,0,0,0,0,0,0;0,0,0,0,0,35,0,29,29,14;32,25,0,24,0,0,21,0,0,0;11,0,0,0,0,22,37,21,0,0;0,0,0,27,27,0,0,36,24,0
0,12,0,0,0,-3,10,-18,0,-1
------------- End of Scenario k = 7 -------
0,0,0,0,0,0,40,0,28,0;0,0,80,33,50,0,0,0,0,0;0,0,0,80,0,80,0,0,0,0;0,0,0,0,64,0,0,43,0,0;0,0,69,0,0,0,0,61,0,0;0,0,0,0,0,0,0,0,0,0;0,0,0,0,0,33,0,67,80,29;77,55,0,43,0,0,21,0,0,0;52,0,0,0,0,25,74,80,0,0;0,0,0,68,28,0,0,75,53,0
0,0,0,0,0,0,22,0,34,0;0,0,30,38,20,0,0,0,0,0;0,0,0,32,0,31,0,0,0,0;0,0,0,0,37,0,0,40,0,0;0,0,38,0,0,0,0,21,0,0;0,0,0,0,0,0,0,0,0,0;0,0,0,0,0,32,0,37,32,29;22,29,0,34,0,0,26,0,0,0;31,0,0,0,0,26,32,38,0,0;0,0,0,33,40,0,0,34,37,0
-8,15,0,0,0,-11,26,-14,0,-8
------------- End of Scenario k = 8 -------
0,0,0,0,0,0,72,0,64,0;0,0,80,53,25,0,0,0,0,0;0,0,0,28,0,80,0,0,0,0;0,0,0,0,80,0,0,39,0,0;0,0,55,0,0,0,0,30,0,0;0,0,0,0,0,0,0,0,0,0;0,0,0,0,0,34,0,69,43,52;79,43,0,74,0,0,79,0,0,0;80,0,0,0,0,80,21,52,0,0;0,0,0,72,44,0,0,35,27,0
0,0,0,0,0,0,31,0,28,0;0,0,33,39,26,0,0,0,0,0;0,0,0,26,0,28,0,0,0,0;0,0,0,0,27,0,0,29,0,0;0,0,25,0,0,0,0,30,0,0;0,0,0,0,0,0,0,0,0,0;0,0,0,0,0,38,0,35,34,39;23,40,0,35,0,0,36,0,0,0;39,0,0,0,0,34,33,38,0,0;0,0,0,30,31,0,0,22,35,0
0,25,0,0,0,-11,22,-27,0,-9
------------- End of Scenario k = 9 -------
0,0,0,0,0,0,66,0,49,0;0,0,46,33,25,0,0,0,0,0;0,0,0,80,0,79,0,0,0,0;0,0,0,0,33,0,0,80,0,0;0,0,65,0,0,0,0,28,0,0;0,0,0,0,0,0,0,0,0,0;0,0,0,0,0,64,0,65,80,78;46,66,0,22,0,0,32,0,0,0;80,0,0,0,0,80,29,80,0,0;0,0,0,48,45,0,0,25,20,0
0,0,0,0,0,0,31,0,22,0;0,0,12,28,26,0,0,0,0,0;0,0,0,31,0,22,0,0,0,0;0,0,0,0,38,0,0,23,0,0;0,0,38,0,0,0,0,37,0,0;0,0,0,0,0,0,0,0,0,0;0,0,0,0,0,21,0,33,14,25;31,33,0,39,0,0,32,0,0,0;30,0,0,0,0,31,39,23,0,0;0,0,0,35,21,0,0,39,33,0
0,12,0,0,0,-11,14,-12,0,-3
------------- End of Scenario k = 10 -------
0,0,0,0,0,0,48,0,60,0;0,0,80,44,78,0,0,0,0,0;0,0,0,48,0,26,0,0,0,0;0,0,0,0,80,0,0,80,0,0;0,0,79,0,0,0,0,30,0,0;0,0,0,0,0,0,0,0,0,0;0,0,0,0,0,39,0,51,80,36;72,67,0,32,0,0,55,0,0,0;80,0,0,0,0,71,43,80,0,0;0,0,0,35,33,0,0,54,22,0
0,0,0,0,0,0,39,0,34,0;0,0,39,20,37,0,0,0,0,0;0,0,0,29,0,36,0,0,0,0;0,0,0,0,34,0,0,32,0,0;0,0,33,0,0,0,0,38,0,0;0,0,0,0,0,0,0,0,0,0;0,0,0,0,0,23,0,34,31,28;27,28,0,37,0,0,40,0,0,0;36,0,0,0,0,25,30,28,0,0;0,0,0,29,38,0,0,38,24,0
0,27,0,0,0,-20,25,-26,0,-6
------------- End of Scenario k = 11 -------
0,0,0,0,0,0,47,0,79,0;0,0,27,74,49,0,0,0,0,0;0,0,0,80,0,71,0,0,0,0;0,0,0,0,80,0,0,21,0,0;0,0,79,0,0,0,0,59,0,0;0,0,0,0,0,0,0,0,0,0;0,0,0,0,0,45,0,63,80,80;37,55,0,75,0,0,28,0,0,0;80,0,0,0,0,58,74,80,0,0;0,0,0,63,66,0,0,33,61,0
0,0,0,0,0,0,38,0,22,0;0,0,29,30,30,0,0,0,0,0;0,0,0,40,0,31,0,0,0,0;0,0,0,0,36,0,0,39,0,0;0,0,25,0,0,0,0,26,0,0;0,0,0,0,0,0,0,0,0,0;0,0,0,0,0,25,0,21,32,30;23,40,0,28,0,0,38,0,0,0;24,0,0,0,0,30,39,18,0,0;0,0,0,38,37,0,0,23,20,0
-5,29,0,0,0,-18,13,-18,0,-1
------------- End of Scenario k = 12 -------
0,0,0,0,0,0,39,0,74,0;0,0,78,43,71,0,0,0,0,0;0,0,0,53,0,52,0,0,0,0;0,0,0,0,35,0,0,80,0,0;0,0,51,0,0,0,0,71,0,0;0,0,0,0,0,0,0,0,0,0;0,0,0,0,0,65,0,45,41,80;63,56,0,36,0,0,73,0,0,0;80,0,0,0,0,80,38,36,0,0;0,0,0,37,45,0,0,43,53,0
0,0,0,0,0,0,21,0,34,0;0,0,11,34,20,0,0,0,0,0;0,0,0,14,0,38,0,0,0,0;0,0,0,0,30,0,0,31,0,0;0,0,38,0,0,0,0,39,0,0;0,0,0,0,0,0,0,0,0,0;0,0,0,0,0,36,0,39,28,40;34,28,0,20,0,0,23,0,0,0;31,0,0,0,0,37,24,35,0,0;0,0,0,39,36,0,0,22,20,0
-8,11,0,0,0,-14,26,-14,0,-1
------------- End of Scenario k = 13 -------
0,0,0,0,0,0,77,0,45,0;0,0,80,51,65,0,0,0,0,0;0,0,0,80,0,26,0,0,0,0;0,0,0,0,80,0,0,80,0,0;0,0,27,0,0,0,0,27,0,0;0,0,0,0,0,0,0,0,0,0;0,0,0,0,0,79,0,71,80,45;55,77,0,44,0,0,51,0,0,0;55,0,0,0,0,80,53,69,0,0;0,0,0,37,67,0,0,68,39,0
0,0,0,0,0,0,30,0,20,0;0,0,30,36,25,0,0,0,0,0;0,0,0,18,0,27,0,0,0,0;0,0,0,0,15,0,0,38,0,0;0,0,35,0,0,0,0,26,0,0;0,0,0,0,0,0,0,0,0,0;0,0,0,0,0,24,0,31,29,37;28,31,0,38,0,0,30,0,0,0;31,0,0,0,0,38,21,40,0,0;0,0,0,37,37,0,0,20,33,0
-3,14,0,0,0,-13,28,-18,0,-8
------------- End of Scenario k = 14 -------
0,0,0,0,0,0,70,0,65,0;0,0,80,41,37,0,0,0,0,0;0,0,0,80,0,69,0,0,0,0;0,0,0,0,80,0,0,20,0,0;0,0,30,0,0,0,0,42,0,0;0,0,0,0,0,0,0,0,0,0;0,0,0,0,0,57,0,33,80,31;64,69,0,66,0,0,38,0,0,0;80,0,0,0,0,66,36,80,0,0;0,0,0,40,45,0,0,22,55,0
0,0,0,0,0,0,30,0,20,0;0,0,26,22,25,0,0,0,0,0;0,0,0,22,0,22,0,0,0,0;0,0,0,0,11,0,0,27,0,0;0,0,34,0,0,0,0,34,0,0;0,0,0,0,0,0,0,0,0,0;0,0,0,0,0,29,0,37,39,32;27,20,0,23,0,0,35,0,0,0;31,0,0,0,0,38,30,28,0,0;0,0,0,32,37,0,0,25,33,0
-15,11,0,0,0,-11,28,-5,0,-8
------------- End of Scenario k = 15 -------
0,0,0,0,0,0,60,0,21,0;0,0,55,27,24,0,0,0,0,0;0,0,0,21,0,80,0,0,0,0;0,0,0,0,45,0,0,80,0,0;0,0,28,0,0,0,0,32,0,0;0,0,0,0,0,0,0,0,0,0;0,0,0,0,0,38,0,80,80,64;40,20,0,53,0,0,70,0,0,0;80,0,0,0,0,80,49,65,0,0;0,0,0,68,76,0,0,21,78,0
0,0,0,0,0,0,34,0,21,0;0,0,37,30,40,0,0,0,0,0;0,0,0,22,0,35,0,0,0,0;0,0,0,0,19,0,0,23,0,0;0,0,23,0,0,0,0,38,0,0;0,0,0,0,0,0,0,0,0,0;0,0,0,0,0,35,0,23,39,32;34,31,0,24,0,0,40,0,0,0;39,0,0,0,0,29,36,35,0,0;0,0,0,39,27,0,0,26,28,0
-4,17,0,0,0,-5,29,-35,0,-2
------------- End of Scenario k = 16 -------
0,0,0,0,0,0,52,0,65,0;0,0,31,30,57,0,0,0,0,0;0,0,0,80,0,77,0,0,0,0;0,0,0,0,32,0,0,30,0,0;0,0,23,0,0,0,0,20,0,0;0,0,0,0,0,0,0,0,0,0;0,0,0,0,0,20,0,23,22,31;25,72,0,51,0,0,37,0,0,0;80,0,0,0,0,80,40,80,0,0;0,0,0,39,46,0,0,74,53,0
0,0,0,0,0,0,38,0,35,0;0,0,37,31,23,0,0,0,0,0;0,0,0,38,0,38,0,0,0,0;0,0,0,0,33,0,0,24,0,0;0,0,20,0,0,0,0,30,0,0;0,0,0,0,0,0,0,0,0,0;0,0,0,0,0,33,0,36,19,29;40,37,0,30,0,0,22,0,0,0;30,0,0,0,0,29,20,27,0,0;0,0,0,30,36,0,0,20,20,0
-3,16,0,0,0,-9,18,-18,0,-4
------------- End of Scenario k = 17 -------
0,0,0,0,0,0,22,0,26,0;0,0,29,56,66,0,0,0,0,0;0,0,0,80,0,80,0,0,0,0;0,0,0,0,80,0,0,68,0,0;0,0,66,0,0,0,0,20,0,0;0,0,0,0,0,0,0,0,0,0;0,0,0,0,0,72,0,72,49,80;42,48,0,68,0,0,32,0,0,0;80,0,0,0,0,80,74,80,0,0;0,0,0,56,79,0,0,38,78,0
0,0,0,0,0,0,39,0,28,0;0,0,31,22,30,0,0,0,0,0;0,0,0,29,0,33,0,0,0,0;0,0,0,0,38,0,0,32,0,0;0,0,20,0,0,0,0,27,0,0;0,0,0,0,0,0,0,0,0,0;0,0,0,0,0,29,0,32,34,35;24,27,0,29,0,0,32,0,0,0;35,0,0,0,0,35,26,33,0,0;0,0,0,38,26,0,0,23,23,0
0,13,0,0,0,-11,27,-23,0,-6
------------- End of Scenario k = 18 -------
0,0,0,0,0,0,62,0,36,0;0,0,69,61,60,0,0,0,0,0;0,0,0,63,0,80,0,0,0,0;0,0,0,0,42,0,0,57,0,0;0,0,53,0,0,0,0,29,0,0;0,0,0,0,0,0,0,0,0,0;0,0,0,0,0,67,0,48,80,28;79,22,0,48,0,0,22,0,0,0;62,0,0,0,0,44,58,80,0,0;0,0,0,20,70,0,0,39,80,0
0,0,0,0,0,0,36,0,29,0;0,0,11,38,24,0,0,0,0,0;0,0,0,38,0,32,0,0,0,0;0,0,0,0,40,0,0,40,0,0;0,0,38,0,0,0,0,20,0,0;0,0,0,0,0,0,0,0,0,0;0,0,0,0,0,22,0,29,33,35;32,30,0,21,0,0,35,0,0,0;35,0,0,0,0,33,29,36,0,0;0,0,0,28,33,0,0,26,24,0
-4,10,0,0,0,-26,30,-5,0,-5
------------- End of Scenario k = 19 -------
