/ -------------------------------------------------------------------------
An instance of the stochastic Fixed - charge Network Flow Problem using NETGEN.
/ -------------------------------------------------------------------------
Number of Nodes (no Dummy node is added), n
Graph Density, density
The fixed cost to variable cost ratio, f
Adjacency Matrix, A
Fixed Cost Matrix, c
Number of scenarios, K
Scenario Probabilities, p
----The following three rows will be repeated K times.----
Var Cost Matrix, d
Capacity, u
demand, b
/ -------------------------------------------------------------------------
+
10
0.6
200
0,1,0,1,1,0,1,0,0,0;0,0,1,1,1,1,0,1,1,1;1,0,0,1,1,1,0,1,0,0;1,0,1,0,1,1,1,0,1,0;0,0,1,0,0,0,1,1,1,1;0,0,1,1,0,0,0,0,0,1;1,1,1,1,1,1,0,0,0,1;1,0,1,1,1,1,1,0,1,1;1,0,1,1,0,0,0,0,0,0;0,1,1,0,1,1,1,1,0,0
0,9260,0,11020,11270,0,11130,0,0,0;0,0,13169,8730,10250,10970,0,8570,10560,10850;12810,0,0,9100,10370,9880,0,9680,0,0;12410,0,8920,0,13119,10660,10570,0,10230,0;0,0,10080,0,0,0,9250,9690,11870,10200;0,0,10040,10250,0,0,0,0,0,7940;12530,10200,9450,10160,9300,12390,0,0,0,9100;13160,0,10670,10240,10270,10800,9890,0,13200,11370;11570,0,9860,10870,0,0,0,0,0,0;0,10490,9770,0,11080,9740,10710,13480,0,0
20
0.12,0.02,0.1,0.02,0.02,0.02,0.02,0.02,0.05,0.05,0.05,0.02,0.02,0.07,0.12,0.02,0.02,0.05,0.07,0.12
--Scenarios--
0,36,0,28,72,0,38,0,0,0;0,0,24,32,53,31,0,34,40,52;57,0,0,32,52,23,0,23,0,0;80,0,40,0,80,76,33,0,54,0;0,0,36,0,0,0,75,21,79,40;0,0,72,39,0,0,0,0,0,23;80,23,57,61,31,80,0,0,0,60;42,0,22,52,27,64,41,0,80,62;23,0,32,79,0,0,0,0,0,0;0,33,28,0,33,20,21,80,0,0
0,23,0,34,34,0,30,0,0,0;0,0,33,24,20,36,0,26,38,40;34,0,0,31,27,37,0,26,0,0;25,0,23,0,29,38,24,0,21,0;0,0,34,0,0,0,29,27,22,20;0,0,25,24,0,0,0,0,0,20;25,20,30,23,40,37,0,0,0,39;28,0,23,22,32,35,22,0,40,21;35,0,37,27,0,0,0,0,0,0;0,33,32,0,33,23,22,36,0,0
-70,13,0,19,0,0,11,0,0,27
------------- End of Scenario k = 0 -------
0,77,0,45,73,0,31,0,0,0;0,0,80,32,24,79,0,63,49,61;80,0,0,45,74,36,0,29,0,0;40,0,48,0,30,48,57,0,55,0;0,0,38,0,0,0,49,54,49,77;0,0,31,45,0,0,0,0,0,70;28,80,78,46,61,57,0,0,0,39;56,0,42,46,60,22,71,0,80,43;77,0,59,72,0,0,0,0,0,0;0,62,23,0,35,29,54,80,0,0
0,32,0,23,38,0,21,0,0,0;0,0,35,20,38,36,0,26,33,29;27,0,0,30,25,35,0,29,0,0;29,0,32,0,27,34,23,0,31,0;0,0,21,0,0,0,22,40,29,34;0,0,22,27,0,0,0,0,0,39;28,30,23,20,35,18,0,0,0,21;37,0,23,36,26,20,20,0,31,27;25,0,24,21,0,0,0,0,0,0;0,32,32,0,21,35,24,36,0,0
-76,15,0,15,0,0,16,0,0,30
------------- End of Scenario k = 1 -------
0,55,0,57,38,0,70,0,0,0;0,0,35,74,36,49,0,60,62,52;59,0,0,21,20,48,0,58,0,0;45,0,67,0,80,78,80,0,42,0;0,0,58,0,0,0,48,37,79,30;0,0,78,79,0,0,0,0,0,52;34,49,23,35,58,80,0,0,0,22;24,0,65,49,58,61,42,0,26,25;78,0,70,38,0,0,0,0,0,0;0,60,78,0,36,59,22,42,0,0
0,32,0,40,28,0,39,0,0,0;0,0,35,24,21,35,0,21,39,20;35,0,0,37,27,37,0,26,0,0;36,0,21,0,39,28,31,0,39,0;0,0,27,0,0,0,28,26,30,35;0,0,33,20,0,0,0,0,0,40;39,35,32,38,29,36,0,0,0,25;32,0,35,21,31,34,26,0,40,27;30,0,32,26,0,0,0,0,0,0;0,21,34,0,34,24,31,39,0,0
-70,12,0,21,0,0,24,0,0,13
------------- End of Scenario k = 2 -------
0,36,0,67,67,0,63,0,0,0;0,0,80,45,34,30,0,25,77,78;80,0,0,28,65,35,0,74,0,0;41,0,48,0,20,74,50,0,66,0;0,0,42,0,0,0,39,69,68,44;0,0,31,69,0,0,0,0,0,31;69,74,76,75,21,80,0,0,0,23;79,0,56,69,58,44,51,0,80,31;25,0,31,37,0,0,0,0,0,0;0,61,33,0,42,60,67,80,0,0
0,33,0,27,25,0,31,0,0,0;0,0,32,20,27,30,0,39,29,38;39,0,0,22,20,40,0,30,0,0;22,0,26,0,17,31,29,0,36,0;0,0,38,0,0,0,35,40,24,22;0,0,28,38,0,0,0,0,0,28;27,35,38,30,35,40,0,0,0,29;24,0,40,38,36,28,20,0,37,21;35,0,39,39,0,0,0,0,0,0;0,26,38,0,24,32,22,26,0,0
-79,30,0,13,0,0,20,0,0,16
------------- End of Scenario k = 3 -------
0,41,0,80,71,0,51,0,0,0;0,0,80,59,53,63,0,37,35,41;80,0,0,57,71,72,0,27,0,0;51,0,23,0,80,44,55,0,43,0;0,0,80,0,0,0,41,38,60,60;0,0,46,31,0,0,0,0,0,36;22,80,28,22,57,80,0,0,0,56;24,0,59,44,29,47,30,0,80,71;52,0,48,66,0,0,0,0,0,0;0,31,67,0,55,35,58,43,0,0
0,27,0,27,28,0,30,0,0,0;0,0,40,37,34,24,0,30,28,25;36,0,0,38,29,29,0,28,0,0;19,0,30,0,32,32,26,0,37,0;0,0,38,0,0,0,33,32,25,23;0,0,25,36,0,0,0,0,0,26;19,31,36,26,27,22,0,0,0,35;35,0,30,21,39,38,39,0,35,36;22,0,23,22,0,0,0,0,0,0;0,37,26,0,29,35,32,33,0,0
-88,26,0,19,0,0,15,0,0,28
------------- End of Scenario k = 4 -------
0,62,0,52,29,0,22,0,0,0;0,0,66,53,75,23,0,35,73,50;61,0,0,71,38,78,0,37,0,0;45,0,29,0,80,75,39,0,55,0;0,0,41,0,0,0,79,30,74,79;0,0,48,75,0,0,0,0,0,72;80,43,79,68,69,36,0,0,0,46;80,0,29,56,50,35,43,0,80,20;38,0,56,76,0,0,0,0,0,0;0,58,27,0,69,39,58,80,0,0
0,36,0,29,31,0,31,0,0,0;0,0,23,35,21,28,0,30,27,27;38,0,0,22,37,27,0,29,0,0;34,0,33,0,28,28,26,0,39,0;0,0,24,0,0,0,35,31,38,23;0,0,36,38,0,0,0,0,0,26;31,30,29,30,39,15,0,0,0,30;36,0,38,22,22,39,38,0,29,27;37,0,29,28,0,0,0,0,0,0;0,40,29,0,31,26,21,29,0,0
-79,22,0,18,0,0,14,0,0,25
------------- End of Scenario k = 5 -------
0,33,0,37,79,0,72,0,0,0;0,0,31,23,79,71,0,24,53,41;20,0,0,47,70,42,0,55,0,0;45,0,21,0,80,70,28,0,66,0;0,0,40,0,0,0,71,70,51,29;0,0,73,80,0,0,0,0,0,39;68,66,54,68,53,32,0,0,0,37;59,0,55,45,35,45,42,0,24,73;79,0,33,43,0,0,0,0,0,0;0,72,67,0,32,58,48,32,0,0
0,21,0,35,39,0,21,0,0,0;0,0,36,33,40,34,0,29,24,30;22,0,0,35,27,34,0,26,0,0;37,0,28,0,20,27,21,0,25,0;0,0,33,0,0,0,31,23,34,27;0,0,30,30,0,0,0,0,0,39;33,21,38,23,27,38,0,0,0,32;21,0,22,31,28,22,24,0,23,32;24,0,37,40,0,0,0,0,0,0;0,26,36,0,37,32,31,26,0,0
-76,21,0,13,0,0,28,0,0,14
------------- End of Scenario k = 6 -------
0,39,0,54,77,0,72,0,0,0;0,0,80,22,71,65,0,22,54,45;80,0,0,35,42,49,0,21,0,0;39,0,51,0,31,20,74,0,27,0;0,0,46,0,0,0,35,33,63,63;0,0,45,46,0,0,0,0,0,60;68,52,23,31,57,38,0,0,0,64;80,0,79,55,80,68,78,0,37,63;31,0,31,48,0,0,0,0,0,0;0,30,64,0,76,48,49,80,0,0
0,37,0,21,28,0,22,0,0,0;0,0,29,36,23,25,0,30,26,34;16,0,0,30,39,32,0,21,0,0;38,0,32,0,25,34,38,0,21,0;0,0,40,0,0,0,22,33,30,34;0,0,38,23,0,0,0,0,0,31;27,30,29,34,22,39,0,0,0,25;28,0,20,33,37,34,21,0,32,33;28,0,34,30,0,0,0,0,0,0;0,39,38,0,38,31,23,14,0,0
-75,16,0,19,0,0,26,0,0,14
------------- End of Scenario k = 7 -------
0,27,0,75,46,0,64,0,0,0;0,0,38,55,76,59,0,53,32,43;67,0,0,20,25,72,0,52,0,0;80,0,34,0,80,52,32,0,79,0;0,0,46,0,0,0,44,59,68,31;0,0,21,38,0,0,0,0,0,21;80,38,58,44,32,80,0,0,0,35;70,0,77,73,53,64,30,0,80,67;56,0,31,48,0,0,0,0,0,0;0,23,45,0,55,74,80,27,0,0
0,38,0,27,38,0,21,0,0,0;0,0,12,40,23,36,0,30,21,24;14,0,0,23,31,28,0,20,0,0;37,0,22,0,40,37,24,0,40,0;0,0,30,0,0,0,22,36,30,23;0,0,22,34,0,0,0,0,0,34;40,34,29,35,37,33,0,0,0,31;34,0,27,38,31,40,29,0,21,34;22,0,39,39,0,0,0,0,0,0;0,24,38,0,22,26,24,25,0,0
-69,12,0,20,0,0,22,0,0,15
------------- End of Scenario k = 8 -------
0,26,0,37,37,0,43,0,0,0;0,0,80,24,64,68,0,50,76,32;58,0,0,47,68,79,0,50,0,0;46,0,45,0,80,48,51,0,27,0;0,0,66,0,0,0,36,37,23,60;0,0,53,46,0,0,0,0,0,40;80,42,48,45,34,80,0,0,0,44;80,0,80,78,44,30,53,0,80,66;77,0,40,70,0,0,0,0,0,0;0,50,74,0,80,38,80,80,0,0
0,26,0,25,35,0,28,0,0,0;0,0,20,26,31,25,0,39,21,31;20,0,0,33,33,37,0,38,0,0;32,0,30,0,39,35,31,0,30,0;0,0,24,0,0,0,33,33,28,23;0,0,22,34,0,0,0,0,0,36;21,39,23,38,38,22,0,0,0,31;36,0,27,20,31,32,35,0,33,26;32,0,32,31,0,0,0,0,0,0;0,38,39,0,30,27,22,27,0,0
-77,15,0,28,0,0,17,0,0,17
------------- End of Scenario k = 9 -------
0,43,0,80,27,0,68,0,0,0;0,0,80,66,61,77,0,32,67,68;80,0,0,72,26,25,0,43,0,0;80,0,45,0,80,53,55,0,28,0;0,0,52,0,0,0,65,74,42,79;0,0,42,74,0,0,0,0,0,28;43,42,34,29,27,80,0,0,0,29;51,0,50,38,75,71,78,0,66,79;69,0,80,68,0,0,0,0,0,0;0,70,41,0,29,61,58,63,0,0
0,38,0,27,32,0,33,0,0,0;0,0,34,21,26,28,0,33,37,30;30,0,0,22,39,34,0,32,0,0;38,0,39,0,35,24,26,0,28,0;0,0,33,0,0,0,38,22,34,21;0,0,26,40,0,0,0,0,0,25;28,30,25,23,33,29,0,0,0,27;35,0,30,30,39,39,29,0,30,26;34,0,26,25,0,0,0,0,0,0;0,28,29,0,23,30,28,25,0,0
-100,21,0,27,0,0,27,0,0,25
------------- End of Scenario k = 10 -------
0,50,0,77,42,0,75,0,0,0;0,0,80,48,51,78,0,39,63,51;80,0,0,71,70,62,0,70,0,0;53,0,64,0,76,27,43,0,29,0;0,0,29,0,0,0,29,28,65,50;0,0,49,42,0,0,0,0,0,23;26,45,21,63,40,43,0,0,0,80;71,0,59,28,42,70,51,0,62,58;60,0,29,70,0,0,0,0,0,0;0,44,42,0,75,73,25,80,0,0
0,24,0,39,36,0,36,0,0,0;0,0,33,27,36,40,0,33,20,39;24,0,0,22,40,37,0,33,0,0;39,0,32,0,39,37,22,0,23,0;0,0,34,0,0,0,36,31,36,35;0,0,32,38,0,0,0,0,0,34;33,31,27,35,23,29,0,0,0,25;23,0,37,34,36,27,22,0,23,27;32,0,25,20,0,0,0,0,0,0;0,26,21,0,25,28,30,35,0,0
-73,14,0,24,0,0,19,0,0,16
------------- End of Scenario k = 11 -------
0,23,0,60,77,0,43,0,0,0;0,0,80,73,52,42,0,48,62,65;71,0,0,27,33,79,0,49,0,0;57,0,66,0,52,71,55,0,65,0;0,0,45,0,0,0,44,65,29,64;0,0,44,24,0,0,0,0,0,22;35,62,37,23,39,64,0,0,0,42;80,0,71,76,45,67,41,0,59,47;30,0,28,49,0,0,0,0,0,0;0,24,65,0,64,56,49,80,0,0
0,22,0,26,25,0,39,0,0,0;0,0,37,23,25,32,0,38,33,31;39,0,0,27,26,38,0,36,0,0;39,0,38,0,32,28,36,0,31,0;0,0,38,0,0,0,39,28,30,26;0,0,39,39,0,0,0,0,0,30;28,23,40,38,32,33,0,0,0,27;25,0,26,40,27,26,28,0,16,25;22,0,23,36,0,0,0,0,0,0;0,39,23,0,37,30,26,19,0,0
-89,29,0,23,0,0,25,0,0,12
------------- End of Scenario k = 12 -------
0,51,0,58,62,0,80,0,0,0;0,0,80,29,41,51,0,38,39,57;29,0,0,54,44,44,0,60,0,0;61,0,69,0,48,53,72,0,32,0;0,0,54,0,0,0,51,37,70,25;0,0,53,25,0,0,0,0,0,41;80,59,67,53,68,31,0,0,0,47;80,0,30,45,45,20,52,0,70,80;74,0,77,34,0,0,0,0,0,0;0,79,50,0,80,20,36,80,0,0
0,28,0,39,40,0,40,0,0,0;0,0,39,24,28,27,0,32,24,37;36,0,0,22,23,22,0,20,0,0;26,0,25,0,20,25,29,0,22,0;0,0,28,0,0,0,27,27,22,31;0,0,20,24,0,0,0,0,0,23;30,30,22,23,24,17,0,0,0,25;33,0,31,29,22,27,23,0,34,36;33,0,31,40,0,0,0,0,0,0;0,37,33,0,26,21,21,32,0,0
-54,11,0,13,0,0,12,0,0,18
------------- End of Scenario k = 13 -------
0,37,0,69,36,0,52,0,0,0;0,0,80,36,26,49,0,40,37,57;27,0,0,56,53,42,0,52,0,0;78,0,30,0,21,30,38,0,41,0;0,0,68,0,0,0,28,56,75,70;0,0,73,38,0,0,0,0,0,32;80,55,53,77,41,80,0,0,0,26;80,0,55,33,65,61,42,0,39,72;80,0,44,28,0,0,0,0,0,0;0,66,66,0,56,31,62,80,0,0
0,34,0,36,23,0,25,0,0,0;0,0,36,31,36,24,0,26,35,33;37,0,0,36,30,35,0,37,0,0;30,0,22,0,36,35,37,0,21,0;0,0,34,0,0,0,24,25,35,31;0,0,34,39,0,0,0,0,0,23;37,24,26,27,23,36,0,0,0,24;37,0,40,27,30,38,37,0,14,28;25,0,30,38,0,0,0,0,0,0;0,35,24,0,22,25,26,14,0,0
-80,22,0,17,0,0,29,0,0,12
------------- End of Scenario k = 14 -------
0,37,0,53,58,0,53,0,0,0;0,0,80,61,26,58,0,70,26,43;80,0,0,56,42,20,0,30,0,0;80,0,49,0,80,43,60,0,31,0;0,0,48,0,0,0,22,28,23,70;0,0,35,60,0,0,0,0,0,25;80,38,35,71,40,27,0,0,0,24;80,0,38,41,36,73,32,0,75,21;78,0,38,44,0,0,0,0,0,0;0,67,42,0,72,70,32,80,0,0
0,40,0,28,33,0,28,0,0,0;0,0,30,35,21,29,0,31,35,29;39,0,0,23,21,39,0,33,0,0;37,0,39,0,15,28,20,0,22,0;0,0,25,0,0,0,26,21,22,29;0,0,22,40,0,0,0,0,0,29;23,21,40,22,40,37,0,0,0,34;25,0,31,26,30,25,20,0,30,25;22,0,37,33,0,0,0,0,0,0;0,31,24,0,28,24,34,21,0,0
-58,18,0,11,0,0,10,0,0,19
------------- End of Scenario k = 15 -------
0,80,0,47,70,0,56,0,0,0;0,0,80,32,48,27,0,79,34,55;80,0,0,72,68,31,0,55,0,0;80,0,72,0,74,22,79,0,58,0;0,0,60,0,0,0,25,57,66,25;0,0,59,63,0,0,0,0,0,42;60,37,26,51,51,41,0,0,0,53;71,0,21,32,53,78,70,0,80,44;54,0,80,50,0,0,0,0,0,0;0,78,31,0,71,65,79,80,0,0
0,39,0,20,27,0,32,0,0,0;0,0,38,36,36,31,0,20,35,24;27,0,0,26,39,22,0,23,0,0;25,0,34,0,20,37,38,0,24,0;0,0,40,0,0,0,34,34,34,23;0,0,33,25,0,0,0,0,0,24;19,30,26,28,30,18,0,0,0,29;28,0,39,39,27,38,23,0,32,37;37,0,26,40,0,0,0,0,0,0;0,28,33,0,20,20,20,23,0,0
-64,12,0,15,0,0,14,0,0,23
------------- End of Scenario k = 16 -------
0,64,0,26,44,0,57,0,0,0;0,0,59,34,55,43,0,41,22,50;38,0,0,31,73,34,0,44,0,0;80,0,33,0,80,76,42,0,77,0;0,0,54,0,0,0,77,80,61,38;0,0,56,65,0,0,0,0,0,59;80,39,60,65,20,80,0,0,0,78;80,0,58,72,56,40,36,0,70,62;80,0,53,29,0,0,0,0,0,0;0,56,32,0,50,40,68,78,0,0
0,26,0,27,23,0,33,0,0,0;0,0,26,29,27,22,0,24,34,40;24,0,0,28,37,26,0,36,0,0;23,0,36,0,25,20,30,0,35,0;0,0,37,0,0,0,32,31,30,20;0,0,27,21,0,0,0,0,0,21;19,27,29,28,24,28,0,0,0,24;20,0,31,37,38,36,39,0,35,31;34,0,27,34,0,0,0,0,0,0;0,24,37,0,26,31,26,37,0,0
-62,11,0,22,0,0,16,0,0,13
------------- End of Scenario k = 17 -------
0,41,0,48,47,0,65,0,0,0;0,0,24,50,67,71,0,33,77,70;77,0,0,48,38,57,0,80,0,0;80,0,30,0,80,54,52,0,68,0;0,0,47,0,0,0,30,75,78,44;0,0,66,55,0,0,0,0,0,54;80,70,27,21,53,80,0,0,0,46;80,0,78,50,75,66,58,0,72,79;46,0,77,59,0,0,0,0,0,0;0,61,59,0,40,44,74,23,0,0
0,31,0,21,31,0,22,0,0,0;0,0,33,26,30,37,0,27,23,40;14,0,0,21,24,37,0,37,0,0;39,0,35,0,23,22,26,0,34,0;0,0,29,0,0,0,24,28,32,34;0,0,29,36,0,0,0,0,0,29;25,24,36,28,36,39,0,0,0,27;32,0,35,40,21,28,32,0,29,37;25,0,36,39,0,0,0,0,0,0;0,31,29,0,34,34,38,28,0,0
-71,12,0,15,0,0,16,0,0,28
------------- End of Scenario k = 18 -------
0,68,0,52,75,0,38,0,0,0;0,0,80,25,33,63,0,34,78,74;77,0,0,20,65,60,0,59,0,0;80,0,28,0,80,52,62,0,80,0;0,0,58,0,0,0,37,21,64,42;0,0,29,31,0,0,0,0,0,24;80,26,61,68,78,70,0,0,0,59;49,0,43,42,41,54,48,0,80,74;50,0,49,79,0,0,0,0,0,0;0,24,43,0,58,54,51,80,0,0
0,27,0,29,23,0,27,0,0,0;0,0,31,31,35,28,0,35,31,37;37,0,0,30,32,31,0,26,0,0;17,0,22,0,25,20,32,0,30,0;0,0,39,0,0,0,32,33,22,37;0,0,33,40,0,0,0,0,0,31;23,25,33,32,36,40,0,0,0,30;35,0,33,30,28,36,27,0,38,23;29,0,34,20,0,0,0,0,0,0;0,32,31,0,36,21,23,33,0,0
-84,30,0,15,0,0,12,0,0,27
------------- End of Scenario k = 19 -------
