/ -------------------------------------------------------------------------
An instance of the stochastic Fixed - charge Network Flow Problem using NETGEN.
/ -------------------------------------------------------------------------
Number of Nodes (no Dummy node is added), n
Graph Density, density
The fixed cost to variable cost ratio, f
Adjacency Matrix, A
Fixed Cost Matrix, c
Number of scenarios, K
Scenario Probabilities, p
----The following three rows will be repeated K times.----
Var Cost Matrix, d
Capacity, u
demand, b
/ -------------------------------------------------------------------------
+
10
0.3
200
0,0,0,0,0,1,1,0,1,0;1,0,1,0,0,0,1,0,0,0;1,1,0,1,0,0,0,1,0,0;1,0,1,0,0,0,1,0,0,0;0,1,0,1,0,0,0,0,0,0;0,0,0,0,0,0,0,0,1,0;0,0,0,0,1,1,0,1,1,1;0,0,1,0,0,0,0,0,0,0;0,1,0,0,0,0,0,1,0,0;0,0,1,0,0,0,1,1,0,0
0,0,0,0,0,10760,9200,0,9120,0;12100,0,13700,0,0,0,10120,0,0,0;13880,12280,0,11180,0,0,0,11860,0,0;13119,0,11000,0,0,0,8960,0,0,0;0,8980,0,13260,0,0,0,0,0,0;0,0,0,0,0,0,0,0,10420,0;0,0,0,0,9900,9920,0,11440,14319,14260;0,0,9260,0,0,0,0,0,0,0;0,10280,0,0,0,0,0,13480,0,0;0,0,8460,0,0,0,9740,13380,0,0
10
0.05,0.1,0.05,0.05,0.2,0.1,0.05,0.15,0.1,0.15
--Scenarios--
0,0,0,0,0,41,78,0,50,0;73,0,75,0,0,0,74,0,0,0;80,54,0,78,0,0,0,71,0,0;32,0,53,0,0,0,64,0,0,0;0,30,0,35,0,0,0,0,0,0;0,0,0,0,0,0,0,0,65,0;0,0,0,0,45,29,0,51,76,80;0,0,27,0,0,0,0,0,0,0;0,54,0,0,0,0,0,80,0,0;0,0,24,0,0,0,57,80,0,0
0,0,0,0,0,31,22,0,29,0;37,0,38,0,0,0,39,0,0,0;34,36,0,26,0,0,0,27,0,0;27,0,36,0,0,0,28,0,0,0;0,39,0,35,0,0,0,0,0,0;0,0,0,0,0,0,0,0,27,0;0,0,0,0,21,31,0,32,32,32;0,0,36,0,0,0,0,0,0,0;0,27,0,0,0,0,0,19,0,0;0,0,34,0,0,0,22,19,0,0
-32,25,0,0,11,15,19,-38,0,0
------------- End of Scenario k = 0 -------
0,0,0,0,0,76,25,0,30,0;34,0,80,0,0,0,34,0,0,0;80,52,0,59,0,0,0,42,0,0;80,0,79,0,0,0,50,0,0,0;0,49,0,80,0,0,0,0,0,0;0,0,0,0,0,0,0,0,50,0;0,0,0,0,43,23,0,25,75,80;0,0,55,0,0,0,0,0,0,0;0,74,0,0,0,0,0,66,0,0;0,0,48,0,0,0,73,80,0,0
0,0,0,0,0,22,31,0,37,0;32,0,26,0,0,0,20,0,0,0;34,39,0,35,0,0,0,37,0,0;35,0,25,0,0,0,25,0,0,0;0,27,0,30,0,0,0,0,0,0;0,0,0,0,0,0,0,0,33,0;0,0,0,0,38,23,0,39,34,37;0,0,38,0,0,0,0,0,0,0;0,28,0,0,0,0,0,22,0,0;0,0,33,0,0,0,37,35,0,0
-32,19,0,0,26,17,26,-56,0,0
------------- End of Scenario k = 1 -------
0,0,0,0,0,24,20,0,43,0;48,0,80,0,0,0,35,0,0,0;49,78,0,37,0,0,0,72,0,0;80,0,35,0,0,0,29,0,0,0;0,33,0,80,0,0,0,0,0,0;0,0,0,0,0,0,0,0,45,0;0,0,0,0,55,80,0,38,56,80;0,0,34,0,0,0,0,0,0,0;0,28,0,0,0,0,0,76,0,0;0,0,68,0,0,0,71,79,0,0
0,0,0,0,0,25,29,0,34,0;39,0,40,0,0,0,32,0,0,0;36,35,0,32,0,0,0,28,0,0;38,0,24,0,0,0,33,0,0,0;0,32,0,36,0,0,0,0,0,0;0,0,0,0,0,0,0,0,31,0;0,0,0,0,21,38,0,32,20,34;0,0,21,0,0,0,0,0,0,0;0,38,0,0,0,0,0,29,0,0;0,0,28,0,0,0,28,26,0,0
-28,22,0,0,26,27,14,-61,0,0
------------- End of Scenario k = 2 -------
0,0,0,0,0,57,79,0,45,0;72,0,80,0,0,0,32,0,0,0;80,40,0,58,0,0,0,66,0,0;71,0,79,0,0,0,35,0,0,0;0,31,0,80,0,0,0,0,0,0;0,0,0,0,0,0,0,0,27,0;0,0,0,0,62,40,0,79,79,80;0,0,67,0,0,0,0,0,0,0;0,40,0,0,0,0,0,46,0,0;0,0,27,0,0,0,34,25,0,0
0,0,0,0,0,36,21,0,31,0;37,0,28,0,0,0,25,0,0,0;38,23,0,35,0,0,0,27,0,0;40,0,28,0,0,0,32,0,0,0;0,23,0,38,0,0,0,0,0,0;0,0,0,0,0,0,0,0,27,0;0,0,0,0,29,37,0,30,37,39;0,0,28,0,0,0,0,0,0,0;0,24,0,0,0,0,0,39,0,0;0,0,38,0,0,0,38,30,0,0
-31,27,0,0,17,25,10,-48,0,0
------------- End of Scenario k = 3 -------
0,0,0,0,0,74,20,0,45,0;78,0,80,0,0,0,31,0,0,0;80,55,0,63,0,0,0,80,0,0;44,0,40,0,0,0,45,0,0,0;0,57,0,59,0,0,0,0,0,0;0,0,0,0,0,0,0,0,48,0;0,0,0,0,78,37,0,57,80,68;0,0,74,0,0,0,0,0,0,0;0,35,0,0,0,0,0,80,0,0;0,0,60,0,0,0,23,23,0,0
0,0,0,0,0,38,33,0,36,0;34,0,31,0,0,0,25,0,0,0;39,35,0,25,0,0,0,21,0,0;40,0,20,0,0,0,39,0,0,0;0,21,0,37,0,0,0,0,0,0;0,0,0,0,0,0,0,0,38,0;0,0,0,0,24,27,0,20,28,21;0,0,23,0,0,0,0,0,0,0;0,40,0,0,0,0,0,36,0,0;0,0,34,0,0,0,23,27,0,0
-44,19,0,0,30,20,16,-41,0,0
------------- End of Scenario k = 4 -------
0,0,0,0,0,58,65,0,41,0;66,0,74,0,0,0,80,0,0,0;65,80,0,47,0,0,0,35,0,0;80,0,39,0,0,0,26,0,0,0;0,78,0,68,0,0,0,0,0,0;0,0,0,0,0,0,0,0,74,0;0,0,0,0,31,28,0,31,79,80;0,0,28,0,0,0,0,0,0,0;0,64,0,0,0,0,0,48,0,0;0,0,28,0,0,0,61,72,0,0
0,0,0,0,0,39,20,0,25,0;30,0,22,0,0,0,40,0,0,0;23,30,0,22,0,0,0,36,0,0;39,0,29,0,0,0,29,0,0,0;0,23,0,34,0,0,0,0,0,0;0,0,0,0,0,0,0,0,37,0;0,0,0,0,31,26,0,22,35,24;0,0,37,0,0,0,0,0,0,0;0,38,0,0,0,0,0,36,0,0;0,0,32,0,0,0,35,27,0,0
-33,20,0,0,30,28,21,-66,0,0
------------- End of Scenario k = 5 -------
0,0,0,0,0,53,61,0,41,0;73,0,80,0,0,0,56,0,0,0;23,80,0,63,0,0,0,32,0,0;80,0,79,0,0,0,26,0,0,0;0,26,0,70,0,0,0,0,0,0;0,0,0,0,0,0,0,0,20,0;0,0,0,0,47,73,0,80,72,43;0,0,28,0,0,0,0,0,0,0;0,73,0,0,0,0,0,80,0,0;0,0,29,0,0,0,51,80,0,0
0,0,0,0,0,36,26,0,25,0;27,0,29,0,0,0,33,0,0,0;38,28,0,31,0,0,0,32,0,0;29,0,33,0,0,0,31,0,0,0;0,35,0,17,0,0,0,0,0,0;0,0,0,0,0,0,0,0,39,0;0,0,0,0,40,35,0,35,20,36;0,0,37,0,0,0,0,0,0,0;0,31,0,0,0,0,0,35,0,0;0,0,23,0,0,0,20,26,0,0
-36,29,0,0,10,21,23,-47,0,0
------------- End of Scenario k = 6 -------
0,0,0,0,0,76,20,0,29,0;62,0,39,0,0,0,49,0,0,0;80,66,0,37,0,0,0,80,0,0;80,0,47,0,0,0,30,0,0,0;0,57,0,31,0,0,0,0,0,0;0,0,0,0,0,0,0,0,80,0;0,0,0,0,35,71,0,79,53,80;0,0,28,0,0,0,0,0,0,0;0,58,0,0,0,0,0,73,0,0;0,0,56,0,0,0,44,80,0,0
0,0,0,0,0,26,36,0,31,0;38,0,25,0,0,0,36,0,0,0;30,32,0,22,0,0,0,27,0,0;28,0,40,0,0,0,30,0,0,0;0,29,0,32,0,0,0,0,0,0;0,0,0,0,0,0,0,0,26,0;0,0,0,0,38,31,0,31,21,31;0,0,25,0,0,0,0,0,0,0;0,25,0,0,0,0,0,31,0,0;0,0,35,0,0,0,22,28,0,0
-26,25,0,0,10,20,28,-57,0,0
------------- End of Scenario k = 7 -------
0,0,0,0,0,43,55,0,61,0;74,0,40,0,0,0,45,0,0,0;77,67,0,70,0,0,0,80,0,0;49,0,56,0,0,0,75,0,0,0;0,38,0,80,0,0,0,0,0,0;0,0,0,0,0,0,0,0,80,0;0,0,0,0,70,72,0,75,71,80;0,0,73,0,0,0,0,0,0,0;0,31,0,0,0,0,0,80,0,0;0,0,26,0,0,0,28,80,0,0
0,0,0,0,0,29,23,0,33,0;33,0,35,0,0,0,22,0,0,0;39,23,0,32,0,0,0,38,0,0;30,0,38,0,0,0,40,0,0,0;0,36,0,35,0,0,0,0,0,0;0,0,0,0,0,0,0,0,34,0;0,0,0,0,40,36,0,28,37,24;0,0,40,0,0,0,0,0,0,0;0,20,0,0,0,0,0,40,0,0;0,0,40,0,0,0,22,33,0,0
-20,21,0,0,20,15,17,-53,0,0
------------- End of Scenario k = 8 -------
0,0,0,0,0,36,37,0,71,0;25,0,57,0,0,0,70,0,0,0;80,42,0,47,0,0,0,35,0,0;60,0,43,0,0,0,68,0,0,0;0,50,0,80,0,0,0,0,0,0;0,0,0,0,0,0,0,0,32,0;0,0,0,0,29,43,0,57,75,42;0,0,49,0,0,0,0,0,0,0;0,57,0,0,0,0,0,45,0,0;0,0,57,0,0,0,45,70,0,0
0,0,0,0,0,35,30,0,37,0;22,0,32,0,0,0,28,0,0,0;32,38,0,27,0,0,0,34,0,0;38,0,22,0,0,0,21,0,0,0;0,35,0,38,0,0,0,0,0,0;0,0,0,0,0,0,0,0,38,0;0,0,0,0,33,28,0,35,39,29;0,0,26,0,0,0,0,0,0,0;0,35,0,0,0,0,0,36,0,0;0,0,39,0,0,0,28,35,0,0
-43,25,0,0,30,27,23,-62,0,0
------------- End of Scenario k = 9 -------
