/ -------------------------------------------------------------------------
An instance of the stochastic Fixed - charge Network Flow Problem using NETGEN.
/ -------------------------------------------------------------------------
Number of Nodes (no Dummy node is added), n
Graph Density, density
The fixed cost to variable cost ratio, f
Adjacency Matrix, A
Fixed Cost Matrix, c
Number of scenarios, K
Scenario Probabilities, p
----The following three rows will be repeated K times.----
Var Cost Matrix, d
Capacity, u
demand, b
/ -------------------------------------------------------------------------
+
30
0.3
200
0,1,1,0,0,0,0,0,0,0,0,0,0,0,1,0,1,0,0,0,0,0,1,1,0,1,0,1,0,0;0,0,1,0,0,1,0,0,1,1,0,1,0,0,1,1,0,0,0,1,0,0,0,0,1,0,1,0,0,1;1,1,0,1,1,0,1,0,0,1,1,0,0,1,1,0,1,1,0,0,1,0,1,0,1,0,0,0,1,1;0,1,0,0,0,1,1,0,0,0,0,0,1,0,0,0,0,0,0,0,0,0,0,1,0,0,1,1,0,1;0,0,0,1,0,1,0,0,0,0,1,0,0,0,0,0,1,1,1,0,0,0,1,0,0,0,1,0,0,0;0,0,0,1,0,0,0,0,1,0,0,0,0,0,0,0,0,1,0,0,1,1,1,0,0,1,0,1,0,0;1,0,0,0,0,0,0,1,1,0,1,1,0,1,0,0,1,1,1,1,0,0,1,0,0,1,0,0,0,0;1,0,0,0,1,1,1,0,0,0,0,0,0,0,0,1,0,0,1,1,0,1,0,1,0,0,0,1,0,1;1,0,1,0,0,0,0,1,0,1,0,0,1,1,0,0,0,0,0,0,1,0,1,1,0,1,1,1,1,1;0,1,0,0,0,1,0,0,0,0,1,1,0,0,0,0,0,0,0,1,0,1,0,0,1,0,0,0,0,1;0,0,0,1,1,0,0,1,0,1,0,0,1,1,0,0,1,0,0,1,0,0,1,0,0,0,0,0,0,1;0,0,1,0,0,0,1,0,0,0,0,0,1,1,0,1,0,0,0,1,1,0,0,0,0,0,0,0,0,0;0,0,1,0,0,0,0,0,1,0,0,0,0,1,0,0,0,0,0,0,0,0,1,0,0,1,0,0,0,1;1,0,0,0,0,0,1,0,0,0,0,0,0,0,1,0,0,0,1,1,0,0,0,0,0,0,0,1,0,0;0,0,0,0,0,0,1,0,1,0,0,1,0,0,0,1,0,0,0,1,0,0,1,0,1,1,0,0,0,1;0,0,1,0,0,1,0,1,0,0,0,1,0,1,0,0,0,0,0,1,0,0,1,0,0,0,1,0,0,0;1,0,0,0,0,1,0,1,1,1,1,0,1,0,0,0,0,1,0,0,0,0,0,0,0,0,0,0,0,0;1,0,0,0,0,1,0,1,0,0,0,0,0,0,0,0,0,0,0,1,1,0,0,0,1,1,0,0,1,1;0,0,0,0,0,1,0,0,1,0,1,0,0,0,1,1,0,0,0,1,0,0,0,1,0,1,0,0,1,0;0,0,0,1,0,0,0,1,0,0,0,0,1,0,0,1,0,0,0,0,1,0,1,1,0,0,0,0,0,0;0,0,0,1,0,0,1,1,0,0,0,1,0,0,0,1,0,0,0,0,0,0,0,1,0,1,0,0,0,0;0,0,0,0,0,1,0,1,0,0,0,0,0,1,0,0,1,0,0,1,0,0,0,0,0,1,0,0,0,0;0,1,0,0,1,0,0,0,0,0,0,0,1,0,0,1,0,0,0,0,0,0,0,1,1,1,0,0,1,0;0,0,0,1,1,0,0,0,1,0,0,0,0,0,0,0,0,0,1,1,0,1,0,0,1,0,0,0,0,1;0,0,0,1,0,1,0,0,0,0,0,0,0,0,1,0,0,0,0,0,0,1,0,0,0,1,0,1,0,0;1,1,1,1,0,0,0,1,1,0,1,0,0,1,0,0,1,0,0,0,0,0,0,0,0,0,1,1,1,1;0,0,0,1,0,0,0,0,0,0,0,0,0,0,0,0,0,0,0,0,0,0,0,0,0,0,0,1,0,0;0,1,0,0,1,0,1,0,1,0,1,1,1,1,0,0,0,1,0,0,0,0,0,0,0,0,1,0,1,1;0,1,0,0,0,0,0,0,1,0,1,0,0,0,1,0,1,0,0,0,0,0,1,0,0,0,0,1,0,1;0,0,0,0,0,0,0,1,0,0,0,1,0,0,0,1,0,0,0,0,1,0,0,0,1,0,1,1,1,0
0,8990,9720,0,0,0,0,0,0,0,0,0,0,0,9380,0,10780,0,0,0,0,0,8850,10170,0,10490,0,9410,0,0;0,0,14830,0,0,10130,0,0,10190,9490,0,10420,0,0,10150,8680,0,0,0,10430,0,0,0,0,10030,0,10480,0,0,9970;10830,10260,0,10610,13480,0,9170,0,0,10070,9810,0,0,11500,10720,0,10390,9470,0,0,10650,0,10940,0,8700,0,0,0,9140,10830;0,10730,0,0,0,10640,11430,0,0,0,0,0,12220,0,0,0,0,0,0,0,0,0,0,10910,0,0,10520,9640,0,11010;0,0,0,10460,0,12430,0,0,0,0,9810,0,0,0,0,0,9930,10230,10650,0,0,0,12060,0,0,0,10600,0,0,0;0,0,0,10410,0,0,0,0,9370,0,0,0,0,0,0,0,0,10130,0,0,10090,9870,10840,0,0,10670,0,10580,0,0;9090,0,0,0,0,0,0,13130,9720,0,10370,9230,0,8140,0,0,9910,9020,10150,10740,0,0,11390,0,0,9690,0,0,0,0;12060,0,0,0,10110,9160,10860,0,0,0,0,0,0,0,0,10730,0,0,11720,10000,0,8390,0,10050,0,0,0,9900,0,10290;13290,0,9100,0,0,0,0,10110,0,10910,0,0,14219,9180,0,0,0,0,0,0,10350,0,9020,10360,0,10520,8280,10620,10000,9480;0,10330,0,0,0,10440,0,0,0,0,12800,9460,0,0,0,0,0,0,0,10690,0,11090,0,0,9100,0,0,0,0,10250;0,0,0,10900,9880,0,0,10100,0,9260,0,0,11060,11280,0,0,10500,0,0,9200,0,0,10480,0,0,0,0,0,0,9980;0,0,8890,0,0,0,11190,0,0,0,0,0,13340,12440,0,8170,0,0,0,10190,10340,0,0,0,0,0,0,0,0,0;0,0,10260,0,0,0,0,0,10040,0,0,0,0,8890,0,0,0,0,0,0,0,0,9600,0,0,11000,0,0,0,11300;13700,0,0,0,0,0,9100,0,0,0,0,0,0,0,12040,0,0,0,10710,12120,0,0,0,0,0,0,0,10870,0,0;0,0,0,0,0,0,10410,0,8710,0,0,9330,0,0,0,12170,0,0,0,9620,0,0,12310,0,9370,10000,0,0,0,9930;0,0,10210,0,0,9960,0,10480,0,0,0,10570,0,10180,0,0,0,0,0,10370,0,0,10090,0,0,0,9780,0,0,0;9550,0,0,0,0,10650,0,11210,9100,11660,11240,0,14040,0,0,0,0,11670,0,0,0,0,0,0,0,0,0,0,0,0;10330,0,0,0,0,9010,0,9270,0,0,0,0,0,0,0,0,0,0,0,12520,10410,0,0,0,9950,12360,0,0,9840,9320;0,0,0,0,0,9990,0,0,12610,0,10340,0,0,0,10280,9360,0,0,0,10670,0,0,0,10310,0,9920,0,0,10470,0;0,0,0,9680,0,0,0,10220,0,0,0,0,9740,0,0,8930,0,0,0,0,9170,0,11460,11440,0,0,0,0,0,0;0,0,0,10980,0,0,11050,10210,0,0,0,12990,0,0,0,9870,0,0,0,0,0,0,0,12220,0,9640,0,0,0,0;0,0,0,0,0,10260,0,11570,0,0,0,0,0,8130,0,0,12150,0,0,9740,0,0,0,0,0,9950,0,0,0,0;0,10750,0,0,9660,0,0,0,0,0,0,0,8980,0,0,11070,0,0,0,0,0,0,0,10960,9630,10030,0,0,9100,0;0,0,0,10550,11070,0,0,0,9740,0,0,0,0,0,0,0,0,0,11190,11110,0,10200,0,0,12890,0,0,0,0,9970;0,0,0,9790,0,9610,0,0,0,0,0,0,0,0,8680,0,0,0,0,0,0,11250,0,0,0,14290,0,9750,0,0;11560,11130,8990,8380,0,0,0,10390,10430,0,9180,0,0,9240,0,0,8980,0,0,0,0,0,0,0,0,0,11690,9310,10030,9710;0,0,0,11300,0,0,0,0,0,0,0,0,0,0,0,0,0,0,0,0,0,0,0,0,0,0,0,13540,0,0;0,10670,0,0,10240,0,8450,0,8520,0,10830,9620,10810,10970,0,0,0,9480,0,0,0,0,0,0,0,0,11230,0,13980,9460;0,9570,0,0,0,0,0,0,9270,0,10440,0,0,0,9810,0,10370,0,0,0,0,0,10710,0,0,0,0,10060,0,14090;0,0,0,0,0,0,0,9270,0,0,0,9320,0,0,0,10310,0,0,0,0,9730,0,0,0,10640,0,9530,9600,9750,0
20
0.02,0.02,0.02,0.05,0.05,0.02,0.15,0.02,0.05,0.12,0.07,0.05,0.07,0.07,0.02,0.02,0.02,0.05,0.02,0.09
--Scenarios--
0,27,30,0,0,0,0,0,0,0,0,0,0,0,37,0,45,0,0,0,0,0,20,73,0,41,0,57,0,0;0,0,80,0,0,27,0,0,75,40,0,57,0,0,59,24,0,0,0,24,0,0,0,0,65,0,70,0,0,22;64,70,0,71,80,0,37,0,0,30,22,0,0,64,39,0,68,57,0,0,58,0,76,0,70,0,0,0,57,58;0,26,0,0,0,57,62,0,0,0,0,0,80,0,0,0,0,0,0,0,0,0,0,35,0,0,55,60,0,62;0,0,0,73,0,41,0,0,0,0,32,0,0,0,0,0,34,69,55,0,0,0,67,0,0,0,52,0,0,0;0,0,0,64,0,0,0,0,45,0,0,0,0,0,0,0,0,55,0,0,65,43,77,0,0,51,0,55,0,0;56,0,0,0,0,0,0,80,68,0,79,58,0,36,0,0,71,23,58,28,0,0,57,0,0,57,0,0,0,0;23,0,0,0,27,39,32,0,0,0,0,0,0,0,0,74,0,0,66,29,0,33,0,38,0,0,0,51,0,43;80,0,24,0,0,0,0,51,0,80,0,0,80,52,0,0,0,0,0,0,70,0,62,48,0,20,27,79,24,47;0,54,0,0,0,32,0,0,0,0,40,60,0,0,0,0,0,0,0,61,0,55,0,0,79,0,0,0,0,79;0,0,0,22,29,0,0,75,0,70,0,0,59,69,0,0,46,0,0,51,0,0,40,0,0,0,0,0,0,57;0,0,35,0,0,0,75,0,0,0,0,0,34,80,0,47,0,0,0,21,74,0,0,0,0,0,0,0,0,0;0,0,53,0,0,0,0,0,26,0,0,0,0,23,0,0,0,0,0,0,0,0,40,0,0,21,0,0,0,79;80,0,0,0,0,0,39,0,0,0,0,0,0,0,51,0,0,0,41,62,0,0,0,0,0,0,0,61,0,0;0,0,0,0,0,0,56,0,26,0,0,78,0,0,0,80,0,0,0,59,0,0,25,0,60,63,0,0,0,21;0,0,72,0,0,58,0,50,0,0,0,23,0,24,0,0,0,0,0,79,0,0,22,0,0,0,66,0,0,0;37,0,0,0,0,28,0,63,25,75,37,0,28,0,0,0,0,25,0,0,0,0,0,0,0,0,0,0,0,0;80,0,0,0,0,63,0,32,0,0,0,0,0,0,0,0,0,0,0,63,39,0,0,0,31,57,0,0,40,57;0,0,0,0,0,37,0,0,80,0,46,0,0,0,67,51,0,0,0,41,0,0,0,79,0,79,0,0,61,0;0,0,0,22,0,0,0,23,0,0,0,0,44,0,0,27,0,0,0,0,52,0,71,76,0,0,0,0,0,0;0,0,0,22,0,0,50,34,0,0,0,80,0,0,0,43,0,0,0,0,0,0,0,78,0,63,0,0,0,0;0,0,0,0,0,30,0,70,0,0,0,0,0,26,0,0,38,0,0,35,0,0,0,0,0,60,0,0,0,0;0,34,0,0,30,0,0,0,0,0,0,0,48,0,0,75,0,0,0,0,0,0,0,43,54,27,0,0,58,0;0,0,0,39,47,0,0,0,75,0,0,0,0,0,0,0,0,0,48,20,0,20,0,0,80,0,0,0,0,29;0,0,0,52,0,20,0,0,0,0,0,0,0,0,65,0,0,0,0,0,0,69,0,0,0,80,0,64,0,0;56,57,22,34,0,0,0,44,53,0,25,0,0,37,0,0,44,0,0,0,0,0,0,0,0,0,80,46,48,49;0,0,0,30,0,0,0,0,0,0,0,0,0,0,0,0,0,0,0,0,0,0,0,0,0,0,0,80,0,0;0,36,0,0,53,0,48,0,22,0,79,24,68,30,0,0,0,50,0,0,0,0,0,0,0,0,51,0,80,65;0,70,0,0,0,0,0,0,54,0,39,0,0,0,25,0,80,0,0,0,0,0,74,0,0,0,0,47,0,80;0,0,0,0,0,0,0,49,0,0,0,40,0,0,0,62,0,0,0,0,36,0,0,0,61,0,42,43,62,0
0,38,22,0,0,0,0,0,0,0,0,0,0,0,21,0,27,0,0,0,0,0,20,32,0,34,0,25,0,0;0,0,17,0,0,21,0,0,38,38,0,30,0,0,40,40,0,0,0,38,0,0,0,0,33,0,27,0,0,25;30,33,0,39,38,0,27,0,0,36,40,0,0,23,33,0,31,22,0,0,20,0,39,0,21,0,0,0,33,20;0,26,0,0,0,22,12,0,0,0,0,0,36,0,0,0,0,0,0,0,0,0,0,28,0,0,37,33,0,32;0,0,0,37,0,30,0,0,0,0,34,0,0,0,0,0,37,34,29,0,0,0,33,0,0,0,26,0,0,0;0,0,0,28,0,0,0,0,39,0,0,0,0,0,0,0,0,38,0,0,31,30,30,0,0,32,0,31,0,0;21,0,0,0,0,0,0,28,21,0,36,28,0,29,0,0,24,27,27,30,0,0,34,0,0,20,0,0,0,0;32,0,0,0,23,40,23,0,0,0,0,0,0,0,0,33,0,0,31,32,0,29,0,34,0,0,0,36,0,27;32,0,32,0,0,0,0,26,0,39,0,0,30,33,0,0,0,0,0,0,33,0,20,36,0,29,29,37,22,35;0,39,0,0,0,30,0,0,0,0,29,20,0,0,0,0,0,0,0,21,0,34,0,0,24,0,0,0,0,40;0,0,0,29,36,0,0,21,0,21,0,0,34,37,0,0,21,0,0,20,0,0,34,0,0,0,0,0,0,29;0,0,23,0,0,0,33,0,0,0,0,0,29,27,0,33,0,0,0,38,30,0,0,0,0,0,0,0,0,0;0,0,23,0,0,0,0,0,40,0,0,0,0,24,0,0,0,0,0,0,0,0,20,0,0,25,0,0,0,21;37,0,0,0,0,0,37,0,0,0,0,0,0,0,31,0,0,0,37,29,0,0,0,0,0,0,0,28,0,0;0,0,0,0,0,0,21,0,37,0,0,30,0,0,0,34,0,0,0,26,0,0,38,0,30,25,0,0,0,26;0,0,23,0,0,31,0,32,0,0,0,34,0,21,0,0,0,0,0,21,0,0,25,0,0,0,28,0,0,0;29,0,0,0,0,23,0,30,28,24,35,0,23,0,0,0,0,36,0,0,0,0,0,0,0,0,0,0,0,0;38,0,0,0,0,30,0,34,0,0,0,0,0,0,0,0,0,0,0,24,21,0,0,0,35,31,0,0,29,28;0,0,0,0,0,37,0,0,30,0,26,0,0,0,32,40,0,0,0,24,0,0,0,40,0,30,0,0,39,0;0,0,0,26,0,0,0,29,0,0,0,0,36,0,0,30,0,0,0,0,40,0,36,40,0,0,0,0,0,0;0,0,0,31,0,0,21,25,0,0,0,33,0,0,0,22,0,0,0,0,0,0,0,26,0,22,0,0,0,0;0,0,0,0,0,29,0,21,0,0,0,0,0,30,0,0,34,0,0,39,0,0,0,0,0,33,0,0,0,0;0,32,0,0,25,0,0,0,0,0,0,0,32,0,0,27,0,0,0,0,0,0,0,28,25,28,0,0,25,0;0,0,0,35,28,0,0,0,29,0,0,0,0,0,0,0,0,0,29,21,0,29,0,0,35,0,0,0,0,33;0,0,0,27,0,32,0,0,0,0,0,0,0,0,24,0,0,0,0,0,0,22,0,0,0,39,0,28,0,0;23,26,25,27,0,0,0,39,33,0,35,0,0,28,0,0,37,0,0,0,0,0,0,0,0,0,27,40,33,27;0,0,0,39,0,0,0,0,0,0,0,0,0,0,0,0,0,0,0,0,0,0,0,0,0,0,0,29,0,0;0,34,0,0,23,0,33,0,32,0,33,26,34,39,0,0,0,35,0,0,0,0,0,0,0,0,38,0,32,33;0,27,0,0,0,0,0,0,23,0,34,0,0,0,30,0,34,0,0,0,0,0,37,0,0,0,0,30,0,25;0,0,0,0,0,0,0,22,0,0,0,28,0,0,0,28,0,0,0,0,22,0,0,0,28,0,35,27,20,0
-40,16,0,10,0,0,0,0,0,0,0,0,-20,0,0,0,0,0,26,0,21,16,-29,0,0,0,0,0,0,0
------------- End of Scenario k = 0 -------
0,74,65,0,0,0,0,0,0,0,0,0,0,0,30,0,42,0,0,0,0,0,63,66,0,69,0,25,0,0;0,0,80,0,0,57,0,0,49,43,0,40,0,0,21,71,0,0,0,46,0,0,0,0,37,0,42,0,0,52;79,48,0,74,80,0,52,0,0,38,55,0,0,78,28,0,70,73,0,0,42,0,54,0,40,0,0,0,35,77;0,76,0,0,0,42,48,0,0,0,0,0,25,0,0,0,0,0,0,0,0,0,0,56,0,0,74,32,0,71;0,0,0,55,0,25,0,0,0,0,44,0,0,0,0,0,47,48,39,0,0,0,24,0,0,0,67,0,0,0;0,0,0,79,0,0,0,0,48,0,0,0,0,0,0,0,0,66,0,0,78,36,73,0,0,72,0,78,0,0;27,0,0,0,0,0,0,80,50,0,28,26,0,32,0,0,70,33,73,52,0,0,25,0,0,53,0,0,0,0;28,0,0,0,71,23,57,0,0,0,0,0,0,0,0,42,0,0,77,64,0,26,0,41,0,0,0,28,0,33;80,0,31,0,0,0,0,66,0,52,0,0,74,24,0,0,0,0,0,0,32,0,53,40,0,61,23,72,41,59;0,70,0,0,0,51,0,0,0,0,80,64,0,0,0,0,0,0,0,59,0,32,0,0,23,0,0,0,0,56;0,0,0,29,36,0,0,33,0,21,0,0,67,77,0,0,78,0,0,64,0,0,52,0,0,0,0,0,0,78;0,0,64,0,0,0,23,0,0,0,0,0,80,80,0,28,0,0,0,43,60,0,0,0,0,0,0,0,0,0;0,0,30,0,0,0,0,0,24,0,0,0,0,47,0,0,0,0,0,0,0,0,42,0,0,69,0,0,0,31;63,0,0,0,0,0,45,0,0,0,0,0,0,0,80,0,0,0,40,57,0,0,0,0,0,0,0,25,0,0;0,0,0,0,0,0,31,0,62,0,0,60,0,0,0,80,0,0,0,37,0,0,74,0,55,67,0,0,0,54;0,0,55,0,0,29,0,32,0,0,0,79,0,80,0,0,0,0,0,37,0,0,21,0,0,0,53,0,0,0;49,0,0,0,0,45,0,36,36,77,20,0,80,0,0,0,0,80,0,0,0,0,0,0,0,0,0,0,0,0;64,0,0,0,0,33,0,54,0,0,0,0,0,0,0,0,0,0,0,80,57,0,0,0,54,45,0,0,62,43;0,0,0,0,0,70,0,0,59,0,47,0,0,0,40,80,0,0,0,34,0,0,0,24,0,25,0,0,56,0;0,0,0,64,0,0,0,79,0,0,0,0,58,0,0,20,0,0,0,0,40,0,40,39,0,0,0,0,0,0;0,0,0,34,0,0,73,25,0,0,0,33,0,0,0,63,0,0,0,0,0,0,0,76,0,48,0,0,0,0;0,0,0,0,0,78,0,74,0,0,0,0,0,51,0,0,80,0,0,25,0,0,0,0,0,22,0,0,0,0;0,80,0,0,65,0,0,0,0,0,0,0,38,0,0,40,0,0,0,0,0,0,0,74,73,70,0,0,43,0;0,0,0,74,35,0,0,0,68,0,0,0,0,0,0,0,0,0,50,46,0,40,0,0,70,0,0,0,0,26;0,0,0,32,0,66,0,0,0,0,0,0,0,0,41,0,0,0,0,0,0,61,0,0,0,80,0,69,0,0;77,75,77,48,0,0,0,43,41,0,43,0,0,55,0,0,72,0,0,0,0,0,0,0,0,0,80,33,76,39;0,0,0,53,0,0,0,0,0,0,0,0,0,0,0,0,0,0,0,0,0,0,0,0,0,0,0,80,0,0;0,68,0,0,25,0,45,0,44,0,68,68,53,35,0,0,0,39,0,0,0,0,0,0,0,0,71,0,80,51;0,49,0,0,0,0,0,0,31,0,46,0,0,0,59,0,69,0,0,0,0,0,55,0,0,0,0,38,0,80;0,0,0,0,0,0,0,40,0,0,0,56,0,0,0,51,0,0,0,0,54,0,0,0,42,0,27,52,71,0
0,35,33,0,0,0,0,0,0,0,0,0,0,0,25,0,26,0,0,0,0,0,32,24,0,35,0,24,0,0;0,0,40,0,0,40,0,0,33,22,0,24,0,0,37,29,0,0,0,29,0,0,0,0,35,0,26,0,0,40;29,27,0,24,37,0,35,0,0,31,27,0,0,24,39,0,39,20,0,0,25,0,22,0,20,0,0,0,37,25;0,20,0,0,0,39,39,0,0,0,0,0,29,0,0,0,0,0,0,0,0,0,0,23,0,0,33,34,0,36;0,0,0,30,0,23,0,0,0,0,20,0,0,0,0,0,27,22,36,0,0,0,26,0,0,0,26,0,0,0;0,0,0,23,0,0,0,0,31,0,0,0,0,0,0,0,0,26,0,0,37,34,32,0,0,39,0,31,0,0;37,0,0,0,0,0,0,37,30,0,28,40,0,20,0,0,32,29,36,37,0,0,31,0,0,23,0,0,0,0;19,0,0,0,26,30,28,0,0,0,0,0,0,0,0,20,0,0,32,20,0,24,0,22,0,0,0,35,0,25;39,0,29,0,0,0,0,33,0,31,0,0,33,35,0,0,0,0,0,0,31,0,34,26,0,25,21,31,37,38;0,40,0,0,0,22,0,0,0,0,32,39,0,0,0,0,0,0,0,26,0,31,0,0,24,0,0,0,0,22;0,0,0,33,22,0,0,27,0,40,0,0,20,36,0,0,23,0,0,28,0,0,40,0,0,0,0,0,0,26;0,0,39,0,0,0,40,0,0,0,0,0,30,32,0,35,0,0,0,30,30,0,0,0,0,0,0,0,0,0;0,0,24,0,0,0,0,0,38,0,0,0,0,37,0,0,0,0,0,0,0,0,25,0,0,36,0,0,0,31;24,0,0,0,0,0,40,0,0,0,0,0,0,0,28,0,0,0,20,21,0,0,0,0,0,0,0,29,0,0;0,0,0,0,0,0,23,0,37,0,0,37,0,0,0,39,0,0,0,26,0,0,23,0,31,24,0,0,0,22;0,0,24,0,0,36,0,34,0,0,0,39,0,40,0,0,0,0,0,40,0,0,29,0,0,0,20,0,0,0;34,0,0,0,0,30,0,36,21,27,37,0,20,0,0,0,0,16,0,0,0,0,0,0,0,0,0,0,0,0;34,0,0,0,0,34,0,21,0,0,0,0,0,0,0,0,0,0,0,25,36,0,0,0,22,23,0,0,20,27;0,0,0,0,0,33,0,0,34,0,28,0,0,0,40,21,0,0,0,29,0,0,0,21,0,21,0,0,32,0;0,0,0,20,0,0,0,29,0,0,0,0,21,0,0,31,0,0,0,0,30,0,13,37,0,0,0,0,0,0;0,0,0,38,0,0,26,21,0,0,0,24,0,0,0,35,0,0,0,0,0,0,0,37,0,25,0,0,0,0;0,0,0,0,0,26,0,37,0,0,0,0,0,36,0,0,31,0,0,24,0,0,0,0,0,33,0,0,0,0;0,32,0,0,40,0,0,0,0,0,0,0,35,0,0,28,0,0,0,0,0,0,0,35,28,24,0,0,37,0;0,0,0,37,34,0,0,0,38,0,0,0,0,0,0,0,0,0,27,38,0,20,0,0,28,0,0,0,0,34;0,0,0,35,0,30,0,0,0,0,0,0,0,0,31,0,0,0,0,0,0,29,0,0,0,25,0,31,0,0;23,24,35,36,0,0,0,20,28,0,28,0,0,40,0,0,33,0,0,0,0,0,0,0,0,0,34,22,27,29;0,0,0,33,0,0,0,0,0,0,0,0,0,0,0,0,0,0,0,0,0,0,0,0,0,0,0,35,0,0;0,35,0,0,33,0,35,0,34,0,34,29,26,29,0,0,0,29,0,0,0,0,0,0,0,0,31,0,33,29;0,37,0,0,0,0,0,0,40,0,25,0,0,0,22,0,24,0,0,0,0,0,29,0,0,0,0,25,0,32;0,0,0,0,0,0,0,37,0,0,0,28,0,0,0,20,0,0,0,0,33,0,0,0,20,0,31,36,23,0
-42,23,0,16,0,0,0,0,0,0,0,0,-33,0,0,0,0,0,29,0,23,13,-29,0,0,0,0,0,0,0
------------- End of Scenario k = 1 -------
0,20,79,0,0,0,0,0,0,0,0,0,0,0,73,0,60,0,0,0,0,0,33,35,0,80,0,62,0,0;0,0,80,0,0,59,0,0,74,51,0,48,0,0,27,67,0,0,0,34,0,0,0,0,41,0,70,0,0,39;55,60,0,29,80,0,78,0,0,73,75,0,0,47,64,0,30,78,0,0,62,0,70,0,80,0,0,0,24,29;0,37,0,0,0,65,65,0,0,0,0,0,80,0,0,0,0,0,0,0,0,0,0,49,0,0,54,47,0,45;0,0,0,28,0,80,0,0,0,0,74,0,0,0,0,0,58,31,48,0,0,0,30,0,0,0,36,0,0,0;0,0,0,76,0,0,0,0,70,0,0,0,0,0,0,0,0,65,0,0,58,73,56,0,0,69,0,70,0,0;74,0,0,0,0,0,0,30,60,0,70,35,0,30,0,0,53,22,41,79,0,0,41,0,0,26,0,0,0,0;80,0,0,0,63,63,77,0,0,0,0,0,0,0,0,26,0,0,36,70,0,29,0,77,0,0,0,58,0,40;52,0,43,0,0,0,0,35,0,80,0,0,72,60,0,0,0,0,0,0,74,0,47,36,0,49,37,37,75,34;0,29,0,0,0,53,0,0,0,0,60,43,0,0,0,0,0,0,0,72,0,44,0,0,25,0,0,0,0,20;0,0,0,77,78,0,0,32,0,34,0,0,54,80,0,0,79,0,0,22,0,0,75,0,0,0,0,0,0,44;0,0,25,0,0,0,80,0,0,0,0,0,57,80,0,49,0,0,0,72,37,0,0,0,0,0,0,0,0,0;0,0,39,0,0,0,0,0,36,0,0,0,0,60,0,0,0,0,0,0,0,0,60,0,0,69,0,0,0,51;80,0,0,0,0,0,27,0,0,0,0,0,0,0,72,0,0,0,56,73,0,0,0,0,0,0,0,68,0,0;0,0,0,0,0,0,63,0,64,0,0,62,0,0,0,80,0,0,0,26,0,0,49,0,37,54,0,0,0,51;0,0,24,0,0,80,0,39,0,0,0,80,0,61,0,0,0,0,0,54,0,0,64,0,0,0,56,0,0,0;54,0,0,0,0,72,0,38,56,53,46,0,65,0,0,0,0,68,0,0,0,0,0,0,0,0,0,0,0,0;41,0,0,0,0,22,0,44,0,0,0,0,0,0,0,0,0,0,0,30,43,0,0,0,68,21,0,0,56,56;0,0,0,0,0,50,0,0,35,0,39,0,0,0,77,51,0,0,0,76,0,0,0,58,0,55,0,0,66,0;0,0,0,48,0,0,0,77,0,0,0,0,69,0,0,30,0,0,0,0,20,0,49,80,0,0,0,0,0,0;0,0,0,74,0,0,61,57,0,0,0,63,0,0,0,37,0,0,0,0,0,0,0,57,0,53,0,0,0,0;0,0,0,0,0,46,0,46,0,0,0,0,0,33,0,0,80,0,0,59,0,0,0,0,0,31,0,0,0,0;0,42,0,0,29,0,0,0,0,0,0,0,24,0,0,71,0,0,0,0,0,0,0,59,32,27,0,0,36,0;0,0,0,27,40,0,0,0,49,0,0,0,0,0,0,0,0,0,74,56,0,58,0,0,32,0,0,0,0,61;0,0,0,60,0,20,0,0,0,0,0,0,0,0,51,0,0,0,0,0,0,76,0,0,0,80,0,80,0,0;62,74,66,34,0,0,0,68,33,0,25,0,0,25,0,0,58,0,0,0,0,0,0,0,0,0,44,33,74,60;0,0,0,66,0,0,0,0,0,0,0,0,0,0,0,0,0,0,0,0,0,0,0,0,0,0,0,80,0,0;0,73,0,0,49,0,33,0,37,0,20,51,75,25,0,0,0,31,0,0,0,0,0,0,0,0,28,0,77,39;0,71,0,0,0,0,0,0,21,0,80,0,0,0,78,0,76,0,0,0,0,0,78,0,0,0,0,43,0,80;0,0,0,0,0,0,0,43,0,0,0,62,0,0,0,45,0,0,0,0,25,0,0,0,20,0,40,33,50,0
0,29,35,0,0,0,0,0,0,0,0,0,0,0,25,0,33,0,0,0,0,0,34,27,0,23,0,23,0,0;0,0,38,0,0,34,0,0,28,32,0,27,0,0,40,32,0,0,0,23,0,0,0,0,22,0,24,0,0,38;38,29,0,28,24,0,34,0,0,20,31,0,0,21,25,0,36,30,0,0,30,0,24,0,22,0,0,0,29,26;0,28,0,0,0,31,32,0,0,0,0,0,32,0,0,0,0,0,0,0,0,0,0,31,0,0,25,27,0,35;0,0,0,40,0,35,0,0,0,0,31,0,0,0,0,0,22,29,20,0,0,0,34,0,0,0,34,0,0,0;0,0,0,29,0,0,0,0,20,0,0,0,0,0,0,0,0,40,0,0,29,29,27,0,0,32,0,33,0,0;27,0,0,0,0,0,0,34,33,0,24,40,0,21,0,0,39,30,35,30,0,0,31,0,0,40,0,0,0,0;29,0,0,0,39,38,37,0,0,0,0,0,0,0,0,20,0,0,35,20,0,22,0,37,0,0,0,28,0,31;37,0,30,0,0,0,0,37,0,35,0,0,30,30,0,0,0,0,0,0,20,0,30,32,0,24,38,26,30,31;0,20,0,0,0,38,0,0,0,0,28,25,0,0,0,0,0,0,0,22,0,39,0,0,28,0,0,0,0,28;0,0,0,38,21,0,0,24,0,38,0,0,32,33,0,0,24,0,0,25,0,0,28,0,0,0,0,0,0,27;0,0,20,0,0,0,30,0,0,0,0,0,26,20,0,20,0,0,0,38,22,0,0,0,0,0,0,0,0,0;0,0,27,0,0,0,0,0,26,0,0,0,0,37,0,0,0,0,0,0,0,0,24,0,0,29,0,0,0,28;24,0,0,0,0,0,31,0,0,0,0,0,0,0,35,0,0,0,25,27,0,0,0,0,0,0,0,26,0,0;0,0,0,0,0,0,33,0,34,0,0,30,0,0,0,21,0,0,0,27,0,0,19,0,37,40,0,0,0,29;0,0,39,0,0,22,0,39,0,0,0,37,0,29,0,0,0,0,0,39,0,0,37,0,0,0,30,0,0,0;25,0,0,0,0,24,0,31,38,20,37,0,19,0,0,0,0,15,0,0,0,0,0,0,0,0,0,0,0,0;26,0,0,0,0,40,0,27,0,0,0,0,0,0,0,0,0,0,0,40,29,0,0,0,28,33,0,0,25,28;0,0,0,0,0,32,0,0,30,0,34,0,0,0,29,21,0,0,0,26,0,0,0,27,0,20,0,0,24,0;0,0,0,22,0,0,0,29,0,0,0,0,37,0,0,28,0,0,0,0,35,0,12,29,0,0,0,0,0,0;0,0,0,23,0,0,32,39,0,0,0,17,0,0,0,23,0,0,0,0,0,0,0,31,0,35,0,0,0,0;0,0,0,0,0,33,0,22,0,0,0,0,0,24,0,0,24,0,0,40,0,0,0,0,0,40,0,0,0,0;0,20,0,0,33,0,0,0,0,0,0,0,22,0,0,20,0,0,0,0,0,0,0,26,25,28,0,0,35,0;0,0,0,30,39,0,0,0,27,0,0,0,0,0,0,0,0,0,29,38,0,30,0,0,29,0,0,0,0,40;0,0,0,21,0,25,0,0,0,0,0,0,0,0,22,0,0,0,0,0,0,31,0,0,0,33,0,32,0,0;34,34,30,35,0,0,0,27,29,0,34,0,0,39,0,0,34,0,0,0,0,0,0,0,0,0,20,32,26,33;0,0,0,39,0,0,0,0,0,0,0,0,0,0,0,0,0,0,0,0,0,0,0,0,0,0,0,21,0,0;0,21,0,0,29,0,32,0,29,0,32,21,34,27,0,0,0,28,0,0,0,0,0,0,0,0,26,0,37,23;0,30,0,0,0,0,0,0,31,0,25,0,0,0,33,0,31,0,0,0,0,0,22,0,0,0,0,25,0,40;0,0,0,0,0,0,0,27,0,0,0,25,0,0,0,31,0,0,0,0,37,0,0,0,37,0,24,21,34,0
-17,23,0,28,0,0,0,0,0,0,0,0,-28,0,0,0,0,0,28,0,15,12,-61,0,0,0,0,0,0,0
------------- End of Scenario k = 2 -------
0,73,69,0,0,0,0,0,0,0,0,0,0,0,45,0,79,0,0,0,0,0,20,31,0,49,0,46,0,0;0,0,80,0,0,59,0,0,74,44,0,39,0,0,26,31,0,0,0,24,0,0,0,0,74,0,44,0,0,77;65,77,0,23,80,0,72,0,0,46,56,0,0,51,78,0,60,32,0,0,60,0,39,0,51,0,0,0,34,71;0,63,0,0,0,59,42,0,0,0,0,0,32,0,0,0,0,0,0,0,0,0,0,36,0,0,75,60,0,43;0,0,0,76,0,80,0,0,0,0,64,0,0,0,0,0,36,42,45,0,0,0,31,0,0,0,41,0,0,0;0,0,0,20,0,0,0,0,43,0,0,0,0,0,0,0,0,75,0,0,27,71,60,0,0,71,0,32,0,0;40,0,0,0,0,0,0,35,20,0,31,71,0,31,0,0,39,27,64,56,0,0,22,0,0,51,0,0,0,0;80,0,0,0,78,73,61,0,0,0,0,0,0,0,0,27,0,0,80,63,0,33,0,73,0,0,0,58,0,78;31,0,76,0,0,0,0,72,0,27,0,0,80,41,0,0,0,0,0,0,73,0,55,60,0,66,34,69,74,50;0,55,0,0,0,58,0,0,0,0,80,20,0,0,0,0,0,0,0,75,0,64,0,0,26,0,0,0,0,76;0,0,0,70,77,0,0,62,0,65,0,0,70,65,0,0,74,0,0,32,0,0,56,0,0,0,0,0,0,34;0,0,54,0,0,0,70,0,0,0,0,0,80,80,0,55,0,0,0,52,47,0,0,0,0,0,0,0,0,0;0,0,42,0,0,0,0,0,55,0,0,0,0,25,0,0,0,0,0,0,0,0,53,0,0,42,0,0,0,50;76,0,0,0,0,0,29,0,0,0,0,0,0,0,80,0,0,0,48,57,0,0,0,0,0,0,0,43,0,0;0,0,0,0,0,0,36,0,53,0,0,23,0,0,0,80,0,0,0,74,0,0,80,0,55,76,0,0,0,70;0,0,71,0,0,49,0,31,0,0,0,51,0,77,0,0,0,0,0,72,0,0,51,0,0,0,40,0,0,0;57,0,0,0,0,67,0,71,60,77,61,0,73,0,0,0,0,75,0,0,0,0,0,0,0,0,0,0,0,0;28,0,0,0,0,71,0,25,0,0,0,0,0,0,0,0,0,0,0,80,27,0,0,0,45,71,0,0,57,26;0,0,0,0,0,53,0,0,38,0,34,0,0,0,36,52,0,0,0,40,0,0,0,50,0,23,0,0,44,0;0,0,0,27,0,0,0,37,0,0,0,0,60,0,0,29,0,0,0,0,48,0,80,80,0,0,0,0,0,0;0,0,0,62,0,0,64,26,0,0,0,80,0,0,0,52,0,0,0,0,0,0,0,79,0,30,0,0,0,0;0,0,0,0,0,74,0,43,0,0,0,0,0,45,0,0,80,0,0,33,0,0,0,0,0,51,0,0,0,0;0,73,0,0,30,0,0,0,0,0,0,0,45,0,0,45,0,0,0,0,0,0,0,64,65,29,0,0,34,0;0,0,0,23,69,0,0,0,26,0,0,0,0,0,0,0,0,0,68,71,0,52,0,0,80,0,0,0,0,75;0,0,0,22,0,27,0,0,0,0,0,0,0,0,51,0,0,0,0,0,0,80,0,0,0,80,0,79,0,0;59,64,67,24,0,0,0,31,71,0,23,0,0,60,0,0,51,0,0,0,0,0,0,0,0,0,80,22,23,75;0,0,0,24,0,0,0,0,0,0,0,0,0,0,0,0,0,0,0,0,0,0,0,0,0,0,0,21,0,0;0,54,0,0,25,0,36,0,69,0,57,48,68,69,0,0,0,62,0,0,0,0,0,0,0,0,54,0,80,76;0,28,0,0,0,0,0,0,54,0,22,0,0,0,25,0,72,0,0,0,0,0,52,0,0,0,0,41,0,80;0,0,0,0,0,0,0,60,0,0,0,44,0,0,0,72,0,0,0,0,45,0,0,0,39,0,48,72,22,0
0,39,40,0,0,0,0,0,0,0,0,0,0,0,21,0,40,0,0,0,0,0,34,26,0,26,0,29,0,0;0,0,38,0,0,24,0,0,39,26,0,34,0,0,24,24,0,0,0,21,0,0,0,0,28,0,34,0,0,37;23,36,0,29,22,0,29,0,0,25,29,0,0,37,26,0,37,32,0,0,22,0,31,0,32,0,0,0,32,32;0,31,0,0,0,20,33,0,0,0,0,0,39,0,0,0,0,0,0,0,0,0,0,29,0,0,28,36,0,22;0,0,0,25,0,22,0,0,0,0,24,0,0,0,0,0,39,21,22,0,0,0,27,0,0,0,38,0,0,0;0,0,0,27,0,0,0,0,24,0,0,0,0,0,0,0,0,34,0,0,33,33,29,0,0,38,0,30,0,0;24,0,0,0,0,0,0,35,23,0,20,40,0,28,0,0,29,34,39,38,0,0,34,0,0,35,0,0,0,0;31,0,0,0,24,34,38,0,0,0,0,0,0,0,0,35,0,0,21,36,0,29,0,26,0,0,0,35,0,22;35,0,25,0,0,0,0,37,0,25,0,0,36,24,0,0,0,0,0,0,33,0,22,36,0,40,25,31,22,29;0,35,0,0,0,40,0,0,0,0,19,37,0,0,0,0,0,0,0,34,0,33,0,0,35,0,0,0,0,23;0,0,0,20,31,0,0,25,0,29,0,0,35,23,0,0,33,0,0,31,0,0,28,0,0,0,0,0,0,27;0,0,26,0,0,0,29,0,0,0,0,0,15,30,0,28,0,0,0,33,29,0,0,0,0,0,0,0,0,0;0,0,26,0,0,0,0,0,25,0,0,0,0,30,0,0,0,0,0,0,0,0,23,0,0,36,0,0,0,25;18,0,0,0,0,0,39,0,0,0,0,0,0,0,24,0,0,0,24,24,0,0,0,0,0,0,0,25,0,0;0,0,0,0,0,0,25,0,35,0,0,26,0,0,0,14,0,0,0,27,0,0,15,0,22,22,0,0,0,20;0,0,26,0,0,38,0,26,0,0,0,29,0,39,0,0,0,0,0,22,0,0,25,0,0,0,32,0,0,0;24,0,0,0,0,36,0,29,38,34,29,0,33,0,0,0,0,12,0,0,0,0,0,0,0,0,0,0,0,0;24,0,0,0,0,28,0,36,0,0,0,0,0,0,0,0,0,0,0,34,21,0,0,0,20,22,0,0,35,37;0,0,0,0,0,31,0,0,30,0,20,0,0,0,31,39,0,0,0,38,0,0,0,31,0,21,0,0,29,0;0,0,0,31,0,0,0,34,0,0,0,0,39,0,0,21,0,0,0,0,39,0,32,20,0,0,0,0,0,0;0,0,0,23,0,0,21,25,0,0,0,38,0,0,0,38,0,0,0,0,0,0,0,29,0,37,0,0,0,0;0,0,0,0,0,35,0,22,0,0,0,0,0,34,0,0,16,0,0,22,0,0,0,0,0,25,0,0,0,0;0,30,0,0,29,0,0,0,0,0,0,0,38,0,0,40,0,0,0,0,0,0,0,38,31,24,0,0,20,0;0,0,0,23,34,0,0,0,24,0,0,0,0,0,0,0,0,0,37,28,0,40,0,0,35,0,0,0,0,21;0,0,0,39,0,30,0,0,0,0,0,0,0,0,35,0,0,0,0,0,0,28,0,0,0,15,0,30,0,0;28,24,27,37,0,0,0,38,21,0,32,0,0,24,0,0,28,0,0,0,0,0,0,0,0,0,34,37,20,30;0,0,0,40,0,0,0,0,0,0,0,0,0,0,0,0,0,0,0,0,0,0,0,0,0,0,0,21,0,0;0,39,0,0,26,0,22,0,24,0,25,33,37,39,0,0,0,21,0,0,0,0,0,0,0,0,35,0,25,37;0,25,0,0,0,0,0,0,27,0,21,0,0,0,28,0,22,0,0,0,0,0,21,0,0,0,0,28,0,36;0,0,0,0,0,0,0,35,0,0,0,25,0,0,0,39,0,0,0,0,38,0,0,0,31,0,35,24,22,0
-27,16,0,24,0,0,0,0,0,0,0,0,-23,0,0,0,0,0,16,0,12,12,-30,0,0,0,0,0,0,0
------------- End of Scenario k = 3 -------
0,53,35,0,0,0,0,0,0,0,0,0,0,0,45,0,71,0,0,0,0,0,79,40,0,44,0,31,0,0;0,0,80,0,0,48,0,0,22,70,0,39,0,0,53,20,0,0,0,66,0,0,0,0,68,0,78,0,0,50;67,53,0,45,80,0,36,0,0,76,25,0,0,48,72,0,56,58,0,0,36,0,70,0,24,0,0,0,51,40;0,28,0,0,0,39,52,0,0,0,0,0,80,0,0,0,0,0,0,0,0,0,0,46,0,0,79,48,0,71;0,0,0,56,0,80,0,0,0,0,54,0,0,0,0,0,56,57,80,0,0,0,47,0,0,0,70,0,0,0;0,0,0,27,0,0,0,0,25,0,0,0,0,0,0,0,0,24,0,0,54,33,49,0,0,24,0,24,0,0;29,0,0,0,0,0,0,80,72,0,34,20,0,65,0,0,65,28,26,69,0,0,80,0,0,26,0,0,0,0;62,0,0,0,33,74,29,0,0,0,0,0,0,0,0,76,0,0,57,40,0,65,0,68,0,0,0,75,0,68;43,0,42,0,0,0,0,30,0,80,0,0,80,54,0,0,0,0,0,0,41,0,56,69,0,62,53,27,46,44;0,52,0,0,0,73,0,0,0,0,80,32,0,0,0,0,0,0,0,32,0,46,0,0,73,0,0,0,0,20;0,0,0,28,40,0,0,46,0,49,0,0,78,60,0,0,57,0,0,66,0,0,78,0,0,0,0,0,0,21;0,0,54,0,0,0,20,0,0,0,0,0,77,29,0,24,0,0,0,73,58,0,0,0,0,0,0,0,0,0;0,0,44,0,0,0,0,0,76,0,0,0,0,44,0,0,0,0,0,0,0,0,59,0,0,72,0,0,0,24;80,0,0,0,0,0,69,0,0,0,0,0,0,0,78,0,0,0,40,33,0,0,0,0,0,0,0,39,0,0;0,0,0,0,0,0,30,0,48,0,0,76,0,0,0,21,0,0,0,59,0,0,80,0,38,45,0,0,0,41;0,0,61,0,0,23,0,80,0,0,0,41,0,65,0,0,0,0,0,61,0,0,51,0,0,0,54,0,0,0;20,0,0,0,0,33,0,38,30,74,78,0,80,0,0,0,0,80,0,0,0,0,0,0,0,0,0,0,0,0;70,0,0,0,0,22,0,71,0,0,0,0,0,0,0,0,0,0,0,80,42,0,0,0,24,78,0,0,27,40;0,0,0,0,0,20,0,0,42,0,56,0,0,0,46,53,0,0,0,78,0,0,0,46,0,25,0,0,47,0;0,0,0,78,0,0,0,53,0,0,0,0,37,0,0,31,0,0,0,0,79,0,65,50,0,0,0,0,0,0;0,0,0,60,0,0,67,41,0,0,0,56,0,0,0,53,0,0,0,0,0,0,0,57,0,69,0,0,0,0;0,0,0,0,0,46,0,40,0,0,0,0,0,54,0,0,80,0,0,37,0,0,0,0,0,26,0,0,0,0;0,65,0,0,59,0,0,0,0,0,0,0,66,0,0,34,0,0,0,0,0,0,0,71,28,30,0,0,67,0;0,0,0,24,70,0,0,0,42,0,0,0,0,0,0,0,0,0,39,76,0,48,0,0,80,0,0,0,0,48;0,0,0,52,0,59,0,0,0,0,0,0,0,0,66,0,0,0,0,0,0,51,0,0,0,80,0,69,0,0;53,71,48,26,0,0,0,58,48,0,61,0,0,53,0,0,25,0,0,0,0,0,0,0,0,0,42,78,77,49;0,0,0,51,0,0,0,0,0,0,0,0,0,0,0,0,0,0,0,0,0,0,0,0,0,0,0,70,0,0;0,76,0,0,72,0,77,0,63,0,36,60,71,63,0,0,0,35,0,0,0,0,0,0,0,0,77,0,74,53;0,71,0,0,0,0,0,0,80,0,51,0,0,0,65,0,40,0,0,0,0,0,30,0,0,0,0,77,0,80;0,0,0,0,0,0,0,41,0,0,0,68,0,0,0,52,0,0,0,0,36,0,0,0,28,0,23,38,36,0
0,34,23,0,0,0,0,0,0,0,0,0,0,0,34,0,20,0,0,0,0,0,34,35,0,30,0,32,0,0;0,0,37,0,0,24,0,0,38,37,0,25,0,0,20,40,0,0,0,29,0,0,0,0,38,0,33,0,0,40;23,27,0,30,29,0,35,0,0,34,38,0,0,26,20,0,26,32,0,0,21,0,37,0,36,0,0,0,32,32;0,29,0,0,0,24,38,0,0,0,0,0,17,0,0,0,0,0,0,0,0,0,0,23,0,0,37,26,0,29;0,0,0,33,0,24,0,0,0,0,31,0,0,0,0,0,25,28,39,0,0,0,37,0,0,0,31,0,0,0;0,0,0,32,0,0,0,0,31,0,0,0,0,0,0,0,0,34,0,0,25,38,33,0,0,33,0,26,0,0;27,0,0,0,0,0,0,18,26,0,23,37,0,20,0,0,31,26,37,23,0,0,34,0,0,34,0,0,0,0;32,0,0,0,38,20,26,0,0,0,0,0,0,0,0,27,0,0,40,24,0,38,0,22,0,0,0,22,0,39;35,0,34,0,0,0,0,40,0,22,0,0,20,38,0,0,0,0,0,0,22,0,36,39,0,23,30,23,30,29;0,38,0,0,0,36,0,0,0,0,24,23,0,0,0,0,0,0,0,26,0,21,0,0,31,0,0,0,0,29;0,0,0,30,30,0,0,31,0,25,0,0,38,23,0,0,26,0,0,34,0,0,39,0,0,0,0,0,0,25;0,0,37,0,0,0,28,0,0,0,0,0,32,40,0,22,0,0,0,20,35,0,0,0,0,0,0,0,0,0;0,0,23,0,0,0,0,0,26,0,0,0,0,25,0,0,0,0,0,0,0,0,21,0,0,32,0,0,0,29;38,0,0,0,0,0,29,0,0,0,0,0,0,0,34,0,0,0,39,29,0,0,0,0,0,0,0,28,0,0;0,0,0,0,0,0,26,0,34,0,0,33,0,0,0,35,0,0,0,21,0,0,39,0,23,30,0,0,0,22;0,0,37,0,0,27,0,36,0,0,0,31,0,39,0,0,0,0,0,28,0,0,36,0,0,0,31,0,0,0;23,0,0,0,0,25,0,36,21,21,28,0,25,0,0,0,0,31,0,0,0,0,0,0,0,0,0,0,0,0;36,0,0,0,0,35,0,36,0,0,0,0,0,0,0,0,0,0,0,35,28,0,0,0,22,25,0,0,24,23;0,0,0,0,0,40,0,0,25,0,27,0,0,0,27,37,0,0,0,21,0,0,0,31,0,24,0,0,20,0;0,0,0,40,0,0,0,34,0,0,0,0,22,0,0,34,0,0,0,0,35,0,39,40,0,0,0,0,0,0;0,0,0,26,0,0,26,20,0,0,0,31,0,0,0,29,0,0,0,0,0,0,0,22,0,34,0,0,0,0;0,0,0,0,0,37,0,29,0,0,0,0,0,39,0,0,30,0,0,29,0,0,0,0,0,22,0,0,0,0;0,24,0,0,32,0,0,0,0,0,0,0,35,0,0,27,0,0,0,0,0,0,0,24,30,35,0,0,26,0;0,0,0,24,35,0,0,0,24,0,0,0,0,0,0,0,0,0,37,40,0,22,0,0,39,0,0,0,0,39;0,0,0,25,0,35,0,0,0,0,0,0,0,0,35,0,0,0,0,0,0,32,0,0,0,34,0,35,0,0;35,26,22,37,0,0,0,28,35,0,27,0,0,39,0,0,36,0,0,0,0,0,0,0,0,0,35,20,40,27;0,0,0,31,0,0,0,0,0,0,0,0,0,0,0,0,0,0,0,0,0,0,0,0,0,0,0,28,0,0;0,34,0,0,28,0,28,0,24,0,25,30,28,30,0,0,0,24,0,0,0,0,0,0,0,0,35,0,40,33;0,27,0,0,0,0,0,0,21,0,33,0,0,0,31,0,27,0,0,0,0,0,37,0,0,0,0,37,0,27;0,0,0,0,0,0,0,36,0,0,0,32,0,0,0,37,0,0,0,0,40,0,0,0,36,0,40,40,32,0
-24,23,0,13,0,0,0,0,0,0,0,0,-18,0,0,0,0,0,11,0,29,25,-59,0,0,0,0,0,0,0
------------- End of Scenario k = 4 -------
0,55,58,0,0,0,0,0,0,0,0,0,0,0,61,0,27,0,0,0,0,0,31,61,0,46,0,48,0,0;0,0,51,0,0,35,0,0,69,64,0,49,0,0,52,69,0,0,0,78,0,0,0,0,45,0,61,0,0,23;35,23,0,35,71,0,21,0,0,75,69,0,0,35,57,0,73,41,0,0,37,0,46,0,44,0,0,0,24,31;0,65,0,0,0,54,43,0,0,0,0,0,37,0,0,0,0,0,0,0,0,0,0,76,0,0,20,20,0,56;0,0,0,73,0,65,0,0,0,0,22,0,0,0,0,0,37,29,68,0,0,0,41,0,0,0,50,0,0,0;0,0,0,55,0,0,0,0,22,0,0,0,0,0,0,0,0,61,0,0,51,53,68,0,0,76,0,50,0,0;73,0,0,0,0,0,0,54,23,0,61,25,0,36,0,0,61,24,71,56,0,0,53,0,0,58,0,0,0,0;80,0,0,0,66,60,66,0,0,0,0,0,0,0,0,74,0,0,70,56,0,67,0,60,0,0,0,34,0,76;80,0,43,0,0,0,0,37,0,30,0,0,80,36,0,0,0,0,0,0,52,0,24,46,0,59,50,71,68,66;0,51,0,0,0,28,0,0,0,0,80,30,0,0,0,0,0,0,0,54,0,80,0,0,45,0,0,0,0,71;0,0,0,61,28,0,0,60,0,59,0,0,74,39,0,0,41,0,0,29,0,0,57,0,0,0,0,0,0,77;0,0,48,0,0,0,35,0,0,0,0,0,80,25,0,37,0,0,0,23,24,0,0,0,0,0,0,0,0,0;0,0,73,0,0,0,0,0,45,0,0,0,0,64,0,0,0,0,0,0,0,0,55,0,0,38,0,0,0,29;36,0,0,0,0,0,34,0,0,0,0,0,0,0,62,0,0,0,57,54,0,0,0,0,0,0,0,62,0,0;0,0,0,0,0,0,74,0,23,0,0,37,0,0,0,58,0,0,0,26,0,0,70,0,56,73,0,0,0,29;0,0,25,0,0,54,0,80,0,0,0,23,0,75,0,0,0,0,0,32,0,0,73,0,0,0,56,0,0,0;55,0,0,0,0,58,0,70,23,59,78,0,80,0,0,0,0,80,0,0,0,0,0,0,0,0,0,0,0,0;27,0,0,0,0,47,0,32,0,0,0,0,0,0,0,0,0,0,0,41,72,0,0,0,74,69,0,0,71,46;0,0,0,0,0,69,0,0,37,0,37,0,0,0,23,22,0,0,0,28,0,0,0,38,0,47,0,0,48,0;0,0,0,53,0,0,0,70,0,0,0,0,77,0,0,44,0,0,0,0,43,0,27,43,0,0,0,0,0,0;0,0,0,38,0,0,38,53,0,0,0,80,0,0,0,63,0,0,0,0,0,0,0,35,0,68,0,0,0,0;0,0,0,0,0,60,0,68,0,0,0,0,0,71,0,0,80,0,0,24,0,0,0,0,0,37,0,0,0,0;0,56,0,0,38,0,0,0,0,0,0,0,21,0,0,80,0,0,0,0,0,0,0,75,21,60,0,0,22,0;0,0,0,69,74,0,0,0,31,0,0,0,0,0,0,0,0,0,59,42,0,28,0,0,42,0,0,0,0,44;0,0,0,68,0,79,0,0,0,0,0,0,0,0,34,0,0,0,0,0,0,39,0,0,0,80,0,40,0,0;78,62,28,72,0,0,0,36,45,0,31,0,0,30,0,0,52,0,0,0,0,0,0,0,0,0,29,33,80,39;0,0,0,71,0,0,0,0,0,0,0,0,0,0,0,0,0,0,0,0,0,0,0,0,0,0,0,73,0,0;0,75,0,0,33,0,41,0,58,0,60,28,30,28,0,0,0,44,0,0,0,0,0,0,0,0,48,0,80,29;0,31,0,0,0,0,0,0,65,0,21,0,0,0,61,0,78,0,0,0,0,0,21,0,0,0,0,61,0,66;0,0,0,0,0,0,0,45,0,0,0,20,0,0,0,47,0,0,0,0,73,0,0,0,30,0,65,50,53,0
0,25,24,0,0,0,0,0,0,0,0,0,0,0,21,0,26,0,0,0,0,0,31,36,0,37,0,30,0,0;0,0,36,0,0,35,0,0,40,21,0,21,0,0,24,35,0,0,0,38,0,0,0,0,40,0,38,0,0,24;29,22,0,25,19,0,38,0,0,34,32,0,0,25,33,0,39,39,0,0,25,0,20,0,33,0,0,0,35,27;0,29,0,0,0,29,23,0,0,0,0,0,34,0,0,0,0,0,0,0,0,0,0,37,0,0,31,27,0,32;0,0,0,26,0,27,0,0,0,0,27,0,0,0,0,0,35,37,34,0,0,0,28,0,0,0,40,0,0,0;0,0,0,22,0,0,0,0,30,0,0,0,0,0,0,0,0,35,0,0,21,38,40,0,0,27,0,25,0,0;21,0,0,0,0,0,0,12,21,0,23,23,0,35,0,0,40,36,38,37,0,0,15,0,0,31,0,0,0,0;36,0,0,0,20,34,36,0,0,0,0,0,0,0,0,40,0,0,27,37,0,40,0,32,0,0,0,38,0,34;39,0,33,0,0,0,0,38,0,39,0,0,38,33,0,0,0,0,0,0,28,0,28,31,0,31,35,32,20,32;0,37,0,0,0,39,0,0,0,0,37,20,0,0,0,0,0,0,0,28,0,31,0,0,31,0,0,0,0,31;0,0,0,22,28,0,0,34,0,20,0,0,22,21,0,0,35,0,0,27,0,0,37,0,0,0,0,0,0,26;0,0,28,0,0,0,21,0,0,0,0,0,37,25,0,40,0,0,0,36,26,0,0,0,0,0,0,0,0,0;0,0,38,0,0,0,0,0,21,0,0,0,0,27,0,0,0,0,0,0,0,0,30,0,0,22,0,0,0,37;32,0,0,0,0,0,24,0,0,0,0,0,0,0,35,0,0,0,24,25,0,0,0,0,0,0,0,27,0,0;0,0,0,0,0,0,28,0,26,0,0,32,0,0,0,25,0,0,0,28,0,0,36,0,40,30,0,0,0,36;0,0,26,0,0,24,0,23,0,0,0,23,0,29,0,0,0,0,0,40,0,0,39,0,0,0,20,0,0,0;35,0,0,0,0,33,0,20,35,35,24,0,28,0,0,0,0,37,0,0,0,0,0,0,0,0,0,0,0,0;26,0,0,0,0,28,0,27,0,0,0,0,0,0,0,0,0,0,0,29,38,0,0,0,23,21,0,0,35,30;0,0,0,0,0,40,0,0,33,0,36,0,0,0,28,34,0,0,0,22,0,0,0,40,0,34,0,0,30,0;0,0,0,38,0,0,0,23,0,0,0,0,23,0,0,39,0,0,0,0,33,0,36,40,0,0,0,0,0,0;0,0,0,38,0,0,28,20,0,0,0,26,0,0,0,37,0,0,0,0,0,0,0,36,0,26,0,0,0,0;0,0,0,0,0,22,0,20,0,0,0,0,0,40,0,0,33,0,0,34,0,0,0,0,0,30,0,0,0,0;0,25,0,0,26,0,0,0,0,0,0,0,24,0,0,21,0,0,0,0,0,0,0,33,31,21,0,0,20,0;0,0,0,40,37,0,0,0,20,0,0,0,0,0,0,0,0,0,40,28,0,34,0,0,37,0,0,0,0,30;0,0,0,29,0,37,0,0,0,0,0,0,0,0,24,0,0,0,0,0,0,36,0,0,0,27,0,33,0,0;33,24,20,38,0,0,0,25,27,0,31,0,0,33,0,0,23,0,0,0,0,0,0,0,0,0,27,25,29,37;0,0,0,39,0,0,0,0,0,0,0,0,0,0,0,0,0,0,0,0,0,0,0,0,0,0,0,32,0,0;0,39,0,0,40,0,30,0,25,0,36,34,25,28,0,0,0,36,0,0,0,0,0,0,0,0,36,0,29,24;0,34,0,0,0,0,0,0,22,0,20,0,0,0,32,0,38,0,0,0,0,0,36,0,0,0,0,27,0,38;0,0,0,0,0,0,0,29,0,0,0,32,0,0,0,27,0,0,0,0,27,0,0,0,25,0,36,38,37,0
-35,15,0,11,0,0,0,0,0,0,0,0,-30,0,0,0,0,0,30,0,22,27,-40,0,0,0,0,0,0,0
------------- End of Scenario k = 5 -------
0,29,42,0,0,0,0,0,0,0,0,0,0,0,25,0,25,0,0,0,0,0,53,69,0,59,0,51,0,0;0,0,45,0,0,61,0,0,33,48,0,38,0,0,59,58,0,0,0,30,0,0,0,0,46,0,79,0,0,75;66,22,0,45,38,0,77,0,0,53,76,0,0,68,44,0,46,54,0,0,39,0,53,0,48,0,0,0,60,62;0,77,0,0,0,40,24,0,0,0,0,0,37,0,0,0,0,0,0,0,0,0,0,66,0,0,74,50,0,73;0,0,0,44,0,49,0,0,0,0,54,0,0,0,0,0,46,55,21,0,0,0,80,0,0,0,65,0,0,0;0,0,0,62,0,0,0,0,27,0,0,0,0,0,0,0,0,35,0,0,43,79,61,0,0,46,0,68,0,0;50,0,0,0,0,0,0,80,26,0,54,50,0,36,0,0,21,36,45,26,0,0,80,0,0,44,0,0,0,0;54,0,0,0,53,60,52,0,0,0,0,0,0,0,0,72,0,0,67,54,0,24,0,60,0,0,0,27,0,29;61,0,35,0,0,0,0,59,0,62,0,0,53,31,0,0,0,0,0,0,72,0,36,79,0,52,56,49,21,30;0,75,0,0,0,26,0,0,0,0,80,51,0,0,0,0,0,0,0,65,0,75,0,0,20,0,0,0,0,26;0,0,0,77,44,0,0,79,0,23,0,0,45,77,0,0,49,0,0,35,0,0,41,0,0,0,0,0,0,77;0,0,23,0,0,0,66,0,0,0,0,0,80,80,0,47,0,0,0,69,30,0,0,0,0,0,0,0,0,0;0,0,52,0,0,0,0,0,63,0,0,0,0,36,0,0,0,0,0,0,0,0,61,0,0,75,0,0,0,47;30,0,0,0,0,0,67,0,0,0,0,0,0,0,25,0,0,0,32,77,0,0,0,0,0,0,0,60,0,0;0,0,0,0,0,0,27,0,45,0,0,42,0,0,0,69,0,0,0,42,0,0,80,0,80,61,0,0,0,42;0,0,75,0,0,40,0,34,0,0,0,64,0,33,0,0,0,0,0,24,0,0,41,0,0,0,62,0,0,0;37,0,0,0,0,75,0,48,21,69,77,0,80,0,0,0,0,26,0,0,0,0,0,0,0,0,0,0,0,0;21,0,0,0,0,32,0,80,0,0,0,0,0,0,0,0,0,0,0,54,34,0,0,0,30,64,0,0,69,75;0,0,0,0,0,69,0,0,80,0,53,0,0,0,51,71,0,0,0,46,0,0,0,31,0,55,0,0,20,0;0,0,0,34,0,0,0,58,0,0,0,0,73,0,0,47,0,0,0,0,62,0,39,80,0,0,0,0,0,0;0,0,0,60,0,0,67,79,0,0,0,80,0,0,0,74,0,0,0,0,0,0,0,65,0,28,0,0,0,0;0,0,0,0,0,46,0,63,0,0,0,0,0,30,0,0,80,0,0,44,0,0,0,0,0,79,0,0,0,0;0,34,0,0,61,0,0,0,0,0,0,0,40,0,0,62,0,0,0,0,0,0,0,23,33,29,0,0,67,0;0,0,0,71,56,0,0,0,23,0,0,0,0,0,0,0,0,0,21,68,0,59,0,0,25,0,0,0,0,28;0,0,0,70,0,66,0,0,0,0,0,0,0,0,43,0,0,0,0,0,0,66,0,0,0,80,0,30,0,0;50,22,26,43,0,0,0,73,58,0,73,0,0,38,0,0,63,0,0,0,0,0,0,0,0,0,36,26,43,58;0,0,0,72,0,0,0,0,0,0,0,0,0,0,0,0,0,0,0,0,0,0,0,0,0,0,0,59,0,0;0,48,0,0,26,0,24,0,64,0,42,34,56,56,0,0,0,49,0,0,0,0,0,0,0,0,54,0,78,49;0,27,0,0,0,0,0,0,20,0,43,0,0,0,63,0,33,0,0,0,0,0,42,0,0,0,0,43,0,80;0,0,0,0,0,0,0,23,0,0,0,49,0,0,0,77,0,0,0,0,46,0,0,0,78,0,63,62,50,0
0,24,34,0,0,0,0,0,0,0,0,0,0,0,32,0,31,0,0,0,0,0,24,37,0,38,0,36,0,0;0,0,31,0,0,35,0,0,39,31,0,39,0,0,32,33,0,0,0,20,0,0,0,0,39,0,22,0,0,20;20,26,0,30,33,0,33,0,0,38,21,0,0,30,39,0,31,21,0,0,28,0,23,0,33,0,0,0,39,28;0,38,0,0,0,25,24,0,0,0,0,0,37,0,0,0,0,0,0,0,0,0,0,37,0,0,33,33,0,20;0,0,0,27,0,24,0,0,0,0,22,0,0,0,0,0,37,20,37,0,0,0,38,0,0,0,22,0,0,0;0,0,0,30,0,0,0,0,20,0,0,0,0,0,0,0,0,40,0,0,29,34,30,0,0,28,0,24,0,0;29,0,0,0,0,0,0,35,27,0,34,34,0,27,0,0,32,28,36,39,0,0,27,0,0,28,0,0,0,0;31,0,0,0,38,21,20,0,0,0,0,0,0,0,0,38,0,0,33,22,0,32,0,35,0,0,0,32,0,38;35,0,34,0,0,0,0,31,0,18,0,0,36,35,0,0,0,0,0,0,33,0,21,32,0,31,25,40,29,20;0,32,0,0,0,34,0,0,0,0,25,33,0,0,0,0,0,0,0,26,0,27,0,0,31,0,0,0,0,39;0,0,0,29,28,0,0,33,0,30,0,0,33,40,0,0,37,0,0,24,0,0,30,0,0,0,0,0,0,36;0,0,32,0,0,0,32,0,0,0,0,0,19,31,0,25,0,0,0,34,36,0,0,0,0,0,0,0,0,0;0,0,34,0,0,0,0,0,33,0,0,0,0,30,0,0,0,0,0,0,0,0,25,0,0,30,0,0,0,31;32,0,0,0,0,0,32,0,0,0,0,0,0,0,37,0,0,0,23,20,0,0,0,0,0,0,0,30,0,0;0,0,0,0,0,0,28,0,27,0,0,37,0,0,0,28,0,0,0,21,0,0,19,0,25,35,0,0,0,23;0,0,25,0,0,38,0,36,0,0,0,29,0,34,0,0,0,0,0,36,0,0,35,0,0,0,27,0,0,0;34,0,0,0,0,26,0,20,26,36,26,0,35,0,0,0,0,38,0,0,0,0,0,0,0,0,0,0,0,0;21,0,0,0,0,24,0,29,0,0,0,0,0,0,0,0,0,0,0,40,38,0,0,0,30,23,0,0,24,34;0,0,0,0,0,31,0,0,27,0,32,0,0,0,30,26,0,0,0,26,0,0,0,22,0,27,0,0,24,0;0,0,0,32,0,0,0,22,0,0,0,0,31,0,0,27,0,0,0,0,39,0,32,36,0,0,0,0,0,0;0,0,0,27,0,0,39,31,0,0,0,36,0,0,0,23,0,0,0,0,0,0,0,20,0,30,0,0,0,0;0,0,0,0,0,26,0,28,0,0,0,0,0,23,0,0,31,0,0,33,0,0,0,0,0,34,0,0,0,0;0,22,0,0,31,0,0,0,0,0,0,0,34,0,0,31,0,0,0,0,0,0,0,34,21,33,0,0,37,0;0,0,0,35,38,0,0,0,24,0,0,0,0,0,0,0,0,0,35,24,0,39,0,0,31,0,0,0,0,23;0,0,0,31,0,31,0,0,0,0,0,0,0,0,23,0,0,0,0,0,0,27,0,0,0,28,0,34,0,0;27,24,34,31,0,0,0,36,22,0,36,0,0,30,0,0,37,0,0,0,0,0,0,0,0,0,38,29,32,37;0,0,0,24,0,0,0,0,0,0,0,0,0,0,0,0,0,0,0,0,0,0,0,0,0,0,0,32,0,0;0,23,0,0,33,0,26,0,39,0,33,21,22,33,0,0,0,20,0,0,0,0,0,0,0,0,35,0,33,24;0,35,0,0,0,0,0,0,20,0,24,0,0,0,36,0,24,0,0,0,0,0,26,0,0,0,0,20,0,37;0,0,0,0,0,0,0,22,0,0,0,26,0,0,0,28,0,0,0,0,32,0,0,0,34,0,39,40,31,0
-31,24,0,24,0,0,0,0,0,0,0,0,-20,0,0,0,0,0,16,0,18,27,-58,0,0,0,0,0,0,0
------------- End of Scenario k = 6 -------
0,67,48,0,0,0,0,0,0,0,0,0,0,0,68,0,43,0,0,0,0,0,39,33,0,20,0,39,0,0;0,0,34,0,0,57,0,0,43,25,0,42,0,0,36,60,0,0,0,78,0,0,0,0,34,0,28,0,0,24;36,53,0,56,57,0,26,0,0,54,42,0,0,76,60,0,24,48,0,0,70,0,59,0,74,0,0,0,22,57;0,75,0,0,0,25,80,0,0,0,0,0,21,0,0,0,0,0,0,0,0,0,0,28,0,0,67,70,0,79;0,0,0,60,0,76,0,0,0,0,21,0,0,0,0,0,41,36,64,0,0,0,29,0,0,0,58,0,0,0;0,0,0,36,0,0,0,0,22,0,0,0,0,0,0,0,0,59,0,0,74,59,46,0,0,72,0,51,0,0;46,0,0,0,0,0,0,25,32,0,79,60,0,40,0,0,32,60,31,53,0,0,80,0,0,60,0,0,0,0;76,0,0,0,37,43,63,0,0,0,0,0,0,0,0,25,0,0,51,46,0,35,0,21,0,0,0,59,0,47;80,0,29,0,0,0,0,69,0,34,0,0,80,47,0,0,0,0,0,0,76,0,35,40,0,45,46,43,72,35;0,72,0,0,0,52,0,0,0,0,71,29,0,0,0,0,0,0,0,40,0,74,0,0,27,0,0,0,0,60;0,0,0,80,20,0,0,34,0,30,0,0,35,29,0,0,42,0,0,26,0,0,65,0,0,0,0,0,0,28;0,0,47,0,0,0,69,0,0,0,0,0,31,42,0,30,0,0,0,46,67,0,0,0,0,0,0,0,0,0;0,0,28,0,0,0,0,0,21,0,0,0,0,22,0,0,0,0,0,0,0,0,28,0,0,41,0,0,0,54;53,0,0,0,0,0,21,0,0,0,0,0,0,0,36,0,0,0,34,43,0,0,0,0,0,0,0,41,0,0;0,0,0,0,0,0,70,0,20,0,0,30,0,0,0,27,0,0,0,32,0,0,80,0,21,66,0,0,0,53;0,0,62,0,0,70,0,77,0,0,0,77,0,29,0,0,0,0,0,50,0,0,20,0,0,0,59,0,0,0;46,0,0,0,0,61,0,56,58,26,70,0,80,0,0,0,0,37,0,0,0,0,0,0,0,0,0,0,0,0;47,0,0,0,0,63,0,20,0,0,0,0,0,0,0,0,0,0,0,64,31,0,0,0,80,80,0,0,74,36;0,0,0,0,0,56,0,0,80,0,35,0,0,0,37,49,0,0,0,69,0,0,0,55,0,27,0,0,71,0;0,0,0,71,0,0,0,44,0,0,0,0,62,0,0,35,0,0,0,0,69,0,27,41,0,0,0,0,0,0;0,0,0,39,0,0,61,79,0,0,0,80,0,0,0,20,0,0,0,0,0,0,0,51,0,71,0,0,0,0;0,0,0,0,0,58,0,21,0,0,0,0,0,49,0,0,32,0,0,39,0,0,0,0,0,71,0,0,0,0;0,44,0,0,68,0,0,0,0,0,0,0,72,0,0,72,0,0,0,0,0,0,0,46,73,68,0,0,60,0;0,0,0,43,68,0,0,0,35,0,0,0,0,0,0,0,0,0,44,54,0,74,0,0,46,0,0,0,0,72;0,0,0,36,0,67,0,0,0,0,0,0,0,0,59,0,0,0,0,0,0,71,0,0,0,80,0,49,0,0;24,33,33,28,0,0,0,46,72,0,55,0,0,80,0,0,21,0,0,0,0,0,0,0,0,0,31,31,21,55;0,0,0,40,0,0,0,0,0,0,0,0,0,0,0,0,0,0,0,0,0,0,0,0,0,0,0,78,0,0;0,55,0,0,53,0,21,0,31,0,59,79,26,73,0,0,0,73,0,0,0,0,0,0,0,0,70,0,80,51;0,32,0,0,0,0,0,0,25,0,39,0,0,0,39,0,55,0,0,0,0,0,51,0,0,0,0,42,0,52;0,0,0,0,0,0,0,54,0,0,0,48,0,0,0,67,0,0,0,0,54,0,0,0,72,0,37,39,69,0
0,34,20,0,0,0,0,0,0,0,0,0,0,0,27,0,23,0,0,0,0,0,40,29,0,38,0,37,0,0;0,0,23,0,0,40,0,0,24,23,0,23,0,0,23,32,0,0,0,38,0,0,0,0,40,0,39,0,0,31;36,27,0,33,35,0,26,0,0,36,40,0,0,20,36,0,24,29,0,0,40,0,37,0,25,0,0,0,23,25;0,38,0,0,0,22,26,0,0,0,0,0,40,0,0,0,0,0,0,0,0,0,0,27,0,0,29,20,0,30;0,0,0,34,0,29,0,0,0,0,30,0,0,0,0,0,25,27,34,0,0,0,16,0,0,0,38,0,0,0;0,0,0,29,0,0,0,0,38,0,0,0,0,0,0,0,0,20,0,0,39,27,30,0,0,25,0,38,0,0;26,0,0,0,0,0,0,21,34,0,30,27,0,29,0,0,29,35,20,36,0,0,34,0,0,33,0,0,0,0;33,0,0,0,36,32,30,0,0,0,0,0,0,0,0,25,0,0,39,40,0,25,0,23,0,0,0,23,0,40;38,0,36,0,0,0,0,31,0,35,0,0,36,24,0,0,0,0,0,0,20,0,28,23,0,24,33,31,25,39;0,27,0,0,0,22,0,0,0,0,29,34,0,0,0,0,0,0,0,27,0,36,0,0,32,0,0,0,0,26;0,0,0,22,22,0,0,24,0,35,0,0,23,35,0,0,23,0,0,22,0,0,32,0,0,0,0,0,0,34;0,0,28,0,0,0,36,0,0,0,0,0,18,11,0,35,0,0,0,26,21,0,0,0,0,0,0,0,0,0;0,0,38,0,0,0,0,0,21,0,0,0,0,23,0,0,0,0,0,0,0,0,21,0,0,24,0,0,0,39;19,0,0,0,0,0,21,0,0,0,0,0,0,0,22,0,0,0,32,34,0,0,0,0,0,0,0,31,0,0;0,0,0,0,0,0,24,0,30,0,0,20,0,0,0,29,0,0,0,35,0,0,25,0,38,26,0,0,0,32;0,0,35,0,0,40,0,37,0,0,0,40,0,37,0,0,0,0,0,28,0,0,23,0,0,0,29,0,0,0;36,0,0,0,0,36,0,32,40,33,38,0,39,0,0,0,0,40,0,0,0,0,0,0,0,0,0,0,0,0;30,0,0,0,0,40,0,29,0,0,0,0,0,0,0,0,0,0,0,36,35,0,0,0,38,28,0,0,31,23;0,0,0,0,0,33,0,0,27,0,33,0,0,0,37,25,0,0,0,25,0,0,0,20,0,29,0,0,32,0;0,0,0,21,0,0,0,36,0,0,0,0,28,0,0,22,0,0,0,0,21,0,30,33,0,0,0,0,0,0;0,0,0,37,0,0,32,28,0,0,0,21,0,0,0,21,0,0,0,0,0,0,0,23,0,38,0,0,0,0;0,0,0,0,0,21,0,27,0,0,0,0,0,34,0,0,34,0,0,37,0,0,0,0,0,25,0,0,0,0;0,40,0,0,25,0,0,0,0,0,0,0,20,0,0,27,0,0,0,0,0,0,0,23,38,22,0,0,37,0;0,0,0,35,34,0,0,0,31,0,0,0,0,0,0,0,0,0,35,22,0,24,0,0,37,0,0,0,0,22;0,0,0,40,0,22,0,0,0,0,0,0,0,0,39,0,0,0,0,0,0,25,0,0,0,38,0,37,0,0;21,28,31,38,0,0,0,30,27,0,29,0,0,36,0,0,27,0,0,0,0,0,0,0,0,0,32,35,25,26;0,0,0,39,0,0,0,0,0,0,0,0,0,0,0,0,0,0,0,0,0,0,0,0,0,0,0,40,0,0;0,25,0,0,38,0,28,0,36,0,24,33,24,23,0,0,0,22,0,0,0,0,0,0,0,0,38,0,32,23;0,21,0,0,0,0,0,0,33,0,33,0,0,0,37,0,29,0,0,0,0,0,39,0,0,0,0,25,0,30;0,0,0,0,0,0,0,35,0,0,0,22,0,0,0,29,0,0,0,0,36,0,0,0,30,0,31,35,35,0
-20,16,0,21,0,0,0,0,0,0,0,0,-60,0,0,0,0,0,25,0,10,30,-22,0,0,0,0,0,0,0
------------- End of Scenario k = 7 -------
0,72,44,0,0,0,0,0,0,0,0,0,0,0,60,0,80,0,0,0,0,0,23,67,0,22,0,62,0,0;0,0,80,0,0,76,0,0,61,59,0,78,0,0,68,25,0,0,0,72,0,0,0,0,38,0,34,0,0,50;52,69,0,62,50,0,31,0,0,31,49,0,0,63,74,0,36,31,0,0,35,0,78,0,29,0,0,0,25,74;0,72,0,0,0,70,56,0,0,0,0,0,80,0,0,0,0,0,0,0,0,0,0,55,0,0,35,30,0,38;0,0,0,29,0,46,0,0,0,0,58,0,0,0,0,0,69,32,29,0,0,0,80,0,0,0,75,0,0,0;0,0,0,34,0,0,0,0,57,0,0,0,0,0,0,0,0,62,0,0,21,63,55,0,0,65,0,20,0,0;29,0,0,0,0,0,0,47,58,0,61,53,0,45,0,0,74,20,54,62,0,0,80,0,0,62,0,0,0,0;80,0,0,0,63,31,54,0,0,0,0,0,0,0,0,20,0,0,34,22,0,61,0,26,0,0,0,71,0,66;74,0,78,0,0,0,0,67,0,36,0,0,80,44,0,0,0,0,0,0,32,0,29,56,0,36,31,80,72,45;0,26,0,0,0,55,0,0,0,0,80,70,0,0,0,0,0,0,0,71,0,37,0,0,64,0,0,0,0,35;0,0,0,57,67,0,0,50,0,50,0,0,33,75,0,0,79,0,0,38,0,0,47,0,0,0,0,0,0,44;0,0,31,0,0,0,75,0,0,0,0,0,80,67,0,30,0,0,0,60,47,0,0,0,0,0,0,0,0,0;0,0,70,0,0,0,0,0,35,0,0,0,0,47,0,0,0,0,0,0,0,0,54,0,0,53,0,0,0,80;80,0,0,0,0,0,46,0,0,0,0,0,0,0,80,0,0,0,49,78,0,0,0,0,0,0,0,74,0,0;0,0,0,0,0,0,71,0,23,0,0,50,0,0,0,80,0,0,0,38,0,0,44,0,33,24,0,0,0,36;0,0,73,0,0,57,0,63,0,0,0,66,0,63,0,0,0,0,0,28,0,0,56,0,0,0,47,0,0,0;66,0,0,0,0,48,0,68,61,77,26,0,35,0,0,0,0,58,0,0,0,0,0,0,0,0,0,0,0,0;74,0,0,0,0,46,0,41,0,0,0,0,0,0,0,0,0,0,0,80,57,0,0,0,42,75,0,0,48,40;0,0,0,0,0,32,0,0,51,0,62,0,0,0,72,53,0,0,0,50,0,0,0,44,0,37,0,0,54,0;0,0,0,43,0,0,0,68,0,0,0,0,40,0,0,54,0,0,0,0,41,0,22,51,0,0,0,0,0,0;0,0,0,57,0,0,60,26,0,0,0,65,0,0,0,62,0,0,0,0,0,0,0,73,0,39,0,0,0,0;0,0,0,0,0,67,0,47,0,0,0,0,0,29,0,0,67,0,0,30,0,0,0,0,0,37,0,0,0,0;0,61,0,0,66,0,0,0,0,0,0,0,74,0,0,61,0,0,0,0,0,0,0,68,56,33,0,0,72,0;0,0,0,40,76,0,0,0,49,0,0,0,0,0,0,0,0,0,40,37,0,80,0,0,45,0,0,0,0,47;0,0,0,44,0,47,0,0,0,0,0,0,0,0,77,0,0,0,0,0,0,37,0,0,0,44,0,22,0,0;80,64,27,29,0,0,0,37,80,0,24,0,0,24,0,0,44,0,0,0,0,0,0,0,0,0,80,73,66,44;0,0,0,42,0,0,0,0,0,0,0,0,0,0,0,0,0,0,0,0,0,0,0,0,0,0,0,80,0,0;0,27,0,0,34,0,32,0,25,0,61,29,56,76,0,0,0,34,0,0,0,0,0,0,0,0,76,0,55,37;0,67,0,0,0,0,0,0,62,0,58,0,0,0,40,0,72,0,0,0,0,0,42,0,0,0,0,78,0,80;0,0,0,0,0,0,0,59,0,0,0,20,0,0,0,29,0,0,0,0,79,0,0,0,58,0,72,32,25,0
0,25,21,0,0,0,0,0,0,0,0,0,0,0,32,0,35,0,0,0,0,0,23,33,0,32,0,24,0,0;0,0,21,0,0,29,0,0,36,27,0,37,0,0,26,21,0,0,0,35,0,0,0,0,34,0,34,0,0,32;26,39,0,20,29,0,22,0,0,26,26,0,0,37,38,0,28,28,0,0,20,0,38,0,20,0,0,0,22,23;0,27,0,0,0,36,32,0,0,0,0,0,38,0,0,0,0,0,0,0,0,0,0,23,0,0,26,29,0,26;0,0,0,32,0,21,0,0,0,0,20,0,0,0,0,0,37,35,21,0,0,0,22,0,0,0,38,0,0,0;0,0,0,22,0,0,0,0,30,0,0,0,0,0,0,0,0,40,0,0,35,32,21,0,0,36,0,27,0,0;34,0,0,0,0,0,0,37,21,0,31,22,0,28,0,0,39,23,23,36,0,0,27,0,0,38,0,0,0,0;36,0,0,0,40,33,24,0,0,0,0,0,0,0,0,24,0,0,23,29,0,25,0,22,0,0,0,39,0,38;31,0,21,0,0,0,0,34,0,19,0,0,17,37,0,0,0,0,0,0,28,0,26,32,0,37,34,25,23,36;0,34,0,0,0,21,0,0,0,0,13,34,0,0,0,0,0,0,0,32,0,20,0,0,28,0,0,0,0,20;0,0,0,33,38,0,0,33,0,21,0,0,29,27,0,0,37,0,0,40,0,0,38,0,0,0,0,0,0,35;0,0,21,0,0,0,28,0,0,0,0,0,32,37,0,24,0,0,0,34,36,0,0,0,0,0,0,0,0,0;0,0,33,0,0,0,0,0,24,0,0,0,0,26,0,0,0,0,0,0,0,0,23,0,0,21,0,0,0,34;22,0,0,0,0,0,26,0,0,0,0,0,0,0,31,0,0,0,27,32,0,0,0,0,0,0,0,22,0,0;0,0,0,0,0,0,36,0,34,0,0,23,0,0,0,34,0,0,0,39,0,0,30,0,21,30,0,0,0,26;0,0,25,0,0,36,0,24,0,0,0,34,0,20,0,0,0,0,0,35,0,0,28,0,0,0,23,0,0,0;29,0,0,0,0,38,0,33,26,32,26,0,23,0,0,0,0,33,0,0,0,0,0,0,0,0,0,0,0,0;39,0,0,0,0,28,0,31,0,0,0,0,0,0,0,0,0,0,0,30,29,0,0,0,31,25,0,0,25,31;0,0,0,0,0,20,0,0,24,0,31,0,0,0,22,21,0,0,0,36,0,0,0,38,0,33,0,0,27,0;0,0,0,21,0,0,0,33,0,0,0,0,31,0,0,20,0,0,0,0,23,0,23,24,0,0,0,0,0,0;0,0,0,34,0,0,37,21,0,0,0,27,0,0,0,29,0,0,0,0,0,0,0,21,0,34,0,0,0,0;0,0,0,0,0,23,0,32,0,0,0,0,0,39,0,0,21,0,0,34,0,0,0,0,0,40,0,0,0,0;0,34,0,0,27,0,0,0,0,0,0,0,35,0,0,32,0,0,0,0,0,0,0,35,32,38,0,0,29,0;0,0,0,37,40,0,0,0,31,0,0,0,0,0,0,0,0,0,40,25,0,40,0,0,31,0,0,0,0,23;0,0,0,39,0,36,0,0,0,0,0,0,0,0,29,0,0,0,0,0,0,24,0,0,0,26,0,21,0,0;24,22,35,40,0,0,0,21,30,0,37,0,0,40,0,0,24,0,0,0,0,0,0,0,0,0,29,32,38,34;0,0,0,39,0,0,0,0,0,0,0,0,0,0,0,0,0,0,0,0,0,0,0,0,0,0,0,19,0,0;0,30,0,0,22,0,33,0,26,0,31,20,40,27,0,0,0,29,0,0,0,0,0,0,0,0,29,0,40,27;0,29,0,0,0,0,0,0,26,0,27,0,0,0,22,0,36,0,0,0,0,0,32,0,0,0,0,29,0,29;0,0,0,0,0,0,0,39,0,0,0,24,0,0,0,22,0,0,0,0,29,0,0,0,36,0,28,28,29,0
-24,17,0,25,0,0,0,0,0,0,0,0,-37,0,0,0,0,0,11,0,22,16,-30,0,0,0,0,0,0,0
------------- End of Scenario k = 8 -------
0,29,25,0,0,0,0,0,0,0,0,0,0,0,57,0,20,0,0,0,0,0,52,57,0,78,0,36,0,0;0,0,80,0,0,48,0,0,49,61,0,23,0,0,69,30,0,0,0,75,0,0,0,0,44,0,40,0,0,57;59,64,0,40,80,0,36,0,0,31,51,0,0,78,63,0,23,37,0,0,46,0,79,0,39,0,0,0,56,75;0,68,0,0,0,72,64,0,0,0,0,0,72,0,0,0,0,0,0,0,0,0,0,76,0,0,46,66,0,57;0,0,0,39,0,80,0,0,0,0,50,0,0,0,0,0,52,55,67,0,0,0,35,0,0,0,49,0,0,0;0,0,0,71,0,0,0,0,54,0,0,0,0,0,0,0,0,55,0,0,80,29,41,0,0,31,0,72,0,0;42,0,0,0,0,0,0,80,67,0,42,38,0,27,0,0,48,79,67,36,0,0,48,0,0,71,0,0,0,0;29,0,0,0,51,24,37,0,0,0,0,0,0,0,0,54,0,0,51,78,0,42,0,36,0,0,0,25,0,65;74,0,20,0,0,0,0,25,0,27,0,0,48,73,0,0,0,0,0,0,27,0,66,60,0,40,61,77,31,58;0,47,0,0,0,38,0,0,0,0,80,49,0,0,0,0,0,0,0,46,0,61,0,0,35,0,0,0,0,44;0,0,0,31,73,0,0,43,0,41,0,0,75,21,0,0,21,0,0,50,0,0,74,0,0,0,0,0,0,23;0,0,51,0,0,0,66,0,0,0,0,0,80,80,0,67,0,0,0,63,48,0,0,0,0,0,0,0,0,0;0,0,55,0,0,0,0,0,55,0,0,0,0,20,0,0,0,0,0,0,0,0,39,0,0,70,0,0,0,71;39,0,0,0,0,0,66,0,0,0,0,0,0,0,23,0,0,0,29,76,0,0,0,0,0,0,0,46,0,0;0,0,0,0,0,0,69,0,23,0,0,25,0,0,0,52,0,0,0,31,0,0,80,0,24,59,0,0,0,26;0,0,51,0,0,78,0,23,0,0,0,21,0,21,0,0,0,0,0,36,0,0,24,0,0,0,32,0,0,0;60,0,0,0,0,47,0,78,66,77,79,0,29,0,0,0,0,22,0,0,0,0,0,0,0,0,0,0,0,0;49,0,0,0,0,30,0,46,0,0,0,0,0,0,0,0,0,0,0,23,46,0,0,0,55,38,0,0,54,62;0,0,0,0,0,64,0,0,80,0,43,0,0,0,42,43,0,0,0,38,0,0,0,68,0,79,0,0,61,0;0,0,0,27,0,0,0,58,0,0,0,0,62,0,0,38,0,0,0,0,45,0,80,73,0,0,0,0,0,0;0,0,0,80,0,0,52,51,0,0,0,80,0,0,0,35,0,0,0,0,0,0,0,54,0,27,0,0,0,0;0,0,0,0,0,48,0,42,0,0,0,0,0,51,0,0,21,0,0,56,0,0,0,0,0,73,0,0,0,0;0,23,0,0,25,0,0,0,0,0,0,0,44,0,0,45,0,0,0,0,0,0,0,48,41,68,0,0,31,0;0,0,0,24,71,0,0,0,38,0,0,0,0,0,0,0,0,0,79,69,0,58,0,0,80,0,0,0,0,55;0,0,0,73,0,47,0,0,0,0,0,0,0,0,38,0,0,0,0,0,0,57,0,0,0,80,0,40,0,0;71,40,52,48,0,0,0,39,60,0,37,0,0,30,0,0,63,0,0,0,0,0,0,0,0,0,31,47,67,32;0,0,0,68,0,0,0,0,0,0,0,0,0,0,0,0,0,0,0,0,0,0,0,0,0,0,0,43,0,0;0,50,0,0,73,0,36,0,70,0,62,44,45,70,0,0,0,32,0,0,0,0,0,0,0,0,52,0,80,57;0,38,0,0,0,0,0,0,31,0,46,0,0,0,38,0,29,0,0,0,0,0,78,0,0,0,0,40,0,80;0,0,0,0,0,0,0,70,0,0,0,37,0,0,0,41,0,0,0,0,59,0,0,0,33,0,69,41,78,0
0,35,36,0,0,0,0,0,0,0,0,0,0,0,37,0,37,0,0,0,0,0,32,20,0,26,0,34,0,0;0,0,31,0,0,26,0,0,39,38,0,28,0,0,24,33,0,0,0,20,0,0,0,0,29,0,29,0,0,31;29,40,0,39,32,0,20,0,0,31,35,0,0,39,33,0,22,22,0,0,39,0,38,0,33,0,0,0,22,38;0,27,0,0,0,40,35,0,0,0,0,0,28,0,0,0,0,0,0,0,0,0,0,32,0,0,34,30,0,28;0,0,0,38,0,18,0,0,0,0,22,0,0,0,0,0,29,26,34,0,0,0,37,0,0,0,35,0,0,0;0,0,0,28,0,0,0,0,35,0,0,0,0,0,0,0,0,27,0,0,38,26,26,0,0,37,0,23,0,0;36,0,0,0,0,0,0,32,25,0,36,35,0,23,0,0,23,32,22,39,0,0,32,0,0,40,0,0,0,0;34,0,0,0,34,32,31,0,0,0,0,0,0,0,0,30,0,0,34,36,0,35,0,39,0,0,0,23,0,28;39,0,32,0,0,0,0,34,0,24,0,0,15,35,0,0,0,0,0,0,31,0,27,22,0,37,20,21,20,29;0,23,0,0,0,27,0,0,0,0,39,26,0,0,0,0,0,0,0,28,0,30,0,0,38,0,0,0,0,36;0,0,0,29,24,0,0,20,0,32,0,0,23,34,0,0,24,0,0,36,0,0,30,0,0,0,0,0,0,32;0,0,29,0,0,0,22,0,0,0,0,0,21,30,0,30,0,0,0,21,28,0,0,0,0,0,0,0,0,0;0,0,20,0,0,0,0,0,35,0,0,0,0,20,0,0,0,0,0,0,0,0,39,0,0,32,0,0,0,21;39,0,0,0,0,0,29,0,0,0,0,0,0,0,19,0,0,0,24,24,0,0,0,0,0,0,0,23,0,0;0,0,0,0,0,0,24,0,34,0,0,32,0,0,0,39,0,0,0,28,0,0,28,0,21,37,0,0,0,23;0,0,30,0,0,37,0,20,0,0,0,27,0,32,0,0,0,0,0,21,0,0,30,0,0,0,30,0,0,0;36,0,0,0,0,31,0,25,26,20,33,0,19,0,0,0,0,19,0,0,0,0,0,0,0,0,0,0,0,0;39,0,0,0,0,40,0,35,0,0,0,0,0,0,0,0,0,0,0,37,31,0,0,0,28,37,0,0,31,35;0,0,0,0,0,30,0,0,12,0,30,0,0,0,25,35,0,0,0,24,0,0,0,20,0,23,0,0,40,0;0,0,0,29,0,0,0,36,0,0,0,0,20,0,0,33,0,0,0,0,33,0,25,30,0,0,0,0,0,0;0,0,0,34,0,0,22,38,0,0,0,33,0,0,0,22,0,0,0,0,0,0,0,35,0,35,0,0,0,0;0,0,0,0,0,37,0,40,0,0,0,0,0,21,0,0,25,0,0,34,0,0,0,0,0,27,0,0,0,0;0,30,0,0,34,0,0,0,0,0,0,0,23,0,0,34,0,0,0,0,0,0,0,34,40,40,0,0,26,0;0,0,0,39,36,0,0,0,40,0,0,0,0,0,0,0,0,0,24,30,0,28,0,0,30,0,0,0,0,20;0,0,0,25,0,24,0,0,0,0,0,0,0,0,21,0,0,0,0,0,0,20,0,0,0,22,0,29,0,0;39,30,21,38,0,0,0,35,31,0,28,0,0,26,0,0,27,0,0,0,0,0,0,0,0,0,28,35,36,35;0,0,0,38,0,0,0,0,0,0,0,0,0,0,0,0,0,0,0,0,0,0,0,0,0,0,0,33,0,0;0,21,0,0,35,0,28,0,35,0,23,26,38,24,0,0,0,23,0,0,0,0,0,0,0,0,26,0,39,22;0,22,0,0,0,0,0,0,26,0,35,0,0,0,28,0,29,0,0,0,0,0,29,0,0,0,0,39,0,31;0,0,0,0,0,0,0,34,0,0,0,34,0,0,0,29,0,0,0,0,29,0,0,0,29,0,20,30,39,0
-5,15,0,26,0,0,0,0,0,0,0,0,-41,0,0,0,0,0,10,0,17,17,-39,0,0,0,0,0,0,0
------------- End of Scenario k = 9 -------
0,47,41,0,0,0,0,0,0,0,0,0,0,0,29,0,65,0,0,0,0,0,53,50,0,20,0,34,0,0;0,0,80,0,0,51,0,0,43,22,0,78,0,0,58,30,0,0,0,73,0,0,0,0,76,0,47,0,0,67;20,35,0,57,45,0,80,0,0,76,37,0,0,76,42,0,61,42,0,0,47,0,63,0,24,0,0,0,66,71;0,35,0,0,0,77,80,0,0,0,0,0,80,0,0,0,0,0,0,0,0,0,0,68,0,0,46,25,0,74;0,0,0,45,0,80,0,0,0,0,44,0,0,0,0,0,42,54,79,0,0,0,77,0,0,0,29,0,0,0;0,0,0,24,0,0,0,0,42,0,0,0,0,0,0,0,0,76,0,0,73,62,57,0,0,26,0,71,0,0;22,0,0,0,0,0,0,80,21,0,42,27,0,22,0,0,59,63,21,70,0,0,76,0,0,38,0,0,0,0;50,0,0,0,38,20,62,0,0,0,0,0,0,0,0,48,0,0,49,50,0,26,0,47,0,0,0,66,0,60;70,0,22,0,0,0,0,67,0,38,0,0,80,74,0,0,0,0,0,0,69,0,36,67,0,60,21,61,27,32;0,31,0,0,0,74,0,0,0,0,53,41,0,0,0,0,0,0,0,40,0,31,0,0,59,0,0,0,0,80;0,0,0,59,50,0,0,70,0,57,0,0,66,27,0,0,36,0,0,22,0,0,46,0,0,0,0,0,0,65;0,0,55,0,0,0,74,0,0,0,0,0,40,29,0,28,0,0,0,28,34,0,0,0,0,0,0,0,0,0;0,0,67,0,0,0,0,0,68,0,0,0,0,23,0,0,0,0,0,0,0,0,26,0,0,77,0,0,0,72;80,0,0,0,0,0,23,0,0,0,0,0,0,0,80,0,0,0,74,32,0,0,0,0,0,0,0,50,0,0;0,0,0,0,0,0,43,0,70,0,0,59,0,0,0,26,0,0,0,73,0,0,80,0,22,25,0,0,0,55;0,0,67,0,0,68,0,38,0,0,0,42,0,40,0,0,0,0,0,79,0,0,37,0,0,0,49,0,0,0;50,0,0,0,0,63,0,74,67,34,45,0,80,0,0,0,0,49,0,0,0,0,0,0,0,0,0,0,0,0;60,0,0,0,0,42,0,30,0,0,0,0,0,0,0,0,0,0,0,80,59,0,0,0,49,67,0,0,57,64;0,0,0,0,0,73,0,0,53,0,49,0,0,0,72,41,0,0,0,69,0,0,0,66,0,48,0,0,68,0;0,0,0,43,0,0,0,50,0,0,0,0,31,0,0,62,0,0,0,0,50,0,73,80,0,0,0,0,0,0;0,0,0,70,0,0,71,47,0,0,0,20,0,0,0,68,0,0,0,0,0,0,0,54,0,34,0,0,0,0;0,0,0,0,0,49,0,48,0,0,0,0,0,51,0,0,80,0,0,48,0,0,0,0,0,47,0,0,0,0;0,72,0,0,44,0,0,0,0,0,0,0,50,0,0,77,0,0,0,0,0,0,0,21,70,79,0,0,33,0;0,0,0,73,59,0,0,0,36,0,0,0,0,0,0,0,0,0,80,62,0,79,0,0,80,0,0,0,0,72;0,0,0,25,0,76,0,0,0,0,0,0,0,0,29,0,0,0,0,0,0,70,0,0,0,32,0,58,0,0;56,72,30,51,0,0,0,79,75,0,62,0,0,76,0,0,31,0,0,0,0,0,0,0,0,0,80,21,43,79;0,0,0,73,0,0,0,0,0,0,0,0,0,0,0,0,0,0,0,0,0,0,0,0,0,0,0,80,0,0;0,59,0,0,59,0,21,0,42,0,56,54,76,27,0,0,0,22,0,0,0,0,0,0,0,0,55,0,80,22;0,45,0,0,0,0,0,0,57,0,72,0,0,0,27,0,20,0,0,0,0,0,63,0,0,0,0,62,0,80;0,0,0,0,0,0,0,36,0,0,0,59,0,0,0,26,0,0,0,0,20,0,0,0,78,0,27,68,74,0
0,30,37,0,0,0,0,0,0,0,0,0,0,0,20,0,37,0,0,0,0,0,35,26,0,33,0,21,0,0;0,0,38,0,0,26,0,0,20,25,0,28,0,0,34,29,0,0,0,34,0,0,0,0,26,0,21,0,0,21;20,28,0,22,20,0,24,0,0,29,31,0,0,22,27,0,26,25,0,0,37,0,32,0,38,0,0,0,23,29;0,22,0,0,0,37,20,0,0,0,0,0,21,0,0,0,0,0,0,0,0,0,0,40,0,0,28,27,0,36;0,0,0,34,0,28,0,0,0,0,24,0,0,0,0,0,34,39,29,0,0,0,40,0,0,0,32,0,0,0;0,0,0,32,0,0,0,0,28,0,0,0,0,0,0,0,0,32,0,0,32,33,33,0,0,32,0,32,0,0;22,0,0,0,0,0,0,25,38,0,39,37,0,33,0,0,32,21,35,34,0,0,35,0,0,24,0,0,0,0;40,0,0,0,32,22,38,0,0,0,0,0,0,0,0,32,0,0,33,22,0,32,0,39,0,0,0,36,0,31;24,0,36,0,0,0,0,27,0,40,0,0,28,25,0,0,0,0,0,0,40,0,37,24,0,20,38,29,35,30;0,35,0,0,0,34,0,0,0,0,36,29,0,0,0,0,0,0,0,28,0,33,0,0,37,0,0,0,0,24;0,0,0,36,20,0,0,24,0,40,0,0,36,38,0,0,22,0,0,35,0,0,37,0,0,0,0,0,0,33;0,0,33,0,0,0,28,0,0,0,0,0,38,36,0,29,0,0,0,38,33,0,0,0,0,0,0,0,0,0;0,0,22,0,0,0,0,0,22,0,0,0,0,34,0,0,0,0,0,0,0,0,22,0,0,25,0,0,0,27;34,0,0,0,0,0,22,0,0,0,0,0,0,0,38,0,0,0,20,27,0,0,0,0,0,0,0,21,0,0;0,0,0,0,0,0,21,0,31,0,0,38,0,0,0,38,0,0,0,31,0,0,37,0,34,26,0,0,0,23;0,0,29,0,0,40,0,26,0,0,0,32,0,28,0,0,0,0,0,26,0,0,39,0,0,0,23,0,0,0;21,0,0,0,0,31,0,20,36,27,38,0,36,0,0,0,0,21,0,0,0,0,0,0,0,0,0,0,0,0;38,0,0,0,0,30,0,30,0,0,0,0,0,0,0,0,0,0,0,25,32,0,0,0,27,21,0,0,25,32;0,0,0,0,0,32,0,0,32,0,35,0,0,0,24,24,0,0,0,38,0,0,0,32,0,22,0,0,31,0;0,0,0,31,0,0,0,39,0,0,0,0,30,0,0,21,0,0,0,0,38,0,20,38,0,0,0,0,0,0;0,0,0,26,0,0,24,24,0,0,0,39,0,0,0,40,0,0,0,0,0,0,0,40,0,20,0,0,0,0;0,0,0,0,0,29,0,26,0,0,0,0,0,27,0,0,22,0,0,32,0,0,0,0,0,36,0,0,0,0;0,25,0,0,37,0,0,0,0,0,0,0,40,0,0,36,0,0,0,0,0,0,0,23,29,34,0,0,30,0;0,0,0,24,29,0,0,0,21,0,0,0,0,0,0,0,0,0,34,28,0,21,0,0,25,0,0,0,0,21;0,0,0,26,0,22,0,0,0,0,0,0,0,0,20,0,0,0,0,0,0,23,0,0,0,40,0,29,0,0;21,36,32,20,0,0,0,37,36,0,37,0,0,35,0,0,24,0,0,0,0,0,0,0,0,0,21,40,27,33;0,0,0,31,0,0,0,0,0,0,0,0,0,0,0,0,0,0,0,0,0,0,0,0,0,0,0,19,0,0;0,33,0,0,21,0,40,0,34,0,40,28,31,34,0,0,0,23,0,0,0,0,0,0,0,0,32,0,25,30;0,32,0,0,0,0,0,0,35,0,37,0,0,0,29,0,40,0,0,0,0,0,22,0,0,0,0,31,0,36;0,0,0,0,0,0,0,40,0,0,0,32,0,0,0,29,0,0,0,0,27,0,0,0,28,0,23,23,35,0
-28,11,0,12,0,0,0,0,0,0,0,0,-44,0,0,0,0,0,21,0,30,17,-19,0,0,0,0,0,0,0
------------- End of Scenario k = 10 -------
0,58,41,0,0,0,0,0,0,0,0,0,0,0,21,0,70,0,0,0,0,0,36,65,0,66,0,35,0,0;0,0,80,0,0,62,0,0,48,30,0,30,0,0,75,24,0,0,0,48,0,0,0,0,56,0,77,0,0,77;67,36,0,65,80,0,22,0,0,68,77,0,0,56,36,0,67,48,0,0,60,0,42,0,38,0,0,0,35,54;0,58,0,0,0,73,54,0,0,0,0,0,80,0,0,0,0,0,0,0,0,0,0,50,0,0,41,43,0,51;0,0,0,80,0,71,0,0,0,0,80,0,0,0,0,0,52,79,63,0,0,0,80,0,0,0,43,0,0,0;0,0,0,43,0,0,0,0,65,0,0,0,0,0,0,0,0,22,0,0,26,53,23,0,0,71,0,50,0,0;66,0,0,0,0,0,0,80,60,0,57,39,0,72,0,0,45,47,71,63,0,0,61,0,0,48,0,0,0,0;80,0,0,0,56,26,55,0,0,0,0,0,0,0,0,78,0,0,32,35,0,37,0,50,0,0,0,70,0,45;52,0,44,0,0,0,0,57,0,66,0,0,80,62,0,0,0,0,0,0,76,0,23,71,0,71,37,49,47,66;0,36,0,0,0,47,0,0,0,0,38,40,0,0,0,0,0,0,0,72,0,49,0,0,52,0,0,0,0,39;0,0,0,52,53,0,0,45,0,51,0,0,22,37,0,0,52,0,0,40,0,0,28,0,0,0,0,0,0,76;0,0,26,0,0,0,37,0,0,0,0,0,80,80,0,31,0,0,0,28,58,0,0,0,0,0,0,0,0,0;0,0,80,0,0,0,0,0,66,0,0,0,0,53,0,0,0,0,0,0,0,0,52,0,0,55,0,0,0,64;80,0,0,0,0,0,31,0,0,0,0,0,0,0,30,0,0,0,51,76,0,0,0,0,0,0,0,60,0,0;0,0,0,0,0,0,52,0,54,0,0,30,0,0,0,45,0,0,0,46,0,0,80,0,76,49,0,0,0,66;0,0,32,0,0,32,0,64,0,0,0,37,0,73,0,0,0,0,0,64,0,0,74,0,0,0,35,0,0,0;27,0,0,0,0,62,0,68,68,75,61,0,80,0,0,0,0,80,0,0,0,0,0,0,0,0,0,0,0,0;70,0,0,0,0,49,0,36,0,0,0,0,0,0,0,0,0,0,0,64,77,0,0,0,75,52,0,0,63,36;0,0,0,0,0,49,0,0,80,0,73,0,0,0,52,41,0,0,0,67,0,0,0,64,0,35,0,0,32,0;0,0,0,37,0,0,0,42,0,0,0,0,41,0,0,59,0,0,0,0,29,0,76,80,0,0,0,0,0,0;0,0,0,67,0,0,40,52,0,0,0,44,0,0,0,58,0,0,0,0,0,0,0,55,0,37,0,0,0,0;0,0,0,0,0,32,0,75,0,0,0,0,0,42,0,0,28,0,0,75,0,0,0,0,0,76,0,0,0,0;0,64,0,0,75,0,0,0,0,0,0,0,43,0,0,76,0,0,0,0,0,0,0,29,59,43,0,0,46,0;0,0,0,72,48,0,0,0,53,0,0,0,0,0,0,0,0,0,72,70,0,21,0,0,80,0,0,0,0,66;0,0,0,66,0,22,0,0,0,0,0,0,0,0,22,0,0,0,0,0,0,48,0,0,0,80,0,75,0,0;71,50,68,62,0,0,0,68,21,0,64,0,0,68,0,0,21,0,0,0,0,0,0,0,0,0,48,26,70,49;0,0,0,58,0,0,0,0,0,0,0,0,0,0,0,0,0,0,0,0,0,0,0,0,0,0,0,80,0,0;0,50,0,0,66,0,45,0,59,0,60,24,55,46,0,0,0,77,0,0,0,0,0,0,0,0,60,0,80,21;0,26,0,0,0,0,0,0,65,0,65,0,0,0,56,0,32,0,0,0,0,0,42,0,0,0,0,72,0,80;0,0,0,0,0,0,0,37,0,0,0,69,0,0,0,67,0,0,0,0,55,0,0,0,39,0,27,61,30,0
0,21,28,0,0,0,0,0,0,0,0,0,0,0,31,0,20,0,0,0,0,0,40,21,0,33,0,25,0,0;0,0,39,0,0,29,0,0,39,23,0,36,0,0,37,23,0,0,0,27,0,0,0,0,31,0,37,0,0,23;31,29,0,23,28,0,26,0,0,28,27,0,0,20,33,0,31,20,0,0,38,0,22,0,20,0,0,0,24,33;0,28,0,0,0,36,33,0,0,0,0,0,35,0,0,0,0,0,0,0,0,0,0,26,0,0,25,33,0,31;0,0,0,30,0,23,0,0,0,0,34,0,0,0,0,0,28,34,38,0,0,0,38,0,0,0,28,0,0,0;0,0,0,35,0,0,0,0,39,0,0,0,0,0,0,0,0,30,0,0,27,30,24,0,0,34,0,20,0,0;29,0,0,0,0,0,0,38,22,0,36,23,0,32,0,0,23,39,28,31,0,0,38,0,0,33,0,0,0,0;26,0,0,0,35,20,29,0,0,0,0,0,0,0,0,25,0,0,35,35,0,30,0,26,0,0,0,29,0,21;40,0,24,0,0,0,0,20,0,27,0,0,28,25,0,0,0,0,0,0,31,0,31,28,0,38,35,36,27,26;0,20,0,0,0,39,0,0,0,0,33,21,0,0,0,0,0,0,0,22,0,39,0,0,25,0,0,0,0,40;0,0,0,33,30,0,0,26,0,24,0,0,30,35,0,0,39,0,0,37,0,0,24,0,0,0,0,0,0,24;0,0,33,0,0,0,31,0,0,0,0,0,36,19,0,28,0,0,0,24,35,0,0,0,0,0,0,0,0,0;0,0,39,0,0,0,0,0,38,0,0,0,0,22,0,0,0,0,0,0,0,0,22,0,0,21,0,0,0,21;40,0,0,0,0,0,32,0,0,0,0,0,0,0,36,0,0,0,36,22,0,0,0,0,0,0,0,38,0,0;0,0,0,0,0,0,27,0,30,0,0,22,0,0,0,26,0,0,0,37,0,0,16,0,21,33,0,0,0,22;0,0,27,0,0,21,0,34,0,0,0,28,0,21,0,0,0,0,0,38,0,0,22,0,0,0,25,0,0,0;32,0,0,0,0,28,0,35,39,37,20,0,36,0,0,0,0,28,0,0,0,0,0,0,0,0,0,0,0,0;32,0,0,0,0,38,0,37,0,0,0,0,0,0,0,0,0,0,0,38,30,0,0,0,32,23,0,0,30,36;0,0,0,0,0,32,0,0,34,0,39,0,0,0,40,27,0,0,0,20,0,0,0,22,0,33,0,0,23,0;0,0,0,20,0,0,0,33,0,0,0,0,28,0,0,21,0,0,0,0,20,0,40,28,0,0,0,0,0,0;0,0,0,27,0,0,36,22,0,0,0,40,0,0,0,37,0,0,0,0,0,0,0,24,0,37,0,0,0,0;0,0,0,0,0,33,0,20,0,0,0,0,0,38,0,0,33,0,0,35,0,0,0,0,0,21,0,0,0,0;0,27,0,0,36,0,0,0,0,0,0,0,38,0,0,32,0,0,0,0,0,0,0,24,34,30,0,0,32,0;0,0,0,36,25,0,0,0,31,0,0,0,0,0,0,0,0,0,20,20,0,23,0,0,40,0,0,0,0,35;0,0,0,31,0,22,0,0,0,0,0,0,0,0,27,0,0,0,0,0,0,29,0,0,0,37,0,33,0,0;26,36,25,35,0,0,0,32,31,0,22,0,0,34,0,0,35,0,0,0,0,0,0,0,0,0,31,20,27,32;0,0,0,31,0,0,0,0,0,0,0,0,0,0,0,0,0,0,0,0,0,0,0,0,0,0,0,37,0,0;0,31,0,0,35,0,33,0,37,0,39,27,36,22,0,0,0,35,0,0,0,0,0,0,0,0,40,0,31,40;0,22,0,0,0,0,0,0,28,0,39,0,0,0,33,0,27,0,0,0,0,0,38,0,0,0,0,39,0,37;0,0,0,0,0,0,0,27,0,0,0,39,0,0,0,36,0,0,0,0,27,0,0,0,23,0,21,38,22,0
-25,21,0,25,0,0,0,0,0,0,0,0,-22,0,0,0,0,0,14,0,15,28,-56,0,0,0,0,0,0,0
------------- End of Scenario k = 11 -------
0,64,22,0,0,0,0,0,0,0,0,0,0,0,30,0,79,0,0,0,0,0,37,43,0,78,0,23,0,0;0,0,73,0,0,52,0,0,54,27,0,50,0,0,42,38,0,0,0,60,0,0,0,0,32,0,27,0,0,76;39,49,0,47,80,0,28,0,0,20,38,0,0,32,51,0,48,25,0,0,23,0,23,0,22,0,0,0,30,27;0,61,0,0,0,67,80,0,0,0,0,0,68,0,0,0,0,0,0,0,0,0,0,53,0,0,26,73,0,77;0,0,0,35,0,78,0,0,0,0,33,0,0,0,0,0,63,52,80,0,0,0,80,0,0,0,72,0,0,0;0,0,0,52,0,0,0,0,21,0,0,0,0,0,0,0,0,28,0,0,74,33,31,0,0,37,0,43,0,0;28,0,0,0,0,0,0,80,39,0,63,74,0,29,0,0,55,75,39,30,0,0,80,0,0,44,0,0,0,0;26,0,0,0,63,21,42,0,0,0,0,0,0,0,0,79,0,0,67,36,0,37,0,44,0,0,0,46,0,40;80,0,32,0,0,0,0,22,0,80,0,0,72,58,0,0,0,0,0,0,44,0,44,46,0,37,31,23,34,41;0,61,0,0,0,45,0,0,0,0,52,68,0,0,0,0,0,0,0,75,0,36,0,0,78,0,0,0,0,44;0,0,0,38,34,0,0,80,0,24,0,0,60,70,0,0,77,0,0,75,0,0,66,0,0,0,0,0,0,61;0,0,76,0,0,0,42,0,0,0,0,0,30,80,0,33,0,0,0,47,50,0,0,0,0,0,0,0,0,0;0,0,43,0,0,0,0,0,77,0,0,0,0,35,0,0,0,0,0,0,0,0,34,0,0,78,0,0,0,37;80,0,0,0,0,0,55,0,0,0,0,0,0,0,80,0,0,0,31,34,0,0,0,0,0,0,0,70,0,0;0,0,0,0,0,0,35,0,69,0,0,80,0,0,0,28,0,0,0,62,0,0,25,0,20,22,0,0,0,70;0,0,26,0,0,36,0,50,0,0,0,48,0,52,0,0,0,0,0,66,0,0,41,0,0,0,71,0,0,0;76,0,0,0,0,28,0,29,60,59,70,0,74,0,0,0,0,35,0,0,0,0,0,0,0,0,0,0,0,0;32,0,0,0,0,55,0,33,0,0,0,0,0,0,0,0,0,0,0,63,47,0,0,0,48,71,0,0,23,31;0,0,0,0,0,26,0,0,50,0,22,0,0,0,61,29,0,0,0,49,0,0,0,79,0,54,0,0,74,0;0,0,0,42,0,0,0,35,0,0,0,0,22,0,0,45,0,0,0,0,26,0,33,46,0,0,0,0,0,0;0,0,0,47,0,0,50,58,0,0,0,42,0,0,0,53,0,0,0,0,0,0,0,70,0,77,0,0,0,0;0,0,0,0,0,72,0,77,0,0,0,0,0,34,0,0,80,0,0,76,0,0,0,0,0,46,0,0,0,0;0,34,0,0,47,0,0,0,0,0,0,0,34,0,0,77,0,0,0,0,0,0,0,30,71,27,0,0,31,0;0,0,0,51,59,0,0,0,60,0,0,0,0,0,0,0,0,0,25,27,0,22,0,0,80,0,0,0,0,44;0,0,0,70,0,31,0,0,0,0,0,0,0,0,68,0,0,0,0,0,0,67,0,0,0,80,0,33,0,0;59,33,31,54,0,0,0,46,68,0,42,0,0,22,0,0,35,0,0,0,0,0,0,0,0,0,21,72,32,22;0,0,0,55,0,0,0,0,0,0,0,0,0,0,0,0,0,0,0,0,0,0,0,0,0,0,0,80,0,0;0,41,0,0,71,0,50,0,30,0,57,34,44,46,0,0,0,43,0,0,0,0,0,0,0,0,38,0,80,63;0,39,0,0,0,0,0,0,21,0,68,0,0,0,75,0,44,0,0,0,0,0,51,0,0,0,0,34,0,80;0,0,0,0,0,0,0,25,0,0,0,64,0,0,0,57,0,0,0,0,80,0,0,0,64,0,46,53,48,0
0,34,38,0,0,0,0,0,0,0,0,0,0,0,26,0,29,0,0,0,0,0,32,25,0,28,0,27,0,0;0,0,35,0,0,32,0,0,33,34,0,35,0,0,40,33,0,0,0,20,0,0,0,0,21,0,20,0,0,29;30,28,0,36,17,0,23,0,0,37,33,0,0,31,33,0,40,37,0,0,26,0,34,0,24,0,0,0,29,22;0,23,0,0,0,20,35,0,0,0,0,0,34,0,0,0,0,0,0,0,0,0,0,35,0,0,22,23,0,32;0,0,0,28,0,11,0,0,0,0,20,0,0,0,0,0,23,35,37,0,0,0,10,0,0,0,26,0,0,0;0,0,0,39,0,0,0,0,25,0,0,0,0,0,0,0,0,32,0,0,30,36,27,0,0,35,0,33,0,0;31,0,0,0,0,0,0,40,28,0,36,22,0,29,0,0,30,37,36,23,0,0,34,0,0,32,0,0,0,0;33,0,0,0,40,35,34,0,0,0,0,0,0,0,0,27,0,0,32,39,0,40,0,24,0,0,0,31,0,23;17,0,40,0,0,0,0,25,0,21,0,0,16,32,0,0,0,0,0,0,20,0,26,31,0,20,38,25,31,24;0,21,0,0,0,34,0,0,0,0,20,22,0,0,0,0,0,0,0,33,0,26,0,0,32,0,0,0,0,34;0,0,0,39,24,0,0,39,0,20,0,0,25,40,0,0,37,0,0,34,0,0,29,0,0,0,0,0,0,31;0,0,32,0,0,0,37,0,0,0,0,0,27,28,0,35,0,0,0,20,22,0,0,0,0,0,0,0,0,0;0,0,27,0,0,0,0,0,36,0,0,0,0,21,0,0,0,0,0,0,0,0,40,0,0,35,0,0,0,25;34,0,0,0,0,0,21,0,0,0,0,0,0,0,37,0,0,0,37,21,0,0,0,0,0,0,0,38,0,0;0,0,0,0,0,0,36,0,24,0,0,33,0,0,0,21,0,0,0,30,0,0,32,0,27,27,0,0,0,31;0,0,25,0,0,25,0,22,0,0,0,33,0,28,0,0,0,0,0,24,0,0,25,0,0,0,23,0,0,0;32,0,0,0,0,33,0,28,40,33,31,0,24,0,0,0,0,28,0,0,0,0,0,0,0,0,0,0,0,0;29,0,0,0,0,30,0,20,0,0,0,0,0,0,0,0,0,0,0,31,35,0,0,0,30,25,0,0,28,20;0,0,0,0,0,34,0,0,37,0,23,0,0,0,24,32,0,0,0,31,0,0,0,39,0,25,0,0,28,0;0,0,0,25,0,0,0,38,0,0,0,0,22,0,0,22,0,0,0,0,30,0,36,31,0,0,0,0,0,0;0,0,0,38,0,0,34,24,0,0,0,40,0,0,0,37,0,0,0,0,0,0,0,24,0,29,0,0,0,0;0,0,0,0,0,24,0,26,0,0,0,0,0,38,0,0,28,0,0,38,0,0,0,0,0,24,0,0,0,0;0,38,0,0,27,0,0,0,0,0,0,0,40,0,0,29,0,0,0,0,0,0,0,40,26,20,0,0,37,0;0,0,0,32,25,0,0,0,34,0,0,0,0,0,0,0,0,0,26,30,0,30,0,0,36,0,0,0,0,34;0,0,0,29,0,36,0,0,0,0,0,0,0,0,29,0,0,0,0,0,0,34,0,0,0,25,0,34,0,0;23,37,31,20,0,0,0,36,31,0,39,0,0,40,0,0,28,0,0,0,0,0,0,0,0,0,29,30,21,28;0,0,0,22,0,0,0,0,0,0,0,0,0,0,0,0,0,0,0,0,0,0,0,0,0,0,0,33,0,0;0,20,0,0,34,0,20,0,37,0,34,25,25,23,0,0,0,36,0,0,0,0,0,0,0,0,27,0,31,30;0,39,0,0,0,0,0,0,32,0,38,0,0,0,33,0,33,0,0,0,0,0,36,0,0,0,0,33,0,31;0,0,0,0,0,0,0,35,0,0,0,38,0,0,0,21,0,0,0,0,40,0,0,0,34,0,31,30,34,0
-21,10,0,28,0,0,0,0,0,0,0,0,-32,0,0,0,0,0,10,0,21,23,-39,0,0,0,0,0,0,0
------------- End of Scenario k = 12 -------
0,42,71,0,0,0,0,0,0,0,0,0,0,0,70,0,69,0,0,0,0,0,37,29,0,79,0,65,0,0;0,0,80,0,0,33,0,0,30,42,0,74,0,0,56,71,0,0,0,68,0,0,0,0,72,0,51,0,0,32;31,33,0,66,72,0,27,0,0,36,30,0,0,59,77,0,61,46,0,0,67,0,49,0,30,0,0,0,73,32;0,66,0,0,0,46,80,0,0,0,0,0,80,0,0,0,0,0,0,0,0,0,0,73,0,0,25,27,0,44;0,0,0,29,0,45,0,0,0,0,34,0,0,0,0,0,50,63,61,0,0,0,80,0,0,0,37,0,0,0;0,0,0,43,0,0,0,0,32,0,0,0,0,0,0,0,0,66,0,0,29,49,29,0,0,70,0,67,0,0;37,0,0,0,0,0,0,80,79,0,44,63,0,44,0,0,50,60,59,62,0,0,31,0,0,34,0,0,0,0;80,0,0,0,29,60,64,0,0,0,0,0,0,0,0,65,0,0,76,35,0,59,0,36,0,0,0,74,0,76;80,0,34,0,0,0,0,77,0,80,0,0,80,38,0,0,0,0,0,0,23,0,41,41,0,43,26,28,65,25;0,28,0,0,0,66,0,0,0,0,69,43,0,0,0,0,0,0,0,27,0,62,0,0,35,0,0,0,0,36;0,0,0,73,79,0,0,66,0,30,0,0,73,49,0,0,42,0,0,72,0,0,35,0,0,0,0,0,0,26;0,0,34,0,0,0,51,0,0,0,0,0,80,29,0,64,0,0,0,58,65,0,0,0,0,0,0,0,0,0;0,0,49,0,0,0,0,0,64,0,0,0,0,45,0,0,0,0,0,0,0,0,66,0,0,32,0,0,0,75;80,0,0,0,0,0,73,0,0,0,0,0,0,0,80,0,0,0,73,35,0,0,0,0,0,0,0,58,0,0;0,0,0,0,0,0,60,0,20,0,0,26,0,0,0,80,0,0,0,34,0,0,80,0,38,29,0,0,0,62;0,0,42,0,0,33,0,28,0,0,0,78,0,52,0,0,0,0,0,43,0,0,39,0,0,0,35,0,0,0;25,0,0,0,0,67,0,58,37,35,71,0,80,0,0,0,0,80,0,0,0,0,0,0,0,0,0,0,0,0;73,0,0,0,0,55,0,59,0,0,0,0,0,0,0,0,0,0,0,80,77,0,0,0,26,78,0,0,38,70;0,0,0,0,0,22,0,0,71,0,57,0,0,0,47,32,0,0,0,67,0,0,0,31,0,77,0,0,24,0;0,0,0,71,0,0,0,26,0,0,0,0,31,0,0,21,0,0,0,0,37,0,39,52,0,0,0,0,0,0;0,0,0,21,0,0,28,76,0,0,0,80,0,0,0,39,0,0,0,0,0,0,0,79,0,62,0,0,0,0;0,0,0,0,0,31,0,72,0,0,0,0,0,33,0,0,44,0,0,78,0,0,0,0,0,48,0,0,0,0;0,66,0,0,22,0,0,0,0,0,0,0,40,0,0,22,0,0,0,0,0,0,0,76,20,79,0,0,29,0;0,0,0,72,78,0,0,0,69,0,0,0,0,0,0,0,0,0,67,75,0,75,0,0,80,0,0,0,0,42;0,0,0,51,0,32,0,0,0,0,0,0,0,0,56,0,0,0,0,0,0,65,0,0,0,70,0,30,0,0;63,73,57,24,0,0,0,77,39,0,75,0,0,20,0,0,48,0,0,0,0,0,0,0,0,0,80,26,49,23;0,0,0,42,0,0,0,0,0,0,0,0,0,0,0,0,0,0,0,0,0,0,0,0,0,0,0,63,0,0;0,31,0,0,59,0,34,0,26,0,37,60,40,65,0,0,0,36,0,0,0,0,0,0,0,0,73,0,35,32;0,21,0,0,0,0,0,0,64,0,56,0,0,0,57,0,42,0,0,0,0,0,40,0,0,0,0,20,0,80;0,0,0,0,0,0,0,43,0,0,0,28,0,0,0,22,0,0,0,0,49,0,0,0,80,0,31,54,46,0
0,38,37,0,0,0,0,0,0,0,0,0,0,0,24,0,24,0,0,0,0,0,29,21,0,32,0,24,0,0;0,0,39,0,0,28,0,0,25,24,0,35,0,0,25,33,0,0,0,26,0,0,0,0,21,0,35,0,0,28;34,39,0,21,36,0,23,0,0,24,26,0,0,22,23,0,39,30,0,0,32,0,25,0,36,0,0,0,40,27;0,38,0,0,0,24,34,0,0,0,0,0,36,0,0,0,0,0,0,0,0,0,0,34,0,0,35,36,0,29;0,0,0,30,0,38,0,0,0,0,31,0,0,0,0,0,35,38,27,0,0,0,23,0,0,0,38,0,0,0;0,0,0,38,0,0,0,0,29,0,0,0,0,0,0,0,0,32,0,0,20,21,23,0,0,26,0,36,0,0;39,0,0,0,0,0,0,31,25,0,20,35,0,22,0,0,30,26,24,20,0,0,25,0,0,24,0,0,0,0;32,0,0,0,26,33,24,0,0,0,0,0,0,0,0,30,0,0,34,34,0,20,0,23,0,0,0,38,0,36;40,0,24,0,0,0,0,24,0,28,0,0,33,28,0,0,0,0,0,0,24,0,25,22,0,37,32,34,29,21;0,35,0,0,0,36,0,0,0,0,33,30,0,0,0,0,0,0,0,21,0,37,0,0,21,0,0,0,0,32;0,0,0,25,40,0,0,40,0,28,0,0,24,27,0,0,39,0,0,25,0,0,22,0,0,0,0,0,0,28;0,0,39,0,0,0,24,0,0,0,0,0,37,33,0,23,0,0,0,20,24,0,0,0,0,0,0,0,0,0;0,0,35,0,0,0,0,0,35,0,0,0,0,36,0,0,0,0,0,0,0,0,37,0,0,28,0,0,0,21;37,0,0,0,0,0,26,0,0,0,0,0,0,0,36,0,0,0,31,26,0,0,0,0,0,0,0,33,0,0;0,0,0,0,0,0,39,0,25,0,0,22,0,0,0,29,0,0,0,28,0,0,22,0,40,23,0,0,0,35;0,0,22,0,0,22,0,27,0,0,0,26,0,36,0,0,0,0,0,34,0,0,33,0,0,0,29,0,0,0;39,0,0,0,0,28,0,33,29,22,35,0,29,0,0,0,0,18,0,0,0,0,0,0,0,0,0,0,0,0;20,0,0,0,0,33,0,31,0,0,0,0,0,0,0,0,0,0,0,30,25,0,0,0,31,38,0,0,27,24;0,0,0,0,0,28,0,0,34,0,21,0,0,0,37,35,0,0,0,25,0,0,0,29,0,38,0,0,31,0;0,0,0,39,0,0,0,34,0,0,0,0,21,0,0,37,0,0,0,0,39,0,38,22,0,0,0,0,0,0;0,0,0,22,0,0,34,36,0,0,0,24,0,0,0,33,0,0,0,0,0,0,0,40,0,35,0,0,0,0;0,0,0,0,0,39,0,38,0,0,0,0,0,35,0,0,30,0,0,31,0,0,0,0,0,35,0,0,0,0;0,21,0,0,36,0,0,0,0,0,0,0,27,0,0,37,0,0,0,0,0,0,0,35,39,29,0,0,24,0;0,0,0,33,36,0,0,0,39,0,0,0,0,0,0,0,0,0,31,39,0,23,0,0,38,0,0,0,0,33;0,0,0,28,0,29,0,0,0,0,0,0,0,0,38,0,0,0,0,0,0,25,0,0,0,34,0,26,0,0;31,35,21,26,0,0,0,40,38,0,31,0,0,30,0,0,23,0,0,0,0,0,0,0,0,0,22,29,27,33;0,0,0,24,0,0,0,0,0,0,0,0,0,0,0,0,0,0,0,0,0,0,0,0,0,0,0,24,0,0;0,39,0,0,37,0,30,0,37,0,36,36,31,39,0,0,0,37,0,0,0,0,0,0,0,0,26,0,21,25;0,25,0,0,0,0,0,0,38,0,20,0,0,0,29,0,28,0,0,0,0,0,27,0,0,0,0,32,0,31;0,0,0,0,0,0,0,38,0,0,0,37,0,0,0,37,0,0,0,0,25,0,0,0,34,0,34,26,24,0
-38,20,0,25,0,0,0,0,0,0,0,0,-34,0,0,0,0,0,27,0,22,16,-38,0,0,0,0,0,0,0
------------- End of Scenario k = 13 -------
0,30,66,0,0,0,0,0,0,0,0,0,0,0,41,0,37,0,0,0,0,0,66,68,0,44,0,35,0,0;0,0,80,0,0,34,0,0,22,54,0,77,0,0,48,53,0,0,0,20,0,0,0,0,66,0,61,0,0,54;53,63,0,35,20,0,31,0,0,73,74,0,0,78,25,0,21,42,0,0,72,0,48,0,66,0,0,0,42,73;0,25,0,0,0,60,33,0,0,0,0,0,69,0,0,0,0,0,0,0,0,0,0,56,0,0,34,64,0,29;0,0,0,73,0,80,0,0,0,0,30,0,0,0,0,0,69,43,21,0,0,0,80,0,0,0,70,0,0,0;0,0,0,58,0,0,0,0,68,0,0,0,0,0,0,0,0,59,0,0,21,39,43,0,0,53,0,30,0,0;68,0,0,0,0,0,0,80,78,0,62,53,0,37,0,0,35,72,62,63,0,0,32,0,0,52,0,0,0,0;80,0,0,0,62,27,52,0,0,0,0,0,0,0,0,46,0,0,74,69,0,67,0,22,0,0,0,23,0,21;25,0,44,0,0,0,0,80,0,80,0,0,80,36,0,0,0,0,0,0,35,0,26,26,0,69,26,77,77,47;0,67,0,0,0,76,0,0,0,0,75,45,0,0,0,0,0,0,0,59,0,70,0,0,26,0,0,0,0,34;0,0,0,77,43,0,0,68,0,75,0,0,22,61,0,0,64,0,0,45,0,0,54,0,0,0,0,0,0,50;0,0,32,0,0,0,79,0,0,0,0,0,80,27,0,76,0,0,0,61,80,0,0,0,0,0,0,0,0,0;0,0,61,0,0,0,0,0,62,0,0,0,0,65,0,0,0,0,0,0,0,0,65,0,0,77,0,0,0,49;80,0,0,0,0,0,32,0,0,0,0,0,0,0,26,0,0,0,61,71,0,0,0,0,0,0,0,68,0,0;0,0,0,0,0,0,75,0,61,0,0,38,0,0,0,80,0,0,0,32,0,0,58,0,62,40,0,0,0,43;0,0,78,0,0,48,0,24,0,0,0,63,0,45,0,0,0,0,0,43,0,0,69,0,0,0,40,0,0,0;34,0,0,0,0,39,0,37,38,54,65,0,80,0,0,0,0,74,0,0,0,0,0,0,0,0,0,0,0,0;34,0,0,0,0,66,0,57,0,0,0,0,0,0,0,0,0,0,0,80,64,0,0,0,29,69,0,0,67,35;0,0,0,0,0,61,0,0,80,0,65,0,0,0,37,80,0,0,0,69,0,0,0,54,0,60,0,0,47,0;0,0,0,34,0,0,0,73,0,0,0,0,27,0,0,28,0,0,0,0,37,0,80,80,0,0,0,0,0,0;0,0,0,61,0,0,67,33,0,0,0,80,0,0,0,57,0,0,0,0,0,0,0,79,0,46,0,0,0,0;0,0,0,0,0,20,0,75,0,0,0,0,0,23,0,0,22,0,0,64,0,0,0,0,0,25,0,0,0,0;0,79,0,0,73,0,0,0,0,0,0,0,29,0,0,58,0,0,0,0,0,0,0,71,74,76,0,0,47,0;0,0,0,70,24,0,0,0,64,0,0,0,0,0,0,0,0,0,55,76,0,80,0,0,80,0,0,0,0,26;0,0,0,20,0,61,0,0,0,0,0,0,0,0,32,0,0,0,0,0,0,52,0,0,0,37,0,27,0,0;44,50,27,38,0,0,0,27,44,0,40,0,0,37,0,0,70,0,0,0,0,0,0,0,0,0,78,80,31,52;0,0,0,62,0,0,0,0,0,0,0,0,0,0,0,0,0,0,0,0,0,0,0,0,0,0,0,80,0,0;0,51,0,0,56,0,75,0,57,0,48,65,78,80,0,0,0,62,0,0,0,0,0,0,0,0,48,0,44,70;0,69,0,0,0,0,0,0,62,0,69,0,0,0,51,0,27,0,0,0,0,0,48,0,0,0,0,37,0,26;0,0,0,0,0,0,0,58,0,0,0,23,0,0,0,71,0,0,0,0,54,0,0,0,56,0,70,53,75,0
0,22,35,0,0,0,0,0,0,0,0,0,0,0,27,0,21,0,0,0,0,0,30,22,0,31,0,24,0,0;0,0,30,0,0,24,0,0,30,34,0,36,0,0,24,24,0,0,0,31,0,0,0,0,39,0,23,0,0,22;26,23,0,33,35,0,24,0,0,39,31,0,0,30,28,0,21,24,0,0,39,0,38,0,27,0,0,0,27,33;0,37,0,0,0,39,23,0,0,0,0,0,21,0,0,0,0,0,0,0,0,0,0,34,0,0,33,23,0,38;0,0,0,39,0,35,0,0,0,0,38,0,0,0,0,0,25,26,37,0,0,0,27,0,0,0,32,0,0,0;0,0,0,27,0,0,0,0,39,0,0,0,0,0,0,0,0,32,0,0,29,31,37,0,0,34,0,24,0,0;39,0,0,0,0,0,0,33,38,0,21,30,0,33,0,0,38,33,22,25,0,0,38,0,0,33,0,0,0,0;20,0,0,0,31,25,26,0,0,0,0,0,0,0,0,27,0,0,35,38,0,38,0,33,0,0,0,22,0,34;36,0,25,0,0,0,0,29,0,17,0,0,34,21,0,0,0,0,0,0,31,0,25,24,0,26,30,33,26,27;0,36,0,0,0,31,0,0,0,0,30,20,0,0,0,0,0,0,0,33,0,21,0,0,30,0,0,0,0,35;0,0,0,31,25,0,0,28,0,20,0,0,28,35,0,0,31,0,0,22,0,0,26,0,0,0,0,0,0,34;0,0,22,0,0,0,40,0,0,0,0,0,19,17,0,31,0,0,0,38,37,0,0,0,0,0,0,0,0,0;0,0,25,0,0,0,0,0,36,0,0,0,0,20,0,0,0,0,0,0,0,0,25,0,0,25,0,0,0,30;34,0,0,0,0,0,38,0,0,0,0,0,0,0,30,0,0,0,37,23,0,0,0,0,0,0,0,31,0,0;0,0,0,0,0,0,40,0,40,0,0,36,0,0,0,32,0,0,0,32,0,0,18,0,30,31,0,0,0,29;0,0,20,0,0,28,0,36,0,0,0,26,0,36,0,0,0,0,0,36,0,0,22,0,0,0,38,0,0,0;40,0,0,0,0,38,0,21,31,25,35,0,29,0,0,0,0,27,0,0,0,0,0,0,0,0,0,0,0,0;36,0,0,0,0,27,0,29,0,0,0,0,0,0,0,0,0,0,0,26,24,0,0,0,40,22,0,0,32,20;0,0,0,0,0,29,0,0,39,0,22,0,0,0,38,23,0,0,0,34,0,0,0,23,0,23,0,0,35,0;0,0,0,24,0,0,0,34,0,0,0,0,23,0,0,40,0,0,0,0,34,0,26,27,0,0,0,0,0,0;0,0,0,37,0,0,29,28,0,0,0,29,0,0,0,39,0,0,0,0,0,0,0,22,0,38,0,0,0,0;0,0,0,0,0,36,0,29,0,0,0,0,0,28,0,0,27,0,0,26,0,0,0,0,0,23,0,0,0,0;0,24,0,0,23,0,0,0,0,0,0,0,33,0,0,33,0,0,0,0,0,0,0,26,36,20,0,0,40,0;0,0,0,36,39,0,0,0,33,0,0,0,0,0,0,0,0,0,30,31,0,37,0,0,31,0,0,0,0,29;0,0,0,32,0,27,0,0,0,0,0,0,0,0,22,0,0,0,0,0,0,31,0,0,0,32,0,31,0,0;32,27,28,39,0,0,0,39,36,0,21,0,0,28,0,0,32,0,0,0,0,0,0,0,0,0,27,39,21,36;0,0,0,22,0,0,0,0,0,0,0,0,0,0,0,0,0,0,0,0,0,0,0,0,0,0,0,30,0,0;0,22,0,0,25,0,40,0,37,0,25,38,21,27,0,0,0,27,0,0,0,0,0,0,0,0,25,0,37,26;0,33,0,0,0,0,0,0,22,0,25,0,0,0,21,0,28,0,0,0,0,0,33,0,0,0,0,34,0,40;0,0,0,0,0,0,0,27,0,0,0,29,0,0,0,27,0,0,0,0,29,0,0,0,38,0,29,36,29,0
-16,10,0,20,0,0,0,0,0,0,0,0,-32,0,0,0,0,0,15,0,17,25,-39,0,0,0,0,0,0,0
------------- End of Scenario k = 14 -------
0,39,57,0,0,0,0,0,0,0,0,0,0,0,29,0,55,0,0,0,0,0,58,20,0,77,0,51,0,0;0,0,80,0,0,37,0,0,26,43,0,47,0,0,34,50,0,0,0,59,0,0,0,0,40,0,34,0,0,61;79,69,0,67,80,0,32,0,0,70,49,0,0,58,35,0,74,20,0,0,71,0,21,0,22,0,0,0,78,24;0,32,0,0,0,48,36,0,0,0,0,0,41,0,0,0,0,0,0,0,0,0,0,46,0,0,73,65,0,33;0,0,0,73,0,80,0,0,0,0,33,0,0,0,0,0,51,53,71,0,0,0,80,0,0,0,66,0,0,0;0,0,0,56,0,0,0,0,79,0,0,0,0,0,0,0,0,22,0,0,72,30,62,0,0,33,0,70,0,0;30,0,0,0,0,0,0,80,21,0,49,61,0,28,0,0,33,47,59,39,0,0,80,0,0,32,0,0,0,0;80,0,0,0,44,55,52,0,0,0,0,0,0,0,0,64,0,0,63,35,0,53,0,73,0,0,0,31,0,39;73,0,78,0,0,0,0,54,0,34,0,0,66,30,0,0,0,0,0,0,28,0,49,57,0,44,75,43,32,72;0,64,0,0,0,29,0,0,0,0,80,79,0,0,0,0,0,0,0,49,0,33,0,0,52,0,0,0,0,73;0,0,0,42,27,0,0,21,0,53,0,0,80,73,0,0,67,0,0,49,0,0,52,0,0,0,0,0,0,28;0,0,21,0,0,0,42,0,0,0,0,0,25,36,0,31,0,0,0,42,66,0,0,0,0,0,0,0,0,0;0,0,45,0,0,0,0,0,22,0,0,0,0,39,0,0,0,0,0,0,0,0,27,0,0,77,0,0,0,68;80,0,0,0,0,0,29,0,0,0,0,0,0,0,67,0,0,0,72,79,0,0,0,0,0,0,0,54,0,0;0,0,0,0,0,0,35,0,36,0,0,27,0,0,0,80,0,0,0,72,0,0,80,0,47,30,0,0,0,47;0,0,52,0,0,37,0,79,0,0,0,35,0,63,0,0,0,0,0,31,0,0,73,0,0,0,69,0,0,0;49,0,0,0,0,35,0,72,21,20,30,0,80,0,0,0,0,80,0,0,0,0,0,0,0,0,0,0,0,0;57,0,0,0,0,40,0,78,0,0,0,0,0,0,0,0,0,0,0,56,58,0,0,0,63,54,0,0,51,23;0,0,0,0,0,52,0,0,80,0,44,0,0,0,43,54,0,0,0,44,0,0,0,46,0,49,0,0,71,0;0,0,0,39,0,0,0,56,0,0,0,0,41,0,0,76,0,0,0,0,73,0,80,28,0,0,0,0,0,0;0,0,0,54,0,0,69,34,0,0,0,77,0,0,0,36,0,0,0,0,0,0,0,67,0,41,0,0,0,0;0,0,0,0,0,76,0,23,0,0,0,0,0,42,0,0,58,0,0,69,0,0,0,0,0,28,0,0,0,0;0,52,0,0,53,0,0,0,0,0,0,0,58,0,0,61,0,0,0,0,0,0,0,76,22,62,0,0,42,0;0,0,0,53,22,0,0,0,60,0,0,0,0,0,0,0,0,0,80,64,0,79,0,0,38,0,0,0,0,76;0,0,0,60,0,60,0,0,0,0,0,0,0,0,33,0,0,0,0,0,0,55,0,0,0,76,0,31,0,0;53,66,80,26,0,0,0,79,50,0,43,0,0,74,0,0,48,0,0,0,0,0,0,0,0,0,31,53,28,49;0,0,0,72,0,0,0,0,0,0,0,0,0,0,0,0,0,0,0,0,0,0,0,0,0,0,0,61,0,0;0,62,0,0,30,0,76,0,39,0,77,47,68,23,0,0,0,57,0,0,0,0,0,0,0,0,55,0,80,23;0,66,0,0,0,0,0,0,61,0,60,0,0,0,43,0,48,0,0,0,0,0,76,0,0,0,0,52,0,80;0,0,0,0,0,0,0,56,0,0,0,45,0,0,0,65,0,0,0,0,28,0,0,0,50,0,74,76,21,0
0,26,29,0,0,0,0,0,0,0,0,0,0,0,26,0,22,0,0,0,0,0,34,30,0,27,0,21,0,0;0,0,35,0,0,22,0,0,40,38,0,21,0,0,26,37,0,0,0,38,0,0,0,0,28,0,23,0,0,26;27,21,0,22,32,0,36,0,0,33,29,0,0,37,20,0,36,34,0,0,34,0,40,0,33,0,0,0,36,29;0,27,0,0,0,38,30,0,0,0,0,0,30,0,0,0,0,0,0,0,0,0,0,29,0,0,37,23,0,33;0,0,0,29,0,31,0,0,0,0,36,0,0,0,0,0,26,25,25,0,0,0,38,0,0,0,37,0,0,0;0,0,0,30,0,0,0,0,29,0,0,0,0,0,0,0,0,24,0,0,20,20,27,0,0,23,0,40,0,0;32,0,0,0,0,0,0,27,24,0,28,28,0,31,0,0,25,34,32,33,0,0,29,0,0,26,0,0,0,0;32,0,0,0,31,22,35,0,0,0,0,0,0,0,0,35,0,0,24,26,0,20,0,26,0,0,0,31,0,40;28,0,21,0,0,0,0,25,0,21,0,0,39,21,0,0,0,0,0,0,27,0,35,22,0,34,40,24,34,40;0,30,0,0,0,29,0,0,0,0,34,26,0,0,0,0,0,0,0,25,0,37,0,0,23,0,0,0,0,20;0,0,0,21,22,0,0,25,0,34,0,0,35,33,0,0,36,0,0,36,0,0,36,0,0,0,0,0,0,38;0,0,28,0,0,0,36,0,0,0,0,0,39,37,0,34,0,0,0,37,26,0,0,0,0,0,0,0,0,0;0,0,37,0,0,0,0,0,32,0,0,0,0,36,0,0,0,0,0,0,0,0,31,0,0,39,0,0,0,23;40,0,0,0,0,0,40,0,0,0,0,0,0,0,27,0,0,0,20,32,0,0,0,0,0,0,0,24,0,0;0,0,0,0,0,0,35,0,37,0,0,26,0,0,0,31,0,0,0,36,0,0,40,0,30,27,0,0,0,34;0,0,35,0,0,33,0,28,0,0,0,20,0,39,0,0,0,0,0,33,0,0,37,0,0,0,27,0,0,0;33,0,0,0,0,30,0,36,36,37,34,0,15,0,0,0,0,40,0,0,0,0,0,0,0,0,0,0,0,0;35,0,0,0,0,27,0,22,0,0,0,0,0,0,0,0,0,0,0,34,34,0,0,0,22,24,0,0,39,26;0,0,0,0,0,36,0,0,33,0,38,0,0,0,32,39,0,0,0,26,0,0,0,38,0,39,0,0,25,0;0,0,0,38,0,0,0,26,0,0,0,0,40,0,0,28,0,0,0,0,37,0,34,15,0,0,0,0,0,0;0,0,0,34,0,0,27,23,0,0,0,33,0,0,0,36,0,0,0,0,0,0,0,26,0,21,0,0,0,0;0,0,0,0,0,30,0,30,0,0,0,0,0,23,0,0,19,0,0,25,0,0,0,0,0,32,0,0,0,0;0,39,0,0,31,0,0,0,0,0,0,0,22,0,0,38,0,0,0,0,0,0,0,24,35,21,0,0,26,0;0,0,0,30,37,0,0,0,36,0,0,0,0,0,0,0,0,0,29,21,0,28,0,0,30,0,0,0,0,38;0,0,0,25,0,24,0,0,0,0,0,0,0,0,20,0,0,0,0,0,0,20,0,0,0,23,0,21,0,0;31,35,35,21,0,0,0,32,29,0,38,0,0,39,0,0,29,0,0,0,0,0,0,0,0,0,18,37,20,23;0,0,0,40,0,0,0,0,0,0,0,0,0,0,0,0,0,0,0,0,0,0,0,0,0,0,0,29,0,0;0,33,0,0,29,0,31,0,30,0,23,20,30,39,0,0,0,28,0,0,0,0,0,0,0,0,28,0,14,22;0,26,0,0,0,0,0,0,32,0,25,0,0,0,34,0,22,0,0,0,0,0,26,0,0,0,0,36,0,31;0,0,0,0,0,0,0,35,0,0,0,20,0,0,0,40,0,0,0,0,23,0,0,0,39,0,32,27,32,0
-27,26,0,12,0,0,0,0,0,0,0,0,-21,0,0,0,0,0,18,0,24,10,-42,0,0,0,0,0,0,0
------------- End of Scenario k = 15 -------
0,21,39,0,0,0,0,0,0,0,0,0,0,0,22,0,45,0,0,0,0,0,26,72,0,34,0,69,0,0;0,0,80,0,0,69,0,0,74,39,0,74,0,0,47,71,0,0,0,62,0,0,0,0,54,0,79,0,0,42;73,35,0,72,80,0,75,0,0,51,32,0,0,49,54,0,62,47,0,0,38,0,46,0,71,0,0,0,41,31;0,57,0,0,0,41,36,0,0,0,0,0,80,0,0,0,0,0,0,0,0,0,0,78,0,0,56,20,0,45;0,0,0,55,0,20,0,0,0,0,38,0,0,0,0,0,61,76,22,0,0,0,25,0,0,0,40,0,0,0;0,0,0,73,0,0,0,0,34,0,0,0,0,0,0,0,0,24,0,0,43,45,59,0,0,28,0,78,0,0;51,0,0,0,0,0,0,59,28,0,79,50,0,24,0,0,50,49,58,49,0,0,21,0,0,44,0,0,0,0;74,0,0,0,41,64,46,0,0,0,0,0,0,0,0,42,0,0,67,48,0,27,0,68,0,0,0,20,0,34;57,0,62,0,0,0,0,32,0,46,0,0,21,68,0,0,0,0,0,0,40,0,68,60,0,26,24,45,61,41;0,21,0,0,0,53,0,0,0,0,20,24,0,0,0,0,0,0,0,38,0,78,0,0,33,0,0,0,0,39;0,0,0,33,24,0,0,31,0,58,0,0,23,77,0,0,26,0,0,39,0,0,40,0,0,0,0,0,0,58;0,0,70,0,0,0,36,0,0,0,0,0,80,80,0,29,0,0,0,60,49,0,0,0,0,0,0,0,0,0;0,0,72,0,0,0,0,0,68,0,0,0,0,79,0,0,0,0,0,0,0,0,56,0,0,32,0,0,0,79;59,0,0,0,0,0,74,0,0,0,0,0,0,0,60,0,0,0,58,71,0,0,0,0,0,0,0,71,0,0;0,0,0,0,0,0,73,0,23,0,0,24,0,0,0,80,0,0,0,79,0,0,22,0,52,30,0,0,0,66;0,0,24,0,0,24,0,62,0,0,0,47,0,28,0,0,0,0,0,54,0,0,39,0,0,0,44,0,0,0;37,0,0,0,0,67,0,59,30,62,55,0,80,0,0,0,0,58,0,0,0,0,0,0,0,0,0,0,0,0;45,0,0,0,0,33,0,60,0,0,0,0,0,0,0,0,0,0,0,33,62,0,0,0,65,76,0,0,31,42;0,0,0,0,0,59,0,0,64,0,80,0,0,0,61,43,0,0,0,47,0,0,0,52,0,69,0,0,24,0;0,0,0,31,0,0,0,46,0,0,0,0,49,0,0,68,0,0,0,0,65,0,25,35,0,0,0,0,0,0;0,0,0,49,0,0,43,36,0,0,0,67,0,0,0,37,0,0,0,0,0,0,0,45,0,42,0,0,0,0;0,0,0,0,0,45,0,58,0,0,0,0,0,52,0,0,80,0,0,64,0,0,0,0,0,40,0,0,0,0;0,66,0,0,74,0,0,0,0,0,0,0,24,0,0,27,0,0,0,0,0,0,0,60,53,64,0,0,37,0;0,0,0,75,41,0,0,0,37,0,0,0,0,0,0,0,0,0,54,34,0,28,0,0,80,0,0,0,0,52;0,0,0,30,0,66,0,0,0,0,0,0,0,0,33,0,0,0,0,0,0,42,0,0,0,80,0,27,0,0;65,57,55,78,0,0,0,59,34,0,63,0,0,34,0,0,26,0,0,0,0,0,0,0,0,0,60,67,64,34;0,0,0,39,0,0,0,0,0,0,0,0,0,0,0,0,0,0,0,0,0,0,0,0,0,0,0,64,0,0;0,70,0,0,79,0,27,0,23,0,34,39,67,78,0,0,0,58,0,0,0,0,0,0,0,0,42,0,64,70;0,32,0,0,0,0,0,0,50,0,27,0,0,0,73,0,37,0,0,0,0,0,67,0,0,0,0,56,0,80;0,0,0,0,0,0,0,25,0,0,0,51,0,0,0,21,0,0,0,0,58,0,0,0,59,0,60,44,33,0
0,22,24,0,0,0,0,0,0,0,0,0,0,0,23,0,38,0,0,0,0,0,21,20,0,21,0,21,0,0;0,0,19,0,0,31,0,0,34,25,0,37,0,0,33,33,0,0,0,23,0,0,0,0,22,0,33,0,0,36;21,36,0,24,40,0,34,0,0,39,20,0,0,31,38,0,25,25,0,0,23,0,36,0,27,0,0,0,24,29;0,36,0,0,0,39,23,0,0,0,0,0,18,0,0,0,0,0,0,0,0,0,0,35,0,0,40,36,0,35;0,0,0,39,0,34,0,0,0,0,22,0,0,0,0,0,34,26,35,0,0,0,23,0,0,0,35,0,0,0;0,0,0,29,0,0,0,0,38,0,0,0,0,0,0,0,0,28,0,0,28,30,25,0,0,29,0,21,0,0;40,0,0,0,0,0,0,24,22,0,38,31,0,33,0,0,23,23,29,38,0,0,40,0,0,25,0,0,0,0;24,0,0,0,39,33,29,0,0,0,0,0,0,0,0,27,0,0,25,23,0,39,0,30,0,0,0,25,0,37;23,0,34,0,0,0,0,25,0,40,0,0,40,38,0,0,0,0,0,0,24,0,35,31,0,39,29,37,39,37;0,33,0,0,0,21,0,0,0,0,36,20,0,0,0,0,0,0,0,31,0,35,0,0,21,0,0,0,0,27;0,0,0,35,31,0,0,33,0,40,0,0,32,40,0,0,26,0,0,25,0,0,24,0,0,0,0,0,0,20;0,0,22,0,0,0,37,0,0,0,0,0,16,27,0,38,0,0,0,32,39,0,0,0,0,0,0,0,0,0;0,0,37,0,0,0,0,0,32,0,0,0,0,28,0,0,0,0,0,0,0,0,37,0,0,34,0,0,0,33;22,0,0,0,0,0,22,0,0,0,0,0,0,0,32,0,0,0,21,39,0,0,0,0,0,0,0,28,0,0;0,0,0,0,0,0,22,0,33,0,0,35,0,0,0,19,0,0,0,33,0,0,40,0,37,39,0,0,0,24;0,0,37,0,0,32,0,39,0,0,0,34,0,37,0,0,0,0,0,28,0,0,25,0,0,0,28,0,0,0;37,0,0,0,0,24,0,23,26,22,20,0,32,0,0,0,0,30,0,0,0,0,0,0,0,0,0,0,0,0;33,0,0,0,0,39,0,30,0,0,0,0,0,0,0,0,0,0,0,34,28,0,0,0,37,25,0,0,32,34;0,0,0,0,0,28,0,0,17,0,20,0,0,0,40,36,0,0,0,24,0,0,0,22,0,33,0,0,26,0;0,0,0,24,0,0,0,20,0,0,0,0,28,0,0,23,0,0,0,0,25,0,26,27,0,0,0,0,0,0;0,0,0,27,0,0,34,35,0,0,0,38,0,0,0,35,0,0,0,0,0,0,0,36,0,29,0,0,0,0;0,0,0,0,0,28,0,28,0,0,0,0,0,22,0,0,30,0,0,35,0,0,0,0,0,40,0,0,0,0;0,24,0,0,36,0,0,0,0,0,0,0,24,0,0,27,0,0,0,0,0,0,0,25,21,33,0,0,40,0;0,0,0,32,37,0,0,0,27,0,0,0,0,0,0,0,0,0,40,29,0,22,0,0,26,0,0,0,0,23;0,0,0,35,0,28,0,0,0,0,0,0,0,0,24,0,0,0,0,0,0,26,0,0,0,35,0,38,0,0;31,24,31,27,0,0,0,22,30,0,24,0,0,33,0,0,40,0,0,0,0,0,0,0,0,0,26,21,30,27;0,0,0,22,0,0,0,0,0,0,0,0,0,0,0,0,0,0,0,0,0,0,0,0,0,0,0,39,0,0;0,30,0,0,40,0,28,0,24,0,20,34,36,22,0,0,0,24,0,0,0,0,0,0,0,0,23,0,34,30;0,26,0,0,0,0,0,0,25,0,28,0,0,0,37,0,38,0,0,0,0,0,35,0,0,0,0,28,0,34;0,0,0,0,0,0,0,26,0,0,0,34,0,0,0,35,0,0,0,0,30,0,0,0,35,0,25,28,30,0
-11,12,0,18,0,0,0,0,0,0,0,0,-45,0,0,0,0,0,13,0,11,25,-23,0,0,0,0,0,0,0
------------- End of Scenario k = 16 -------
0,26,28,0,0,0,0,0,0,0,0,0,0,0,50,0,64,0,0,0,0,0,65,47,0,37,0,44,0,0;0,0,80,0,0,77,0,0,67,64,0,44,0,0,69,22,0,0,0,59,0,0,0,0,53,0,38,0,0,50;23,31,0,74,51,0,26,0,0,34,46,0,0,27,43,0,79,68,0,0,64,0,68,0,40,0,0,0,62,73;0,45,0,0,0,30,67,0,0,0,0,0,20,0,0,0,0,0,0,0,0,0,0,43,0,0,29,56,0,77;0,0,0,24,0,27,0,0,0,0,67,0,0,0,0,0,20,37,41,0,0,0,80,0,0,0,27,0,0,0;0,0,0,65,0,0,0,0,70,0,0,0,0,0,0,0,0,26,0,0,40,31,76,0,0,37,0,26,0,0;75,0,0,0,0,0,0,23,70,0,26,39,0,77,0,0,48,51,53,69,0,0,32,0,0,74,0,0,0,0;32,0,0,0,57,52,54,0,0,0,0,0,0,0,0,46,0,0,68,75,0,67,0,30,0,0,0,75,0,55;80,0,75,0,0,0,0,29,0,80,0,0,74,30,0,0,0,0,0,0,65,0,31,25,0,77,47,22,67,42;0,77,0,0,0,75,0,0,0,0,38,77,0,0,0,0,0,0,0,25,0,80,0,0,74,0,0,0,0,48;0,0,0,47,74,0,0,39,0,36,0,0,55,66,0,0,56,0,0,36,0,0,34,0,0,0,0,0,0,57;0,0,30,0,0,0,78,0,0,0,0,0,80,80,0,25,0,0,0,28,61,0,0,0,0,0,0,0,0,0;0,0,27,0,0,0,0,0,46,0,0,0,0,69,0,0,0,0,0,0,0,0,32,0,0,23,0,0,0,50;80,0,0,0,0,0,46,0,0,0,0,0,0,0,80,0,0,0,70,78,0,0,0,0,0,0,0,21,0,0;0,0,0,0,0,0,43,0,60,0,0,52,0,0,0,25,0,0,0,61,0,0,80,0,65,51,0,0,0,72;0,0,57,0,0,78,0,36,0,0,0,58,0,64,0,0,0,0,0,66,0,0,67,0,0,0,25,0,0,0;71,0,0,0,0,55,0,53,71,25,46,0,80,0,0,0,0,58,0,0,0,0,0,0,0,0,0,0,0,0;25,0,0,0,0,26,0,29,0,0,0,0,0,0,0,0,0,0,0,80,77,0,0,0,20,32,0,0,25,67;0,0,0,0,0,41,0,0,80,0,66,0,0,0,35,23,0,0,0,75,0,0,0,59,0,66,0,0,64,0;0,0,0,62,0,0,0,49,0,0,0,0,33,0,0,38,0,0,0,0,38,0,80,22,0,0,0,0,0,0;0,0,0,72,0,0,65,80,0,0,0,80,0,0,0,58,0,0,0,0,0,0,0,73,0,72,0,0,0,0;0,0,0,0,0,53,0,72,0,0,0,0,0,31,0,0,80,0,0,26,0,0,0,0,0,64,0,0,0,0;0,45,0,0,27,0,0,0,0,0,0,0,29,0,0,48,0,0,0,0,0,0,0,65,31,71,0,0,71,0;0,0,0,62,29,0,0,0,49,0,0,0,0,0,0,0,0,0,40,65,0,30,0,0,31,0,0,0,0,26;0,0,0,46,0,29,0,0,0,0,0,0,0,0,27,0,0,0,0,0,0,65,0,0,0,80,0,55,0,0;30,42,43,27,0,0,0,26,36,0,22,0,0,58,0,0,57,0,0,0,0,0,0,0,0,0,78,64,41,47;0,0,0,67,0,0,0,0,0,0,0,0,0,0,0,0,0,0,0,0,0,0,0,0,0,0,0,80,0,0;0,38,0,0,74,0,64,0,46,0,67,78,39,76,0,0,0,68,0,0,0,0,0,0,0,0,79,0,45,67;0,65,0,0,0,0,0,0,43,0,37,0,0,0,26,0,26,0,0,0,0,0,57,0,0,0,0,48,0,27;0,0,0,0,0,0,0,42,0,0,0,35,0,0,0,77,0,0,0,0,47,0,0,0,77,0,39,25,37,0
0,34,35,0,0,0,0,0,0,0,0,0,0,0,34,0,34,0,0,0,0,0,34,24,0,40,0,31,0,0;0,0,30,0,0,21,0,0,26,25,0,23,0,0,31,37,0,0,0,20,0,0,0,0,25,0,25,0,0,39;32,34,0,22,38,0,27,0,0,35,28,0,0,25,33,0,31,38,0,0,29,0,22,0,36,0,0,0,35,26;0,34,0,0,0,36,40,0,0,0,0,0,19,0,0,0,0,0,0,0,0,0,0,33,0,0,36,33,0,32;0,0,0,38,0,27,0,0,0,0,38,0,0,0,0,0,34,27,21,0,0,0,30,0,0,0,22,0,0,0;0,0,0,24,0,0,0,0,35,0,0,0,0,0,0,0,0,38,0,0,32,40,40,0,0,39,0,31,0,0;22,0,0,0,0,0,0,35,30,0,28,27,0,27,0,0,37,36,37,37,0,0,18,0,0,37,0,0,0,0;31,0,0,0,31,25,37,0,0,0,0,0,0,0,0,34,0,0,39,36,0,29,0,37,0,0,0,32,0,21;31,0,31,0,0,0,0,21,0,26,0,0,34,26,0,0,0,0,0,0,40,0,22,24,0,27,29,32,25,37;0,38,0,0,0,29,0,0,0,0,36,38,0,0,0,0,0,0,0,22,0,21,0,0,26,0,0,0,0,37;0,0,0,29,28,0,0,30,0,39,0,0,28,24,0,0,26,0,0,33,0,0,21,0,0,0,0,0,0,20;0,0,31,0,0,0,34,0,0,0,0,0,37,34,0,38,0,0,0,25,24,0,0,0,0,0,0,0,0,0;0,0,27,0,0,0,0,0,31,0,0,0,0,33,0,0,0,0,0,0,0,0,23,0,0,40,0,0,0,32;39,0,0,0,0,0,26,0,0,0,0,0,0,0,35,0,0,0,24,34,0,0,0,0,0,0,0,22,0,0;0,0,0,0,0,0,20,0,36,0,0,20,0,0,0,31,0,0,0,28,0,0,39,0,24,27,0,0,0,36;0,0,28,0,0,30,0,23,0,0,0,26,0,40,0,0,0,0,0,21,0,0,26,0,0,0,28,0,0,0;33,0,0,0,0,36,0,27,25,20,29,0,35,0,0,0,0,32,0,0,0,0,0,0,0,0,0,0,0,0;33,0,0,0,0,35,0,39,0,0,0,0,0,0,0,0,0,0,0,27,20,0,0,0,35,23,0,0,31,30;0,0,0,0,0,35,0,0,30,0,29,0,0,0,31,35,0,0,0,30,0,0,0,39,0,34,0,0,38,0;0,0,0,36,0,0,0,26,0,0,0,0,24,0,0,36,0,0,0,0,21,0,28,30,0,0,0,0,0,0;0,0,0,30,0,0,29,20,0,0,0,29,0,0,0,39,0,0,0,0,0,0,0,33,0,24,0,0,0,0;0,0,0,0,0,28,0,37,0,0,0,0,0,28,0,0,34,0,0,24,0,0,0,0,0,35,0,0,0,0;0,26,0,0,37,0,0,0,0,0,0,0,23,0,0,28,0,0,0,0,0,0,0,33,28,25,0,0,34,0;0,0,0,29,20,0,0,0,38,0,0,0,0,0,0,0,0,0,35,33,0,23,0,0,27,0,0,0,0,32;0,0,0,38,0,30,0,0,0,0,0,0,0,0,40,0,0,0,0,0,0,29,0,0,0,39,0,27,0,0;29,33,33,22,0,0,0,26,29,0,38,0,0,36,0,0,24,0,0,0,0,0,0,0,0,0,31,35,35,36;0,0,0,39,0,0,0,0,0,0,0,0,0,0,0,0,0,0,0,0,0,0,0,0,0,0,0,32,0,0;0,22,0,0,25,0,26,0,30,0,37,34,20,38,0,0,0,33,0,0,0,0,0,0,0,0,27,0,27,35;0,39,0,0,0,0,0,0,30,0,21,0,0,0,34,0,38,0,0,0,0,0,38,0,0,0,0,25,0,37;0,0,0,0,0,0,0,23,0,0,0,39,0,0,0,22,0,0,0,0,31,0,0,0,33,0,39,36,29,0
-47,23,0,17,0,0,0,0,0,0,0,0,-12,0,0,0,0,0,22,0,28,25,-56,0,0,0,0,0,0,0
------------- End of Scenario k = 17 -------
0,39,77,0,0,0,0,0,0,0,0,0,0,0,77,0,41,0,0,0,0,0,73,29,0,26,0,76,0,0;0,0,80,0,0,51,0,0,55,64,0,56,0,0,57,33,0,0,0,47,0,0,0,0,26,0,24,0,0,41;51,57,0,33,64,0,76,0,0,32,33,0,0,70,65,0,25,22,0,0,80,0,37,0,36,0,0,0,36,73;0,71,0,0,0,70,68,0,0,0,0,0,80,0,0,0,0,0,0,0,0,0,0,39,0,0,68,50,0,46;0,0,0,47,0,60,0,0,0,0,74,0,0,0,0,0,30,72,43,0,0,0,80,0,0,0,76,0,0,0;0,0,0,40,0,0,0,0,78,0,0,0,0,0,0,0,0,74,0,0,22,57,73,0,0,74,0,46,0,0;41,0,0,0,0,0,0,80,46,0,54,60,0,57,0,0,27,38,29,63,0,0,80,0,0,51,0,0,0,0;80,0,0,0,38,75,78,0,0,0,0,0,0,0,0,68,0,0,33,47,0,24,0,58,0,0,0,79,0,37;80,0,77,0,0,0,0,57,0,41,0,0,62,36,0,0,0,0,0,0,50,0,55,50,0,58,55,73,42,41;0,54,0,0,0,79,0,0,0,0,44,25,0,0,0,0,0,0,0,40,0,59,0,0,50,0,0,0,0,66;0,0,0,65,41,0,0,48,0,71,0,0,76,48,0,0,20,0,0,79,0,0,51,0,0,0,0,0,0,57;0,0,66,0,0,0,30,0,0,0,0,0,80,80,0,58,0,0,0,79,35,0,0,0,0,0,0,0,0,0;0,0,71,0,0,0,0,0,61,0,0,0,0,40,0,0,0,0,0,0,0,0,60,0,0,27,0,0,0,79;80,0,0,0,0,0,79,0,0,0,0,0,0,0,34,0,0,0,78,58,0,0,0,0,0,0,0,79,0,0;0,0,0,0,0,0,56,0,60,0,0,64,0,0,0,66,0,0,0,36,0,0,24,0,58,72,0,0,0,39;0,0,27,0,0,25,0,78,0,0,0,46,0,20,0,0,0,0,0,42,0,0,73,0,0,0,60,0,0,0;53,0,0,0,0,58,0,61,48,70,62,0,75,0,0,0,0,22,0,0,0,0,0,0,0,0,0,0,0,0;65,0,0,0,0,59,0,38,0,0,0,0,0,0,0,0,0,0,0,44,36,0,0,0,50,60,0,0,33,29;0,0,0,0,0,33,0,0,80,0,47,0,0,0,74,30,0,0,0,60,0,0,0,62,0,41,0,0,39,0;0,0,0,66,0,0,0,43,0,0,0,0,66,0,0,80,0,0,0,0,35,0,80,28,0,0,0,0,0,0;0,0,0,53,0,0,31,64,0,0,0,32,0,0,0,29,0,0,0,0,0,0,0,29,0,31,0,0,0,0;0,0,0,0,0,35,0,80,0,0,0,0,0,39,0,0,80,0,0,24,0,0,0,0,0,66,0,0,0,0;0,32,0,0,49,0,0,0,0,0,0,0,59,0,0,32,0,0,0,0,0,0,0,70,56,29,0,0,57,0;0,0,0,25,64,0,0,0,71,0,0,0,0,0,0,0,0,0,70,71,0,56,0,0,80,0,0,0,0,73;0,0,0,53,0,20,0,0,0,0,0,0,0,0,22,0,0,0,0,0,0,31,0,0,0,50,0,53,0,0;44,80,42,21,0,0,0,34,77,0,59,0,0,34,0,0,48,0,0,0,0,0,0,0,0,0,80,24,23,71;0,0,0,71,0,0,0,0,0,0,0,0,0,0,0,0,0,0,0,0,0,0,0,0,0,0,0,30,0,0;0,41,0,0,27,0,23,0,22,0,32,73,36,59,0,0,0,45,0,0,0,0,0,0,0,0,40,0,46,41;0,60,0,0,0,0,0,0,26,0,73,0,0,0,25,0,78,0,0,0,0,0,49,0,0,0,0,63,0,80;0,0,0,0,0,0,0,67,0,0,0,44,0,0,0,56,0,0,0,0,27,0,0,0,47,0,64,23,33,0
0,40,29,0,0,0,0,0,0,0,0,0,0,0,32,0,39,0,0,0,0,0,32,22,0,37,0,33,0,0;0,0,34,0,0,25,0,0,40,26,0,34,0,0,40,29,0,0,0,35,0,0,0,0,22,0,26,0,0,34;23,32,0,21,28,0,20,0,0,37,36,0,0,37,28,0,25,37,0,0,30,0,38,0,27,0,0,0,21,33;0,21,0,0,0,30,19,0,0,0,0,0,36,0,0,0,0,0,0,0,0,0,0,34,0,0,30,33,0,24;0,0,0,27,0,22,0,0,0,0,29,0,0,0,0,0,20,31,22,0,0,0,25,0,0,0,21,0,0,0;0,0,0,40,0,0,0,0,24,0,0,0,0,0,0,0,0,23,0,0,37,36,22,0,0,35,0,30,0,0;28,0,0,0,0,0,0,34,37,0,21,27,0,38,0,0,35,40,26,20,0,0,38,0,0,30,0,0,0,0;37,0,0,0,40,35,27,0,0,0,0,0,0,0,0,40,0,0,27,26,0,28,0,25,0,0,0,29,0,37;35,0,36,0,0,0,0,21,0,32,0,0,35,26,0,0,0,0,0,0,34,0,34,35,0,37,39,40,20,30;0,28,0,0,0,33,0,0,0,0,28,35,0,0,0,0,0,0,0,20,0,21,0,0,23,0,0,0,0,31;0,0,0,30,21,0,0,25,0,37,0,0,32,32,0,0,38,0,0,29,0,0,21,0,0,0,0,0,0,37;0,0,25,0,0,0,28,0,0,0,0,0,32,28,0,40,0,0,0,25,24,0,0,0,0,0,0,0,0,0;0,0,30,0,0,0,0,0,35,0,0,0,0,27,0,0,0,0,0,0,0,0,26,0,0,40,0,0,0,29;19,0,0,0,0,0,21,0,0,0,0,0,0,0,40,0,0,0,38,36,0,0,0,0,0,0,0,28,0,0;0,0,0,0,0,0,26,0,27,0,0,36,0,0,0,30,0,0,0,40,0,0,22,0,27,31,0,0,0,40;0,0,31,0,0,36,0,27,0,0,0,28,0,34,0,0,0,0,0,22,0,0,36,0,0,0,29,0,0,0;22,0,0,0,0,34,0,35,32,37,28,0,30,0,0,0,0,27,0,0,0,0,0,0,0,0,0,0,0,0;23,0,0,0,0,29,0,30,0,0,0,0,0,0,0,0,0,0,0,37,37,0,0,0,37,23,0,0,31,31;0,0,0,0,0,21,0,0,30,0,35,0,0,0,22,35,0,0,0,37,0,0,0,39,0,37,0,0,20,0;0,0,0,34,0,0,0,39,0,0,0,0,21,0,0,35,0,0,0,0,34,0,24,40,0,0,0,0,0,0;0,0,0,20,0,0,27,26,0,0,0,37,0,0,0,28,0,0,0,0,0,0,0,37,0,39,0,0,0,0;0,0,0,0,0,27,0,40,0,0,0,0,0,34,0,0,33,0,0,30,0,0,0,0,0,31,0,0,0,0;0,33,0,0,30,0,0,0,0,0,0,0,23,0,0,32,0,0,0,0,0,0,0,29,21,40,0,0,22,0;0,0,0,36,23,0,0,0,25,0,0,0,0,0,0,0,0,0,32,40,0,39,0,0,33,0,0,0,0,23;0,0,0,38,0,37,0,0,0,0,0,0,0,0,33,0,0,0,0,0,0,35,0,0,0,34,0,39,0,0;26,30,37,22,0,0,0,21,23,0,37,0,0,26,0,0,21,0,0,0,0,0,0,0,0,0,28,29,23,37;0,0,0,38,0,0,0,0,0,0,0,0,0,0,0,0,0,0,0,0,0,0,0,0,0,0,0,35,0,0;0,39,0,0,34,0,40,0,34,0,40,34,23,29,0,0,0,24,0,0,0,0,0,0,0,0,39,0,25,36;0,39,0,0,0,0,0,0,22,0,39,0,0,0,23,0,33,0,0,0,0,0,22,0,0,0,0,36,0,25;0,0,0,0,0,0,0,30,0,0,0,22,0,0,0,34,0,0,0,0,35,0,0,0,20,0,25,29,39,0
-14,19,0,18,0,0,0,0,0,0,0,0,-47,0,0,0,0,0,21,0,19,23,-39,0,0,0,0,0,0,0
------------- End of Scenario k = 18 -------
0,34,35,0,0,0,0,0,0,0,0,0,0,0,68,0,61,0,0,0,0,0,21,62,0,80,0,52,0,0;0,0,80,0,0,20,0,0,51,59,0,59,0,0,59,21,0,0,0,20,0,0,0,0,36,0,64,0,0,28;69,79,0,65,80,0,54,0,0,40,45,0,0,37,65,0,55,78,0,0,58,0,73,0,22,0,0,0,63,51;0,36,0,0,0,29,73,0,0,0,0,0,80,0,0,0,0,0,0,0,0,0,0,62,0,0,75,58,0,30;0,0,0,52,0,80,0,0,0,0,75,0,0,0,0,0,79,40,68,0,0,0,80,0,0,0,37,0,0,0;0,0,0,63,0,0,0,0,35,0,0,0,0,0,0,0,0,59,0,0,58,49,45,0,0,61,0,57,0,0;25,0,0,0,0,0,0,80,54,0,22,21,0,46,0,0,55,48,34,49,0,0,80,0,0,44,0,0,0,0;32,0,0,0,41,26,53,0,0,0,0,0,0,0,0,47,0,0,54,48,0,27,0,77,0,0,0,20,0,77;77,0,21,0,0,0,0,25,0,38,0,0,80,24,0,0,0,0,0,0,56,0,66,59,0,77,68,37,24,73;0,63,0,0,0,34,0,0,0,0,80,56,0,0,0,0,0,0,0,69,0,43,0,0,34,0,0,0,0,79;0,0,0,72,71,0,0,28,0,29,0,0,39,28,0,0,44,0,0,50,0,0,57,0,0,0,0,0,0,37;0,0,47,0,0,0,71,0,0,0,0,0,80,80,0,28,0,0,0,66,44,0,0,0,0,0,0,0,0,0;0,0,25,0,0,0,0,0,34,0,0,0,0,53,0,0,0,0,0,0,0,0,51,0,0,72,0,0,0,41;54,0,0,0,0,0,25,0,0,0,0,0,0,0,80,0,0,0,77,68,0,0,0,0,0,0,0,37,0,0;0,0,0,0,0,0,42,0,31,0,0,50,0,0,0,80,0,0,0,43,0,0,40,0,38,64,0,0,0,50;0,0,47,0,0,77,0,80,0,0,0,78,0,53,0,0,0,0,0,76,0,0,74,0,0,0,25,0,0,0;52,0,0,0,0,57,0,44,34,68,47,0,65,0,0,0,0,80,0,0,0,0,0,0,0,0,0,0,0,0;71,0,0,0,0,47,0,62,0,0,0,0,0,0,0,0,0,0,0,77,36,0,0,0,67,79,0,0,38,54;0,0,0,0,0,63,0,0,41,0,79,0,0,0,55,38,0,0,0,20,0,0,0,25,0,41,0,0,76,0;0,0,0,76,0,0,0,35,0,0,0,0,51,0,0,61,0,0,0,0,28,0,80,80,0,0,0,0,0,0;0,0,0,78,0,0,48,70,0,0,0,80,0,0,0,50,0,0,0,0,0,0,0,46,0,26,0,0,0,0;0,0,0,0,0,60,0,63,0,0,0,0,0,27,0,0,25,0,0,68,0,0,0,0,0,68,0,0,0,0;0,53,0,0,31,0,0,0,0,0,0,0,60,0,0,44,0,0,0,0,0,0,0,27,31,32,0,0,27,0;0,0,0,68,77,0,0,0,39,0,0,0,0,0,0,0,0,0,54,28,0,33,0,0,80,0,0,0,0,35;0,0,0,49,0,66,0,0,0,0,0,0,0,0,21,0,0,0,0,0,0,23,0,0,0,80,0,44,0,0;61,28,20,71,0,0,0,69,38,0,51,0,0,69,0,0,21,0,0,0,0,0,0,0,0,0,80,76,47,45;0,0,0,74,0,0,0,0,0,0,0,0,0,0,0,0,0,0,0,0,0,0,0,0,0,0,0,72,0,0;0,62,0,0,60,0,37,0,25,0,71,23,30,72,0,0,0,31,0,0,0,0,0,0,0,0,52,0,80,30;0,50,0,0,0,0,0,0,35,0,72,0,0,0,55,0,79,0,0,0,0,0,55,0,0,0,0,52,0,38;0,0,0,0,0,0,0,54,0,0,0,70,0,0,0,26,0,0,0,0,48,0,0,0,53,0,29,41,62,0
0,34,27,0,0,0,0,0,0,0,0,0,0,0,36,0,35,0,0,0,0,0,24,20,0,20,0,24,0,0;0,0,37,0,0,24,0,0,25,29,0,31,0,0,28,40,0,0,0,22,0,0,0,0,32,0,32,0,0,40;37,23,0,28,31,0,26,0,0,28,27,0,0,34,39,0,27,28,0,0,27,0,30,0,28,0,0,0,24,29;0,26,0,0,0,28,24,0,0,0,0,0,15,0,0,0,0,0,0,0,0,0,0,25,0,0,27,22,0,25;0,0,0,28,0,35,0,0,0,0,26,0,0,0,0,0,36,39,20,0,0,0,35,0,0,0,36,0,0,0;0,0,0,38,0,0,0,0,33,0,0,0,0,0,0,0,0,29,0,0,20,23,20,0,0,22,0,26,0,0;22,0,0,0,0,0,0,18,26,0,39,24,0,32,0,0,36,20,20,27,0,0,30,0,0,40,0,0,0,0;36,0,0,0,40,32,20,0,0,0,0,0,0,0,0,28,0,0,35,26,0,26,0,29,0,0,0,25,0,25;17,0,28,0,0,0,0,33,0,18,0,0,19,22,0,0,0,0,0,0,24,0,29,22,0,22,32,22,34,37;0,30,0,0,0,28,0,0,0,0,38,32,0,0,0,0,0,0,0,25,0,20,0,0,20,0,0,0,0,28;0,0,0,35,27,0,0,28,0,23,0,0,37,29,0,0,34,0,0,37,0,0,36,0,0,0,0,0,0,40;0,0,38,0,0,0,26,0,0,0,0,0,27,35,0,29,0,0,0,36,35,0,0,0,0,0,0,0,0,0;0,0,31,0,0,0,0,0,28,0,0,0,0,35,0,0,0,0,0,0,0,0,29,0,0,29,0,0,0,35;39,0,0,0,0,0,27,0,0,0,0,0,0,0,24,0,0,0,20,20,0,0,0,0,0,0,0,34,0,0;0,0,0,0,0,0,27,0,38,0,0,20,0,0,0,24,0,0,0,31,0,0,30,0,26,26,0,0,0,25;0,0,37,0,0,25,0,28,0,0,0,25,0,33,0,0,0,0,0,33,0,0,21,0,0,0,38,0,0,0;26,0,0,0,0,32,0,34,39,34,40,0,38,0,0,0,0,28,0,0,0,0,0,0,0,0,0,0,0,0;38,0,0,0,0,27,0,20,0,0,0,0,0,0,0,0,0,0,0,32,35,0,0,0,28,29,0,0,24,28;0,0,0,0,0,35,0,0,17,0,39,0,0,0,35,30,0,0,0,27,0,0,0,26,0,36,0,0,37,0;0,0,0,22,0,0,0,23,0,0,0,0,36,0,0,30,0,0,0,0,20,0,28,29,0,0,0,0,0,0;0,0,0,35,0,0,26,37,0,0,0,35,0,0,0,20,0,0,0,0,0,0,0,26,0,32,0,0,0,0;0,0,0,0,0,20,0,40,0,0,0,0,0,36,0,0,27,0,0,26,0,0,0,0,0,20,0,0,0,0;0,23,0,0,33,0,0,0,0,0,0,0,22,0,0,33,0,0,0,0,0,0,0,36,24,39,0,0,35,0;0,0,0,21,38,0,0,0,36,0,0,0,0,0,0,0,0,0,23,22,0,33,0,0,35,0,0,0,0,22;0,0,0,24,0,39,0,0,0,0,0,0,0,0,27,0,0,0,0,0,0,37,0,0,0,27,0,28,0,0;32,26,21,37,0,0,0,23,26,0,39,0,0,37,0,0,30,0,0,0,0,0,0,0,0,0,28,35,27,38;0,0,0,33,0,0,0,0,0,0,0,0,0,0,0,0,0,0,0,0,0,0,0,0,0,0,0,36,0,0;0,25,0,0,26,0,36,0,35,0,28,35,32,35,0,0,0,30,0,0,0,0,0,0,0,0,36,0,26,28;0,32,0,0,0,0,0,0,40,0,20,0,0,0,36,0,29,0,0,0,0,0,23,0,0,0,0,27,0,35;0,0,0,0,0,0,0,24,0,0,0,36,0,0,0,26,0,0,0,0,28,0,0,0,20,0,37,20,24,0
-15,24,0,15,0,0,0,0,0,0,0,0,-43,0,0,0,0,0,15,0,24,26,-46,0,0,0,0,0,0,0
------------- End of Scenario k = 19 -------
