/ -------------------------------------------------------------------------
An instance of the stochastic Fixed - charge Network Flow Problem using NETGEN.
/ -------------------------------------------------------------------------
Number of Nodes (no Dummy node is added), n
Graph Density, density
The fixed cost to variable cost ratio, f
Adjacency Matrix, A
Fixed Cost Matrix, c
Number of scenarios, K
Scenario Probabilities, p
----The following three rows will be repeated K times.----
Var Cost Matrix, d
Capacity, u
demand, b
/ -------------------------------------------------------------------------
+
10
0.3
200
0,0,0,0,0,0,0,0,0,0;1,0,1,0,0,0,1,0,1,0;0,0,0,0,0,1,1,0,1,0;0,1,0,0,0,1,0,0,1,1;1,0,0,1,0,0,0,0,0,0;1,0,0,1,0,0,0,0,0,0;0,0,1,1,0,0,0,0,1,1;0,0,0,0,1,1,0,0,0,0;1,1,0,0,1,0,0,1,0,0;0,0,0,0,0,1,0,0,1,0
0,0,0,0,0,0,0,0,0,0;13906,0,13546,0,0,0,9940,0,9166,0;0,0,0,0,0,12406,10806,0,10106,0;0,9960,0,0,0,12460,0,0,9073,10213;12973,0,0,9533,0,0,0,0,0,0;10613,0,0,9246,0,0,0,0,0,0;0,0,10220,12919,0,0,0,0,10400,10033;0,0,0,0,12080,11860,0,0,0,0;13760,10373,0,0,10353,0,0,9533,0,0;0,0,0,0,0,12586,0,0,12753,0
30
0.05,0.01,0.01,0.01,0.05,0.05,0.01,0.01,0.01,0.03,0.03,0.03,0.08,0.06,0.05,0.01,0.03,0.01,0.03,0.01,0.01,0.06,0.01,0.03,0.05,0.05,0.05,0.01,0.01,0.14
--Scenarios--
0,0,0,0,0,0,0,0,0,0;80,0,80,0,0,0,78,0,22,0;0,0,0,0,0,37,36,0,36,0;0,27,0,0,0,27,0,0,49,37;80,0,0,52,0,0,0,0,0,0;35,0,0,27,0,0,0,0,0,0;0,0,56,48,0,0,0,0,41,76;0,0,0,0,43,80,0,0,0,0;73,38,0,0,64,0,0,72,0,0;0,0,0,0,0,80,0,0,80,0
0,0,0,0,0,0,0,0,0,0;36,0,30,0,0,0,37,0,27,0;0,0,0,0,0,21,36,0,31,0;0,37,0,0,0,31,0,0,25,22;18,0,0,20,0,0,0,0,0,0;25,0,0,26,0,0,0,0,0,0;0,0,33,34,0,0,0,0,22,29;0,0,0,0,21,23,0,0,0,0;34,27,0,0,30,0,0,37,0,0;0,0,0,0,0,37,0,0,26,0
-26,13,0,0,0,-55,29,18,0,21
------------- End of Scenario k = 0 -------
0,0,0,0,0,0,0,0,0,0;80,0,80,0,0,0,65,0,32,0;0,0,0,0,0,80,61,0,75,0;0,23,0,0,0,80,0,0,34,51;65,0,0,32,0,0,0,0,0,0;79,0,0,46,0,0,0,0,0,0;0,0,59,76,0,0,0,0,25,44;0,0,0,0,32,80,0,0,0,0;80,62,0,0,69,0,0,38,0,0;0,0,0,0,0,80,0,0,80,0
0,0,0,0,0,0,0,0,0,0;22,0,21,0,0,0,23,0,22,0;0,0,0,0,0,33,39,0,40,0;0,36,0,0,0,40,0,0,31,40;40,0,0,29,0,0,0,0,0,0;40,0,0,33,0,0,0,0,0,0;0,0,34,32,0,0,0,0,23,21;0,0,0,0,38,30,0,0,0,0;16,25,0,0,22,0,0,27,0,0;0,0,0,0,0,40,0,0,33,0
-28,21,0,0,0,-48,21,20,0,14
------------- End of Scenario k = 1 -------
0,0,0,0,0,0,0,0,0,0;80,0,80,0,0,0,45,0,37,0;0,0,0,0,0,80,47,0,74,0;0,58,0,0,0,80,0,0,73,53;74,0,0,40,0,0,0,0,0,0;24,0,0,20,0,0,0,0,0,0;0,0,37,63,0,0,0,0,28,49;0,0,0,0,66,33,0,0,0,0;80,27,0,0,76,0,0,40,0,0;0,0,0,0,0,80,0,0,80,0
0,0,0,0,0,0,0,0,0,0;27,0,36,0,0,0,34,0,37,0;0,0,0,0,0,39,21,0,28,0;0,34,0,0,0,36,0,0,32,24;16,0,0,30,0,0,0,0,0,0;28,0,0,24,0,0,0,0,0,0;0,0,33,22,0,0,0,0,35,22;0,0,0,0,15,32,0,0,0,0;21,38,0,0,40,0,0,26,0,0;0,0,0,0,0,17,0,0,21,0
-30,19,0,0,0,-34,18,10,0,17
------------- End of Scenario k = 2 -------
0,0,0,0,0,0,0,0,0,0;80,0,78,0,0,0,44,0,52,0;0,0,0,0,0,67,79,0,55,0;0,52,0,0,0,80,0,0,60,55;58,0,0,44,0,0,0,0,0,0;52,0,0,66,0,0,0,0,0,0;0,0,51,80,0,0,0,0,76,35;0,0,0,0,80,80,0,0,0,0;80,70,0,0,36,0,0,54,0,0;0,0,0,0,0,59,0,0,80,0
0,0,0,0,0,0,0,0,0,0;31,0,32,0,0,0,37,0,30,0;0,0,0,0,0,38,23,0,24,0;0,38,0,0,0,33,0,0,23,32;35,0,0,31,0,0,0,0,0,0;26,0,0,21,0,0,0,0,0,0;0,0,40,30,0,0,0,0,34,28;0,0,0,0,33,36,0,0,0,0;25,36,0,0,29,0,0,40,0,0;0,0,0,0,0,33,0,0,40,0
-54,30,0,0,0,-31,24,16,0,15
------------- End of Scenario k = 3 -------
0,0,0,0,0,0,0,0,0,0;80,0,34,0,0,0,73,0,24,0;0,0,0,0,0,32,72,0,55,0;0,30,0,0,0,80,0,0,24,77;50,0,0,25,0,0,0,0,0,0;80,0,0,28,0,0,0,0,0,0;0,0,69,80,0,0,0,0,30,59;0,0,0,0,70,57,0,0,0,0;77,45,0,0,58,0,0,52,0,0;0,0,0,0,0,32,0,0,80,0
0,0,0,0,0,0,0,0,0,0;37,0,29,0,0,0,20,0,36,0;0,0,0,0,0,31,34,0,34,0;0,27,0,0,0,24,0,0,28,40;21,0,0,34,0,0,0,0,0,0;21,0,0,31,0,0,0,0,0,0;0,0,37,31,0,0,0,0,33,23;0,0,0,0,38,23,0,0,0,0;39,31,0,0,29,0,0,28,0,0;0,0,0,0,0,40,0,0,25,0
-37,26,0,0,0,-27,12,13,0,13
------------- End of Scenario k = 4 -------
0,0,0,0,0,0,0,0,0,0;80,0,80,0,0,0,60,0,60,0;0,0,0,0,0,47,55,0,64,0;0,47,0,0,0,35,0,0,70,32;80,0,0,73,0,0,0,0,0,0;45,0,0,67,0,0,0,0,0,0;0,0,68,80,0,0,0,0,70,73;0,0,0,0,80,39,0,0,0,0;27,47,0,0,57,0,0,22,0,0;0,0,0,0,0,58,0,0,38,0
0,0,0,0,0,0,0,0,0,0;21,0,29,0,0,0,31,0,38,0;0,0,0,0,0,34,28,0,20,0;0,26,0,0,0,34,0,0,23,32;27,0,0,21,0,0,0,0,0,0;39,0,0,36,0,0,0,0,0,0;0,0,20,28,0,0,0,0,27,31;0,0,0,0,28,30,0,0,0,0;36,27,0,0,20,0,0,21,0,0;0,0,0,0,0,33,0,0,33,0
-25,11,0,0,0,-65,24,27,0,28
------------- End of Scenario k = 5 -------
0,0,0,0,0,0,0,0,0,0;80,0,66,0,0,0,50,0,51,0;0,0,0,0,0,20,72,0,26,0;0,45,0,0,0,45,0,0,30,32;47,0,0,35,0,0,0,0,0,0;55,0,0,59,0,0,0,0,0,0;0,0,76,69,0,0,0,0,78,76;0,0,0,0,26,47,0,0,0,0;45,55,0,0,42,0,0,79,0,0;0,0,0,0,0,80,0,0,41,0
0,0,0,0,0,0,0,0,0,0;14,0,35,0,0,0,27,0,31,0;0,0,0,0,0,25,37,0,25,0;0,21,0,0,0,24,0,0,37,37;29,0,0,26,0,0,0,0,0,0;34,0,0,29,0,0,0,0,0,0;0,0,31,19,0,0,0,0,29,30;0,0,0,0,23,29,0,0,0,0;31,27,0,0,25,0,0,32,0,0;0,0,0,0,0,39,0,0,21,0
-18,14,0,0,0,-48,19,13,0,20
------------- End of Scenario k = 6 -------
0,0,0,0,0,0,0,0,0,0;80,0,44,0,0,0,33,0,24,0;0,0,0,0,0,80,55,0,54,0;0,78,0,0,0,29,0,0,46,44;22,0,0,70,0,0,0,0,0,0;57,0,0,27,0,0,0,0,0,0;0,0,50,80,0,0,0,0,61,22;0,0,0,0,62,21,0,0,0,0;65,27,0,0,25,0,0,57,0,0;0,0,0,0,0,78,0,0,42,0
0,0,0,0,0,0,0,0,0,0;21,0,13,0,0,0,28,0,39,0;0,0,0,0,0,36,40,0,29,0;0,36,0,0,0,10,0,0,22,35;34,0,0,21,0,0,0,0,0,0;31,0,0,34,0,0,0,0,0,0;0,0,24,24,0,0,0,0,28,28;0,0,0,0,33,26,0,0,0,0;31,32,0,0,27,0,0,40,0,0;0,0,0,0,0,40,0,0,38,0
-19,13,0,0,0,-41,10,17,0,20
------------- End of Scenario k = 7 -------
0,0,0,0,0,0,0,0,0,0;80,0,51,0,0,0,30,0,42,0;0,0,0,0,0,80,79,0,75,0;0,36,0,0,0,71,0,0,41,49;63,0,0,28,0,0,0,0,0,0;58,0,0,52,0,0,0,0,0,0;0,0,76,80,0,0,0,0,47,37;0,0,0,0,28,43,0,0,0,0;80,67,0,0,67,0,0,57,0,0;0,0,0,0,0,49,0,0,80,0
0,0,0,0,0,0,0,0,0,0;16,0,37,0,0,0,33,0,20,0;0,0,0,0,0,17,33,0,22,0;0,27,0,0,0,26,0,0,31,27;23,0,0,20,0,0,0,0,0,0;30,0,0,34,0,0,0,0,0,0;0,0,33,29,0,0,0,0,20,26;0,0,0,0,35,20,0,0,0,0;28,32,0,0,31,0,0,31,0,0;0,0,0,0,0,34,0,0,38,0
-27,15,0,0,0,-31,10,15,0,18
------------- End of Scenario k = 8 -------
0,0,0,0,0,0,0,0,0,0;80,0,51,0,0,0,36,0,31,0;0,0,0,0,0,80,26,0,75,0;0,73,0,0,0,57,0,0,60,69;31,0,0,31,0,0,0,0,0,0;43,0,0,29,0,0,0,0,0,0;0,0,24,40,0,0,0,0,49,56;0,0,0,0,20,53,0,0,0,0;80,47,0,0,28,0,0,57,0,0;0,0,0,0,0,75,0,0,80,0
0,0,0,0,0,0,0,0,0,0;38,0,24,0,0,0,37,0,32,0;0,0,0,0,0,37,40,0,21,0;0,31,0,0,0,34,0,0,27,29;30,0,0,31,0,0,0,0,0,0;28,0,0,33,0,0,0,0,0,0;0,0,36,19,0,0,0,0,24,27;0,0,0,0,30,35,0,0,0,0;31,25,0,0,26,0,0,21,0,0;0,0,0,0,0,29,0,0,38,0
-38,12,0,0,0,-43,19,23,0,27
------------- End of Scenario k = 9 -------
0,0,0,0,0,0,0,0,0,0;35,0,28,0,0,0,37,0,22,0;0,0,0,0,0,65,45,0,34,0;0,53,0,0,0,80,0,0,47,56;80,0,0,75,0,0,0,0,0,0;30,0,0,69,0,0,0,0,0,0;0,0,54,73,0,0,0,0,72,55;0,0,0,0,80,24,0,0,0,0;80,77,0,0,55,0,0,28,0,0;0,0,0,0,0,52,0,0,54,0
0,0,0,0,0,0,0,0,0,0;28,0,33,0,0,0,20,0,22,0;0,0,0,0,0,29,32,0,31,0;0,38,0,0,0,35,0,0,31,20;39,0,0,32,0,0,0,0,0,0;28,0,0,35,0,0,0,0,0,0;0,0,29,30,0,0,0,0,27,39;0,0,0,0,27,33,0,0,0,0;26,33,0,0,21,0,0,28,0,0;0,0,0,0,0,30,0,0,40,0
-14,21,0,0,0,-82,24,26,0,25
------------- End of Scenario k = 10 -------
0,0,0,0,0,0,0,0,0,0;80,0,80,0,0,0,37,0,70,0;0,0,0,0,0,80,20,0,79,0;0,50,0,0,0,47,0,0,39,67;25,0,0,41,0,0,0,0,0,0;66,0,0,27,0,0,0,0,0,0;0,0,80,70,0,0,0,0,60,49;0,0,0,0,58,80,0,0,0,0;26,49,0,0,53,0,0,38,0,0;0,0,0,0,0,80,0,0,47,0
0,0,0,0,0,0,0,0,0,0;19,0,30,0,0,0,24,0,31,0;0,0,0,0,0,31,22,0,22,0;0,39,0,0,0,31,0,0,32,35;24,0,0,38,0,0,0,0,0,0;38,0,0,28,0,0,0,0,0,0;0,0,20,19,0,0,0,0,22,22;0,0,0,0,13,37,0,0,0,0;23,25,0,0,34,0,0,24,0,0;0,0,0,0,0,33,0,0,14,0
-12,10,0,0,0,-39,16,13,0,12
------------- End of Scenario k = 11 -------
0,0,0,0,0,0,0,0,0,0;27,0,80,0,0,0,60,0,29,0;0,0,0,0,0,80,37,0,67,0;0,25,0,0,0,59,0,0,52,75;80,0,0,50,0,0,0,0,0,0;45,0,0,40,0,0,0,0,0,0;0,0,33,80,0,0,0,0,50,39;0,0,0,0,31,80,0,0,0,0;24,80,0,0,61,0,0,69,0,0;0,0,0,0,0,44,0,0,80,0
0,0,0,0,0,0,0,0,0,0;28,0,26,0,0,0,31,0,37,0;0,0,0,0,0,39,26,0,39,0;0,33,0,0,0,23,0,0,38,33;27,0,0,36,0,0,0,0,0,0;38,0,0,35,0,0,0,0,0,0;0,0,29,29,0,0,0,0,22,29;0,0,0,0,30,38,0,0,0,0;30,35,0,0,35,0,0,32,0,0;0,0,0,0,0,20,0,0,21,0
-23,14,0,0,0,-47,17,26,0,13
------------- End of Scenario k = 12 -------
0,0,0,0,0,0,0,0,0,0;77,0,22,0,0,0,21,0,59,0;0,0,0,0,0,48,45,0,27,0;0,29,0,0,0,34,0,0,41,34;80,0,0,65,0,0,0,0,0,0;41,0,0,71,0,0,0,0,0,0;0,0,24,56,0,0,0,0,27,34;0,0,0,0,80,79,0,0,0,0;80,72,0,0,62,0,0,57,0,0;0,0,0,0,0,39,0,0,76,0
0,0,0,0,0,0,0,0,0,0;31,0,37,0,0,0,21,0,29,0;0,0,0,0,0,32,34,0,39,0;0,21,0,0,0,22,0,0,27,29;38,0,0,22,0,0,0,0,0,0;26,0,0,30,0,0,0,0,0,0;0,0,34,35,0,0,0,0,38,25;0,0,0,0,40,26,0,0,0,0;25,34,0,0,31,0,0,39,0,0;0,0,0,0,0,24,0,0,34,0
-40,30,0,0,0,-48,17,26,0,15
------------- End of Scenario k = 13 -------
0,0,0,0,0,0,0,0,0,0;74,0,80,0,0,0,27,0,43,0;0,0,0,0,0,80,80,0,38,0;0,22,0,0,0,80,0,0,20,33;63,0,0,40,0,0,0,0,0,0;73,0,0,47,0,0,0,0,0,0;0,0,37,46,0,0,0,0,24,67;0,0,0,0,80,70,0,0,0,0;80,67,0,0,32,0,0,44,0,0;0,0,0,0,0,78,0,0,80,0
0,0,0,0,0,0,0,0,0,0;34,0,40,0,0,0,28,0,38,0;0,0,0,0,0,22,31,0,35,0;0,29,0,0,0,34,0,0,27,29;30,0,0,35,0,0,0,0,0,0;30,0,0,40,0,0,0,0,0,0;0,0,22,37,0,0,0,0,40,20;0,0,0,0,27,29,0,0,0,0;32,36,0,0,39,0,0,30,0,0;0,0,0,0,0,38,0,0,28,0
-23,12,0,0,0,-60,30,24,0,17
------------- End of Scenario k = 14 -------
0,0,0,0,0,0,0,0,0,0;80,0,80,0,0,0,71,0,59,0;0,0,0,0,0,80,45,0,54,0;0,53,0,0,0,80,0,0,65,67;80,0,0,50,0,0,0,0,0,0;80,0,0,66,0,0,0,0,0,0;0,0,70,53,0,0,0,0,40,57;0,0,0,0,43,56,0,0,0,0;80,25,0,0,26,0,0,62,0,0;0,0,0,0,0,43,0,0,80,0
0,0,0,0,0,0,0,0,0,0;29,0,29,0,0,0,28,0,38,0;0,0,0,0,0,18,31,0,28,0;0,31,0,0,0,26,0,0,37,34;35,0,0,22,0,0,0,0,0,0;24,0,0,35,0,0,0,0,0,0;0,0,32,28,0,0,0,0,35,23;0,0,0,0,32,38,0,0,0,0;37,26,0,0,38,0,0,32,0,0;0,0,0,0,0,23,0,0,38,0
-18,18,0,0,0,-61,22,20,0,19
------------- End of Scenario k = 15 -------
0,0,0,0,0,0,0,0,0,0;80,0,80,0,0,0,48,0,49,0;0,0,0,0,0,38,54,0,40,0;0,25,0,0,0,80,0,0,27,47;80,0,0,21,0,0,0,0,0,0;29,0,0,52,0,0,0,0,0,0;0,0,55,65,0,0,0,0,30,48;0,0,0,0,59,71,0,0,0,0;80,69,0,0,73,0,0,58,0,0;0,0,0,0,0,26,0,0,80,0
0,0,0,0,0,0,0,0,0,0;33,0,29,0,0,0,38,0,20,0;0,0,0,0,0,34,27,0,28,0;0,34,0,0,0,29,0,0,32,33;28,0,0,21,0,0,0,0,0,0;21,0,0,23,0,0,0,0,0,0;0,0,32,38,0,0,0,0,20,30;0,0,0,0,33,28,0,0,0,0;34,26,0,0,28,0,0,33,0,0;0,0,0,0,0,25,0,0,33,0
-34,24,0,0,0,-59,27,24,0,18
------------- End of Scenario k = 16 -------
0,0,0,0,0,0,0,0,0,0;20,0,80,0,0,0,55,0,52,0;0,0,0,0,0,23,75,0,42,0;0,60,0,0,0,80,0,0,67,33;80,0,0,78,0,0,0,0,0,0;71,0,0,59,0,0,0,0,0,0;0,0,62,62,0,0,0,0,56,44;0,0,0,0,62,60,0,0,0,0;80,76,0,0,46,0,0,60,0,0;0,0,0,0,0,80,0,0,39,0
0,0,0,0,0,0,0,0,0,0;29,0,29,0,0,0,33,0,26,0;0,0,0,0,0,27,35,0,38,0;0,31,0,0,0,38,0,0,33,30;40,0,0,31,0,0,0,0,0,0;37,0,0,36,0,0,0,0,0,0;0,0,34,24,0,0,0,0,25,27;0,0,0,0,21,31,0,0,0,0;39,39,0,0,23,0,0,28,0,0;0,0,0,0,0,37,0,0,31,0
-26,23,0,0,0,-50,10,13,0,30
------------- End of Scenario k = 17 -------
0,0,0,0,0,0,0,0,0,0;80,0,80,0,0,0,53,0,45,0;0,0,0,0,0,80,35,0,23,0;0,30,0,0,0,54,0,0,45,47;73,0,0,61,0,0,0,0,0,0;73,0,0,36,0,0,0,0,0,0;0,0,71,34,0,0,0,0,31,35;0,0,0,0,80,64,0,0,0,0;80,54,0,0,36,0,0,25,0,0;0,0,0,0,0,55,0,0,80,0
0,0,0,0,0,0,0,0,0,0;28,0,24,0,0,0,26,0,33,0;0,0,0,0,0,24,31,0,36,0;0,27,0,0,0,36,0,0,39,34;19,0,0,39,0,0,0,0,0,0;39,0,0,27,0,0,0,0,0,0;0,0,25,33,0,0,0,0,29,26;0,0,0,0,18,39,0,0,0,0;22,34,0,0,32,0,0,34,0,0;0,0,0,0,0,25,0,0,25,0
-10,19,0,0,0,-65,26,15,0,15
------------- End of Scenario k = 18 -------
0,0,0,0,0,0,0,0,0,0;77,0,77,0,0,0,71,0,34,0;0,0,0,0,0,33,40,0,26,0;0,55,0,0,0,80,0,0,78,69;45,0,0,63,0,0,0,0,0,0;80,0,0,21,0,0,0,0,0,0;0,0,35,48,0,0,0,0,52,55;0,0,0,0,73,80,0,0,0,0;80,23,0,0,40,0,0,25,0,0;0,0,0,0,0,80,0,0,52,0
0,0,0,0,0,0,0,0,0,0;30,0,27,0,0,0,22,0,39,0;0,0,0,0,0,31,39,0,20,0;0,20,0,0,0,30,0,0,39,22;38,0,0,22,0,0,0,0,0,0;30,0,0,40,0,0,0,0,0,0;0,0,34,23,0,0,0,0,37,34;0,0,0,0,36,27,0,0,0,0;24,27,0,0,36,0,0,30,0,0;0,0,0,0,0,16,0,0,20,0
-38,14,0,0,0,-31,17,27,0,11
------------- End of Scenario k = 19 -------
0,0,0,0,0,0,0,0,0,0;58,0,80,0,0,0,25,0,26,0;0,0,0,0,0,35,71,0,23,0;0,79,0,0,0,30,0,0,21,43;80,0,0,37,0,0,0,0,0,0;40,0,0,70,0,0,0,0,0,0;0,0,28,80,0,0,0,0,25,60;0,0,0,0,60,80,0,0,0,0;37,44,0,0,49,0,0,60,0,0;0,0,0,0,0,80,0,0,80,0
0,0,0,0,0,0,0,0,0,0;20,0,40,0,0,0,23,0,37,0;0,0,0,0,0,40,30,0,20,0;0,26,0,0,0,39,0,0,20,28;27,0,0,23,0,0,0,0,0,0;30,0,0,29,0,0,0,0,0,0;0,0,23,29,0,0,0,0,25,30;0,0,0,0,29,36,0,0,0,0;29,25,0,0,32,0,0,22,0,0;0,0,0,0,0,36,0,0,30,0
-29,11,0,0,0,-49,12,27,0,28
------------- End of Scenario k = 20 -------
0,0,0,0,0,0,0,0,0,0;58,0,80,0,0,0,55,0,56,0;0,0,0,0,0,38,37,0,66,0;0,75,0,0,0,35,0,0,22,24;80,0,0,40,0,0,0,0,0,0;48,0,0,20,0,0,0,0,0,0;0,0,43,80,0,0,0,0,76,32;0,0,0,0,63,22,0,0,0,0;80,25,0,0,61,0,0,59,0,0;0,0,0,0,0,41,0,0,34,0
0,0,0,0,0,0,0,0,0,0;31,0,37,0,0,0,20,0,21,0;0,0,0,0,0,33,20,0,35,0;0,23,0,0,0,15,0,0,32,35;29,0,0,34,0,0,0,0,0,0;31,0,0,20,0,0,0,0,0,0;0,0,30,16,0,0,0,0,25,33;0,0,0,0,24,22,0,0,0,0;15,22,0,0,40,0,0,39,0,0;0,0,0,0,0,33,0,0,29,0
-28,24,0,0,0,-36,12,13,0,15
------------- End of Scenario k = 21 -------
0,0,0,0,0,0,0,0,0,0;23,0,80,0,0,0,48,0,70,0;0,0,0,0,0,51,21,0,25,0;0,48,0,0,0,39,0,0,40,36;32,0,0,30,0,0,0,0,0,0;51,0,0,51,0,0,0,0,0,0;0,0,58,72,0,0,0,0,44,24;0,0,0,0,80,80,0,0,0,0;80,40,0,0,66,0,0,50,0,0;0,0,0,0,0,80,0,0,80,0
0,0,0,0,0,0,0,0,0,0;23,0,39,0,0,0,23,0,36,0;0,0,0,0,0,22,30,0,40,0;0,32,0,0,0,37,0,0,22,24;30,0,0,32,0,0,0,0,0,0;34,0,0,35,0,0,0,0,0,0;0,0,25,39,0,0,0,0,39,34;0,0,0,0,40,27,0,0,0,0;26,32,0,0,39,0,0,29,0,0;0,0,0,0,0,26,0,0,26,0
-35,21,0,0,0,-68,29,27,0,26
------------- End of Scenario k = 22 -------
0,0,0,0,0,0,0,0,0,0;62,0,23,0,0,0,79,0,74,0;0,0,0,0,0,72,67,0,50,0;0,42,0,0,0,80,0,0,26,37;50,0,0,38,0,0,0,0,0,0;41,0,0,75,0,0,0,0,0,0;0,0,50,45,0,0,0,0,60,59;0,0,0,0,80,69,0,0,0,0;58,51,0,0,55,0,0,20,0,0;0,0,0,0,0,21,0,0,21,0
0,0,0,0,0,0,0,0,0,0;37,0,20,0,0,0,28,0,37,0;0,0,0,0,0,40,40,0,20,0;0,27,0,0,0,23,0,0,40,29;28,0,0,28,0,0,0,0,0,0;33,0,0,38,0,0,0,0,0,0;0,0,29,33,0,0,0,0,34,23;0,0,0,0,28,20,0,0,0,0;35,26,0,0,32,0,0,20,0,0;0,0,0,0,0,38,0,0,39,0
-39,20,0,0,0,-46,21,18,0,26
------------- End of Scenario k = 23 -------
0,0,0,0,0,0,0,0,0,0;80,0,80,0,0,0,38,0,36,0;0,0,0,0,0,80,48,0,55,0;0,74,0,0,0,80,0,0,41,80;80,0,0,41,0,0,0,0,0,0;57,0,0,44,0,0,0,0,0,0;0,0,26,80,0,0,0,0,66,67;0,0,0,0,80,69,0,0,0,0;80,62,0,0,64,0,0,30,0,0;0,0,0,0,0,80,0,0,80,0
0,0,0,0,0,0,0,0,0,0;33,0,37,0,0,0,31,0,25,0;0,0,0,0,0,35,32,0,37,0;0,40,0,0,0,39,0,0,26,33;30,0,0,26,0,0,0,0,0,0;37,0,0,34,0,0,0,0,0,0;0,0,22,27,0,0,0,0,40,26;0,0,0,0,34,36,0,0,0,0;38,36,0,0,34,0,0,39,0,0;0,0,0,0,0,24,0,0,36,0
-61,29,0,0,0,-34,16,27,0,23
------------- End of Scenario k = 24 -------
0,0,0,0,0,0,0,0,0,0;71,0,76,0,0,0,53,0,25,0;0,0,0,0,0,80,73,0,64,0;0,80,0,0,0,27,0,0,46,37;80,0,0,69,0,0,0,0,0,0;63,0,0,48,0,0,0,0,0,0;0,0,54,80,0,0,0,0,46,75;0,0,0,0,80,80,0,0,0,0;80,68,0,0,50,0,0,67,0,0;0,0,0,0,0,47,0,0,61,0
0,0,0,0,0,0,0,0,0,0;13,0,30,0,0,0,37,0,40,0;0,0,0,0,0,35,39,0,25,0;0,23,0,0,0,29,0,0,28,29;31,0,0,22,0,0,0,0,0,0;21,0,0,31,0,0,0,0,0,0;0,0,31,30,0,0,0,0,21,35;0,0,0,0,26,36,0,0,0,0;29,29,0,0,38,0,0,30,0,0;0,0,0,0,0,28,0,0,31,0
-31,12,0,0,0,-45,14,24,0,26
------------- End of Scenario k = 25 -------
0,0,0,0,0,0,0,0,0,0;69,0,80,0,0,0,61,0,67,0;0,0,0,0,0,80,73,0,69,0;0,55,0,0,0,80,0,0,58,77;80,0,0,69,0,0,0,0,0,0;70,0,0,50,0,0,0,0,0,0;0,0,69,39,0,0,0,0,75,29;0,0,0,0,22,45,0,0,0,0;32,29,0,0,58,0,0,34,0,0;0,0,0,0,0,80,0,0,41,0
0,0,0,0,0,0,0,0,0,0;37,0,31,0,0,0,22,0,31,0;0,0,0,0,0,35,30,0,21,0;0,22,0,0,0,33,0,0,32,34;40,0,0,32,0,0,0,0,0,0;33,0,0,38,0,0,0,0,0,0;0,0,38,26,0,0,0,0,29,21;0,0,0,0,12,33,0,0,0,0;33,38,0,0,30,0,0,40,0,0;0,0,0,0,0,19,0,0,36,0
-29,19,0,0,0,-35,25,10,0,10
------------- End of Scenario k = 26 -------
0,0,0,0,0,0,0,0,0,0;75,0,55,0,0,0,43,0,67,0;0,0,0,0,0,75,36,0,46,0;0,75,0,0,0,80,0,0,37,43;80,0,0,65,0,0,0,0,0,0;47,0,0,28,0,0,0,0,0,0;0,0,45,50,0,0,0,0,71,75;0,0,0,0,58,28,0,0,0,0;80,24,0,0,33,0,0,52,0,0;0,0,0,0,0,51,0,0,39,0
0,0,0,0,0,0,0,0,0,0;26,0,39,0,0,0,37,0,28,0;0,0,0,0,0,21,40,0,26,0;0,27,0,0,0,38,0,0,38,29;29,0,0,24,0,0,0,0,0,0;35,0,0,27,0,0,0,0,0,0;0,0,23,25,0,0,0,0,38,31;0,0,0,0,24,38,0,0,0,0;32,32,0,0,39,0,0,23,0,0;0,0,0,0,0,40,0,0,36,0
-45,20,0,0,0,-33,11,20,0,27
------------- End of Scenario k = 27 -------
0,0,0,0,0,0,0,0,0,0;80,0,80,0,0,0,25,0,74,0;0,0,0,0,0,80,76,0,49,0;0,52,0,0,0,80,0,0,39,72;80,0,0,29,0,0,0,0,0,0;22,0,0,37,0,0,0,0,0,0;0,0,20,49,0,0,0,0,72,44;0,0,0,0,62,71,0,0,0,0;80,67,0,0,60,0,0,28,0,0;0,0,0,0,0,80,0,0,48,0
0,0,0,0,0,0,0,0,0,0;16,0,22,0,0,0,20,0,21,0;0,0,0,0,0,36,30,0,33,0;0,26,0,0,0,36,0,0,37,30;20,0,0,22,0,0,0,0,0,0;40,0,0,22,0,0,0,0,0,0;0,0,38,19,0,0,0,0,39,21;0,0,0,0,20,19,0,0,0,0;14,34,0,0,39,0,0,29,0,0;0,0,0,0,0,13,0,0,26,0
-15,11,0,0,0,-32,15,11,0,10
------------- End of Scenario k = 28 -------
0,0,0,0,0,0,0,0,0,0;80,0,67,0,0,0,70,0,43,0;0,0,0,0,0,60,61,0,50,0;0,43,0,0,0,80,0,0,63,56;48,0,0,38,0,0,0,0,0,0;37,0,0,55,0,0,0,0,0,0;0,0,53,80,0,0,0,0,78,30;0,0,0,0,74,38,0,0,0,0;80,69,0,0,51,0,0,36,0,0;0,0,0,0,0,80,0,0,80,0
0,0,0,0,0,0,0,0,0,0;30,0,38,0,0,0,39,0,31,0;0,0,0,0,0,35,35,0,22,0;0,24,0,0,0,40,0,0,33,29;33,0,0,40,0,0,0,0,0,0;29,0,0,37,0,0,0,0,0,0;0,0,30,22,0,0,0,0,33,24;0,0,0,0,32,32,0,0,0,0;33,28,0,0,30,0,0,28,0,0;0,0,0,0,0,34,0,0,37,0
-40,30,0,0,0,-60,15,26,0,29
------------- End of Scenario k = 29 -------
