/ -------------------------------------------------------------------------
An instance of the stochastic Fixed - charge Network Flow Problem using NETGEN.
/ -------------------------------------------------------------------------
Number of Nodes (no Dummy node is added), n
Graph Density, density
The fixed cost to variable cost ratio, f
Adjacency Matrix, A
Fixed Cost Matrix, c
Number of scenarios, K
Scenario Probabilities, p
----The following three rows will be repeated K times.----
Var Cost Matrix, d
Capacity, u
demand, b
/ -------------------------------------------------------------------------
+
30
0.6
200
0,0,1,1,1,1,0,0,1,1,1,0,0,1,0,1,0,1,1,0,0,1,1,0,1,0,0,1,1,0;1,0,1,0,0,1,0,1,0,0,1,1,1,1,0,1,0,1,1,1,1,0,1,1,1,1,1,0,0,1;1,1,0,0,1,0,1,1,1,0,0,0,1,1,1,0,1,0,1,0,1,0,1,1,1,1,0,0,1,1;1,1,0,0,0,1,1,1,1,1,0,1,1,0,0,1,1,1,0,0,0,1,1,1,0,0,1,1,0,0;1,1,1,0,0,1,0,1,0,1,0,1,1,1,1,1,1,1,1,0,0,0,0,1,1,0,0,0,0,1;1,0,1,1,1,0,1,1,0,1,0,1,1,1,0,0,0,1,1,1,1,1,1,0,0,0,0,1,1,1;1,1,0,0,1,1,0,0,1,0,0,1,0,1,1,0,1,0,0,0,1,0,1,0,1,1,0,1,1,0;1,0,1,1,0,1,1,0,1,1,0,0,1,1,1,1,1,0,0,0,0,1,0,0,0,0,0,1,1,1;1,1,0,1,1,1,1,1,0,0,1,0,1,1,0,1,0,1,0,0,0,0,0,0,0,1,0,0,1,0;0,0,1,1,1,1,1,0,1,0,0,1,1,0,1,1,0,0,1,0,1,1,1,1,1,0,1,1,0,0;1,0,0,1,0,1,0,0,1,1,0,1,1,1,1,1,0,1,0,0,1,1,1,1,1,0,0,0,1,0;1,1,1,1,1,1,0,0,1,1,0,0,1,0,1,0,1,1,1,0,1,0,0,1,0,1,0,0,1,0;1,1,1,1,0,0,0,0,1,0,0,0,0,1,0,0,1,0,1,0,1,1,1,0,1,1,1,0,1,1;1,1,1,1,1,1,1,1,0,1,0,1,1,0,1,1,0,0,0,0,1,1,0,1,0,1,0,1,1,1;0,1,0,0,0,0,1,0,0,1,0,0,1,0,0,0,1,1,1,0,1,0,0,0,0,1,0,1,0,0;1,0,0,1,1,0,1,0,1,1,1,0,1,1,0,0,1,0,1,1,1,1,0,0,1,0,1,1,1,1;0,0,1,0,0,1,1,1,1,0,1,0,0,1,1,1,0,1,0,0,0,1,0,0,1,0,0,1,0,1;1,1,0,0,1,0,1,1,0,1,1,0,1,1,0,1,1,0,1,1,0,0,1,1,1,1,1,1,1,1;0,0,1,1,0,0,1,1,1,1,1,1,1,0,0,1,0,0,0,1,1,1,1,0,1,0,0,0,1,1;0,0,0,1,1,1,0,0,1,1,0,0,1,1,1,0,1,1,1,0,1,1,0,0,1,0,0,1,0,1;0,0,1,1,1,0,0,1,1,1,1,0,0,0,0,1,0,0,0,1,0,1,0,0,0,0,1,1,1,1;0,1,1,1,1,1,0,1,0,1,1,0,0,0,1,0,1,1,0,1,1,0,1,1,0,1,1,1,1,0;1,1,1,1,1,0,0,1,0,1,1,0,1,1,1,1,1,1,0,1,1,1,0,1,1,0,0,1,0,0;1,1,0,0,0,0,0,0,1,1,1,0,1,0,0,1,1,1,0,0,1,1,1,0,0,0,1,1,1,1;1,1,1,0,0,1,0,1,1,1,1,1,1,1,0,0,1,1,1,1,1,0,0,0,0,0,1,1,1,1;0,1,1,1,1,0,0,1,0,1,1,1,0,1,1,0,1,1,1,1,1,1,1,0,0,0,1,1,0,1;1,1,1,0,1,1,0,1,1,0,1,0,1,1,1,0,1,1,1,1,1,1,0,1,1,0,0,1,1,1;1,1,1,1,0,1,0,1,1,0,1,1,1,1,0,1,0,0,1,1,1,1,1,1,1,1,0,0,0,1;1,0,0,0,1,1,1,1,1,0,0,0,0,1,1,1,0,0,1,0,1,0,1,1,0,1,1,1,0,0;1,0,0,0,1,1,0,1,1,1,0,1,1,0,1,0,1,0,1,0,1,1,1,1,1,1,0,0,1,0
0,0,8580,11220,10740,8260,0,0,7600,7680,8840,0,0,10300,0,7959,0,11980,10140,0,0,10920,9440,0,10860,0,0,8480,9580,0;12260,0,11120,0,0,11760,0,13500,0,0,8840,10020,10500,8340,0,11740,0,9240,8660,8800,9480,0,10620,10080,13180,9200,10380,0,0,9580;10040,9340,0,0,11780,0,8480,11060,8400,0,0,0,10300,9600,13660,0,11200,0,11160,0,8159,0,7940,11820,9480,10020,0,0,10180,8900;8820,11140,0,0,0,10760,10100,9360,9700,9800,0,9480,9320,0,0,9800,10560,11060,0,0,0,10980,11900,10060,0,0,11420,8860,0,0;7820,10220,9340,0,0,10000,0,11040,0,9060,0,8260,8080,8320,10140,9160,9280,10980,9880,0,0,0,0,10640,11940,0,0,0,0,10740;10580,0,10340,11500,11420,0,13719,11860,0,13040,0,12620,8560,12320,0,0,0,12680,10540,11180,12180,10920,11440,0,0,0,0,9640,10380,9660;11700,9920,0,0,10820,9280,0,0,14660,0,0,9080,0,10580,12020,0,8500,0,0,0,8660,0,10660,0,9460,10100,0,9880,9600,0;9280,0,9640,12160,0,9120,10300,0,9360,8600,0,0,7259,8920,10540,11140,10060,0,0,0,0,10320,0,0,0,0,0,10080,9900,11500;12120,10620,0,11980,9180,9060,9840,12160,0,0,9580,0,9700,10860,0,7480,0,11180,0,0,0,0,0,0,0,8560,0,0,9660,0;0,0,10120,10320,8660,10600,9940,0,9360,0,0,10200,9840,0,10140,11840,0,0,8940,0,8960,10460,9060,10680,9400,0,10180,10720,0,0;9120,0,0,8460,0,13940,0,0,8980,8920,0,10840,10200,9880,8780,10740,0,11980,0,0,11900,10760,9980,9200,10980,0,0,0,12340,0;10560,10080,11100,9880,9960,11080,0,0,11060,13160,0,0,12300,0,8640,0,9520,12000,11100,0,8260,0,0,8820,0,10300,0,0,7920,0;9360,8580,9980,9160,0,0,0,0,10000,0,0,0,0,10420,0,0,11300,0,10100,0,11800,10520,11140,0,9880,10640,10820,0,9700,10300;10100,10080,10480,8440,9980,10100,10260,12640,0,10180,0,10060,10380,0,10380,15119,0,0,0,0,9200,9120,0,10120,0,9000,0,11180,10640,10980;0,9640,0,0,0,0,9260,0,0,11620,0,0,8380,0,0,0,10160,10040,10220,0,9460,0,0,0,0,9340,0,9140,0,0;8960,0,0,9560,9120,0,9240,0,9700,10000,10160,0,12000,9960,0,0,11540,0,8280,11120,9440,9580,0,0,7759,0,9700,9800,8640,9540;0,0,10080,0,0,9640,11940,9860,11860,0,11780,0,0,10000,11680,9320,0,12960,0,0,0,9920,0,0,10240,0,0,10080,0,9600;10620,11180,0,0,7640,0,10660,9500,0,11460,9500,0,10440,10200,0,10540,9560,0,13300,8460,0,0,9180,9000,10500,9840,9780,11080,9360,10920;0,0,9660,7759,0,0,10400,7680,9300,9380,8020,9640,9720,0,0,10140,0,0,0,15119,10440,9940,9500,0,13200,0,0,0,9660,10540;0,0,0,8200,8620,8520,0,0,10420,9280,0,0,10480,10280,8800,0,10220,10920,10400,0,12700,10140,0,0,8540,0,0,9640,0,8440;0,0,10280,10100,11180,0,0,8200,9760,8380,10560,0,0,0,0,9420,0,0,0,9640,0,14260,0,0,0,0,11720,10540,10460,8260;0,9100,9180,10100,9100,10040,0,9560,0,14040,9020,0,0,0,9480,0,10660,10300,0,9080,8300,0,13260,8560,0,11240,10600,11300,9620,0;10100,10200,10720,9740,10940,0,0,10260,0,10860,10300,0,7840,10120,10520,7159,11100,9600,0,8240,11540,9200,0,14540,11020,0,0,9240,0,0;11420,10820,0,0,0,0,0,0,9280,9420,9640,0,9120,0,0,10360,9280,8920,0,0,10820,12040,10900,0,0,0,12700,10600,10140,9740;9520,9860,10500,0,0,10060,0,9860,10560,10780,8240,8760,10060,9760,0,0,7859,10120,8960,8620,9300,0,0,0,0,0,12380,10280,9720,8960;0,9860,11760,7020,10440,0,0,10780,0,11000,11020,14360,0,8780,10160,0,7300,11040,10240,10280,11040,9220,9760,0,0,0,10980,9640,0,11760;12060,11140,9300,0,10620,8940,0,8800,9760,0,9580,0,10720,9520,8320,0,9020,8159,10060,9660,8020,9160,0,8760,10900,0,0,10840,11380,8360;14100,9940,11400,9600,0,10480,0,8900,11800,0,10780,9620,8260,10300,0,10960,0,0,8580,9640,8800,8480,11480,10680,10340,9400,0,0,0,13100;9420,0,0,0,10100,11100,9640,8820,11420,0,0,0,0,11460,11200,9900,0,0,9960,0,9680,0,10260,8580,0,8580,9640,10180,0,0;11900,0,0,0,9940,9360,0,9180,8100,10500,0,10600,10420,0,11120,0,12860,0,9840,0,9020,11260,9060,9280,10120,9900,0,0,10260,0
10
0.15,0.1,0.05,0.1,0.05,0.15,0.1,0.05,0.15,0.1
--Scenarios--
0,0,54,52,30,36,0,0,35,52,38,0,0,35,0,20,0,68,35,0,0,54,24,0,55,0,0,29,32,0;70,0,80,0,0,72,0,80,0,0,76,64,71,40,0,74,0,70,51,31,65,0,72,54,80,23,34,0,0,50;56,62,0,0,67,0,47,51,35,0,0,0,62,77,80,0,50,0,65,0,80,0,31,70,27,76,0,0,53,24;20,30,0,0,0,63,58,35,57,66,0,61,66,0,0,30,75,38,0,0,0,71,52,31,0,0,32,42,0,0;22,35,57,0,0,53,0,75,0,36,0,74,42,64,30,72,42,63,75,0,0,0,0,57,60,0,0,0,0,67;52,0,71,30,65,0,80,80,0,80,0,71,40,34,0,0,0,67,40,57,66,67,77,0,0,0,0,22,24,51;76,20,0,0,33,60,0,0,80,0,0,45,0,44,62,0,58,0,0,0,67,0,35,0,74,72,0,38,36,0;70,0,32,55,0,64,74,0,36,23,0,0,28,48,80,35,27,0,0,0,0,80,0,0,0,0,0,20,53,79;80,62,0,55,27,47,60,67,0,0,72,0,38,80,0,44,0,65,0,0,0,0,0,0,0,41,0,0,63,0;0,0,72,30,49,29,20,0,74,0,0,44,35,0,48,54,0,0,42,0,26,44,42,79,33,0,38,58,0,0;69,0,0,23,0,80,0,0,41,70,0,36,33,23,61,59,0,69,0,0,32,54,21,53,80,0,0,0,65,0;22,78,46,31,62,78,0,0,73,31,0,0,22,0,45,0,69,30,73,0,57,0,0,60,0,43,0,0,33,0;31,70,77,61,0,0,0,0,72,0,0,0,0,57,0,0,60,0,80,0,60,73,48,0,57,65,72,0,52,53;75,55,45,58,37,75,59,80,0,27,0,79,62,0,59,62,0,0,0,0,67,37,0,74,0,59,0,56,47,59;0,65,0,0,0,0,79,0,0,68,0,0,26,0,0,0,53,28,28,0,26,0,0,0,0,59,0,24,0,0;25,0,0,43,26,0,60,0,34,59,78,0,72,66,0,0,49,0,42,47,30,55,0,0,25,0,40,38,78,40;0,0,51,0,0,28,52,48,65,0,63,0,0,31,65,33,0,54,0,0,0,55,0,0,30,0,0,47,0,54;64,45,0,0,42,0,32,57,0,40,77,0,54,20,0,28,49,0,80,25,0,0,28,55,36,59,45,63,40,60;0,0,51,62,0,0,74,49,60,38,38,20,53,0,0,32,0,0,0,80,30,78,69,0,80,0,0,0,78,24;0,0,0,48,21,65,0,0,23,40,0,0,54,51,35,0,63,25,56,0,80,47,0,0,30,0,0,25,0,28;0,0,40,32,45,0,0,21,63,77,50,0,0,0,0,26,0,0,0,51,0,53,0,0,0,0,65,41,62,68;0,49,59,61,23,36,0,44,0,53,25,0,0,0,40,0,22,42,0,74,51,0,47,52,0,36,74,65,43,0;44,33,45,37,35,0,0,73,0,51,76,0,62,67,47,28,21,23,0,72,71,38,0,80,56,0,0,45,0,0;65,34,0,0,0,0,0,0,31,59,48,0,36,0,0,40,25,70,0,0,34,77,51,0,0,0,80,66,43,41;77,56,44,0,0,41,0,77,55,70,41,61,70,68,0,0,37,62,39,75,40,0,0,0,0,0,36,46,21,54;0,24,44,54,47,0,0,74,0,33,45,80,0,63,44,0,26,35,39,75,48,54,62,0,0,0,55,38,0,67;80,25,62,0,33,47,0,26,41,0,27,0,59,33,33,0,21,37,78,31,22,73,0,31,49,0,0,26,68,35;28,43,65,25,0,46,0,63,53,0,28,68,22,22,0,27,0,0,65,40,26,20,55,30,69,42,0,0,0,80;76,0,0,0,53,71,44,37,53,0,0,0,0,80,42,74,0,0,63,0,34,0,35,63,0,41,50,51,0,0;80,0,0,0,34,29,0,76,45,76,0,69,68,0,71,0,46,0,27,0,34,49,66,33,74,45,0,0,60,0
0,0,26,21,31,27,0,0,35,33,27,0,0,39,0,27,0,26,27,0,0,30,38,0,28,0,0,39,20,0;39,0,32,0,0,24,0,33,0,0,35,29,36,24,0,30,0,29,34,31,31,0,40,38,39,25,37,0,0,40;29,37,0,0,25,0,26,34,24,0,0,0,20,28,27,0,37,0,25,0,29,0,37,31,38,21,0,0,25,21;26,32,0,0,0,31,23,37,28,24,0,26,39,0,0,28,24,22,0,0,0,35,20,26,0,0,40,30,0,0;32,40,26,0,0,29,0,20,0,36,0,27,40,32,24,24,22,32,21,0,0,0,0,40,33,0,0,0,0,22;34,0,39,24,40,0,39,36,0,30,0,28,22,24,0,0,0,33,40,39,32,24,39,0,0,0,0,40,32,37;26,21,0,0,24,38,0,0,34,0,0,33,0,22,31,0,38,0,0,0,37,0,25,0,37,24,0,28,29,0;34,0,28,27,0,35,24,0,30,22,0,0,24,22,35,28,21,0,0,0,0,22,0,0,0,0,0,28,26,31;35,20,0,26,36,26,39,20,0,0,32,0,38,32,0,37,0,24,0,0,0,0,0,0,0,26,0,0,36,0;0,0,24,39,28,37,32,0,36,0,0,33,25,0,30,23,0,0,27,0,29,39,29,35,34,0,26,21,0,0;39,0,0,33,0,39,0,0,28,35,0,39,26,39,36,33,0,22,0,0,33,30,39,31,31,0,0,0,32,0;24,28,31,28,26,28,0,0,28,39,0,0,30,0,38,0,39,32,25,0,27,0,0,37,0,36,0,0,32,0;28,31,26,38,0,0,0,0,31,0,0,0,0,37,0,0,38,0,34,0,37,32,27,0,35,32,27,0,29,20;40,25,39,31,33,25,32,20,0,23,0,30,30,0,37,22,0,0,0,0,38,37,0,38,0,28,0,30,33,31;0,27,0,0,0,0,33,0,0,32,0,0,33,0,0,0,34,26,33,0,21,0,0,0,0,39,0,36,0,0;32,0,0,38,39,0,37,0,30,29,20,0,39,32,0,0,30,0,30,34,32,20,0,0,38,0,33,26,23,36;0,0,21,0,0,30,37,26,23,0,28,0,0,29,31,30,0,20,0,0,0,23,0,0,37,0,0,27,0,39;28,20,0,0,24,0,34,40,0,36,31,0,22,21,0,20,21,0,29,31,0,0,25,23,34,28,24,25,31,30;0,0,20,27,0,0,27,24,24,26,25,24,32,0,0,24,0,0,0,25,21,34,31,0,27,0,0,0,30,27;0,0,0,38,23,21,0,0,25,25,0,0,22,31,39,0,37,33,21,0,38,35,0,0,27,0,0,29,0,36;0,0,35,27,31,0,0,22,25,31,27,0,0,0,0,25,0,0,0,24,0,39,0,0,0,0,40,40,29,22;0,20,40,30,38,30,0,39,0,31,22,0,0,0,31,0,33,35,0,39,32,0,20,31,0,32,33,25,25,0;35,27,22,33,39,0,0,36,0,28,26,0,36,39,23,33,37,32,0,24,27,27,0,34,26,0,0,21,0,0;27,36,0,0,0,0,0,0,34,37,40,0,40,0,0,29,35,39,0,0,24,23,37,0,0,0,19,26,24,36;40,38,30,0,0,40,0,30,38,21,32,21,40,35,0,0,22,35,23,32,20,0,0,0,0,0,25,31,34,24;0,25,38,38,25,0,0,30,0,20,33,33,0,33,22,0,35,39,22,23,29,38,20,0,0,0,34,21,0,33;34,29,30,0,29,32,0,38,31,0,38,0,33,24,38,0,22,20,26,21,38,32,0,25,32,0,0,33,33,25;28,37,28,34,0,37,0,36,24,0,23,39,35,20,0,25,0,0,40,21,33,23,36,30,31,26,0,0,0,37;21,0,0,0,23,39,34,29,26,0,0,0,0,32,28,32,0,0,32,0,39,0,30,31,0,34,20,23,0,0;28,0,0,0,22,28,0,36,20,40,0,31,37,0,39,0,21,0,36,0,28,38,33,34,30,31,0,0,26,0
-14,13,0,0,0,0,0,-8,0,-39,30,0,0,0,-4,0,0,0,0,0,0,0,0,0,-14,20,0,0,16,0
------------- End of Scenario k = 0 -------
0,0,21,20,28,28,0,0,28,55,57,0,0,67,0,59,0,53,34,0,0,53,56,0,46,0,0,40,47,0;77,0,40,0,0,56,0,80,0,0,56,28,65,25,0,45,0,58,76,75,36,0,40,21,80,36,72,0,0,50;32,30,0,0,80,0,40,24,30,0,0,0,42,25,79,0,72,0,64,0,34,0,44,54,73,65,0,0,55,21;60,56,0,0,0,78,20,58,70,46,0,28,22,0,0,46,44,76,0,0,0,59,20,63,0,0,56,42,0,0;31,37,73,0,0,42,0,51,0,53,0,36,43,66,57,53,29,45,55,0,0,0,0,53,71,0,0,0,0,64;27,0,61,28,59,0,80,77,0,80,0,65,22,57,0,0,0,77,20,43,50,43,22,0,0,0,0,21,79,43;68,55,0,0,70,37,0,0,80,0,0,34,0,76,45,0,80,0,0,0,20,0,32,0,60,73,0,54,24,0;75,0,34,35,0,71,36,0,29,68,0,0,28,27,32,56,60,0,0,0,0,69,0,0,0,0,0,56,65,68;80,54,0,61,67,47,52,36,0,0,77,0,54,53,0,21,0,70,0,0,0,0,0,0,0,36,0,0,54,0;0,0,49,39,44,51,37,0,61,0,0,71,56,0,33,68,0,0,39,0,43,22,42,50,51,0,73,56,0,0;59,0,0,53,0,80,0,0,75,48,0,73,25,37,31,63,0,35,0,0,68,27,69,73,80,0,0,0,74,0;60,31,66,69,25,50,0,0,70,80,0,0,80,0,56,0,51,77,69,0,30,0,0,28,0,50,0,0,53,0;72,47,23,22,0,0,0,0,31,0,0,0,0,80,0,0,61,0,80,0,50,80,22,0,40,37,49,0,78,62;65,65,29,37,31,31,28,80,0,21,0,22,34,0,51,80,0,0,0,0,72,67,0,24,0,38,0,47,53,54;0,63,0,0,0,0,57,0,0,55,0,0,44,0,0,0,69,32,70,0,58,0,0,0,0,65,0,66,0,0;50,0,0,58,35,0,38,0,68,46,39,0,60,21,0,0,68,0,40,32,20,21,0,0,39,0,40,30,36,26;0,0,75,0,0,68,59,64,72,0,37,0,0,53,51,54,0,37,0,0,0,34,0,0,64,0,0,57,0,54;53,60,0,0,23,0,59,25,0,41,34,0,57,60,0,22,78,0,80,20,0,0,52,29,66,56,65,77,56,43;0,0,78,37,0,0,28,49,49,38,23,71,51,0,0,73,0,0,0,80,71,54,60,0,80,0,0,0,46,80;0,0,0,51,20,32,0,0,65,37,0,0,38,65,40,0,42,58,49,0,80,60,0,0,46,0,0,24,0,68;0,0,63,31,45,0,0,33,63,72,68,0,0,0,0,62,0,0,0,35,0,80,0,0,0,0,35,68,70,22;0,38,46,78,39,22,0,20,0,80,60,0,0,0,63,0,25,67,0,41,45,0,34,26,0,72,75,56,69,0;24,27,43,50,68,0,0,41,0,70,52,0,36,73,46,38,47,49,0,20,65,39,0,80,66,0,0,80,0,0;59,35,0,0,0,0,0,0,33,74,68,0,78,0,0,77,46,35,0,0,34,56,70,0,0,0,80,44,73,23;39,80,72,0,0,36,0,22,53,78,35,33,68,72,0,0,21,47,51,44,36,0,0,0,0,0,40,48,42,52;0,75,34,24,24,0,0,33,0,52,25,80,0,66,48,0,33,77,69,61,25,66,27,0,0,0,55,36,0,25;48,69,48,0,78,40,0,77,78,0,56,0,39,64,46,0,61,40,55,54,33,29,0,61,79,0,0,72,79,68;80,55,49,67,0,28,0,45,22,0,78,23,45,42,0,80,0,0,46,36,25,72,45,59,55,54,0,0,0,80;27,0,0,0,63,48,44,58,59,0,0,0,0,64,54,38,0,0,80,0,48,0,63,33,0,67,67,42,0,0;44,0,0,0,32,55,0,47,23,56,0,45,30,0,35,0,70,0,79,0,50,60,80,63,20,63,0,0,73,0
0,0,33,29,22,36,0,0,27,25,28,0,0,25,0,27,0,34,29,0,0,29,33,0,38,0,0,34,36,0;24,0,31,0,0,29,0,14,0,0,28,35,20,36,0,29,0,39,40,34,23,0,39,39,29,32,39,0,0,26;24,34,0,0,15,0,37,37,35,0,0,0,25,38,14,0,35,0,40,0,37,0,28,34,34,29,0,0,29,36;38,20,0,0,0,38,40,34,27,38,0,24,30,0,0,36,25,31,0,0,0,36,21,25,0,0,29,22,0,0;24,29,23,0,0,31,0,32,0,20,0,25,32,38,39,39,28,40,30,0,0,0,0,36,39,0,0,0,0,34;21,0,39,23,29,0,29,30,0,24,0,27,21,20,0,0,0,40,23,26,34,21,39,0,0,0,0,20,23,34;20,22,0,0,23,34,0,0,21,0,0,20,0,20,36,0,30,0,0,0,39,0,22,0,20,32,0,30,31,0;37,0,35,39,0,23,28,0,22,24,0,0,23,36,21,20,36,0,0,0,0,20,0,0,0,0,0,39,28,29;32,38,0,29,33,24,22,34,0,0,34,0,38,20,0,25,0,30,0,0,0,0,0,0,0,35,0,0,24,0;0,0,36,29,40,31,24,0,20,0,0,20,40,0,27,34,0,0,33,0,29,22,29,30,36,0,20,32,0,0;20,0,0,26,0,35,0,0,25,34,0,28,36,35,25,36,0,36,0,0,26,22,28,38,30,0,0,0,33,0;38,37,38,38,37,29,0,0,24,32,0,0,37,0,25,0,21,33,22,0,24,0,0,32,0,25,0,0,20,0;20,22,34,36,0,0,0,0,28,0,0,0,0,29,0,0,32,0,39,0,40,26,36,0,37,24,20,0,37,24;29,30,30,39,40,25,27,40,0,38,0,36,32,0,35,22,0,0,0,0,39,21,0,29,0,24,0,20,34,26;0,34,0,0,0,0,32,0,0,31,0,0,24,0,0,0,36,23,40,0,39,0,0,0,0,22,0,33,0,0;39,0,0,40,25,0,20,0,28,20,35,0,31,38,0,0,36,0,32,38,29,21,0,0,32,0,33,36,34,31;0,0,21,0,0,40,36,33,29,0,25,0,0,26,21,28,0,33,0,0,0,31,0,0,24,0,0,21,0,36;22,30,0,0,40,0,26,38,0,27,36,0,26,23,0,21,36,0,38,21,0,0,24,37,32,39,20,40,36,28;0,0,22,33,0,0,38,28,40,39,35,36,39,0,0,29,0,0,0,18,25,25,30,0,34,0,0,0,35,35;0,0,0,23,28,29,0,0,28,34,0,0,37,36,27,0,31,22,36,0,14,28,0,0,38,0,0,28,0,40;0,0,30,24,20,0,0,28,31,22,23,0,0,0,0,23,0,0,0,32,0,21,0,0,0,0,33,26,37,23;0,32,21,38,34,32,0,30,0,29,32,0,0,0,25,0,35,22,0,20,30,0,21,32,0,36,35,26,23,0;25,29,35,36,36,0,0,25,0,35,26,0,23,39,30,29,38,20,0,23,39,38,0,40,38,0,0,40,0,0;35,36,0,0,0,0,0,0,30,25,25,0,22,0,0,27,22,34,0,0,31,28,22,0,0,0,26,37,33,21;37,25,37,0,0,30,0,26,34,28,21,26,35,34,0,0,22,25,21,24,32,0,0,0,0,0,37,35,26,21;0,37,33,30,31,0,0,40,0,30,23,32,0,26,29,0,38,27,39,22,25,32,26,0,0,0,29,36,0,36;24,31,29,0,36,20,0,20,25,0,40,0,20,36,36,0,35,29,30,23,25,38,0,24,20,0,0,20,38,24;26,29,35,35,0,26,0,26,39,0,25,22,40,28,0,30,0,0,28,30,39,27,23,35,21,25,0,0,0,22;32,0,0,0,35,38,36,20,34,0,0,0,0,32,30,37,0,0,29,0,22,0,37,28,0,28,37,36,0,0;28,0,0,0,31,38,0,37,31,22,0,40,30,0,31,0,30,0,27,0,27,28,23,24,35,32,0,0,24,0
-23,13,0,0,0,0,0,-11,0,-33,21,0,0,0,-9,0,0,0,0,0,0,0,0,0,-2,30,0,0,14,0
------------- End of Scenario k = 1 -------
0,0,30,78,48,67,0,0,20,43,30,0,0,61,0,24,0,55,29,0,0,30,21,0,59,0,0,48,59,0;80,0,31,0,0,56,0,80,0,0,48,24,37,57,0,47,0,32,59,23,78,0,49,45,80,28,21,0,0,65;60,23,0,0,69,0,29,77,44,0,0,0,56,30,80,0,27,0,75,0,27,0,30,23,25,20,0,0,80,39;71,62,0,0,0,51,33,49,43,62,0,52,57,0,0,62,26,43,0,0,0,77,60,54,0,0,74,77,0,0;21,48,31,0,0,51,0,46,0,33,0,37,37,45,78,54,75,59,23,0,0,0,0,66,35,0,0,0,0,67;31,0,79,68,75,0,58,80,0,80,0,80,52,46,0,0,0,72,65,71,63,32,44,0,0,0,0,60,53,57;25,58,0,0,77,69,0,0,80,0,0,28,0,24,49,0,70,0,0,0,40,0,32,0,60,29,0,69,39,0;37,0,63,45,0,41,36,0,67,54,0,0,45,40,60,52,70,0,0,0,0,31,0,0,0,0,0,26,64,31;24,45,0,57,38,27,36,80,0,0,37,0,65,74,0,28,0,80,0,0,0,0,0,0,0,23,0,0,66,0;0,0,31,70,37,57,50,0,50,0,0,26,48,0,48,71,0,0,61,0,30,55,56,72,74,0,30,72,0,0;39,0,0,66,0,60,0,0,72,42,0,65,73,20,28,53,0,51,0,0,55,56,59,28,22,0,0,0,57,0;79,40,67,38,77,75,0,0,49,80,0,0,80,0,42,0,65,20,51,0,35,0,0,56,0,44,0,0,40,0;78,63,70,80,0,0,0,0,54,0,0,0,0,53,0,0,35,0,26,0,59,76,77,0,68,69,57,0,22,43;63,80,73,55,71,41,74,80,0,62,0,52,61,0,46,80,0,0,0,0,62,24,0,50,0,60,0,43,49,55;0,41,0,0,0,0,27,0,0,38,0,0,48,0,0,0,33,74,55,0,57,0,0,0,0,59,0,47,0,0;45,0,0,57,37,0,48,0,74,54,36,0,51,43,0,0,28,0,35,58,75,59,0,0,32,0,63,73,39,38;0,0,49,0,0,77,64,28,69,0,80,0,0,66,48,66,0,63,0,0,0,48,0,0,56,0,0,62,0,54;25,31,0,0,43,0,27,30,0,29,66,0,39,36,0,61,58,0,75,49,0,0,37,32,51,39,79,56,68,52;0,0,22,36,0,0,30,20,51,20,34,39,27,0,0,76,0,0,0,80,25,35,45,0,40,0,0,0,21,56;0,0,0,79,78,51,0,0,56,27,0,0,31,22,67,0,31,49,26,0,66,58,0,0,59,0,0,57,0,35;0,0,58,78,27,0,0,76,46,25,54,0,0,0,0,60,0,0,0,46,0,80,0,0,0,0,75,22,34,25;0,58,61,33,53,58,0,79,0,80,77,0,0,0,25,0,78,76,0,64,57,0,80,65,0,49,38,69,38,0;74,66,48,44,68,0,0,57,0,72,34,0,20,75,74,65,75,44,0,28,74,32,0,80,29,0,0,28,0,0;55,71,0,0,0,0,0,0,66,60,64,0,42,0,0,51,74,31,0,0,77,39,37,0,0,0,51,76,40,71;35,27,27,0,0,37,0,69,31,29,35,38,39,51,0,0,46,50,47,54,69,0,0,0,0,0,79,70,34,22;0,64,73,37,67,0,0,47,0,22,62,55,0,60,55,0,60,24,49,69,30,35,38,0,0,0,48,30,0,67;79,65,43,0,36,57,0,46,36,0,37,0,29,31,63,0,29,31,20,56,36,42,0,26,52,0,0,27,79,42;80,47,77,76,0,57,0,73,68,0,54,42,31,40,0,20,0,0,79,71,70,53,61,76,80,24,0,0,0,80;44,0,0,0,37,34,44,20,55,0,0,0,0,22,71,21,0,0,38,0,79,0,80,68,0,60,21,38,0,0;49,0,0,0,22,36,0,68,53,25,0,34,63,0,61,0,68,0,26,0,49,80,51,80,24,78,0,0,27,0
0,0,29,21,30,30,0,0,34,23,31,0,0,24,0,38,0,25,40,0,0,21,26,0,30,0,0,21,40,0;32,0,18,0,0,38,0,15,0,0,28,37,26,24,0,33,0,28,30,32,30,0,27,33,14,34,38,0,0,37;20,20,0,0,13,0,33,26,39,0,0,0,33,29,15,0,28,0,30,0,23,0,36,22,30,38,0,0,40,29;30,24,0,0,0,37,30,30,22,21,0,40,34,0,0,25,36,25,0,0,0,30,30,34,0,0,20,34,0,0;25,30,33,0,0,31,0,30,0,25,0,27,23,24,34,37,40,20,24,0,0,0,0,34,32,0,0,0,0,23;40,0,39,33,33,0,26,28,0,26,0,29,33,35,0,0,0,29,38,38,30,40,25,0,0,0,0,34,22,36;31,25,0,0,26,39,0,0,27,0,0,23,0,27,39,0,33,0,0,0,34,0,36,0,35,33,0,25,36,0;35,0,24,35,0,25,29,0,29,20,0,0,37,27,33,23,21,0,0,0,0,33,0,0,0,0,0,32,25,31;26,40,0,26,35,26,36,33,0,0,22,0,40,34,0,20,0,23,0,0,0,0,0,0,0,20,0,0,36,0;0,0,21,25,35,38,26,0,37,0,0,27,25,0,27,21,0,0,31,0,34,40,37,29,23,0,27,21,0,0;33,0,0,22,0,30,0,0,20,20,0,39,30,39,23,22,0,36,0,0,30,24,27,27,38,0,0,0,36,0;31,22,24,29,26,28,0,0,23,36,0,0,30,0,35,0,28,35,32,0,37,0,0,32,0,40,0,0,36,0;34,33,27,31,0,0,0,0,23,0,0,0,0,21,0,0,39,0,25,0,27,35,33,0,34,38,36,0,39,32;24,27,34,25,40,37,33,36,0,31,0,26,35,0,30,29,0,0,0,0,40,33,0,37,0,35,0,22,36,20;0,23,0,0,0,0,33,0,0,36,0,0,32,0,0,0,38,29,20,0,22,0,0,0,0,30,0,22,0,0;35,0,0,32,20,0,22,0,34,25,25,0,37,33,0,0,34,0,37,35,36,28,0,0,33,0,37,32,34,21;0,0,29,0,0,36,26,31,20,0,31,0,0,36,28,27,0,39,0,0,0,37,0,0,29,0,0,26,0,33;20,32,0,0,34,0,38,31,0,38,30,0,20,21,0,21,37,0,33,30,0,0,22,23,39,28,32,37,27,29;0,0,25,22,0,0,20,38,32,29,20,31,29,0,0,37,0,0,0,35,38,34,36,0,31,0,0,0,21,34;0,0,0,31,31,32,0,0,36,36,0,0,39,35,27,0,26,35,24,0,35,39,0,0,27,0,0,35,0,33;0,0,30,40,25,0,0,29,30,26,37,0,0,0,0,36,0,0,0,32,0,32,0,0,0,0,39,30,36,24;0,34,35,27,21,30,0,38,0,34,34,0,0,0,26,0,25,32,0,25,35,0,38,33,0,26,25,29,20,0;30,33,33,39,37,0,0,31,0,35,23,0,30,22,36,20,37,28,0,40,21,39,0,40,38,0,0,21,0,0;26,20,0,0,0,0,0,0,20,28,24,0,34,0,0,39,39,35,0,0,20,31,38,0,0,0,39,23,31,36;39,27,26,0,0,27,0,40,39,36,33,23,28,31,0,0,22,32,30,33,22,0,0,0,0,0,22,33,37,27;0,26,21,25,38,0,0,25,0,20,34,30,0,33,24,0,36,24,36,37,39,36,31,0,0,0,40,26,0,27;20,26,39,0,22,29,0,21,35,0,39,0,21,30,27,0,36,40,22,25,37,38,0,39,33,0,0,37,22,20;34,27,38,30,0,32,0,20,21,0,39,25,23,22,0,35,0,0,34,22,25,27,36,31,31,20,0,0,0,39;36,0,0,0,22,23,37,29,21,0,0,0,0,30,20,30,0,0,34,0,30,0,40,20,0,22,24,25,0,0;28,0,0,0,23,26,0,28,24,21,0,34,40,0,21,0,25,0,27,0,35,26,20,37,24,39,0,0,36,0
-4,13,0,0,0,0,0,-28,0,-29,26,0,0,0,-10,0,0,0,0,0,0,0,0,0,-23,26,0,0,29,0
------------- End of Scenario k = 2 -------
0,0,40,75,48,46,0,0,51,22,38,0,0,27,0,24,0,78,65,0,0,39,59,0,29,0,0,33,72,0;75,0,49,0,0,68,0,80,0,0,71,48,33,43,0,57,0,25,67,55,50,0,53,35,27,76,28,0,0,23;40,54,0,0,57,0,41,79,28,0,0,0,48,77,63,0,28,0,73,0,42,0,57,74,71,25,0,0,52,36;21,78,0,0,0,71,75,49,47,79,0,33,38,0,0,53,65,69,0,0,0,50,65,63,0,0,75,25,0,0;80,48,80,0,0,24,0,47,0,30,0,34,48,41,73,34,21,42,46,0,0,0,0,55,64,0,0,0,0,58;56,0,66,65,47,0,27,80,0,40,0,60,36,40,0,0,0,58,65,74,50,46,25,0,0,0,0,55,78,32;31,78,0,0,65,39,0,0,60,0,0,31,0,45,52,0,22,0,0,0,33,0,36,0,21,35,0,34,60,0;34,0,72,61,0,61,51,0,64,24,0,0,34,60,55,48,74,0,0,0,0,79,0,0,0,0,0,30,38,32;22,48,0,72,50,59,24,62,0,0,66,0,21,33,0,24,0,23,0,0,0,0,0,0,0,21,0,0,23,0;0,0,60,57,38,51,45,0,20,0,0,67,49,0,32,41,0,0,58,0,72,68,26,69,33,0,52,54,0,0;42,0,0,36,0,80,0,0,23,76,0,70,66,59,34,65,0,72,0,0,24,74,25,59,80,0,0,0,55,0;38,44,74,79,24,68,0,0,39,80,0,0,77,0,36,0,20,80,54,0,62,0,0,29,0,40,0,0,51,0;22,60,42,27,0,0,0,0,74,0,0,0,0,46,0,0,78,0,51,0,45,39,55,0,44,51,67,0,59,24;32,55,66,33,63,29,21,30,0,73,0,31,58,0,57,80,0,0,0,0,21,60,0,38,0,21,0,49,46,59;0,34,0,0,0,0,25,0,0,54,0,0,77,0,0,0,49,36,26,0,51,0,0,0,0,55,0,59,0,0;70,0,0,52,47,0,25,0,51,59,30,0,27,34,0,0,22,0,44,79,55,23,0,0,51,0,44,49,70,20;0,0,79,0,0,72,72,61,39,0,58,0,0,32,60,31,0,80,0,0,0,24,0,0,67,0,0,24,0,75;80,37,0,0,32,0,74,31,0,65,24,0,62,43,0,80,45,0,80,38,0,0,49,31,73,68,69,48,33,64;0,0,20,71,0,0,50,26,63,65,20,44,51,0,0,71,0,0,0,80,66,67,36,0,80,0,0,0,57,22;0,0,0,44,21,61,0,0,68,74,0,0,76,73,62,0,51,66,79,0,38,37,0,0,44,0,0,59,0,36;0,0,26,75,43,0,0,46,47,25,56,0,0,0,0,58,0,0,0,24,0,56,0,0,0,0,73,51,44,52;0,34,41,55,32,43,0,47,0,80,28,0,0,0,58,0,47,43,0,40,42,0,80,63,0,63,77,80,44,0;55,23,43,78,77,0,0,24,0,55,67,0,35,50,61,28,46,36,0,73,60,26,0,25,68,0,0,28,0,0;42,65,0,0,0,0,0,0,62,26,43,0,49,0,0,47,78,29,0,0,52,60,62,0,0,0,80,61,24,46;56,30,34,0,0,49,0,76,74,34,73,66,73,39,0,0,32,70,33,51,27,0,0,0,0,0,72,30,73,22;0,63,57,21,39,0,0,41,0,74,66,80,0,36,77,0,20,45,64,50,48,40,28,0,0,0,49,72,0,78;71,79,20,0,42,25,0,71,50,0,76,0,64,31,45,0,69,73,33,50,78,36,0,60,38,0,0,42,65,25;80,41,72,46,0,72,0,25,66,0,79,60,69,71,0,58,0,0,47,71,41,70,60,40,23,52,0,0,0,80;25,0,0,0,59,37,24,35,65,0,0,0,0,48,57,50,0,0,36,0,61,0,49,38,0,52,35,61,0,0;72,0,0,0,35,33,0,56,29,58,0,56,75,0,42,0,78,0,41,0,27,57,46,27,67,73,0,0,20,0
0,0,22,38,27,21,0,0,39,24,20,0,0,23,0,34,0,23,24,0,0,39,22,0,26,0,0,23,22,0;20,0,25,0,0,31,0,14,0,0,23,20,33,20,0,27,0,21,31,39,21,0,29,24,32,21,20,0,0,36;33,22,0,0,31,0,37,37,37,0,0,0,31,20,23,0,40,0,24,0,29,0,22,24,21,28,0,0,24,29;21,22,0,0,0,36,27,22,31,34,0,35,21,0,0,21,37,35,0,0,0,20,28,28,0,0,39,40,0,0;20,30,25,0,0,21,0,36,0,38,0,33,32,20,21,22,25,31,21,0,0,0,0,39,32,0,0,0,0,38;24,0,34,26,22,0,28,38,0,37,0,21,27,31,0,0,0,21,36,26,28,24,39,0,0,0,0,31,40,22;21,20,0,0,21,31,0,0,32,0,0,32,0,27,35,0,32,0,0,0,24,0,37,0,27,35,0,24,29,0;30,0,37,35,0,26,31,0,35,30,0,0,38,23,34,28,23,0,0,0,0,26,0,0,0,0,0,40,37,35;23,39,0,33,23,27,30,29,0,0,33,0,22,20,0,23,0,33,0,0,0,0,0,0,0,25,0,0,29,0;0,0,37,34,21,27,21,0,25,0,0,39,20,0,27,34,0,0,26,0,40,37,34,30,22,0,33,34,0,0;39,0,0,38,0,24,0,0,21,34,0,24,25,35,30,25,0,22,0,0,35,25,20,21,18,0,0,0,30,0;30,38,32,22,22,38,0,0,28,37,0,0,23,0,32,0,21,38,34,0,33,0,0,21,0,21,0,0,25,0;39,24,24,38,0,0,0,0,32,0,0,0,0,34,0,0,35,0,35,0,35,30,30,0,26,25,36,0,40,31;28,36,22,29,32,35,33,33,0,39,0,34,26,0,25,40,0,0,0,0,34,40,0,22,0,30,0,37,25,29;0,24,0,0,0,0,20,0,0,31,0,0,35,0,0,0,35,39,36,0,25,0,0,0,0,25,0,35,0,0;24,0,0,30,25,0,37,0,40,25,37,0,22,27,0,0,27,0,34,25,39,32,0,0,39,0,22,31,22,38;0,0,32,0,0,27,21,26,34,0,33,0,0,20,24,20,0,21,0,0,0,22,0,0,39,0,0,27,0,33;37,33,0,0,25,0,20,31,0,40,37,0,32,33,0,24,28,0,37,34,0,0,28,35,29,37,40,22,36,38;0,0,35,40,0,0,35,38,34,31,35,25,29,0,0,32,0,0,0,16,39,29,34,0,29,0,0,0,34,35;0,0,0,33,24,27,0,0,26,21,0,0,31,24,39,0,33,23,37,0,35,22,0,0,21,0,0,20,0,26;0,0,24,40,33,0,0,24,40,29,35,0,0,0,0,26,0,0,0,22,0,38,0,0,0,0,35,25,30,26;0,22,37,27,24,21,0,36,0,18,40,0,0,0,40,0,28,31,0,33,21,0,34,23,0,24,40,30,24,0;39,36,27,20,37,0,0,30,0,22,35,0,32,32,38,40,30,20,0,34,36,33,0,32,36,0,0,35,0,0;31,27,0,0,0,0,0,0,26,24,25,0,26,0,0,30,34,20,0,0,29,21,23,0,0,0,27,27,36,32;33,37,31,0,0,23,0,21,26,21,26,25,39,40,0,0,32,28,33,25,28,0,0,0,0,0,40,26,28,38;0,29,24,23,39,0,0,32,0,36,32,32,0,39,27,0,27,38,24,37,36,21,22,0,0,0,30,38,0,31;23,31,23,0,35,20,0,32,22,0,33,0,28,31,29,0,24,39,27,29,23,27,0,37,36,0,0,28,31,27;23,37,29,28,0,30,0,29,28,0,23,22,40,24,0,21,0,0,26,20,40,31,20,30,23,36,0,0,0,35;20,0,0,0,25,29,32,26,22,0,0,0,0,37,27,36,0,0,35,0,28,0,40,39,0,34,21,40,0,0;35,0,0,0,37,23,0,23,35,28,0,25,40,0,36,0,26,0,36,0,32,38,39,38,28,40,0,0,20,0
-4,14,0,0,0,0,0,-20,0,-17,16,0,0,0,-6,0,0,0,0,0,0,0,0,0,-14,15,0,0,16,0
------------- End of Scenario k = 3 -------
0,0,66,52,68,22,0,0,28,35,38,0,0,70,0,30,0,35,76,0,0,68,32,0,55,0,0,32,61,0;80,0,80,0,0,67,0,80,0,0,20,41,53,32,0,68,0,20,33,36,37,0,37,50,60,33,64,0,0,48;77,45,0,0,42,0,25,53,68,0,0,0,38,39,53,0,29,0,63,0,53,0,32,58,42,70,0,0,51,41;28,80,0,0,0,22,72,31,73,32,0,61,69,0,0,78,70,59,0,0,0,37,74,65,0,0,77,20,0,0;49,33,57,0,0,43,0,45,0,20,0,26,23,23,34,31,46,41,65,0,0,0,0,57,76,0,0,0,0,56;61,0,68,73,55,0,67,29,0,68,0,34,40,75,0,0,0,53,74,34,66,75,71,0,0,0,0,41,63,59;73,60,0,0,80,63,0,0,80,0,0,65,0,31,80,0,20,0,0,0,57,0,65,0,33,54,0,66,47,0;30,0,45,78,0,22,71,0,54,56,0,0,24,73,46,65,23,0,0,0,0,55,0,0,0,0,0,68,51,72;80,48,0,54,56,36,72,73,0,0,34,0,60,57,0,32,0,71,0,0,0,0,0,0,0,23,0,0,40,0;0,0,23,75,61,49,56,0,77,0,0,28,40,0,33,40,0,0,27,0,60,35,31,50,74,0,67,29,0,0;41,0,0,36,0,30,0,0,58,41,0,54,46,23,31,67,0,48,0,0,75,74,71,40,25,0,0,0,44,0;38,20,66,31,59,74,0,0,59,49,0,0,33,0,24,0,20,69,73,0,58,0,0,22,0,71,0,0,44,0;38,33,39,50,0,0,0,0,79,0,0,0,0,45,0,0,44,0,48,0,73,75,42,0,30,63,23,0,67,58;31,38,37,28,42,48,68,80,0,69,0,78,41,0,51,54,0,0,0,0,30,43,0,26,0,34,0,60,58,67;0,27,0,0,0,0,36,0,0,73,0,0,31,0,0,0,29,72,31,0,57,0,0,0,0,20,0,21,0,0;39,0,0,37,74,0,33,0,72,25,64,0,77,66,0,0,20,0,34,66,71,35,0,0,33,0,29,59,55,65;0,0,20,0,0,29,58,50,63,0,28,0,0,74,36,66,0,53,0,0,0,51,0,0,71,0,0,66,0,34;80,74,0,0,20,0,40,26,0,62,36,0,60,76,0,57,50,0,52,52,0,0,30,47,79,59,24,34,64,28;0,0,66,30,0,0,75,75,44,73,65,43,35,0,0,39,0,0,0,80,58,28,38,0,80,0,0,0,38,55;0,0,0,25,57,30,0,0,75,29,0,0,30,75,48,0,34,68,61,0,80,54,0,0,72,0,0,77,0,53;0,0,39,67,43,0,0,52,44,26,39,0,0,0,0,22,0,0,0,21,0,80,0,0,0,0,73,39,38,46;0,20,26,47,75,63,0,52,0,80,23,0,0,0,79,0,65,53,0,20,39,0,80,27,0,55,22,30,49,0;51,75,76,43,27,0,0,57,0,37,21,0,23,21,51,26,59,58,0,25,68,77,0,80,24,0,0,80,0,0;52,47,0,0,0,0,0,0,60,57,29,0,32,0,0,42,37,40,0,0,51,65,29,0,0,0,41,47,44,56;23,34,73,0,0,55,0,34,59,59,21,20,35,27,0,0,25,26,64,80,65,0,0,0,0,0,55,58,66,51;0,28,65,37,38,0,0,32,0,73,72,80,0,40,51,0,22,66,23,69,64,39,49,0,0,0,52,41,0,44;30,33,39,0,75,54,0,32,41,0,29,0,24,29,20,0,32,57,68,45,47,32,0,47,80,0,0,80,43,37;80,59,56,43,0,45,0,34,76,0,27,37,29,78,0,77,0,0,37,54,27,29,80,39,55,59,0,0,0,80;73,0,0,0,28,48,32,23,80,0,0,0,0,80,28,22,0,0,56,0,27,0,47,21,0,40,38,22,0,0;75,0,0,0,61,52,0,20,21,61,0,64,37,0,46,0,57,0,58,0,71,24,49,49,63,66,0,0,29,0
0,0,25,36,32,36,0,0,36,22,33,0,0,31,0,24,0,36,29,0,0,30,39,0,31,0,0,30,24,0;13,0,38,0,0,30,0,24,0,0,22,40,32,27,0,23,0,33,25,29,20,0,29,24,33,33,29,0,0,26;39,38,0,0,14,0,23,21,24,0,0,0,34,34,36,0,40,0,31,0,34,0,24,22,38,23,0,0,40,29;40,21,0,0,0,26,40,30,34,31,0,34,22,0,0,23,32,31,0,0,0,39,26,33,0,0,24,33,0,0;21,33,35,0,0,35,0,39,0,26,0,29,29,38,24,40,38,22,38,0,0,0,0,33,29,0,0,0,0,27;20,0,20,32,32,0,14,27,0,36,0,20,32,20,0,0,0,34,24,32,39,21,21,0,0,0,0,36,38,38;22,24,0,0,33,30,0,0,40,0,0,20,0,31,15,0,21,0,0,0,29,0,28,0,34,35,0,22,35,0;38,0,26,31,0,26,26,0,21,21,0,0,23,23,30,31,37,0,0,0,0,20,0,0,0,0,0,39,22,37;14,27,0,26,27,37,40,39,0,0,24,0,32,40,0,26,0,39,0,0,0,0,0,0,0,30,0,0,30,0;0,0,30,36,36,31,25,0,21,0,0,40,32,0,24,31,0,0,40,0,32,29,36,31,34,0,36,38,0,0;33,0,0,29,0,31,0,0,40,39,0,35,39,32,20,34,0,26,0,0,34,25,29,30,31,0,0,0,32,0;31,24,33,20,40,33,0,0,40,28,0,0,36,0,34,0,40,38,37,0,28,0,0,22,0,36,0,0,21,0;30,33,25,27,0,0,0,0,38,0,0,0,0,27,0,0,31,0,20,0,20,30,38,0,32,37,33,0,35,39;40,24,20,33,25,36,40,32,0,25,0,20,32,0,30,38,0,0,0,0,33,25,0,25,0,31,0,22,26,39;0,21,0,0,0,0,38,0,0,34,0,0,20,0,0,0,39,37,23,0,34,0,0,0,0,37,0,34,0,0;22,0,0,39,32,0,23,0,24,21,23,0,35,39,0,0,27,0,37,20,24,25,0,0,24,0,34,32,22,32;0,0,20,0,0,23,28,33,24,0,37,0,0,37,31,33,0,35,0,0,0,28,0,0,36,0,0,34,0,22;25,38,0,0,39,0,25,38,0,38,37,0,24,36,0,24,38,0,35,35,0,0,23,24,34,36,30,37,29,34;0,0,35,26,0,0,32,39,40,22,39,35,39,0,0,27,0,0,0,26,33,31,40,0,32,0,0,0,27,38;0,0,0,26,23,24,0,0,22,34,0,0,36,27,28,0,36,21,37,0,34,24,0,0,20,0,0,22,0,25;0,0,31,35,23,0,0,23,22,33,37,0,0,0,0,22,0,0,0,21,0,16,0,0,0,0,26,36,20,37;0,33,37,34,26,32,0,29,0,39,31,0,0,0,30,0,21,33,0,25,27,0,39,38,0,31,37,23,37,0;32,31,39,32,37,0,0,30,0,33,36,0,24,20,35,22,22,25,0,37,26,39,0,28,40,0,0,23,0,0;24,24,0,0,0,0,0,0,27,32,37,0,37,0,0,24,38,23,0,0,24,30,21,0,0,0,27,38,25,31;20,23,33,0,0,31,0,38,31,40,37,35,20,31,0,0,34,23,26,37,27,0,0,0,0,0,33,35,39,27;0,39,36,28,20,0,0,20,0,33,33,28,0,33,39,0,26,26,31,31,23,37,33,0,0,0,34,28,0,28;25,28,38,0,23,31,0,33,20,0,31,0,24,31,38,0,25,21,31,34,22,21,0,29,21,0,0,27,24,27;32,39,37,37,0,39,0,25,26,0,37,20,32,22,0,34,0,0,33,37,20,37,23,26,23,34,0,0,0,27;39,0,0,0,24,40,34,21,24,0,0,0,0,30,36,26,0,0,24,0,28,0,30,37,0,35,36,40,0,0;25,0,0,0,36,36,0,31,30,38,0,37,38,0,34,0,40,0,31,0,31,33,40,20,23,37,0,0,27,0
-24,13,0,0,0,0,0,-10,0,-20,14,0,0,0,-1,0,0,0,0,0,0,0,0,0,-4,17,0,0,15,0
------------- End of Scenario k = 4 -------
0,0,51,80,75,32,0,0,56,30,28,0,0,60,0,56,0,49,34,0,0,58,47,0,64,0,0,52,37,0;57,0,22,0,0,74,0,40,0,0,38,77,21,33,0,75,0,44,30,69,37,0,79,77,64,69,53,0,0,62;43,53,0,0,52,0,56,73,60,0,0,0,72,73,52,0,66,0,23,0,34,0,21,50,75,44,0,0,39,40;57,79,0,0,0,58,34,27,31,20,0,21,32,0,0,42,48,24,0,0,0,29,79,42,0,0,23,73,0,0;27,69,34,0,0,79,0,68,0,78,0,32,40,25,37,49,39,80,66,0,0,0,0,32,26,0,0,0,0,45;44,0,27,72,26,0,80,62,0,80,0,74,49,66,0,0,0,70,35,80,36,58,62,0,0,0,0,42,80,27;63,52,0,0,58,30,0,0,80,0,0,47,0,28,32,0,24,0,0,0,55,0,46,0,47,66,0,69,71,0;29,0,30,76,0,37,78,0,22,20,0,0,50,38,22,63,80,0,0,0,0,55,0,0,0,0,0,44,48,61;53,52,0,34,34,78,51,79,0,0,66,0,25,57,0,57,0,70,0,0,0,0,0,0,0,36,0,0,30,0;0,0,35,21,48,76,58,0,27,0,0,73,68,0,53,80,0,0,41,0,58,31,45,52,22,0,63,33,0,0;22,0,0,36,0,80,0,0,42,27,0,79,55,70,29,38,0,38,0,0,71,28,45,67,37,0,0,0,76,0;66,73,35,57,40,53,0,0,72,53,0,0,60,0,21,0,35,41,23,0,22,0,0,34,0,59,0,0,26,0;41,26,66,38,0,0,0,0,38,0,0,0,0,78,0,0,70,0,38,0,41,49,72,0,21,53,57,0,20,73;37,29,62,53,67,32,38,23,0,23,0,20,35,0,45,80,0,0,0,0,56,39,0,37,0,48,0,68,45,39;0,29,0,0,0,0,51,0,0,24,0,0,23,0,0,0,63,48,76,0,71,0,0,0,0,48,0,67,0,0;45,0,0,25,37,0,65,0,65,58,20,0,74,54,0,0,80,0,49,25,33,33,0,0,33,0,29,42,52,63;0,0,40,0,0,25,60,24,54,0,50,0,0,78,49,22,0,73,0,0,0,56,0,0,52,0,0,26,0,43;43,60,0,0,73,0,68,74,0,74,26,0,38,47,0,59,57,0,36,36,0,0,65,44,47,38,25,46,71,73;0,0,42,32,0,0,80,42,36,57,77,55,37,0,0,65,0,0,0,80,71,70,35,0,80,0,0,0,59,75;0,0,0,22,76,27,0,0,45,78,0,0,74,52,29,0,57,65,58,0,80,78,0,0,51,0,0,45,0,54;0,0,41,46,79,0,0,21,64,24,58,0,0,0,0,24,0,0,0,41,0,67,0,0,0,0,75,71,65,31;0,42,22,45,32,53,0,76,0,80,59,0,0,0,36,0,26,42,0,39,25,0,80,30,0,47,32,45,57,0;55,80,52,46,26,0,0,58,0,32,53,0,77,28,23,52,68,52,0,28,63,38,0,74,79,0,0,53,0,0;30,66,0,0,0,0,0,0,25,30,50,0,61,0,0,69,45,60,0,0,43,76,58,0,0,0,45,45,71,65;48,71,51,0,0,41,0,40,21,47,31,42,38,42,0,0,30,30,71,20,39,0,0,0,0,0,74,63,25,55;0,48,74,28,73,0,0,75,0,79,65,80,0,53,32,0,64,48,57,24,69,31,54,0,0,0,53,56,0,63;48,37,55,0,22,60,0,40,53,0,34,0,68,52,46,0,46,29,50,52,68,45,0,31,31,0,0,43,66,53;37,61,79,31,0,53,0,51,78,0,27,60,53,55,0,76,0,0,31,57,31,23,59,43,58,34,0,0,0,21;69,0,0,0,52,57,59,44,41,0,0,0,0,28,60,27,0,0,63,0,46,0,27,56,0,51,76,80,0,0;57,0,0,0,47,80,0,50,28,59,0,50,33,0,75,0,74,0,51,0,34,62,66,22,46,24,0,0,59,0
0,0,20,27,40,28,0,0,40,39,36,0,0,24,0,36,0,35,38,0,0,22,26,0,36,0,0,31,39,0;20,0,34,0,0,39,0,28,0,0,39,23,26,28,0,22,0,25,31,38,23,0,27,40,29,32,40,0,0,23;39,34,0,0,32,0,24,40,39,0,0,0,36,38,19,0,38,0,24,0,35,0,23,22,37,37,0,0,20,26;24,36,0,0,0,23,32,25,32,37,0,39,21,0,0,38,39,31,0,0,0,20,37,31,0,0,20,26,0,0;39,36,28,0,0,32,0,28,0,30,0,34,33,21,35,25,40,20,30,0,0,0,0,28,29,0,0,0,0,38;31,0,22,39,24,0,34,32,0,38,0,27,38,25,0,0,0,36,24,33,30,20,20,0,0,0,0,26,30,34;31,32,0,0,37,37,0,0,33,0,0,24,0,38,40,0,26,0,0,0,23,0,23,0,38,37,0,30,31,0;27,0,32,38,0,26,22,0,29,40,0,0,25,35,20,25,30,0,0,0,0,28,0,0,0,0,0,33,34,33;40,27,0,26,31,28,22,33,0,0,29,0,39,38,0,33,0,40,0,0,0,0,0,0,0,32,0,0,34,0;0,0,39,21,26,24,38,0,24,0,0,25,24,0,40,33,0,0,33,0,22,23,37,38,21,0,22,29,0,0;32,0,0,25,0,39,0,0,27,20,0,23,39,27,28,28,0,27,0,0,21,38,31,32,39,0,0,0,30,0;40,21,38,23,39,24,0,0,21,33,0,0,28,0,27,0,22,34,23,0,22,0,0,23,0,33,0,0,33,0;27,27,20,33,0,0,0,0,36,0,0,0,0,28,0,0,40,0,21,0,37,27,27,0,31,21,22,0,20,29;33,30,35,28,21,21,30,38,0,36,0,33,22,0,37,36,0,0,0,0,21,32,0,24,0,22,0,26,33,23;0,27,0,0,0,0,29,0,0,26,0,0,40,0,0,0,25,26,24,0,34,0,0,0,0,20,0,35,0,0;38,0,0,26,24,0,27,0,33,28,28,0,23,40,0,0,38,0,24,33,36,22,0,0,35,0,37,31,31,27;0,0,29,0,0,26,36,34,21,0,21,0,0,36,38,35,0,32,0,0,0,40,0,0,37,0,0,39,0,20;26,26,0,0,38,0,20,30,0,22,30,0,38,25,0,27,27,0,35,36,0,0,25,38,38,31,37,29,35,38;0,0,36,22,0,0,39,30,32,32,38,23,25,0,0,36,0,0,0,37,32,40,39,0,31,0,0,0,32,32;0,0,0,20,21,36,0,0,22,23,0,0,21,26,29,0,21,32,30,0,36,20,0,0,25,0,0,29,0,20;0,0,39,25,34,0,0,30,34,36,24,0,0,0,0,31,0,0,0,30,0,32,0,0,0,0,30,34,26,24;0,34,28,25,20,20,0,26,0,39,24,0,0,0,25,0,25,36,0,36,38,0,37,26,0,30,31,22,29,0;30,36,40,29,26,0,0,40,0,32,29,0,29,34,21,36,35,20,0,22,31,33,0,30,21,0,0,28,0,0;25,23,0,0,0,0,0,0,36,39,37,0,23,0,0,24,20,35,0,0,25,23,20,0,0,0,40,29,30,26;29,39,20,0,0,29,0,40,25,23,25,33,22,33,0,0,30,21,40,35,40,0,0,0,0,0,36,21,35,24;0,40,21,26,30,0,0,39,0,37,26,20,0,35,35,0,32,23,25,40,38,31,27,0,0,0,38,27,0,27;36,21,22,0,21,28,0,20,21,0,40,0,34,20,31,0,22,24,39,33,26,36,0,20,29,0,0,33,36,36;32,36,32,26,0,40,0,22,34,0,22,34,21,33,0,38,0,0,37,27,33,27,31,22,21,37,0,0,0,31;25,0,0,0,29,34,29,36,33,0,0,0,0,36,32,25,0,0,34,0,34,0,39,20,0,35,36,36,0,0;22,0,0,0,24,31,0,20,36,39,0,36,38,0,22,0,21,0,27,0,23,33,38,23,37,24,0,0,23,0
-12,18,0,0,0,0,0,-18,0,-31,30,0,0,0,-9,0,0,0,0,0,0,0,0,0,-26,18,0,0,30,0
------------- End of Scenario k = 5 -------
0,0,57,44,56,56,0,0,28,43,46,0,0,61,0,40,0,76,41,0,0,78,74,0,63,0,0,29,50,0;52,0,58,0,0,35,0,73,0,0,37,24,79,47,0,61,0,38,22,24,51,0,50,68,80,40,76,0,0,21;51,63,0,0,41,0,21,49,51,0,0,0,43,67,80,0,56,0,20,0,24,0,66,52,27,43,0,0,44,71;43,35,0,0,0,35,49,41,21,53,0,37,52,0,0,53,74,56,0,0,0,78,51,20,0,0,33,39,0,0;52,50,33,0,0,49,0,37,0,30,0,34,53,57,63,24,69,57,22,0,0,0,0,32,75,0,0,0,0,28;63,0,40,58,74,0,80,54,0,80,0,74,25,76,0,0,0,67,79,56,73,41,63,0,0,0,0,60,48,21;77,52,0,0,47,32,0,0,80,0,0,47,0,73,43,0,22,0,0,0,48,0,73,0,33,77,0,27,33,0;45,0,62,60,0,60,68,0,66,20,0,0,38,76,49,62,36,0,0,0,0,23,0,0,0,0,0,79,37,43;78,73,0,54,25,45,29,71,0,0,30,0,33,60,0,37,0,59,0,0,0,0,0,0,0,70,0,0,46,0;0,0,60,54,24,27,50,0,49,0,0,76,34,0,80,76,0,0,24,0,37,44,39,40,42,0,52,78,0,0;67,0,0,37,0,80,0,0,20,53,0,72,50,67,69,79,0,77,0,0,64,56,70,28,38,0,0,0,69,0;42,65,54,29,23,42,0,0,54,80,0,0,80,0,73,0,68,64,52,0,50,0,0,70,0,75,0,0,51,0;28,22,27,51,0,0,0,0,21,0,0,0,0,20,0,0,55,0,52,0,64,49,64,0,72,56,56,0,49,49;47,26,54,51,47,72,44,56,0,53,0,71,78,0,72,80,0,0,0,0,65,45,0,70,0,24,0,51,71,50;0,48,0,0,0,0,46,0,0,70,0,0,36,0,0,0,56,60,61,0,58,0,0,0,0,29,0,54,0,0;31,0,0,23,58,0,51,0,24,54,76,0,62,77,0,0,80,0,30,49,50,72,0,0,43,0,42,79,26,76;0,0,43,0,0,54,41,36,47,0,54,0,0,36,60,40,0,76,0,0,0,66,0,0,20,0,0,62,0,38;62,53,0,0,35,0,52,42,0,74,74,0,73,45,0,52,23,0,79,63,0,0,25,32,21,78,52,79,31,57;0,0,33,23,0,0,62,40,33,30,20,76,64,0,0,47,0,0,0,80,69,20,38,0,54,0,0,0,37,28;0,0,0,27,49,28,0,0,72,43,0,0,71,26,53,0,40,23,36,0,39,27,0,0,27,0,0,62,0,32;0,0,64,28,71,0,0,29,25,28,80,0,0,0,0,61,0,0,0,58,0,80,0,0,0,0,49,54,58,48;0,58,31,52,55,78,0,24,0,27,34,0,0,0,58,0,56,57,0,26,39,0,69,23,0,69,65,58,57,0;50,33,68,22,59,0,0,61,0,52,69,0,35,50,69,49,63,77,0,33,40,20,0,80,36,0,0,55,0,0;75,54,0,0,0,0,0,0,74,36,65,0,24,0,0,52,21,72,0,0,78,35,39,0,0,0,80,30,41,61;45,41,51,0,0,79,0,28,62,61,48,49,20,30,0,0,43,28,43,34,74,0,0,0,0,0,58,25,69,67;0,37,73,59,65,0,0,64,0,55,72,80,0,35,63,0,32,72,67,34,77,49,73,0,0,0,44,29,0,66;79,48,56,0,26,61,0,20,59,0,76,0,30,60,37,0,31,55,68,60,34,51,0,52,63,0,0,80,68,35;80,31,21,65,0,62,0,21,61,0,69,67,39,43,0,68,0,0,21,36,65,25,61,26,52,64,0,0,0,41;27,0,0,0,57,73,75,45,44,0,0,0,0,33,54,71,0,0,43,0,66,0,52,34,0,38,39,24,0,0;50,0,0,0,73,52,0,21,72,66,0,72,34,0,44,0,76,0,25,0,51,52,30,34,49,68,0,0,47,0
0,0,34,24,24,24,0,0,34,27,20,0,0,39,0,33,0,22,30,0,0,34,33,0,35,0,0,29,40,0;28,0,18,0,0,23,0,30,0,0,38,36,30,22,0,27,0,24,31,27,25,0,33,22,26,31,33,0,0,40;28,30,0,0,37,0,37,31,36,0,0,0,20,26,21,0,39,0,31,0,37,0,25,26,28,20,0,0,28,23;31,39,0,0,0,33,30,39,26,35,0,40,39,0,0,36,25,39,0,0,0,29,30,26,0,0,28,29,0,0;22,39,32,0,0,26,0,28,0,29,0,31,33,25,35,40,27,20,39,0,0,0,0,34,32,0,0,0,0,27;22,0,37,32,32,0,32,32,0,40,0,23,28,40,0,0,0,34,34,33,27,40,30,0,0,0,0,22,33,40;29,40,0,0,25,29,0,0,37,0,0,35,0,21,35,0,23,0,0,0,24,0,32,0,34,26,0,31,26,0;38,0,38,32,0,32,36,0,35,28,0,0,40,23,21,38,25,0,0,0,0,37,0,0,0,0,0,22,28,25;28,21,0,37,31,29,39,26,0,0,25,0,32,26,0,28,0,40,0,0,0,0,0,0,0,23,0,0,31,0;0,0,30,33,38,31,26,0,24,0,0,28,38,0,31,36,0,0,27,0,20,23,37,39,26,0,34,30,0,0;28,0,0,35,0,28,0,0,29,23,0,24,35,32,27,34,0,37,0,0,24,28,22,34,35,0,0,0,34,0;26,30,35,33,30,26,0,0,27,32,0,0,34,0,30,0,28,25,39,0,27,0,0,21,0,38,0,0,40,0;33,25,29,39,0,0,0,0,25,0,0,0,0,35,0,0,25,0,31,0,34,40,20,0,24,34,24,0,39,28;31,32,24,36,29,26,31,34,0,28,0,32,25,0,20,28,0,0,0,0,25,25,0,32,0,40,0,29,37,36;0,22,0,0,0,0,27,0,0,29,0,0,20,0,0,0,29,39,24,0,38,0,0,0,0,29,0,38,0,0;39,0,0,40,39,0,20,0,25,25,38,0,26,22,0,0,32,0,30,23,28,21,0,0,33,0,34,38,37,33;0,0,40,0,0,22,29,35,39,0,20,0,0,21,29,38,0,29,0,0,0,20,0,0,30,0,0,40,0,29;34,29,0,0,34,0,26,29,0,23,32,0,33,21,0,23,38,0,31,22,0,0,33,20,25,20,37,28,25,22;0,0,27,27,0,0,21,20,30,28,30,30,23,0,0,20,0,0,0,28,33,39,29,0,38,0,0,0,37,31;0,0,0,25,21,32,0,0,32,20,0,0,35,33,33,0,24,22,35,0,22,38,0,0,22,0,0,38,0,32;0,0,29,26,31,0,0,31,28,36,33,0,0,0,0,28,0,0,0,32,0,30,0,0,0,0,37,20,33,40;0,36,29,30,33,34,0,27,0,30,33,0,0,0,40,0,22,29,0,36,21,0,29,27,0,38,36,24,32,0;37,21,31,30,36,0,0,34,0,27,24,0,29,26,40,29,32,24,0,34,37,22,0,28,29,0,0,21,0,0;34,30,0,0,0,0,0,0,34,37,33,0,31,0,0,38,20,25,0,0,25,31,30,0,0,0,37,23,36,37;36,33,40,0,0,29,0,21,23,40,28,30,36,23,0,0,23,23,35,35,30,0,0,0,0,0,35,23,20,31;0,33,26,34,38,0,0,26,0,21,29,38,0,32,23,0,29,38,26,38,23,36,23,0,0,0,32,30,0,22;30,35,39,0,23,37,0,39,21,0,27,0,39,22,29,0,30,28,34,30,29,20,0,31,22,0,0,28,29,33;34,38,39,31,0,26,0,32,37,0,21,22,39,33,0,26,0,0,31,28,21,28,37,28,23,23,0,0,0,33;24,0,0,0,32,38,26,35,34,0,0,0,0,33,20,34,0,0,39,0,40,0,31,32,0,37,31,37,0,0;22,0,0,0,40,26,0,33,37,39,0,28,34,0,21,0,35,0,30,0,34,35,20,22,39,35,0,0,32,0
-12,17,0,0,0,0,0,-22,0,-24,28,0,0,0,-15,0,0,0,0,0,0,0,0,0,-14,21,0,0,21,0
------------- End of Scenario k = 6 -------
0,0,28,76,76,40,0,0,35,43,32,0,0,38,0,50,0,67,68,0,0,44,22,0,68,0,0,63,45,0;22,0,80,0,0,48,0,28,0,0,43,66,36,40,0,51,0,66,20,66,25,0,52,74,41,49,66,0,0,49;30,55,0,0,80,0,78,25,33,0,0,0,25,28,80,0,78,0,67,0,27,0,67,77,41,64,0,0,25,71;20,41,0,0,0,53,78,57,74,29,0,62,25,0,0,36,48,77,0,0,0,43,68,58,0,0,68,21,0,0;37,75,43,0,0,78,0,58,0,69,0,47,46,32,56,26,76,60,74,0,0,0,0,56,50,0,0,0,0,55;67,0,42,50,69,0,80,38,0,70,0,29,64,76,0,0,0,52,36,61,59,80,70,0,0,0,0,54,45,63;23,28,0,0,56,22,0,0,80,0,0,67,0,75,78,0,76,0,0,0,28,0,80,0,28,23,0,21,26,0;48,0,56,66,0,24,20,0,20,79,0,0,22,40,66,60,53,0,0,0,0,37,0,0,0,0,0,75,45,35;75,55,0,59,62,39,22,42,0,0,38,0,65,35,0,39,0,22,0,0,0,0,0,0,0,46,0,0,76,0;0,0,46,33,80,62,61,0,21,0,0,39,49,0,36,76,0,0,28,0,39,76,76,45,65,0,52,59,0,0;36,0,0,36,0,79,0,0,24,23,0,26,75,67,46,25,0,70,0,0,80,79,43,44,80,0,0,0,76,0;53,34,48,46,76,32,0,0,24,80,0,0,24,0,49,0,63,70,52,0,24,0,0,24,0,23,0,0,43,0;56,23,64,34,0,0,0,0,26,0,0,0,0,42,0,0,69,0,30,0,79,21,73,0,76,44,29,0,66,46;63,48,32,45,34,63,39,43,0,58,0,54,48,0,54,80,0,0,0,0,25,43,0,42,0,32,0,60,76,78;0,78,0,0,0,0,62,0,0,66,0,0,56,0,0,0,71,35,22,0,41,0,0,0,0,21,0,64,0,0;40,0,0,70,76,0,21,0,26,38,35,0,67,49,0,0,70,0,48,65,39,67,0,0,24,0,78,43,26,22;0,0,25,0,0,51,79,26,67,0,70,0,0,64,79,77,0,80,0,0,0,41,0,0,48,0,0,36,0,25;69,67,0,0,33,0,66,68,0,56,42,0,79,77,0,55,37,0,80,43,0,0,61,54,32,47,28,65,31,74;0,0,58,20,0,0,49,29,23,22,70,39,36,0,0,26,0,0,0,80,68,67,72,0,43,0,0,0,71,32;0,0,0,25,33,66,0,0,46,46,0,0,57,75,43,0,51,53,23,0,44,27,0,0,25,0,0,49,0,30;0,0,79,26,71,0,0,28,44,78,49,0,0,0,0,67,0,0,0,69,0,80,0,0,0,0,31,40,61,25;0,31,68,60,46,63,0,58,0,80,32,0,0,0,41,0,78,72,0,80,48,0,49,44,0,63,71,36,61,0;61,54,54,64,74,0,0,54,0,23,75,0,32,39,46,28,64,54,0,35,34,70,0,73,60,0,0,33,0,0;39,37,0,0,0,0,0,0,57,35,32,0,46,0,0,75,41,48,0,0,44,62,77,0,0,0,75,55,68,30;58,66,73,0,0,63,0,74,63,75,54,56,70,64,0,0,77,78,57,30,37,0,0,0,0,0,66,66,39,50;0,52,41,29,62,0,0,61,0,42,33,33,0,23,50,0,43,77,57,68,67,21,71,0,0,0,65,62,0,57;63,47,46,0,80,37,0,44,44,0,20,0,78,67,43,0,55,22,70,73,28,48,0,32,35,0,0,80,36,60;80,61,74,28,0,20,0,32,68,0,31,44,44,25,0,27,0,0,28,22,25,38,25,76,30,60,0,0,0,80;51,0,0,0,70,31,39,63,59,0,0,0,0,80,78,65,0,0,48,0,51,0,59,26,0,27,74,68,0,0;59,0,0,0,80,47,0,22,68,28,0,39,60,0,80,0,50,0,63,0,47,58,21,43,46,26,0,0,56,0
0,0,31,26,22,29,0,0,32,28,36,0,0,27,0,23,0,39,27,0,0,38,32,0,36,0,0,23,35,0;17,0,31,0,0,28,0,26,0,0,32,29,34,35,0,38,0,31,39,22,38,0,30,40,24,32,39,0,0,28;36,24,0,0,21,0,32,33,27,0,0,0,35,27,38,0,31,0,39,0,20,0,32,24,34,35,0,0,21,33;31,30,0,0,0,22,36,23,35,25,0,22,37,0,0,24,34,32,0,0,0,36,30,40,0,0,38,27,0,0;22,23,27,0,0,31,0,22,0,29,0,30,30,34,29,30,23,22,22,0,0,0,0,37,23,0,0,0,0,28;33,0,23,30,23,0,39,40,0,30,0,20,33,23,0,0,0,26,39,26,34,29,24,0,0,0,0,33,38,27;27,27,0,0,31,22,0,0,38,0,0,34,0,31,33,0,40,0,0,0,24,0,32,0,34,39,0,22,35,0;36,0,22,26,0,36,23,0,25,36,0,0,27,38,24,29,34,0,0,0,0,39,0,0,0,0,0,40,26,27;35,29,0,35,27,33,38,25,0,0,36,0,38,26,0,28,0,27,0,0,0,0,0,0,0,39,0,0,32,0;0,0,35,21,29,22,32,0,40,0,0,21,35,0,35,31,0,0,21,0,32,21,28,28,33,0,25,21,0,0;37,0,0,28,0,33,0,0,26,26,0,39,21,29,32,33,0,28,0,0,25,30,24,27,38,0,0,0,37,0;27,26,29,21,21,26,0,0,34,31,0,0,25,0,35,0,20,26,30,0,32,0,0,31,0,22,0,0,25,0;31,30,30,27,0,0,0,0,36,0,0,0,0,27,0,0,39,0,27,0,23,28,27,0,30,22,28,0,35,22;26,38,34,23,29,36,27,29,0,35,0,28,27,0,34,30,0,0,0,0,39,40,0,30,0,26,0,25,21,25;0,35,0,0,0,0,38,0,0,27,0,0,29,0,0,0,37,27,22,0,40,0,0,0,0,20,0,22,0,0;28,0,0,27,21,0,27,0,38,30,34,0,30,25,0,0,26,0,25,21,28,26,0,0,38,0,39,35,28,34;0,0,32,0,0,21,22,30,33,0,22,0,0,31,39,27,0,27,0,0,0,33,0,0,23,0,0,34,0,26;35,26,0,0,30,0,31,31,0,24,36,0,36,36,0,29,36,0,22,39,0,0,35,20,33,30,23,32,26,21;0,0,22,20,0,0,32,34,24,34,30,23,31,0,0,25,0,0,0,26,22,37,34,0,39,0,0,0,35,29;0,0,0,27,30,24,0,0,34,34,0,0,34,34,39,0,21,33,22,0,27,33,0,0,30,0,0,24,0,39;0,0,21,39,24,0,0,31,31,35,23,0,0,0,0,22,0,0,0,22,0,28,0,0,0,0,30,35,33,25;0,24,21,32,20,22,0,21,0,38,36,0,0,0,33,0,21,23,0,30,33,0,28,33,0,32,38,38,36,0;31,24,21,30,22,0,0,25,0,35,28,0,20,28,39,28,29,33,0,26,37,35,0,26,39,0,0,26,0,0;26,28,0,0,0,0,0,0,39,31,32,0,39,0,0,31,30,38,0,0,37,38,32,0,0,0,30,37,30,37;34,22,36,0,0,28,0,21,34,24,24,34,30,37,0,0,37,24,32,31,40,0,0,0,0,0,35,39,24,21;0,35,24,36,40,0,0,33,0,37,22,39,0,29,34,0,27,23,22,36,36,27,27,0,0,0,32,20,0,25;29,25,31,0,23,38,0,23,24,0,34,0,35,31,30,0,30,36,32,28,33,34,0,37,22,0,0,37,25,23;33,37,26,38,0,28,0,38,31,0,28,29,38,34,0,31,0,0,27,29,27,37,37,21,37,24,0,0,0,30;36,0,0,0,29,30,31,33,28,0,0,0,0,30,38,22,0,0,27,0,24,0,25,24,0,38,37,34,0,0;20,0,0,0,21,32,0,21,35,23,0,20,20,0,32,0,26,0,28,0,28,21,40,24,26,23,0,0,37,0
-9,13,0,0,0,0,0,-15,0,-41,30,0,0,0,-3,0,0,0,0,0,0,0,0,0,-17,22,0,0,20,0
------------- End of Scenario k = 7 -------
0,0,31,21,59,21,0,0,23,31,78,0,0,43,0,20,0,56,65,0,0,54,64,0,61,0,0,74,27,0;80,0,36,0,0,47,0,54,0,0,20,54,64,61,0,78,0,57,21,25,20,0,54,42,80,41,67,0,0,54;50,35,0,0,77,0,52,58,20,0,0,0,71,43,80,0,78,0,51,0,43,0,29,78,63,24,0,0,31,65;75,25,0,0,0,30,54,74,24,77,0,69,45,0,0,27,40,70,0,0,0,77,68,59,0,0,72,50,0,0;27,63,39,0,0,25,0,69,0,46,0,27,50,32,50,38,36,32,26,0,0,0,0,68,80,0,0,0,0,36;62,0,42,67,34,0,80,67,0,49,0,71,30,67,0,0,0,78,34,47,66,57,61,0,0,0,0,69,22,54;71,63,0,0,33,46,0,0,80,0,0,39,0,57,80,0,20,0,0,0,39,0,77,0,67,26,0,70,79,0;46,0,23,52,0,40,50,0,53,29,0,0,60,23,41,48,41,0,0,0,0,67,0,0,0,0,0,60,64,77;34,32,0,77,53,37,74,75,0,0,39,0,67,55,0,58,0,46,0,0,0,0,0,0,0,56,0,0,25,0;0,0,57,62,22,78,66,0,38,0,0,49,41,0,75,43,0,0,63,0,58,71,20,21,41,0,55,57,0,0;41,0,0,27,0,48,0,0,51,22,0,46,63,69,72,27,0,80,0,0,56,68,65,35,80,0,0,0,39,0;55,62,33,60,67,25,0,0,52,45,0,0,79,0,27,0,38,78,30,0,55,0,0,70,0,55,0,0,29,0;24,25,40,63,0,0,0,0,66,0,0,0,0,58,0,0,65,0,33,0,73,36,76,0,49,49,58,0,48,46;39,69,56,20,46,75,73,80,0,45,0,34,77,0,37,80,0,0,0,0,41,68,0,69,0,65,0,69,63,51;0,35,0,0,0,0,42,0,0,60,0,0,30,0,0,0,37,65,75,0,27,0,0,0,0,60,0,35,0,0;76,0,0,33,20,0,75,0,23,53,65,0,49,48,0,0,80,0,37,76,59,60,0,0,50,0,67,25,30,70;0,0,54,0,0,41,68,78,79,0,72,0,0,24,80,55,0,52,0,0,0,61,0,0,32,0,0,45,0,29;27,58,0,0,31,0,42,79,0,74,27,0,20,65,0,43,51,0,79,74,0,0,40,77,56,21,67,44,51,61;0,0,40,54,0,0,52,29,26,75,28,34,58,0,0,51,0,0,0,80,30,37,37,0,68,0,0,0,52,75;0,0,0,23,29,44,0,0,48,25,0,0,54,33,20,0,79,67,60,0,71,50,0,0,36,0,0,33,0,54;0,0,25,72,64,0,0,30,66,22,38,0,0,0,0,70,0,0,0,62,0,80,0,0,0,0,72,75,63,69;0,72,60,48,65,39,0,28,0,76,78,0,0,0,41,0,60,42,0,28,49,0,80,21,0,52,45,47,27,0;21,78,42,36,44,0,0,56,0,71,23,0,41,39,46,21,56,47,0,48,24,71,0,75,65,0,0,36,0,0;76,54,0,0,0,0,0,0,36,60,20,0,31,0,0,37,77,33,0,0,49,77,69,0,0,0,23,36,51,59;61,42,32,0,0,29,0,24,53,27,36,27,46,34,0,0,24,66,21,21,42,0,0,0,0,0,70,72,46,34;0,69,53,24,51,0,0,52,0,69,44,80,0,25,25,0,44,55,42,20,73,76,58,0,0,0,49,44,0,41;63,76,24,0,69,39,0,33,30,0,57,0,69,42,56,0,42,41,28,25,21,54,0,32,74,0,0,55,28,34;80,26,49,36,0,65,0,32,43,0,69,59,27,71,0,79,0,0,36,23,54,21,76,70,71,40,0,0,0,69;23,0,0,0,22,79,62,44,76,0,0,0,0,58,37,58,0,0,41,0,51,0,54,33,0,21,21,56,0,0;39,0,0,0,47,48,0,59,45,67,0,55,57,0,78,0,71,0,78,0,40,64,22,75,47,27,0,0,62,0
0,0,24,22,29,22,0,0,22,37,39,0,0,27,0,24,0,35,35,0,0,33,34,0,28,0,0,27,28,0;35,0,24,0,0,37,0,22,0,0,35,35,40,22,0,25,0,34,33,20,29,0,33,34,22,31,34,0,0,36;31,39,0,0,27,0,20,38,25,0,0,0,29,39,36,0,31,0,26,0,36,0,32,24,21,26,0,0,26,40;24,32,0,0,0,32,35,28,25,32,0,40,29,0,0,29,39,40,0,0,0,32,22,24,0,0,37,38,0,0;40,22,34,0,0,26,0,29,0,35,0,28,28,30,23,23,29,24,22,0,0,0,0,27,26,0,0,0,0,35;33,0,22,21,33,0,21,24,0,29,0,28,23,33,0,0,0,22,37,33,25,38,34,0,0,0,0,39,32,37;37,35,0,0,27,30,0,0,16,0,0,29,0,22,17,0,22,0,0,0,35,0,39,0,25,37,0,33,30,0;20,0,21,36,0,36,36,0,27,23,0,0,40,40,21,36,26,0,0,0,0,20,0,0,0,0,0,22,34,36;30,23,0,35,36,23,34,29,0,0,40,0,22,23,0,21,0,36,0,0,0,0,0,0,0,27,0,0,27,0;0,0,36,29,38,27,21,0,34,0,0,35,33,0,20,31,0,0,21,0,26,29,28,38,37,0,32,23,0,0;20,0,0,26,0,30,0,0,34,39,0,34,39,29,29,26,0,28,0,0,20,34,39,22,26,0,0,0,28,0;36,22,35,22,25,25,0,0,31,19,0,0,10,0,35,0,26,33,35,0,20,0,0,27,0,20,0,0,39,0;32,37,31,30,0,0,0,0,28,0,0,0,0,24,0,0,29,0,39,0,25,35,27,0,33,21,20,0,40,27;21,25,20,22,32,23,38,40,0,25,0,35,20,0,40,30,0,0,0,0,29,37,0,34,0,32,0,21,21,38;0,37,0,0,0,0,28,0,0,29,0,0,21,0,0,0,35,20,36,0,26,0,0,0,0,23,0,32,0,0;32,0,0,37,22,0,35,0,21,37,35,0,33,36,0,0,33,0,34,21,32,31,0,0,38,0,24,27,33,31;0,0,39,0,0,40,23,36,29,0,26,0,0,36,39,31,0,29,0,0,0,34,0,0,37,0,0,22,0,38;25,26,0,0,37,0,21,33,0,33,29,0,27,20,0,38,23,0,36,21,0,0,37,36,21,36,33,21,33,37;0,0,34,27,0,0,40,40,33,21,28,29,36,0,0,22,0,0,0,35,22,31,20,0,32,0,0,0,29,38;0,0,0,21,25,27,0,0,31,29,0,0,31,39,29,0,40,22,36,0,28,36,0,0,36,0,0,33,0,34;0,0,37,40,28,0,0,30,40,33,27,0,0,0,0,37,0,0,0,35,0,30,0,0,0,0,26,22,40,28;0,29,22,38,37,29,0,38,0,36,31,0,0,0,39,0,35,39,0,26,20,0,40,40,0,38,38,25,23,0;36,26,32,33,22,0,0,21,0,37,22,0,21,26,23,28,26,37,0,39,38,36,0,30,32,0,0,24,0,0;28,34,0,0,0,0,0,0,27,37,39,0,38,0,0,38,27,32,0,0,33,31,37,0,0,0,32,32,24,22;29,40,20,0,0,34,0,20,29,39,35,31,25,31,0,0,35,27,31,31,32,0,0,0,0,0,34,39,38,33;0,20,27,20,21,0,0,36,0,36,30,26,0,22,20,0,23,21,34,31,24,21,26,0,0,0,33,40,0,28;23,36,34,0,26,28,0,32,20,0,31,0,37,31,24,0,27,27,30,30,40,22,0,38,25,0,0,35,25,23;35,22,24,34,0,22,0,40,39,0,25,40,36,22,0,35,0,0,39,28,36,32,32,36,32,31,0,0,0,31;37,0,0,0,24,27,31,33,36,0,0,0,0,37,21,31,0,0,39,0,32,0,35,20,0,40,27,20,0,0;20,0,0,0,34,25,0,26,31,24,0,23,31,0,32,0,31,0,26,0,38,26,30,38,32,20,0,0,40,0
-16,16,0,0,0,0,0,-7,0,-15,13,0,0,0,-6,0,0,0,0,0,0,0,0,0,-22,10,0,0,27,0
------------- End of Scenario k = 8 -------
0,0,51,63,49,65,0,0,76,30,57,0,0,53,0,75,0,62,60,0,0,68,73,0,43,0,0,24,49,0;20,0,80,0,0,65,0,80,0,0,33,75,66,39,0,31,0,52,54,36,75,0,45,38,67,65,38,0,0,57;63,47,0,0,24,0,35,64,51,0,0,0,58,21,36,0,76,0,57,0,44,0,20,55,30,70,0,0,79,37;46,71,0,0,0,77,32,47,45,26,0,50,60,0,0,63,38,41,0,0,0,28,58,48,0,0,61,54,0,0;45,53,20,0,0,56,0,56,0,58,0,66,22,31,29,77,31,70,42,0,0,0,0,56,60,0,0,0,0,61;66,0,21,64,67,0,54,26,0,25,0,73,70,79,0,0,0,40,79,36,80,47,77,0,0,0,0,58,27,76;78,30,0,0,22,66,0,0,33,0,0,51,0,76,80,0,33,0,0,0,46,0,57,0,50,50,0,46,65,0;50,0,65,80,0,36,31,0,57,57,0,0,34,21,76,68,39,0,0,0,0,20,0,0,0,0,0,46,30,77;80,62,0,76,47,38,72,23,0,0,20,0,57,39,0,34,0,53,0,0,0,0,0,0,0,76,0,0,60,0;0,0,73,75,30,50,54,0,51,0,0,37,72,0,69,43,0,0,64,0,25,77,76,56,35,0,27,40,0,0;40,0,0,73,0,80,0,0,43,44,0,21,24,59,38,61,0,59,0,0,70,22,31,33,27,0,0,0,62,0;75,57,66,54,45,57,0,0,61,80,0,0,80,0,59,0,47,71,78,0,20,0,0,48,0,55,0,0,26,0;78,60,51,32,0,0,0,0,39,0,0,0,0,42,0,0,28,0,67,0,46,28,28,0,37,45,73,0,24,61;53,39,70,42,61,39,69,80,0,78,0,62,25,0,47,80,0,0,0,0,21,30,0,76,0,69,0,56,24,37;0,62,0,0,0,0,38,0,0,73,0,0,48,0,0,0,48,52,67,0,27,0,0,0,0,51,0,20,0,0;27,0,0,80,46,0,46,0,48,54,65,0,61,40,0,0,80,0,55,59,40,54,0,0,58,0,53,52,20,57;0,0,68,0,0,37,44,78,38,0,77,0,0,42,56,22,0,80,0,0,0,60,0,0,72,0,0,79,0,74;28,74,0,0,50,0,73,43,0,58,69,0,40,41,0,70,30,0,24,23,0,0,72,49,64,27,35,42,23,34;0,0,73,23,0,0,20,25,80,51,26,61,74,0,0,27,0,0,0,36,34,41,45,0,55,0,0,0,24,80;0,0,0,66,47,22,0,0,23,65,0,0,39,42,43,0,63,72,72,0,57,69,0,0,37,0,0,51,0,32;0,0,79,50,71,0,0,74,26,42,36,0,0,0,0,21,0,0,0,75,0,57,0,0,0,0,38,66,28,27;0,53,45,26,35,47,0,50,0,66,35,0,0,0,33,0,76,21,0,42,20,0,64,77,0,56,31,79,36,0;70,41,65,67,69,0,0,32,0,80,45,0,31,64,63,23,56,40,0,50,78,49,0,80,68,0,0,24,0,0;78,78,0,0,0,0,0,0,20,34,63,0,57,0,0,28,20,28,0,0,79,55,53,0,0,0,80,70,52,35;34,46,68,0,0,73,0,49,57,59,38,46,44,61,0,0,58,49,22,22,36,0,0,0,0,0,69,36,71,41;0,33,74,38,56,0,0,60,0,51,67,70,0,38,63,0,21,53,45,44,51,50,28,0,0,0,79,74,0,80;42,78,72,0,70,27,0,51,56,0,67,0,76,67,27,0,65,23,33,37,34,48,0,66,44,0,0,37,37,29;80,73,28,63,0,76,0,69,55,0,77,21,54,68,0,36,0,0,39,72,76,73,52,75,24,41,0,0,0,44;56,0,0,0,64,77,59,72,39,0,0,0,0,80,79,69,0,0,30,0,21,0,47,57,0,32,61,67,0,0;70,0,0,0,66,36,0,40,21,29,0,46,64,0,24,0,53,0,44,0,48,57,22,38,70,25,0,0,80,0
0,0,40,37,25,33,0,0,27,40,37,0,0,21,0,30,0,35,21,0,0,21,21,0,29,0,0,39,27,0;21,0,20,0,0,23,0,32,0,0,29,22,31,39,0,36,0,26,39,32,23,0,26,26,21,31,23,0,0,28;25,34,0,0,24,0,38,36,36,0,0,0,25,32,33,0,40,0,22,0,31,0,26,22,33,31,0,0,29,27;33,35,0,0,0,22,25,31,32,28,0,23,33,0,0,37,27,38,0,0,0,28,27,30,0,0,36,23,0,0;30,26,40,0,0,23,0,20,0,20,0,26,25,38,32,30,40,31,34,0,0,0,0,30,23,0,0,0,0,40;20,0,26,36,36,0,37,32,0,28,0,27,39,33,0,0,0,30,31,36,29,27,38,0,0,0,0,26,35,34;24,29,0,0,40,21,0,0,40,0,0,21,0,26,23,0,25,0,0,0,24,0,21,0,28,31,0,27,39,0;21,0,25,36,0,30,39,0,27,35,0,0,32,38,29,30,34,0,0,0,0,27,0,0,0,0,0,35,40,24;25,32,0,35,25,26,27,34,0,0,29,0,38,27,0,25,0,39,0,0,0,0,0,0,0,38,0,0,22,0;0,0,23,22,25,21,31,0,27,0,0,39,28,0,25,37,0,0,25,0,29,20,33,26,39,0,39,39,0,0;21,0,0,34,0,18,0,0,36,30,0,32,30,40,24,31,0,21,0,0,27,36,37,33,29,0,0,0,31,0;30,33,27,25,37,32,0,0,29,33,0,0,28,0,31,0,37,40,32,0,28,0,0,34,0,26,0,0,31,0;25,33,21,39,0,0,0,0,35,0,0,0,0,37,0,0,34,0,37,0,27,31,30,0,34,29,21,0,39,28;37,34,20,36,32,23,29,17,0,37,0,21,23,0,36,22,0,0,0,0,23,36,0,37,0,21,0,25,31,21;0,37,0,0,0,0,40,0,0,37,0,0,39,0,0,0,24,29,23,0,24,0,0,0,0,26,0,23,0,0;21,0,0,39,40,0,20,0,20,26,37,0,23,27,0,0,39,0,31,30,31,33,0,0,30,0,26,37,29,31;0,0,23,0,0,29,30,34,33,0,26,0,0,23,23,28,0,34,0,0,0,26,0,0,29,0,0,25,0,36;26,26,0,0,38,0,35,29,0,23,24,0,26,25,0,35,32,0,29,27,0,0,33,22,40,34,31,25,39,38;0,0,36,31,0,0,31,23,40,38,20,27,39,0,0,25,0,0,0,40,27,34,30,0,25,0,0,0,39,26;0,0,0,23,24,22,0,0,22,29,0,0,21,31,38,0,39,30,25,0,19,30,0,0,22,0,0,21,0,23;0,0,36,37,37,0,0,40,29,29,37,0,0,0,0,38,0,0,0,35,0,37,0,0,0,0,22,34,24,34;0,39,37,24,30,22,0,27,0,27,20,0,0,0,34,0,28,20,0,33,20,0,20,38,0,23,23,28,26,0;20,21,34,23,36,0,0,40,0,26,28,0,35,34,26,25,39,40,0,30,24,34,0,24,32,0,0,28,0,0;21,38,0,0,0,0,0,0,26,34,28,0,30,0,0,39,30,25,0,0,39,39,21,0,0,0,32,39,22,20;38,28,29,0,0,34,0,26,28,27,39,27,25,27,0,0,37,39,21,31,20,0,0,0,0,0,38,21,22,28;0,25,24,30,40,0,0,27,0,27,23,32,0,38,30,0,33,34,25,39,21,22,25,0,0,0,24,36,0,33;33,34,28,0,36,40,0,37,25,0,24,0,23,33,28,0,21,25,22,27,21,26,0,39,24,0,0,37,29,32;26,40,22,23,0,20,0,36,22,0,37,20,37,37,0,23,0,0,27,34,31,34,35,28,21,31,0,0,0,32;25,0,0,0,24,35,23,38,26,0,0,0,0,28,30,31,0,0,36,0,36,0,26,37,0,21,33,36,0,0;28,0,0,0,40,40,0,21,26,32,0,37,38,0,34,0,40,0,39,0,37,38,38,27,29,35,0,0,21,0
-9,15,0,0,0,0,0,-19,0,-36,18,0,0,0,-2,0,0,0,0,0,0,0,0,0,-12,28,0,0,17,0
------------- End of Scenario k = 9 -------
