/ -------------------------------------------------------------------------
An instance of the stochastic Fixed - charge Network Flow Problem using NETGEN.
/ -------------------------------------------------------------------------
Number of Nodes (no Dummy node is added), n
Graph Density, density
The fixed cost to variable cost ratio, f
Adjacency Matrix, A
Fixed Cost Matrix, c
Number of scenarios, K
Scenario Probabilities, p
----The following three rows will be repeated K times.----
Var Cost Matrix, d
Capacity, u
demand, b
/ -------------------------------------------------------------------------
+
10
0.6
200
0,1,0,0,0,0,0,0,0,0;0,0,1,0,0,1,0,1,1,0;1,1,0,1,1,1,1,1,1,1;1,1,0,0,1,0,0,1,0,1;1,1,0,1,0,1,0,1,0,1;1,0,1,1,1,0,1,1,1,1;1,1,1,1,0,0,0,1,1,1;1,1,0,0,1,1,1,0,1,1;1,0,0,1,1,1,0,1,0,0;0,1,0,1,0,0,0,0,0,0
0,10200,0,0,0,0,0,0,0,0;0,0,13606,0,0,10106,0,10793,9540,0;9840,10420,0,10260,10806,9153,9280,10640,10233,13640;9360,10166,0,0,9993,0,0,9806,0,8693;13060,9940,0,12406,0,10960,0,9040,0,9373;12726,0,10426,9866,9226,0,10513,13466,9940,10586;9286,10166,10140,8726,0,0,0,9806,13386,13760;9980,9500,0,0,9300,10273,10300,0,9233,13719;14873,0,0,8986,11413,9720,0,9720,0,0;0,10953,0,10493,0,0,0,0,0,0
30
0.05,0.05,0.01,0.01,0.05,0.13,0.03,0.03,0.03,0.01,0.06,0.01,0.01,0.01,0.03,0.01,0.01,0.01,0.03,0.01,0.01,0.03,0.01,0.08,0.01,0.03,0.01,0.03,0.01,0.19
--Scenarios--
0,42,0,0,0,0,0,0,0,0;0,0,80,0,0,35,0,71,33,0;51,70,0,54,51,35,22,68,68,23;30,41,0,0,24,0,0,53,0,33;80,50,0,30,0,53,0,75,0,76;56,0,65,35,60,0,62,80,74,21;37,38,39,26,0,0,0,51,80,80;33,59,0,0,80,32,59,0,70,80;80,0,0,69,54,45,0,77,0,0;0,37,0,74,0,0,0,0,0,0
0,28,0,0,0,0,0,0,0,0;0,0,31,0,0,30,0,35,31,0;35,34,0,28,27,27,24,31,24,22;32,27,0,0,28,0,0,38,0,36;38,28,0,26,0,26,0,28,0,33;29,0,33,22,40,0,33,23,37,23;28,20,22,20,0,0,0,27,32,28;26,25,0,0,26,21,38,0,21,22;32,0,0,40,22,29,0,37,0,0;0,38,0,37,0,0,0,0,0,0
-53,20,0,0,26,10,27,0,0,-30
------------- End of Scenario k = 0 -------
0,41,0,0,0,0,0,0,0,0;0,0,80,0,0,28,0,49,50,0;45,23,0,23,28,79,56,53,21,80;39,79,0,0,49,0,0,20,0,47;80,27,0,30,0,23,0,52,0,38;80,0,41,29,60,0,60,80,59,63;34,31,69,21,0,0,0,68,80,80;21,73,0,0,32,41,78,0,23,80;80,0,0,56,46,20,0,80,0,0;0,40,0,61,0,0,0,0,0,0
0,23,0,0,0,0,0,0,0,0;0,0,39,0,0,37,0,21,34,0;33,21,0,30,27,27,27,30,29,40;29,30,0,0,24,0,0,24,0,29;39,23,0,38,0,37,0,27,0,35;28,0,26,40,40,0,31,31,35,30;33,40,39,30,0,0,0,34,28,25;38,21,0,0,27,36,24,0,37,28;21,0,0,38,39,21,0,33,0,0;0,26,0,21,0,0,0,0,0,0
-46,29,0,0,30,19,19,0,0,-51
------------- End of Scenario k = 1 -------
0,27,0,0,0,0,0,0,0,0;0,0,80,0,0,69,0,67,42,0;26,53,0,68,56,29,22,50,79,24;71,73,0,0,43,0,0,58,0,72;69,67,0,80,0,68,0,24,0,36;77,0,41,65,53,0,68,80,47,42;46,46,39,53,0,0,0,32,80,80;79,64,0,0,38,69,25,0,68,80;80,0,0,65,30,76,0,31,0,0;0,75,0,50,0,0,0,0,0,0
0,30,0,0,0,0,0,0,0,0;0,0,31,0,0,39,0,30,23,0;32,38,0,27,37,21,38,22,24,35;23,32,0,0,36,0,0,40,0,20;20,23,0,39,0,24,0,25,0,36;36,0,23,21,38,0,34,37,25,27;39,36,22,24,0,0,0,39,23,28;29,23,0,0,31,27,28,0,29,30;25,0,0,39,24,40,0,34,0,0;0,38,0,22,0,0,0,0,0,0
-54,28,0,0,16,30,23,0,0,-43
------------- End of Scenario k = 2 -------
0,65,0,0,0,0,0,0,0,0;0,0,80,0,0,58,0,62,33,0;55,42,0,23,35,26,79,63,55,40;28,70,0,0,75,0,0,59,0,26;29,75,0,80,0,64,0,22,0,31;80,0,45,80,52,0,26,80,43,77;66,26,42,20,0,0,0,74,80,61;30,62,0,0,48,33,22,0,67,80;80,0,0,53,49,46,0,26,0,0;0,49,0,24,0,0,0,0,0,0
0,23,0,0,0,0,0,0,0,0;0,0,29,0,0,35,0,38,21,0;28,30,0,24,33,27,37,24,20,27;22,38,0,0,31,0,0,24,0,22;34,27,0,35,0,20,0,33,0,32;32,0,39,27,35,0,22,32,31,40;32,24,33,25,0,0,0,31,25,30;24,36,0,0,24,26,39,0,29,27;37,0,0,30,29,37,0,35,0,0;0,31,0,37,0,0,0,0,0,0
-56,27,0,0,29,25,22,0,0,-47
------------- End of Scenario k = 3 -------
0,40,0,0,0,0,0,0,0,0;0,0,50,0,0,37,0,45,33,0;59,30,0,72,52,40,67,68,60,80;64,22,0,0,44,0,0,33,0,62;48,77,0,80,0,62,0,25,0,33;57,0,78,26,61,0,20,80,49,59;47,38,41,80,0,0,0,20,70,70;57,67,0,0,78,72,44,0,76,29;76,0,0,37,66,39,0,53,0,0;0,78,0,79,0,0,0,0,0,0
0,39,0,0,0,0,0,0,0,0;0,0,32,0,0,39,0,29,38,0;21,39,0,25,29,30,38,38,25,32;35,30,0,0,40,0,0,20,0,31;33,31,0,30,0,37,0,20,0,24;18,0,33,24,20,0,40,20,31,30;34,39,40,40,0,0,0,36,36,30;38,26,0,0,29,36,34,0,34,19;26,0,0,26,31,31,0,38,0,0;0,39,0,29,0,0,0,0,0,0
-40,30,0,0,26,13,15,0,0,-44
------------- End of Scenario k = 4 -------
0,72,0,0,0,0,0,0,0,0;0,0,80,0,0,75,0,40,35,0;74,49,0,40,65,40,22,29,25,80;27,27,0,0,44,0,0,63,0,44;33,66,0,48,0,38,0,52,0,30;80,0,67,38,32,0,67,68,55,26;54,73,45,49,0,0,0,43,80,80;43,32,0,0,33,59,76,0,22,80;80,0,0,49,79,65,0,24,0,0;0,24,0,73,0,0,0,0,0,0
0,40,0,0,0,0,0,0,0,0;0,0,36,0,0,40,0,21,27,0;35,27,0,28,24,31,38,34,23,32;21,35,0,0,30,0,0,40,0,36;29,35,0,40,0,27,0,20,0,37;32,0,35,36,22,0,31,36,28,24;31,27,26,25,0,0,0,38,28,38;27,22,0,0,30,20,23,0,20,39;36,0,0,26,30,30,0,22,0,0;0,39,0,35,0,0,0,0,0,0
-69,25,0,0,27,29,25,0,0,-37
------------- End of Scenario k = 5 -------
0,64,0,0,0,0,0,0,0,0;0,0,60,0,0,76,0,78,74,0;34,60,0,36,79,36,35,54,36,46;38,79,0,0,38,0,0,55,0,33;80,21,0,30,0,77,0,53,0,38;80,0,26,70,27,0,67,40,80,71;64,53,76,21,0,0,0,27,80,80;53,23,0,0,74,50,53,0,71,35;80,0,0,48,32,52,0,21,0,0;0,74,0,20,0,0,0,0,0,0
0,38,0,0,0,0,0,0,0,0;0,0,39,0,0,31,0,38,22,0;35,26,0,26,26,38,35,33,22,32;34,23,0,0,39,0,0,32,0,21;35,39,0,25,0,28,0,39,0,29;37,0,28,38,35,0,24,29,36,24;27,34,29,24,0,0,0,39,29,35;40,28,0,0,31,39,25,0,29,24;31,0,0,27,39,20,0,30,0,0;0,23,0,35,0,0,0,0,0,0
-61,25,0,0,24,22,29,0,0,-39
------------- End of Scenario k = 6 -------
0,61,0,0,0,0,0,0,0,0;0,0,80,0,0,68,0,42,59,0;68,30,0,35,53,29,71,45,67,75;37,68,0,0,29,0,0,75,0,75;69,36,0,80,0,38,0,47,0,47;55,0,59,68,71,0,30,80,62,59;52,45,31,47,0,0,0,67,49,80;32,49,0,0,62,61,59,0,48,80;80,0,0,39,69,52,0,35,0,0;0,65,0,55,0,0,0,0,0,0
0,35,0,0,0,0,0,0,0,0;0,0,39,0,0,22,0,39,26,0;31,33,0,21,38,21,35,37,37,15;27,24,0,0,31,0,0,24,0,38;32,37,0,37,0,40,0,37,0,38;35,0,23,32,32,0,20,38,30,37;20,26,29,24,0,0,0,33,25,25;20,39,0,0,20,21,35,0,31,36;25,0,0,37,36,37,0,40,0,0;0,37,0,22,0,0,0,0,0,0
-28,14,0,0,21,12,22,0,0,-41
------------- End of Scenario k = 7 -------
0,70,0,0,0,0,0,0,0,0;0,0,71,0,0,31,0,66,62,0;34,26,0,49,79,71,28,63,24,80;73,55,0,0,67,0,0,65,0,44;80,68,0,80,0,33,0,42,0,45;80,0,75,67,73,0,72,49,23,78;72,48,27,21,0,0,0,51,80,80;23,47,0,0,37,41,35,0,31,80;80,0,0,30,37,76,0,64,0,0;0,35,0,43,0,0,0,0,0,0
0,29,0,0,0,0,0,0,0,0;0,0,21,0,0,37,0,30,29,0;29,29,0,28,32,24,38,23,35,39;38,20,0,0,33,0,0,28,0,36;32,24,0,16,0,38,0,20,0,25;13,0,37,38,31,0,39,35,22,27;27,33,36,34,0,0,0,20,33,31;40,25,0,0,37,25,32,0,28,40;30,0,0,26,33,30,0,39,0,0;0,28,0,23,0,0,0,0,0,0
-27,15,0,0,12,10,26,0,0,-36
------------- End of Scenario k = 8 -------
0,57,0,0,0,0,0,0,0,0;0,0,80,0,0,64,0,51,66,0;38,78,0,63,55,25,52,73,54,80;40,79,0,0,32,0,0,37,0,68;80,48,0,80,0,54,0,53,0,42;21,0,35,74,32,0,50,77,26,62;59,41,47,36,0,0,0,22,37,30;76,42,0,0,55,50,22,0,74,72;80,0,0,50,62,74,0,55,0,0;0,46,0,79,0,0,0,0,0,0
0,31,0,0,0,0,0,0,0,0;0,0,38,0,0,35,0,26,32,0;30,29,0,30,27,31,40,34,39,37;30,35,0,0,36,0,0,39,0,29;31,30,0,31,0,39,0,39,0,28;39,0,21,32,33,0,35,38,21,24;34,29,28,30,0,0,0,37,29,39;30,31,0,0,33,25,38,0,22,40;36,0,0,24,29,31,0,24,0,0;0,21,0,26,0,0,0,0,0,0
-51,20,0,0,29,22,22,0,0,-42
------------- End of Scenario k = 9 -------
0,29,0,0,0,0,0,0,0,0;0,0,80,0,0,37,0,21,44,0;75,49,0,30,42,45,38,36,38,80;49,71,0,0,45,0,0,34,0,50;31,33,0,57,0,79,0,69,0,62;57,0,80,35,25,0,23,27,33,44;45,77,50,47,0,0,0,39,63,47;79,77,0,0,27,22,53,0,27,80;80,0,0,65,31,52,0,21,0,0;0,31,0,21,0,0,0,0,0,0
0,25,0,0,0,0,0,0,0,0;0,0,38,0,0,28,0,31,30,0;40,28,0,22,32,29,37,29,30,29;30,35,0,0,30,0,0,37,0,21;40,20,0,38,0,31,0,40,0,35;29,0,27,22,29,0,26,28,26,35;32,35,40,28,0,0,0,27,40,40;31,30,0,0,34,28,21,0,23,29;40,0,0,37,28,28,0,25,0,0;0,32,0,32,0,0,0,0,0,0
-61,28,0,0,28,25,26,0,0,-46
------------- End of Scenario k = 10 -------
0,34,0,0,0,0,0,0,0,0;0,0,80,0,0,79,0,21,80,0;46,56,0,58,58,69,24,57,60,44;33,66,0,0,60,0,0,76,0,38;80,42,0,80,0,51,0,45,0,39;22,0,50,61,20,0,62,80,43,75;33,28,64,39,0,0,0,40,80,54;28,24,0,0,32,43,49,0,61,80;37,0,0,77,61,50,0,61,0,0;0,77,0,67,0,0,0,0,0,0
0,27,0,0,0,0,0,0,0,0;0,0,27,0,0,22,0,30,32,0;33,37,0,23,38,33,26,22,36,36;37,27,0,0,33,0,0,36,0,23;32,39,0,31,0,20,0,35,0,39;22,0,28,30,33,0,37,33,37,34;35,24,31,30,0,0,0,31,21,32;38,36,0,0,23,38,33,0,29,39;25,0,0,31,23,21,0,27,0,0;0,36,0,23,0,0,0,0,0,0
-16,12,0,0,11,16,19,0,0,-42
------------- End of Scenario k = 11 -------
0,73,0,0,0,0,0,0,0,0;0,0,80,0,0,58,0,33,78,0;41,53,0,21,71,30,78,78,41,80;32,29,0,0,75,0,0,70,0,43;29,55,0,80,0,75,0,39,0,44;59,0,76,72,25,0,25,80,52,68;57,79,75,66,0,0,0,46,29,80;46,57,0,0,20,25,40,0,68,80;80,0,0,45,76,56,0,26,0,0;0,73,0,24,0,0,0,0,0,0
0,25,0,0,0,0,0,0,0,0;0,0,20,0,0,25,0,35,34,0;34,29,0,40,28,22,40,23,25,12;33,38,0,0,20,0,0,27,0,38;35,25,0,21,0,25,0,22,0,24;29,0,38,23,39,0,33,38,28,39;27,36,35,24,0,0,0,27,34,29;38,22,0,0,21,20,20,0,25,34;30,0,0,26,26,23,0,33,0,0;0,24,0,20,0,0,0,0,0,0
-49,10,0,0,20,28,12,0,0,-21
------------- End of Scenario k = 12 -------
0,37,0,0,0,0,0,0,0,0;0,0,74,0,0,22,0,75,27,0;71,68,0,77,29,45,24,50,69,80;45,53,0,0,51,0,0,32,0,36;24,37,0,30,0,49,0,62,0,59;80,0,20,54,29,0,32,57,29,58;44,32,23,31,0,0,0,36,80,60;46,28,0,0,45,59,77,0,37,25;51,0,0,25,66,25,0,50,0,0;0,29,0,72,0,0,0,0,0,0
0,24,0,0,0,0,0,0,0,0;0,0,32,0,0,24,0,22,29,0;25,27,0,40,24,39,36,36,28,17;21,40,0,0,29,0,0,23,0,27;37,20,0,31,0,20,0,30,0,22;27,0,31,28,34,0,39,15,31,39;36,22,35,37,0,0,0,39,39,40;34,34,0,0,21,31,32,0,23,13;39,0,0,40,37,24,0,25,0,0;0,38,0,29,0,0,0,0,0,0
-34,14,0,0,28,13,26,0,0,-47
------------- End of Scenario k = 13 -------
0,65,0,0,0,0,0,0,0,0;0,0,80,0,0,65,0,71,59,0;33,58,0,58,41,20,78,67,40,58;53,46,0,0,23,0,0,26,0,25;80,22,0,80,0,70,0,32,0,79;80,0,29,57,68,0,43,57,70,67;32,53,62,47,0,0,0,55,80,80;50,47,0,0,33,73,25,0,63,80;80,0,0,34,79,47,0,28,0,0;0,70,0,77,0,0,0,0,0,0
0,28,0,0,0,0,0,0,0,0;0,0,36,0,0,38,0,30,39,0;29,35,0,23,38,30,40,26,23,36;23,37,0,0,40,0,0,35,0,33;38,20,0,31,0,38,0,31,0,36;36,0,28,37,29,0,23,29,26,33;38,25,33,35,0,0,0,27,36,12;38,32,0,0,32,20,20,0,21,38;15,0,0,38,37,23,0,38,0,0;0,26,0,35,0,0,0,0,0,0
-41,23,0,0,30,21,10,0,0,-43
------------- End of Scenario k = 14 -------
0,29,0,0,0,0,0,0,0,0;0,0,80,0,0,36,0,32,32,0;71,71,0,21,70,62,38,51,46,80;44,36,0,0,41,0,0,52,0,28;80,57,0,42,0,78,0,20,0,69;36,0,44,62,44,0,57,47,47,38;22,79,76,77,0,0,0,58,80,33;35,67,0,0,32,31,63,0,32,33;63,0,0,38,62,27,0,73,0,0;0,58,0,70,0,0,0,0,0,0
0,20,0,0,0,0,0,0,0,0;0,0,38,0,0,38,0,33,33,0;30,27,0,26,30,23,26,37,32,38;29,26,0,0,32,0,0,23,0,31;38,25,0,29,0,24,0,24,0,31;31,0,35,33,23,0,28,35,32,30;37,39,40,24,0,0,0,32,35,25;37,28,0,0,25,20,39,0,29,33;21,0,0,30,27,35,0,25,0,0;0,28,0,21,0,0,0,0,0,0
-56,24,0,0,27,30,21,0,0,-46
------------- End of Scenario k = 15 -------
0,48,0,0,0,0,0,0,0,0;0,0,49,0,0,36,0,42,21,0;22,78,0,52,64,35,79,29,59,68;21,45,0,0,38,0,0,32,0,43;80,59,0,80,0,71,0,44,0,41;76,0,37,49,50,0,37,80,44,21;23,71,50,24,0,0,0,58,57,40;65,36,0,0,27,74,62,0,21,80;53,0,0,58,55,47,0,62,0,0;0,39,0,63,0,0,0,0,0,0
0,20,0,0,0,0,0,0,0,0;0,0,33,0,0,24,0,28,21,0;31,37,0,23,29,37,39,37,20,25;38,36,0,0,24,0,0,31,0,38;17,26,0,23,0,40,0,32,0,24;32,0,25,29,30,0,25,31,34,26;30,23,27,34,0,0,0,28,35,39;36,35,0,0,23,22,25,0,24,25;26,0,0,40,31,28,0,38,0,0;0,20,0,22,0,0,0,0,0,0
-47,21,0,0,16,22,25,0,0,-37
------------- End of Scenario k = 16 -------
0,24,0,0,0,0,0,0,0,0;0,0,80,0,0,23,0,44,52,0;69,53,0,34,60,78,69,70,70,80;32,36,0,0,24,0,0,49,0,76;80,65,0,80,0,80,0,74,0,34;80,0,80,32,26,0,80,70,51,20;32,46,21,64,0,0,0,72,24,74;36,46,0,0,63,52,80,0,50,49;80,0,0,29,42,37,0,68,0,0;0,68,0,36,0,0,0,0,0,0
0,22,0,0,0,0,0,0,0,0;0,0,24,0,0,31,0,22,29,0;35,32,0,24,22,35,36,26,33,26;20,25,0,0,23,0,0,25,0,37;30,32,0,39,0,35,0,33,0,36;40,0,40,24,29,0,35,23,39,23;37,25,40,26,0,0,0,27,21,40;20,38,0,0,40,22,27,0,36,22;31,0,0,20,28,23,0,26,0,0;0,27,0,29,0,0,0,0,0,0
-55,23,0,0,29,22,16,0,0,-35
------------- End of Scenario k = 17 -------
0,80,0,0,0,0,0,0,0,0;0,0,57,0,0,53,0,62,73,0;30,59,0,77,23,32,26,61,50,80;51,52,0,0,71,0,0,46,0,69;80,70,0,63,0,46,0,27,0,21;27,0,61,21,40,0,53,22,72,61;43,70,36,54,0,0,0,21,80,80;67,41,0,0,56,56,58,0,23,80;80,0,0,69,31,47,0,80,0,0;0,65,0,80,0,0,0,0,0,0
0,20,0,0,0,0,0,0,0,0;0,0,38,0,0,38,0,24,23,0;33,23,0,24,38,34,20,24,23,16;30,26,0,0,31,0,0,39,0,40;33,39,0,29,0,20,0,25,0,38;30,0,35,31,29,0,24,29,22,21;31,36,32,34,0,0,0,37,38,15;33,37,0,0,37,20,31,0,34,37;26,0,0,23,32,36,0,21,0,0;0,28,0,26,0,0,0,0,0,0
-57,12,0,0,26,26,14,0,0,-21
------------- End of Scenario k = 18 -------
0,45,0,0,0,0,0,0,0,0;0,0,22,0,0,78,0,50,30,0;58,71,0,68,34,38,41,22,42,80;41,65,0,0,50,0,0,37,0,48;80,50,0,42,0,60,0,56,0,54;54,0,70,23,67,0,45,80,37,30;31,78,57,74,0,0,0,44,22,80;79,52,0,0,30,74,20,0,35,80;80,0,0,45,39,60,0,65,0,0;0,35,0,72,0,0,0,0,0,0
0,37,0,0,0,0,0,0,0,0;0,0,39,0,0,33,0,24,26,0;32,33,0,39,32,23,20,31,26,27;31,33,0,0,31,0,0,39,0,22;30,20,0,24,0,27,0,33,0,24;39,0,32,26,31,0,23,28,20,21;31,36,25,23,0,0,0,21,24,18;33,27,0,0,26,38,30,0,37,19;40,0,0,38,40,38,0,36,0,0;0,39,0,40,0,0,0,0,0,0
-37,23,0,0,13,18,17,0,0,-34
------------- End of Scenario k = 19 -------
0,48,0,0,0,0,0,0,0,0;0,0,80,0,0,55,0,64,32,0;34,35,0,78,41,56,64,36,35,80;37,70,0,0,61,0,0,47,0,25;80,35,0,80,0,68,0,34,0,61;55,0,72,22,35,0,20,80,67,45;34,36,79,76,0,0,0,53,66,80;52,20,0,0,22,72,73,0,43,80;80,0,0,24,27,60,0,33,0,0;0,62,0,61,0,0,0,0,0,0
0,22,0,0,0,0,0,0,0,0;0,0,31,0,0,37,0,24,27,0;23,40,0,31,20,40,40,38,27,28;36,23,0,0,38,0,0,27,0,21;25,32,0,32,0,27,0,26,0,22;40,0,25,20,25,0,33,32,27,22;27,25,28,24,0,0,0,29,32,40;28,30,0,0,36,20,20,0,34,37;40,0,0,37,21,22,0,24,0,0;0,33,0,38,0,0,0,0,0,0
-45,18,0,0,15,23,24,0,0,-35
------------- End of Scenario k = 20 -------
0,58,0,0,0,0,0,0,0,0;0,0,35,0,0,52,0,74,73,0;23,61,0,24,25,32,38,62,74,80;75,79,0,0,38,0,0,73,0,35;80,77,0,52,0,20,0,29,0,27;80,0,51,77,33,0,74,61,36,40;33,37,51,29,0,0,0,73,80,80;32,53,0,0,67,76,75,0,49,77;80,0,0,23,78,76,0,20,0,0;0,37,0,40,0,0,0,0,0,0
0,34,0,0,0,0,0,0,0,0;0,0,25,0,0,23,0,22,29,0;20,40,0,25,20,23,29,32,27,22;39,26,0,0,32,0,0,23,0,36;37,30,0,36,0,27,0,34,0,29;25,0,34,22,33,0,21,27,30,27;36,26,38,30,0,0,0,39,38,39;27,22,0,0,26,29,40,0,28,39;38,0,0,36,38,28,0,24,0,0;0,29,0,31,0,0,0,0,0,0
-45,20,0,0,28,20,15,0,0,-38
------------- End of Scenario k = 21 -------
0,64,0,0,0,0,0,0,0,0;0,0,80,0,0,68,0,32,66,0;20,43,0,68,78,56,24,42,76,80;43,45,0,0,74,0,0,70,0,22;70,28,0,32,0,39,0,34,0,67;29,0,54,71,53,0,68,80,36,25;74,21,42,60,0,0,0,39,57,80;61,41,0,0,52,40,56,0,22,80;80,0,0,35,64,29,0,45,0,0;0,26,0,26,0,0,0,0,0,0
0,35,0,0,0,0,0,0,0,0;0,0,32,0,0,27,0,32,39,0;33,35,0,21,20,25,33,40,34,22;36,21,0,0,35,0,0,35,0,36;16,38,0,34,0,29,0,39,0,28;34,0,36,20,24,0,25,35,31,27;39,32,25,39,0,0,0,24,33,31;40,39,0,0,23,29,31,0,35,22;21,0,0,33,36,28,0,32,0,0;0,39,0,21,0,0,0,0,0,0
-39,15,0,0,15,15,21,0,0,-27
------------- End of Scenario k = 22 -------
0,45,0,0,0,0,0,0,0,0;0,0,61,0,0,36,0,50,39,0;50,35,0,78,34,38,30,51,71,80;71,48,0,0,66,0,0,24,0,27;33,48,0,52,0,71,0,60,0,25;80,0,46,79,53,0,77,80,41,67;33,42,49,24,0,0,0,49,56,80;73,33,0,0,24,39,51,0,68,80;80,0,0,30,80,52,0,20,0,0;0,67,0,24,0,0,0,0,0,0
0,37,0,0,0,0,0,0,0,0;0,0,31,0,0,22,0,33,27,0;40,31,0,21,25,34,20,29,31,29;26,30,0,0,23,0,0,31,0,21;35,26,0,39,0,23,0,35,0,23;28,0,24,36,36,0,26,40,25,35;39,26,23,38,0,0,0,22,39,31;27,37,0,0,28,23,24,0,35,34;30,0,0,40,33,29,0,23,0,0;0,36,0,38,0,0,0,0,0,0
-67,27,0,0,26,28,30,0,0,-44
------------- End of Scenario k = 23 -------
0,50,0,0,0,0,0,0,0,0;0,0,61,0,0,58,0,76,24,0;77,79,0,63,80,63,29,37,24,62;65,44,0,0,24,0,0,51,0,42;44,75,0,39,0,58,0,78,0,36;80,0,52,44,34,0,63,28,42,54;28,58,26,45,0,0,0,43,80,80;66,44,0,0,56,68,39,0,39,80;80,0,0,45,74,33,0,79,0,0;0,72,0,66,0,0,0,0,0,0
0,34,0,0,0,0,0,0,0,0;0,0,31,0,0,21,0,38,27,0;36,21,0,24,26,40,20,39,38,35;27,21,0,0,22,0,0,39,0,28;21,21,0,35,0,38,0,27,0,23;29,0,30,29,20,0,36,33,26,36;39,25,40,25,0,0,0,34,27,28;20,40,0,0,30,40,20,0,40,39;22,0,0,39,39,34,0,35,0,0;0,34,0,37,0,0,0,0,0,0
-45,17,0,0,21,12,20,0,0,-25
------------- End of Scenario k = 24 -------
0,43,0,0,0,0,0,0,0,0;0,0,71,0,0,65,0,78,42,0;50,48,0,68,71,54,40,35,64,80;80,25,0,0,64,0,0,57,0,43;80,46,0,60,0,59,0,29,0,76;80,0,31,36,63,0,48,80,27,78;57,80,69,24,0,0,0,63,53,31;38,36,0,0,77,75,49,0,61,61;31,0,0,32,67,23,0,51,0,0;0,62,0,55,0,0,0,0,0,0
0,25,0,0,0,0,0,0,0,0;0,0,37,0,0,23,0,35,26,0;26,36,0,35,30,37,36,39,26,20;31,38,0,0,32,0,0,23,0,39;36,39,0,24,0,36,0,34,0,38;18,0,27,38,21,0,20,16,20,22;27,40,22,25,0,0,0,23,36,27;24,34,0,0,22,36,26,0,35,32;27,0,0,35,21,34,0,23,0,0;0,27,0,40,0,0,0,0,0,0
-20,10,0,0,17,16,24,0,0,-47
------------- End of Scenario k = 25 -------
0,44,0,0,0,0,0,0,0,0;0,0,37,0,0,28,0,54,49,0;54,30,0,38,58,44,35,56,23,80;44,25,0,0,72,0,0,29,0,48;80,67,0,66,0,46,0,33,0,44;80,0,61,20,26,0,80,80,56,68;74,40,21,40,0,0,0,65,67,53;48,28,0,0,51,25,52,0,35,45;80,0,0,57,79,37,0,59,0,0;0,70,0,35,0,0,0,0,0,0
0,29,0,0,0,0,0,0,0,0;0,0,25,0,0,27,0,25,28,0;26,35,0,23,31,32,27,33,30,29;22,29,0,0,31,0,0,20,0,32;30,38,0,40,0,23,0,26,0,28;32,0,40,26,37,0,22,40,33,31;27,32,32,38,0,0,0,22,31,30;33,36,0,0,27,36,21,0,38,33;34,0,0,25,39,23,0,24,0,0;0,28,0,38,0,0,0,0,0,0
-67,17,0,0,28,29,30,0,0,-37
------------- End of Scenario k = 26 -------
0,75,0,0,0,0,0,0,0,0;0,0,33,0,0,63,0,40,21,0;38,56,0,77,73,30,77,55,32,23;31,26,0,0,40,0,0,68,0,20;40,22,0,80,0,26,0,57,0,42;80,0,34,38,72,0,41,75,60,75;69,53,78,39,0,0,0,59,80,72;55,63,0,0,67,50,48,0,25,80;80,0,0,67,80,51,0,33,0,0;0,30,0,44,0,0,0,0,0,0
0,21,0,0,0,0,0,0,0,0;0,0,22,0,0,33,0,24,32,0;27,22,0,39,34,28,23,31,40,32;30,34,0,0,25,0,0,25,0,35;38,39,0,33,0,25,0,27,0,38;26,0,32,21,34,0,40,31,26,29;28,38,32,24,0,0,0,21,30,37;36,37,0,0,23,23,32,0,30,26;40,0,0,28,37,33,0,37,0,0;0,22,0,33,0,0,0,0,0,0
-56,22,0,0,22,24,28,0,0,-40
------------- End of Scenario k = 27 -------
0,67,0,0,0,0,0,0,0,0;0,0,80,0,0,34,0,60,40,0;57,76,0,64,69,80,73,58,80,63;49,23,0,0,75,0,0,53,0,24;80,24,0,68,0,68,0,57,0,80;28,0,50,43,72,0,64,62,55,46;28,59,62,37,0,0,0,52,80,80;54,67,0,0,52,26,55,0,40,32;80,0,0,22,22,44,0,76,0,0;0,79,0,26,0,0,0,0,0,0
0,31,0,0,0,0,0,0,0,0;0,0,33,0,0,21,0,39,38,0;20,37,0,22,36,21,28,20,37,38;21,40,0,0,27,0,0,35,0,33;34,38,0,29,0,20,0,32,0,29;36,0,28,37,31,0,37,27,38,38;29,33,37,39,0,0,0,30,37,39;25,36,0,0,22,39,29,0,27,20;37,0,0,25,33,25,0,25,0,0;0,32,0,35,0,0,0,0,0,0
-36,27,0,0,22,18,26,0,0,-57
------------- End of Scenario k = 28 -------
0,33,0,0,0,0,0,0,0,0;0,0,80,0,0,29,0,69,62,0;73,23,0,22,47,56,33,77,52,80;61,48,0,0,62,0,0,27,0,58;80,44,0,80,0,20,0,32,0,30;80,0,34,32,28,0,63,80,75,50;70,47,74,38,0,0,0,51,78,79;40,47,0,0,25,53,47,0,36,80;80,0,0,32,75,60,0,42,0,0;0,70,0,57,0,0,0,0,0,0
0,24,0,0,0,0,0,0,0,0;0,0,27,0,0,21,0,21,38,0;38,38,0,39,21,31,24,28,39,32;31,26,0,0,32,0,0,29,0,22;13,38,0,35,0,26,0,26,0,22;30,0,23,39,32,0,37,24,24,37;33,24,27,27,0,0,0,30,27,28;35,29,0,0,34,20,21,0,39,25;34,0,0,20,36,39,0,27,0,0;0,38,0,29,0,0,0,0,0,0
-38,23,0,0,12,12,21,0,0,-30
------------- End of Scenario k = 29 -------
