/ -------------------------------------------------------------------------
An instance of the stochastic Fixed - charge Network Flow Problem using NETGEN.
/ -------------------------------------------------------------------------
Number of Nodes (no Dummy node is added), n
Graph Density, density
The fixed cost to variable cost ratio, f
Adjacency Matrix, A
Fixed Cost Matrix, c
Number of scenarios, K
Scenario Probabilities, p
----The following three rows will be repeated K times.----
Var Cost Matrix, d
Capacity, u
demand, b
/ -------------------------------------------------------------------------
+
10
0.3
200
0,0,0,0,1,0,0,0,0,0;1,0,1,0,0,0,0,0,0,1;0,0,0,0,1,0,0,1,0,0;0,0,0,0,0,0,1,0,0,0;1,1,0,1,0,0,0,0,0,0;1,0,0,0,0,0,0,0,1,0;0,1,0,1,0,0,0,0,1,1;0,0,1,0,0,0,0,0,0,1;0,1,1,0,1,1,0,1,0,0;1,1,1,1,0,0,0,0,0,0
0,0,0,0,10710,0,0,0,0,0;15000,0,13880,0,0,0,0,0,0,7880;0,0,0,0,9640,0,0,8620,0,0;0,0,0,0,0,0,14050,0,0,0;13690,10280,0,13780,0,0,0,0,0,0;14440,0,0,0,0,0,0,0,12780,0;0,11330,0,10670,0,0,0,0,9950,9870;0,0,10370,0,0,0,0,0,0,12400;0,8330,10340,0,9040,10030,0,9460,0,0;11790,9900,9880,9810,0,0,0,0,0,0
20
0.05,0.02,0.07,0.02,0.17,0.07,0.1,0.05,0.02,0.02,0.02,0.02,0.02,0.07,0.02,0.05,0.02,0.07,0.02,0.1
--Scenarios--
0,0,0,0,61,0,0,0,0,0;68,0,80,0,0,0,0,0,0,20;0,0,0,0,49,0,0,28,0,0;0,0,0,0,0,0,80,0,0,0;80,29,0,64,0,0,0,0,0,0;54,0,0,0,0,0,0,0,80,0;0,24,0,68,0,0,0,0,48,23;0,0,66,0,0,0,0,0,0,79;0,21,57,0,43,65,0,45,0,0;80,46,40,75,0,0,0,0,0,0
0,0,0,0,31,0,0,0,0,0;27,0,38,0,0,0,0,0,0,29;0,0,0,0,29,0,0,33,0,0;0,0,0,0,0,0,37,0,0,0;30,38,0,32,0,0,0,0,0,0;37,0,0,0,0,0,0,0,29,0;0,24,0,34,0,0,0,0,21,22;0,0,25,0,0,0,0,0,0,32;0,24,37,0,23,34,0,26,0,0;35,30,24,20,0,0,0,0,0,0
-69,24,0,0,27,20,-21,19,0,0
------------- End of Scenario k = 0 -------
0,0,0,0,49,0,0,0,0,0;80,0,27,0,0,0,0,0,0,20;0,0,0,0,30,0,0,43,0,0;0,0,0,0,0,0,80,0,0,0;80,36,0,80,0,0,0,0,0,0;77,0,0,0,0,0,0,0,80,0;0,77,0,53,0,0,0,0,38,65;0,0,63,0,0,0,0,0,0,80;0,44,32,0,49,66,0,32,0,0;23,80,22,37,0,0,0,0,0,0
0,0,0,0,37,0,0,0,0,0;32,0,31,0,0,0,0,0,0,26;0,0,0,0,24,0,0,36,0,0;0,0,0,0,0,0,38,0,0,0;40,31,0,39,0,0,0,0,0,0;31,0,0,0,0,0,0,0,38,0;0,25,0,36,0,0,0,0,20,26;0,0,38,0,0,0,0,0,0,32;0,29,26,0,32,25,0,22,0,0;31,24,30,31,0,0,0,0,0,0
-92,20,0,0,27,28,-8,25,0,0
------------- End of Scenario k = 1 -------
0,0,0,0,21,0,0,0,0,0;78,0,69,0,0,0,0,0,0,37;0,0,0,0,73,0,0,56,0,0;0,0,0,0,0,0,80,0,0,0;23,51,0,80,0,0,0,0,0,0;80,0,0,0,0,0,0,0,80,0;0,52,0,44,0,0,0,0,33,54;0,0,44,0,0,0,0,0,0,80;0,22,75,0,42,47,0,62,0,0;80,34,36,46,0,0,0,0,0,0
0,0,0,0,31,0,0,0,0,0;39,0,35,0,0,0,0,0,0,27;0,0,0,0,20,0,0,34,0,0;0,0,0,0,0,0,28,0,0,0;34,39,0,31,0,0,0,0,0,0;30,0,0,0,0,0,0,0,30,0;0,33,0,32,0,0,0,0,34,40;0,0,30,0,0,0,0,0,0,20;0,32,22,0,20,29,0,27,0,0;30,34,37,24,0,0,0,0,0,0
-61,17,0,0,13,14,-1,18,0,0
------------- End of Scenario k = 2 -------
0,0,0,0,58,0,0,0,0,0;80,0,80,0,0,0,0,0,0,67;0,0,0,0,75,0,0,55,0,0;0,0,0,0,0,0,80,0,0,0;80,68,0,73,0,0,0,0,0,0;45,0,0,0,0,0,0,0,68,0;0,55,0,80,0,0,0,0,54,64;0,0,40,0,0,0,0,0,0,20;0,35,51,0,25,38,0,71,0,0;73,31,68,31,0,0,0,0,0,0
0,0,0,0,30,0,0,0,0,0;30,0,33,0,0,0,0,0,0,39;0,0,0,0,35,0,0,26,0,0;0,0,0,0,0,0,30,0,0,0;28,31,0,30,0,0,0,0,0,0;33,0,0,0,0,0,0,0,32,0;0,26,0,36,0,0,0,0,23,22;0,0,22,0,0,0,0,0,0,30;0,29,27,0,31,31,0,23,0,0;36,38,34,35,0,0,0,0,0,0
-73,18,0,0,20,18,-3,20,0,0
------------- End of Scenario k = 3 -------
0,0,0,0,80,0,0,0,0,0;80,0,35,0,0,0,0,0,0,39;0,0,0,0,51,0,0,23,0,0;0,0,0,0,0,0,64,0,0,0;80,29,0,80,0,0,0,0,0,0;80,0,0,0,0,0,0,0,46,0;0,38,0,34,0,0,0,0,75,60;0,0,41,0,0,0,0,0,0,20;0,23,78,0,66,72,0,35,0,0;39,78,48,33,0,0,0,0,0,0
0,0,0,0,28,0,0,0,0,0;16,0,29,0,0,0,0,0,0,28;0,0,0,0,26,0,0,22,0,0;0,0,0,0,0,0,27,0,0,0;35,20,0,18,0,0,0,0,0,0;38,0,0,0,0,0,0,0,28,0;0,38,0,28,0,0,0,0,29,25;0,0,23,0,0,0,0,0,0,31;0,27,20,0,27,23,0,25,0,0;24,23,25,25,0,0,0,0,0,0
-74,16,0,0,15,25,-6,24,0,0
------------- End of Scenario k = 4 -------
0,0,0,0,47,0,0,0,0,0;74,0,40,0,0,0,0,0,0,70;0,0,0,0,48,0,0,57,0,0;0,0,0,0,0,0,80,0,0,0;36,73,0,80,0,0,0,0,0,0;80,0,0,0,0,0,0,0,30,0;0,65,0,79,0,0,0,0,22,24;0,0,46,0,0,0,0,0,0,73;0,68,37,0,26,49,0,51,0,0;40,23,80,38,0,0,0,0,0,0
0,0,0,0,34,0,0,0,0,0;38,0,28,0,0,0,0,0,0,40;0,0,0,0,22,0,0,21,0,0;0,0,0,0,0,0,26,0,0,0;39,23,0,38,0,0,0,0,0,0;30,0,0,0,0,0,0,0,31,0;0,29,0,31,0,0,0,0,28,23;0,0,38,0,0,0,0,0,0,38;0,28,36,0,27,27,0,35,0,0;26,35,25,32,0,0,0,0,0,0
-82,23,0,0,21,23,-1,16,0,0
------------- End of Scenario k = 5 -------
0,0,0,0,55,0,0,0,0,0;80,0,78,0,0,0,0,0,0,23;0,0,0,0,51,0,0,67,0,0;0,0,0,0,0,0,62,0,0,0;80,27,0,47,0,0,0,0,0,0;80,0,0,0,0,0,0,0,80,0;0,60,0,71,0,0,0,0,49,33;0,0,62,0,0,0,0,0,0,61;0,24,45,0,57,41,0,34,0,0;80,41,33,66,0,0,0,0,0,0
0,0,0,0,40,0,0,0,0,0;12,0,36,0,0,0,0,0,0,33;0,0,0,0,37,0,0,29,0,0;0,0,0,0,0,0,29,0,0,0;36,26,0,31,0,0,0,0,0,0;25,0,0,0,0,0,0,0,28,0;0,37,0,35,0,0,0,0,39,26;0,0,24,0,0,0,0,0,0,23;0,32,32,0,33,40,0,36,0,0;21,23,29,36,0,0,0,0,0,0
-52,12,0,0,29,21,-24,14,0,0
------------- End of Scenario k = 6 -------
0,0,0,0,56,0,0,0,0,0;32,0,80,0,0,0,0,0,0,24;0,0,0,0,55,0,0,62,0,0;0,0,0,0,0,0,76,0,0,0;80,68,0,22,0,0,0,0,0,0;80,0,0,0,0,0,0,0,80,0;0,72,0,66,0,0,0,0,68,40;0,0,29,0,0,0,0,0,0,80;0,25,20,0,29,36,0,31,0,0;68,80,51,70,0,0,0,0,0,0
0,0,0,0,24,0,0,0,0,0;13,0,37,0,0,0,0,0,0,28;0,0,0,0,33,0,0,24,0,0;0,0,0,0,0,0,28,0,0,0;30,21,0,39,0,0,0,0,0,0;32,0,0,0,0,0,0,0,39,0;0,25,0,36,0,0,0,0,23,21;0,0,35,0,0,0,0,0,0,39;0,32,24,0,22,35,0,23,0,0;18,23,21,29,0,0,0,0,0,0
-58,10,0,0,17,29,-11,13,0,0
------------- End of Scenario k = 7 -------
0,0,0,0,55,0,0,0,0,0;80,0,80,0,0,0,0,0,0,33;0,0,0,0,50,0,0,55,0,0;0,0,0,0,0,0,43,0,0,0;80,66,0,80,0,0,0,0,0,0;80,0,0,0,0,0,0,0,57,0;0,77,0,27,0,0,0,0,51,58;0,0,76,0,0,0,0,0,0,80;0,49,61,0,54,37,0,38,0,0;80,48,37,68,0,0,0,0,0,0
0,0,0,0,21,0,0,0,0,0;26,0,34,0,0,0,0,0,0,30;0,0,0,0,37,0,0,34,0,0;0,0,0,0,0,0,40,0,0,0;23,33,0,36,0,0,0,0,0,0;13,0,0,0,0,0,0,0,15,0;0,29,0,35,0,0,0,0,34,40;0,0,38,0,0,0,0,0,0,28;0,28,36,0,33,24,0,28,0,0;28,36,32,39,0,0,0,0,0,0
-71,19,0,0,17,12,-5,28,0,0
------------- End of Scenario k = 8 -------
0,0,0,0,80,0,0,0,0,0;80,0,59,0,0,0,0,0,0,23;0,0,0,0,44,0,0,28,0,0;0,0,0,0,0,0,61,0,0,0;80,23,0,80,0,0,0,0,0,0;80,0,0,0,0,0,0,0,80,0;0,54,0,50,0,0,0,0,73,24;0,0,59,0,0,0,0,0,0,23;0,29,48,0,23,71,0,57,0,0;71,58,72,62,0,0,0,0,0,0
0,0,0,0,28,0,0,0,0,0;16,0,21,0,0,0,0,0,0,31;0,0,0,0,22,0,0,36,0,0;0,0,0,0,0,0,34,0,0,0;32,27,0,37,0,0,0,0,0,0;39,0,0,0,0,0,0,0,34,0;0,23,0,39,0,0,0,0,28,29;0,0,23,0,0,0,0,0,0,12;0,22,25,0,38,20,0,39,0,0;25,21,31,24,0,0,0,0,0,0
-61,12,0,0,27,29,-17,10,0,0
------------- End of Scenario k = 9 -------
0,0,0,0,25,0,0,0,0,0;72,0,79,0,0,0,0,0,0,43;0,0,0,0,73,0,0,33,0,0;0,0,0,0,0,0,69,0,0,0;49,72,0,80,0,0,0,0,0,0;80,0,0,0,0,0,0,0,80,0;0,37,0,78,0,0,0,0,35,53;0,0,39,0,0,0,0,0,0,73;0,71,47,0,69,33,0,63,0,0;71,80,34,23,0,0,0,0,0,0
0,0,0,0,34,0,0,0,0,0;24,0,35,0,0,0,0,0,0,30;0,0,0,0,27,0,0,37,0,0;0,0,0,0,0,0,29,0,0,0;23,38,0,17,0,0,0,0,0,0;22,0,0,0,0,0,0,0,22,0;0,34,0,40,0,0,0,0,37,31;0,0,22,0,0,0,0,0,0,31;0,32,25,0,20,34,0,38,0,0;32,26,22,21,0,0,0,0,0,0
-63,13,0,0,15,16,-9,28,0,0
------------- End of Scenario k = 10 -------
0,0,0,0,71,0,0,0,0,0;80,0,80,0,0,0,0,0,0,20;0,0,0,0,73,0,0,35,0,0;0,0,0,0,0,0,78,0,0,0;80,39,0,37,0,0,0,0,0,0;80,0,0,0,0,0,0,0,80,0;0,31,0,39,0,0,0,0,39,72;0,0,56,0,0,0,0,0,0,39;0,53,55,0,36,74,0,70,0,0;21,54,74,27,0,0,0,0,0,0
0,0,0,0,22,0,0,0,0,0;39,0,33,0,0,0,0,0,0,20;0,0,0,0,21,0,0,34,0,0;0,0,0,0,0,0,31,0,0,0;36,35,0,33,0,0,0,0,0,0;25,0,0,0,0,0,0,0,37,0;0,25,0,20,0,0,0,0,31,36;0,0,34,0,0,0,0,0,0,34;0,32,25,0,29,25,0,40,0,0;25,21,31,32,0,0,0,0,0,0
-70,24,0,0,28,18,-22,22,0,0
------------- End of Scenario k = 11 -------
0,0,0,0,23,0,0,0,0,0;80,0,47,0,0,0,0,0,0,28;0,0,0,0,34,0,0,27,0,0;0,0,0,0,0,0,80,0,0,0;80,56,0,80,0,0,0,0,0,0;80,0,0,0,0,0,0,0,72,0;0,79,0,51,0,0,0,0,61,77;0,0,32,0,0,0,0,0,0,80;0,54,47,0,48,44,0,33,0,0;37,39,40,77,0,0,0,0,0,0
0,0,0,0,32,0,0,0,0,0;14,0,34,0,0,0,0,0,0,36;0,0,0,0,20,0,0,26,0,0;0,0,0,0,0,0,29,0,0,0;33,36,0,31,0,0,0,0,0,0;28,0,0,0,0,0,0,0,38,0;0,29,0,28,0,0,0,0,25,35;0,0,35,0,0,0,0,0,0,21;0,38,27,0,27,24,0,23,0,0;26,40,23,40,0,0,0,0,0,0
-87,10,0,0,29,28,-1,21,0,0
------------- End of Scenario k = 12 -------
0,0,0,0,61,0,0,0,0,0;80,0,80,0,0,0,0,0,0,73;0,0,0,0,21,0,0,44,0,0;0,0,0,0,0,0,80,0,0,0;54,50,0,80,0,0,0,0,0,0;80,0,0,0,0,0,0,0,34,0;0,41,0,38,0,0,0,0,25,77;0,0,33,0,0,0,0,0,0,78;0,40,58,0,69,63,0,36,0,0;80,63,66,33,0,0,0,0,0,0
0,0,0,0,32,0,0,0,0,0;33,0,25,0,0,0,0,0,0,36;0,0,0,0,34,0,0,37,0,0;0,0,0,0,0,0,37,0,0,0;37,38,0,33,0,0,0,0,0,0;32,0,0,0,0,0,0,0,28,0;0,28,0,34,0,0,0,0,31,34;0,0,31,0,0,0,0,0,0,29;0,28,33,0,32,39,0,30,0,0;25,33,33,35,0,0,0,0,0,0
-68,13,0,0,11,27,-1,18,0,0
------------- End of Scenario k = 13 -------
0,0,0,0,44,0,0,0,0,0;80,0,74,0,0,0,0,0,0,34;0,0,0,0,30,0,0,50,0,0;0,0,0,0,0,0,37,0,0,0;59,35,0,80,0,0,0,0,0,0;80,0,0,0,0,0,0,0,45,0;0,39,0,73,0,0,0,0,39,40;0,0,64,0,0,0,0,0,0,80;0,60,45,0,52,20,0,52,0,0;43,32,33,64,0,0,0,0,0,0
0,0,0,0,22,0,0,0,0,0;29,0,29,0,0,0,0,0,0,35;0,0,0,0,39,0,0,37,0,0;0,0,0,0,0,0,16,0,0,0;19,28,0,34,0,0,0,0,0,0;35,0,0,0,0,0,0,0,23,0;0,38,0,34,0,0,0,0,23,36;0,0,23,0,0,0,0,0,0,31;0,35,31,0,36,37,0,22,0,0;38,35,28,33,0,0,0,0,0,0
-79,27,0,0,16,20,-14,30,0,0
------------- End of Scenario k = 14 -------
0,0,0,0,60,0,0,0,0,0;64,0,80,0,0,0,0,0,0,57;0,0,0,0,20,0,0,44,0,0;0,0,0,0,0,0,39,0,0,0;80,80,0,47,0,0,0,0,0,0;58,0,0,0,0,0,0,0,36,0;0,55,0,39,0,0,0,0,40,49;0,0,45,0,0,0,0,0,0,71;0,46,36,0,41,48,0,30,0,0;80,20,72,21,0,0,0,0,0,0
0,0,0,0,34,0,0,0,0,0;29,0,37,0,0,0,0,0,0,36;0,0,0,0,28,0,0,31,0,0;0,0,0,0,0,0,20,0,0,0;39,38,0,38,0,0,0,0,0,0;27,0,0,0,0,0,0,0,36,0;0,21,0,21,0,0,0,0,39,30;0,0,34,0,0,0,0,0,0,39;0,30,20,0,38,21,0,24,0,0;33,26,33,39,0,0,0,0,0,0
-80,23,0,0,15,25,-11,28,0,0
------------- End of Scenario k = 15 -------
0,0,0,0,52,0,0,0,0,0;80,0,80,0,0,0,0,0,0,66;0,0,0,0,46,0,0,31,0,0;0,0,0,0,0,0,76,0,0,0;80,40,0,80,0,0,0,0,0,0;29,0,0,0,0,0,0,0,80,0;0,70,0,52,0,0,0,0,64,54;0,0,26,0,0,0,0,0,0,37;0,57,57,0,59,74,0,31,0,0;80,58,20,76,0,0,0,0,0,0
0,0,0,0,23,0,0,0,0,0;40,0,23,0,0,0,0,0,0,28;0,0,0,0,29,0,0,23,0,0;0,0,0,0,0,0,32,0,0,0;13,22,0,23,0,0,0,0,0,0;31,0,0,0,0,0,0,0,40,0;0,29,0,37,0,0,0,0,25,35;0,0,26,0,0,0,0,0,0,28;0,30,31,0,26,21,0,28,0,0;25,37,38,20,0,0,0,0,0,0
-64,10,0,0,11,28,-6,21,0,0
------------- End of Scenario k = 16 -------
0,0,0,0,55,0,0,0,0,0;80,0,80,0,0,0,0,0,0,35;0,0,0,0,74,0,0,30,0,0;0,0,0,0,0,0,80,0,0,0;28,65,0,48,0,0,0,0,0,0;80,0,0,0,0,0,0,0,32,0;0,56,0,34,0,0,0,0,63,56;0,0,70,0,0,0,0,0,0,76;0,61,56,0,38,50,0,71,0,0;20,28,52,40,0,0,0,0,0,0
0,0,0,0,35,0,0,0,0,0;29,0,31,0,0,0,0,0,0,36;0,0,0,0,28,0,0,20,0,0;0,0,0,0,0,0,33,0,0,0;31,31,0,40,0,0,0,0,0,0;34,0,0,0,0,0,0,0,26,0;0,21,0,38,0,0,0,0,21,21;0,0,35,0,0,0,0,0,0,33;0,22,36,0,29,36,0,21,0,0;40,30,27,24,0,0,0,0,0,0
-87,15,0,0,28,24,-5,25,0,0
------------- End of Scenario k = 17 -------
0,0,0,0,47,0,0,0,0,0;72,0,80,0,0,0,0,0,0,47;0,0,0,0,30,0,0,48,0,0;0,0,0,0,0,0,80,0,0,0;80,62,0,80,0,0,0,0,0,0;80,0,0,0,0,0,0,0,80,0;0,77,0,35,0,0,0,0,74,42;0,0,72,0,0,0,0,0,0,57;0,30,56,0,50,44,0,51,0,0;80,55,51,27,0,0,0,0,0,0
0,0,0,0,20,0,0,0,0,0;22,0,33,0,0,0,0,0,0,33;0,0,0,0,35,0,0,21,0,0;0,0,0,0,0,0,33,0,0,0;28,40,0,32,0,0,0,0,0,0;24,0,0,0,0,0,0,0,35,0;0,26,0,38,0,0,0,0,34,39;0,0,36,0,0,0,0,0,0,26;0,29,33,0,29,20,0,30,0,0;18,25,25,33,0,0,0,0,0,0
-57,19,0,0,20,19,-19,18,0,0
------------- End of Scenario k = 18 -------
0,0,0,0,71,0,0,0,0,0;80,0,80,0,0,0,0,0,0,29;0,0,0,0,37,0,0,46,0,0;0,0,0,0,0,0,80,0,0,0;80,59,0,80,0,0,0,0,0,0;61,0,0,0,0,0,0,0,58,0;0,74,0,56,0,0,0,0,44,22;0,0,74,0,0,0,0,0,0,53;0,21,73,0,28,31,0,53,0,0;33,42,59,67,0,0,0,0,0,0
0,0,0,0,35,0,0,0,0,0;32,0,20,0,0,0,0,0,0,32;0,0,0,0,22,0,0,29,0,0;0,0,0,0,0,0,39,0,0,0;32,36,0,33,0,0,0,0,0,0;36,0,0,0,0,0,0,0,34,0;0,38,0,36,0,0,0,0,24,26;0,0,23,0,0,0,0,0,0,24;0,24,21,0,39,24,0,20,0,0;32,25,28,40,0,0,0,0,0,0
-82,15,0,0,22,30,-4,19,0,0
------------- End of Scenario k = 19 -------
