/ -------------------------------------------------------------------------
An instance of the stochastic Fixed - charge Network Flow Problem using NETGEN.
/ -------------------------------------------------------------------------
Number of Nodes (no Dummy node is added), n
Graph Density, density
The fixed cost to variable cost ratio, f
Adjacency Matrix, A
Fixed Cost Matrix, c
Number of scenarios, K
Scenario Probabilities, p
----The following three rows will be repeated K times.----
Var Cost Matrix, d
Capacity, u
demand, b
/ -------------------------------------------------------------------------
+
10
0.3
200
0,1,0,0,0,0,0,0,0,0;1,0,1,0,1,0,1,0,0,1;0,0,0,0,0,1,0,0,1,0;1,1,0,0,0,1,1,0,0,1;0,0,0,0,0,0,0,0,0,0;0,1,1,0,1,0,0,0,0,0;1,0,0,1,1,0,0,0,0,0;1,0,0,0,0,1,0,0,1,0;0,0,1,0,0,0,0,0,0,1;0,1,0,0,0,0,1,1,0,0
0,10520,0,0,0,0,0,0,0,0;13980,0,11340,0,10240,0,11660,0,0,10000;0,0,0,0,0,8920,0,0,9400,0;12080,10620,0,0,0,7900,10800,0,0,10360;0,0,0,0,0,0,0,0,0,0;0,9020,9620,0,9580,0,0,0,0,0;10860,0,0,9240,11260,0,0,0,0,0;9060,0,0,0,0,14100,0,0,13700,0;0,0,11880,0,0,0,0,0,0,10480;0,8400,0,0,0,0,10100,13200,0,0
10
0.05,0.05,0.05,0.1,0.05,0.1,0.1,0.15,0.1,0.25
--Scenarios--
0,48,0,0,0,0,0,0,0,0;80,0,80,0,46,0,71,0,0,50;0,0,0,0,0,71,0,0,70,0;80,60,0,0,0,36,22,0,0,61;0,0,0,0,0,0,0,0,0,0;0,40,21,0,28,0,0,0,0,0;23,0,0,35,21,0,0,0,0,0;35,0,0,0,0,74,0,0,42,0;0,0,77,0,0,0,0,0,0,78;0,37,0,0,0,0,65,64,0,0
0,38,0,0,0,0,0,0,0,0;36,0,36,0,34,0,20,0,0,36;0,0,0,0,0,23,0,0,21,0;36,36,0,0,0,26,36,0,0,22;0,0,0,0,0,0,0,0,0,0;0,34,37,0,34,0,0,0,0,0;21,0,0,36,39,0,0,0,0,0;24,0,0,0,0,31,0,0,38,0;0,0,30,0,0,0,0,0,0,29;0,22,0,0,0,0,37,30,0,0
-38,26,0,12,0,-28,0,0,0,28
------------- End of Scenario k = 0 -------
0,33,0,0,0,0,0,0,0,0;80,0,50,0,32,0,27,0,0,57;0,0,0,0,0,49,0,0,45,0;74,44,0,0,0,25,25,0,0,72;0,0,0,0,0,0,0,0,0,0;0,26,69,0,38,0,0,0,0,0;36,0,0,45,66,0,0,0,0,0;20,0,0,0,0,47,0,0,80,0;0,0,33,0,0,0,0,0,0,25;0,21,0,0,0,0,67,78,0,0
0,38,0,0,0,0,0,0,0,0;20,0,35,0,38,0,22,0,0,36;0,0,0,0,0,23,0,0,27,0;40,23,0,0,0,38,34,0,0,33;0,0,0,0,0,0,0,0,0,0;0,35,27,0,20,0,0,0,0,0;22,0,0,26,27,0,0,0,0,0;25,0,0,0,0,27,0,0,38,0;0,0,26,0,0,0,0,0,0,28;0,20,0,0,0,0,35,40,0,0
-38,18,0,20,0,-23,0,0,0,23
------------- End of Scenario k = 1 -------
0,80,0,0,0,0,0,0,0,0;80,0,53,0,65,0,70,0,0,22;0,0,0,0,0,71,0,0,33,0;75,46,0,0,0,67,25,0,0,63;0,0,0,0,0,0,0,0,0,0;0,68,26,0,49,0,0,0,0,0;65,0,0,67,77,0,0,0,0,0;21,0,0,0,0,80,0,0,80,0;0,0,76,0,0,0,0,0,0,75;0,37,0,0,0,0,38,42,0,0
0,40,0,0,0,0,0,0,0,0;30,0,24,0,36,0,37,0,0,38;0,0,0,0,0,38,0,0,35,0;38,20,0,0,0,33,33,0,0,35;0,0,0,0,0,0,0,0,0,0;0,23,37,0,37,0,0,0,0,0;27,0,0,26,23,0,0,0,0,0;23,0,0,0,0,29,0,0,38,0;0,0,29,0,0,0,0,0,0,38;0,39,0,0,0,0,23,31,0,0
-36,10,0,26,0,-20,0,0,0,20
------------- End of Scenario k = 2 -------
0,72,0,0,0,0,0,0,0,0;80,0,38,0,75,0,31,0,0,66;0,0,0,0,0,24,0,0,76,0;38,78,0,0,0,40,80,0,0,53;0,0,0,0,0,0,0,0,0,0;0,76,62,0,65,0,0,0,0,0;59,0,0,51,28,0,0,0,0,0;65,0,0,0,0,79,0,0,70,0;0,0,68,0,0,0,0,0,0,43;0,48,0,0,0,0,27,80,0,0
0,29,0,0,0,0,0,0,0,0;20,0,31,0,24,0,25,0,0,24;0,0,0,0,0,22,0,0,40,0;35,21,0,0,0,26,24,0,0,40;0,0,0,0,0,0,0,0,0,0;0,39,20,0,21,0,0,0,0,0;25,0,0,36,32,0,0,0,0,0;28,0,0,0,0,30,0,0,25,0;0,0,30,0,0,0,0,0,0,23;0,27,0,0,0,0,20,33,0,0
-35,11,0,24,0,-14,0,0,0,14
------------- End of Scenario k = 3 -------
0,52,0,0,0,0,0,0,0,0;57,0,39,0,68,0,57,0,0,26;0,0,0,0,0,36,0,0,27,0;29,26,0,0,0,27,80,0,0,74;0,0,0,0,0,0,0,0,0,0;0,33,44,0,38,0,0,0,0,0;40,0,0,56,59,0,0,0,0,0;68,0,0,0,0,80,0,0,80,0;0,0,58,0,0,0,0,0,0,71;0,56,0,0,0,0,57,80,0,0
0,39,0,0,0,0,0,0,0,0;36,0,26,0,30,0,29,0,0,27;0,0,0,0,0,21,0,0,21,0;27,26,0,0,0,28,28,0,0,31;0,0,0,0,0,0,0,0,0,0;0,38,34,0,30,0,0,0,0,0;40,0,0,23,35,0,0,0,0,0;32,0,0,0,0,31,0,0,27,0;0,0,30,0,0,0,0,0,0,25;0,25,0,0,0,0,20,40,0,0
-49,26,0,23,0,-21,0,0,0,21
------------- End of Scenario k = 4 -------
0,50,0,0,0,0,0,0,0,0;80,0,75,0,27,0,52,0,0,73;0,0,0,0,0,27,0,0,43,0;80,39,0,0,0,21,80,0,0,32;0,0,0,0,0,0,0,0,0,0;0,44,78,0,20,0,0,0,0,0;68,0,0,26,52,0,0,0,0,0;37,0,0,0,0,61,0,0,76,0;0,0,50,0,0,0,0,0,0,36;0,34,0,0,0,0,65,37,0,0
0,31,0,0,0,0,0,0,0,0;29,0,32,0,37,0,40,0,0,23;0,0,0,0,0,39,0,0,24,0;33,22,0,0,0,34,33,0,0,36;0,0,0,0,0,0,0,0,0,0;0,25,27,0,22,0,0,0,0,0;35,0,0,33,20,0,0,0,0,0;20,0,0,0,0,37,0,0,32,0;0,0,29,0,0,0,0,0,0,21;0,29,0,0,0,0,27,21,0,0
-48,21,0,27,0,-20,0,0,0,20
------------- End of Scenario k = 5 -------
0,20,0,0,0,0,0,0,0,0;80,0,57,0,29,0,76,0,0,31;0,0,0,0,0,31,0,0,27,0;76,77,0,0,0,63,45,0,0,25;0,0,0,0,0,0,0,0,0,0;0,35,29,0,77,0,0,0,0,0;36,0,0,60,51,0,0,0,0,0;68,0,0,0,0,80,0,0,73,0;0,0,23,0,0,0,0,0,0,71;0,28,0,0,0,0,27,59,0,0
0,20,0,0,0,0,0,0,0,0;26,0,34,0,40,0,29,0,0,23;0,0,0,0,0,24,0,0,38,0;15,35,0,0,0,24,22,0,0,32;0,0,0,0,0,0,0,0,0,0;0,37,23,0,20,0,0,0,0,0;27,0,0,38,22,0,0,0,0,0;33,0,0,0,0,27,0,0,34,0;0,0,31,0,0,0,0,0,0,36;0,28,0,0,0,0,27,19,0,0
-33,18,0,15,0,-19,0,0,0,19
------------- End of Scenario k = 6 -------
0,38,0,0,0,0,0,0,0,0;35,0,80,0,36,0,69,0,0,36;0,0,0,0,0,58,0,0,71,0;38,60,0,0,0,48,80,0,0,52;0,0,0,0,0,0,0,0,0,0;0,21,53,0,43,0,0,0,0,0;79,0,0,30,71,0,0,0,0,0;68,0,0,0,0,44,0,0,24,0;0,0,68,0,0,0,0,0,0,48;0,21,0,0,0,0,48,74,0,0
0,23,0,0,0,0,0,0,0,0;25,0,38,0,23,0,26,0,0,20;0,0,0,0,0,24,0,0,37,0;39,27,0,0,0,37,21,0,0,36;0,0,0,0,0,0,0,0,0,0;0,27,39,0,25,0,0,0,0,0;20,0,0,29,20,0,0,0,0,0;24,0,0,0,0,27,0,0,29,0;0,0,34,0,0,0,0,0,0,21;0,29,0,0,0,0,34,19,0,0
-27,17,0,10,0,-13,0,0,0,13
------------- End of Scenario k = 7 -------
0,79,0,0,0,0,0,0,0,0;47,0,72,0,69,0,59,0,0,61;0,0,0,0,0,25,0,0,53,0;34,39,0,0,0,21,23,0,0,41;0,0,0,0,0,0,0,0,0,0;0,32,33,0,77,0,0,0,0,0;73,0,0,46,76,0,0,0,0,0;50,0,0,0,0,80,0,0,80,0;0,0,67,0,0,0,0,0,0,54;0,68,0,0,0,0,78,66,0,0
0,35,0,0,0,0,0,0,0,0;40,0,35,0,27,0,30,0,0,31;0,0,0,0,0,29,0,0,29,0;39,39,0,0,0,30,35,0,0,33;0,0,0,0,0,0,0,0,0,0;0,29,22,0,22,0,0,0,0,0;39,0,0,31,28,0,0,0,0,0;28,0,0,0,0,31,0,0,36,0;0,0,22,0,0,0,0,0,0,28;0,33,0,0,0,0,30,40,0,0
-45,15,0,30,0,-30,0,0,0,30
------------- End of Scenario k = 8 -------
0,54,0,0,0,0,0,0,0,0;80,0,23,0,65,0,71,0,0,78;0,0,0,0,0,54,0,0,25,0;80,62,0,0,0,47,80,0,0,45;0,0,0,0,0,0,0,0,0,0;0,76,66,0,44,0,0,0,0,0;64,0,0,46,62,0,0,0,0,0;21,0,0,0,0,80,0,0,80,0;0,0,74,0,0,0,0,0,0,23;0,70,0,0,0,0,33,80,0,0
0,34,0,0,0,0,0,0,0,0;33,0,20,0,30,0,38,0,0,31;0,0,0,0,0,36,0,0,28,0;29,40,0,0,0,24,40,0,0,34;0,0,0,0,0,0,0,0,0,0;0,32,20,0,20,0,0,0,0,0;20,0,0,33,25,0,0,0,0,0;21,0,0,0,0,37,0,0,30,0;0,0,24,0,0,0,0,0,0,36;0,27,0,0,0,0,25,35,0,0
-42,17,0,25,0,-27,0,0,0,27
------------- End of Scenario k = 9 -------
