/ -------------------------------------------------------------------------
An instance of the stochastic Fixed - charge Network Flow Problem using NETGEN.
/ -------------------------------------------------------------------------
Number of Nodes (no Dummy node is added), n
Graph Density, density
The fixed cost to variable cost ratio, f
Adjacency Matrix, A
Fixed Cost Matrix, c
Number of scenarios, K
Scenario Probabilities, p
----The following three rows will be repeated K times.----
Var Cost Matrix, d
Capacity, u
demand, b
/ -------------------------------------------------------------------------
+
30
0.3
200
0,0,1,0,1,1,0,0,1,1,0,0,0,0,1,1,0,1,1,0,1,0,0,1,0,0,0,1,0,0;0,0,1,0,0,1,0,0,0,0,1,0,0,0,0,0,1,0,0,1,1,1,0,1,0,1,0,0,0,0;0,0,0,1,0,1,0,0,0,1,1,0,0,0,0,0,0,0,1,0,0,1,1,0,0,0,0,0,0,0;0,1,0,0,0,0,0,0,1,0,0,1,0,0,0,0,0,0,0,0,0,1,0,0,0,1,0,0,0,0;0,0,0,1,0,0,1,0,1,0,0,0,0,0,1,0,0,0,1,0,1,0,0,1,0,0,1,0,0,0;1,0,0,0,0,0,0,0,0,0,0,0,1,0,0,0,1,1,0,0,0,0,0,1,0,0,0,0,0,0;0,0,0,1,0,1,0,1,1,0,0,1,1,0,0,0,1,0,1,1,0,0,0,0,1,0,0,1,0,1;1,0,0,1,1,0,0,0,1,1,0,1,0,0,0,0,0,0,1,0,0,0,0,1,0,0,0,0,1,0;1,1,0,0,0,0,0,0,0,0,0,0,1,0,0,0,0,0,1,0,1,1,0,1,0,0,0,0,0,0;0,0,1,1,1,0,0,0,0,0,1,1,1,0,0,1,0,1,0,0,0,0,1,0,0,0,0,1,0,0;1,0,1,0,0,1,1,1,0,1,0,1,0,0,0,1,1,1,0,1,0,0,1,0,0,1,1,0,0,1;0,0,0,1,1,0,0,1,0,0,0,0,1,1,0,1,0,1,1,0,1,0,1,1,1,0,1,0,1,0;0,1,1,1,0,0,0,0,0,0,0,0,0,0,0,0,0,1,1,0,1,1,0,0,1,1,0,0,1,1;0,0,1,0,1,0,0,0,0,0,0,0,0,0,1,0,0,0,0,0,1,1,0,1,0,0,0,1,0,0;0,0,0,1,0,1,1,0,0,0,0,0,0,1,0,1,0,1,0,0,0,1,1,1,0,0,0,0,0,1;0,1,0,0,1,0,0,0,0,1,1,1,1,1,0,0,0,0,1,0,1,1,0,1,0,1,1,1,0,1;1,1,0,0,1,0,0,0,0,1,0,0,0,0,0,0,0,0,1,0,0,0,0,1,0,0,0,1,0,0;0,1,1,1,0,1,0,1,0,1,1,0,0,1,0,1,0,0,1,0,0,0,0,0,0,0,0,0,0,1;1,0,0,0,0,1,0,0,0,1,0,0,1,0,0,0,0,0,0,0,0,1,0,1,0,0,0,1,0,0;0,0,0,1,0,0,0,0,0,0,1,0,0,1,0,0,1,0,1,0,1,0,1,0,0,0,1,0,1,1;0,0,1,1,1,0,1,1,0,0,1,0,0,0,0,0,0,0,0,0,0,0,0,1,1,0,0,0,0,0;1,0,0,1,0,0,0,0,1,1,0,0,0,0,0,0,0,1,0,0,0,0,0,0,0,0,0,0,0,0;0,0,0,1,0,1,0,0,1,0,0,1,1,0,1,0,0,1,0,0,0,0,0,0,1,1,1,0,0,0;0,0,1,0,0,0,0,0,0,0,0,0,0,0,1,0,0,0,1,0,1,0,0,0,0,0,0,0,0,0;0,0,1,0,1,0,0,1,0,0,0,0,0,0,0,0,0,0,0,0,0,0,1,0,0,0,1,0,0,0;1,0,0,0,1,0,1,0,1,0,1,0,0,1,0,0,0,0,0,1,1,0,1,0,0,0,0,0,0,0;1,0,0,1,0,0,1,0,0,0,0,0,0,1,1,0,0,1,0,1,0,0,0,0,0,1,0,1,1,1;0,1,1,0,0,1,0,0,0,0,0,1,0,0,0,0,0,0,0,0,0,0,0,0,0,0,0,0,0,0;0,0,0,0,0,0,1,0,0,0,0,0,1,0,0,0,0,0,0,1,0,0,0,1,0,1,0,0,0,1;0,0,0,0,0,0,1,1,0,0,1,0,0,1,0,0,0,0,1,0,1,0,0,0,0,1,0,0,1,0
0,0,9810,0,9790,11230,0,0,9900,10210,0,0,0,0,10140,11150,0,10060,9260,0,9970,0,0,8560,0,0,0,9050,0,0;0,0,13640,0,0,10030,0,0,0,0,10650,0,0,0,0,0,9010,0,0,11220,8940,9700,0,10810,0,11010,0,0,0,0;0,0,0,9890,0,11440,0,0,0,11120,9750,0,0,0,0,0,0,0,10510,0,0,10200,9660,0,0,0,0,0,0,0;0,10760,0,0,0,0,0,0,9680,0,0,9350,0,0,0,0,0,0,0,0,0,10500,0,0,0,10150,0,0,0,0;0,0,0,10470,0,0,13240,0,9910,0,0,0,0,0,9480,0,0,0,10220,0,10360,0,0,9950,0,0,9840,0,0,0;10360,0,0,0,0,0,0,0,0,0,0,0,9430,0,0,0,9240,10040,0,0,0,0,0,10100,0,0,0,0,0,0;0,0,0,9890,0,10430,0,12550,10500,0,0,9370,10680,0,0,0,9330,0,10680,8890,0,0,0,0,9900,0,0,12700,0,10560;12840,0,0,9700,10370,0,0,0,13119,8590,0,9720,0,0,0,0,0,0,9650,0,0,0,0,9310,0,0,0,0,10400,0;10010,8880,0,0,0,0,0,0,0,0,0,0,10040,0,0,0,0,0,10090,0,9530,10160,0,9400,0,0,0,0,0,0;0,0,10450,11520,9980,0,0,0,0,0,12130,13019,10120,0,0,10130,0,10240,0,0,0,0,10390,0,0,0,0,10050,0,0;9920,0,8880,0,0,10320,10380,8940,0,9960,0,8920,0,0,0,10110,9780,9850,0,10020,0,0,11620,0,0,9960,9570,0,0,9260;0,0,0,9340,10280,0,0,9770,0,0,0,0,13380,10290,0,9170,0,10120,9420,0,8250,0,9360,9460,9840,0,10180,0,9590,0;0,10690,10260,9730,0,0,0,0,0,0,0,0,0,0,0,0,0,10640,10640,0,8450,10290,0,0,9620,10610,0,0,9730,13130;0,0,11160,0,11730,0,0,0,0,0,0,0,0,0,13290,0,0,0,0,0,9750,9830,0,10060,0,0,0,10730,0,0;0,0,0,9530,0,9990,10570,0,0,0,0,0,0,10210,0,14240,0,9870,0,0,0,10290,10680,9350,0,0,0,0,0,9920;0,10920,0,0,9980,0,0,0,0,10750,13380,11110,10750,11450,0,0,0,0,10160,0,10070,10010,0,10600,0,9720,10010,13100,0,13669;13930,11030,0,0,9210,0,0,0,0,13430,0,0,0,0,0,0,0,0,11620,0,0,0,0,8910,0,0,0,13219,0,0;0,9610,11280,13569,0,9480,0,9080,0,9330,9900,0,0,7740,0,10110,0,0,11370,0,0,0,0,0,0,0,0,0,0,13350;11910,0,0,0,0,11220,0,0,0,9760,0,0,8920,0,0,0,0,0,0,0,0,10080,0,9730,0,0,0,9510,0,0;0,0,0,10870,0,0,0,0,0,0,11270,0,0,11850,0,0,10240,0,11090,0,9630,0,9340,0,0,0,10570,0,10060,8990;0,0,10070,10160,11000,0,11000,9810,0,0,12620,0,0,0,0,0,0,0,0,0,0,0,0,9490,11570,0,0,0,0,0;9780,0,0,9820,0,0,0,0,10150,9850,0,0,0,0,0,0,0,12900,0,0,0,0,0,0,0,0,0,0,0,0;0,0,0,13110,0,10110,0,0,10640,0,0,10160,10880,0,11100,0,0,9820,0,0,0,0,0,0,12860,11110,11130,0,0,0;0,0,9250,0,0,0,0,0,0,0,0,0,0,0,9670,0,0,0,9080,0,13119,0,0,0,0,0,0,0,0,0;0,0,9010,0,9570,0,0,8850,0,0,0,0,0,0,0,0,0,0,0,0,0,0,8640,0,0,0,13160,0,0,0;13530,0,0,0,8700,0,9550,0,8550,0,7280,0,0,10160,0,0,0,0,0,12070,10180,0,12420,0,0,0,0,0,0,0;10890,0,0,9770,0,0,10070,0,0,0,0,0,0,10350,8880,0,0,10770,0,9750,0,0,0,0,0,10360,0,13450,14310,9990;0,9270,10180,0,0,10460,0,0,0,0,0,11440,0,0,0,0,0,0,0,0,0,0,0,0,0,0,0,0,0,0;0,0,0,0,0,0,10000,0,0,0,0,0,11040,0,0,0,0,0,0,10300,0,0,0,10520,0,11830,0,0,0,10560;0,0,0,0,0,0,9090,10870,0,0,9780,0,0,9750,0,0,0,0,9930,0,10730,0,0,0,0,9160,0,0,9370,0
20
0.02,0.02,0.02,0.02,0.05,0.05,0.02,0.02,0.02,0.05,0.07,0.15,0.05,0.02,0.02,0.07,0.05,0.05,0.07,0.16
--Scenarios--
0,0,48,0,31,78,0,0,20,69,0,0,0,0,71,41,0,37,44,0,43,0,0,51,0,0,0,31,0,0;0,0,80,0,0,68,0,0,0,0,65,0,0,0,0,0,26,0,0,70,69,32,0,38,0,66,0,0,0,0;0,0,0,55,0,49,0,0,0,48,59,0,0,0,0,0,0,0,75,0,0,42,30,0,0,0,0,0,0,0;0,78,0,0,0,0,0,0,67,0,0,43,0,0,0,0,0,0,0,0,0,75,0,0,0,69,0,0,0,0;0,0,0,22,0,0,80,0,26,0,0,0,0,0,73,0,0,0,79,0,33,0,0,57,0,0,72,0,0,0;50,0,0,0,0,0,0,0,0,0,0,0,36,0,0,0,49,71,0,0,0,0,0,26,0,0,0,0,0,0;0,0,0,52,0,51,0,33,33,0,0,46,66,0,0,0,26,0,42,37,0,0,0,0,34,0,0,80,0,74;80,0,0,40,76,0,0,0,47,43,0,48,0,0,0,0,0,0,36,0,0,0,0,33,0,0,0,0,75,0;36,65,0,0,0,0,0,0,0,0,0,0,20,0,0,0,0,0,75,0,63,35,0,38,0,0,0,0,0,0;0,0,62,37,62,0,0,0,0,0,80,80,62,0,0,34,0,62,0,0,0,0,41,0,0,0,0,43,0,0;42,0,65,0,0,58,48,53,0,44,0,49,0,0,0,70,24,23,0,28,0,0,40,0,0,64,70,0,0,78;0,0,0,69,80,0,0,28,0,0,0,0,80,71,0,41,0,48,66,0,53,0,71,31,64,0,55,0,40,0;0,40,24,40,0,0,0,0,0,0,0,0,0,0,0,0,0,45,59,0,25,33,0,0,30,72,0,0,53,80;0,0,66,0,34,0,0,0,0,0,0,0,0,0,62,0,0,0,0,0,45,79,0,33,0,0,0,65,0,0;0,0,0,43,0,44,43,0,0,0,0,0,0,32,0,80,0,78,0,0,0,58,75,47,0,0,0,0,0,32;0,28,0,0,37,0,0,0,0,69,80,52,27,53,0,0,0,0,73,0,67,51,0,29,0,64,45,53,0,67;80,30,0,0,74,0,0,0,0,25,0,0,0,0,0,0,0,0,40,0,0,0,0,69,0,0,0,80,0,0;0,44,53,80,0,66,0,55,0,23,77,0,0,23,0,40,0,0,55,0,0,0,0,0,0,0,0,0,0,80;35,0,0,0,0,80,0,0,0,27,0,0,24,0,0,0,0,0,0,0,0,35,0,60,0,0,0,26,0,0;0,0,0,24,0,0,0,0,0,0,54,0,0,73,0,0,33,0,32,0,36,0,23,0,0,0,60,0,21,60;0,0,46,29,42,0,72,39,0,0,25,0,0,0,0,0,0,0,0,0,0,0,0,72,66,0,0,0,0,0;44,0,0,27,0,0,0,0,64,68,0,0,0,0,0,0,0,30,0,0,0,0,0,0,0,0,0,0,0,0;0,0,0,80,0,41,0,0,59,0,0,68,69,0,63,0,0,29,0,0,0,0,0,0,80,50,77,0,0,0;0,0,50,0,0,0,0,0,0,0,0,0,0,0,44,0,0,0,53,0,80,0,0,0,0,0,0,0,0,0;0,0,24,0,59,0,0,64,0,0,0,0,0,0,0,0,0,0,0,0,0,0,57,0,0,0,80,0,0,0;59,0,0,0,32,0,59,0,22,0,42,0,0,22,0,0,0,0,0,43,34,0,68,0,0,0,0,0,0,0;27,0,0,20,0,0,72,0,0,0,0,0,0,35,26,0,0,78,0,40,0,0,0,0,0,67,0,80,80,28;0,37,73,0,0,78,0,0,0,0,0,51,0,0,0,0,0,0,0,0,0,0,0,0,0,0,0,0,0,0;0,0,0,0,0,0,50,0,0,0,0,0,46,0,0,0,0,0,0,21,0,0,0,57,0,70,0,0,0,66;0,0,0,0,0,0,66,42,0,0,65,0,0,53,0,0,0,0,63,0,39,0,0,0,0,60,0,0,22,0
0,0,23,0,21,34,0,0,26,20,0,0,0,0,22,40,0,28,26,0,40,0,0,31,0,0,0,32,0,0;0,0,24,0,0,38,0,0,0,0,34,0,0,0,0,0,25,0,0,33,22,23,0,22,0,39,0,0,0,0;0,0,0,23,0,35,0,0,0,29,32,0,0,0,0,0,0,0,36,0,0,25,27,0,0,0,0,0,0,0;0,29,0,0,0,0,0,0,30,0,0,33,0,0,0,0,0,0,0,0,0,34,0,0,0,37,0,0,0,0;0,0,0,36,0,0,26,0,29,0,0,0,0,0,32,0,0,0,23,0,30,0,0,38,0,0,26,0,0,0;28,0,0,0,0,0,0,0,0,0,0,0,37,0,0,0,32,22,0,0,0,0,0,30,0,0,0,0,0,0;0,0,0,37,0,22,0,28,23,0,0,26,34,0,0,0,36,0,34,37,0,0,0,0,20,0,0,26,0,27;18,0,0,28,40,0,0,0,20,36,0,28,0,0,0,0,0,0,40,0,0,0,0,24,0,0,0,0,26,0;32,35,0,0,0,0,0,0,0,0,0,0,32,0,0,0,0,0,36,0,20,27,0,20,0,0,0,0,0,0;0,0,32,36,22,0,0,0,0,0,29,33,23,0,0,36,0,30,0,0,0,0,39,0,0,0,0,26,0,0;22,0,38,0,0,28,31,26,0,30,0,32,0,0,0,23,30,33,0,30,0,0,35,0,0,36,21,0,0,34;0,0,0,27,33,0,0,20,0,0,0,0,33,26,0,22,0,33,35,0,29,0,29,36,25,0,35,0,29,0;0,21,31,33,0,0,0,0,0,0,0,0,0,0,0,0,0,23,37,0,32,36,0,0,25,36,0,0,22,28;0,0,33,0,28,0,0,0,0,0,0,0,0,0,25,0,0,0,0,0,24,26,0,30,0,0,0,29,0,0;0,0,0,28,0,31,25,0,0,0,0,0,0,27,0,31,0,25,0,0,0,29,36,20,0,0,0,0,0,25;0,26,0,0,39,0,0,0,0,38,23,31,23,34,0,0,0,0,22,0,39,31,0,40,0,21,24,25,0,33;40,31,0,0,35,0,0,0,0,35,0,0,0,0,0,0,0,0,28,0,0,0,0,21,0,0,0,34,0,0;0,22,30,18,0,40,0,25,0,39,40,0,0,33,0,25,0,0,27,0,0,0,0,0,0,0,0,0,0,36;27,0,0,0,0,38,0,0,0,21,0,0,33,0,0,0,0,0,0,0,0,40,0,23,0,0,0,22,0,0;0,0,0,38,0,0,0,0,0,0,20,0,0,21,0,0,23,0,36,0,21,0,35,0,0,0,24,0,29,25;0,0,21,38,30,0,26,25,0,0,37,0,0,0,0,0,0,0,0,0,0,0,0,34,25,0,0,0,0,0;35,0,0,29,0,0,0,0,37,28,0,0,0,0,0,0,0,20,0,0,0,0,0,0,0,0,0,0,0,0;0,0,0,26,0,40,0,0,30,0,0,35,34,0,32,0,0,23,0,0,0,0,0,0,38,30,21,0,0,0;0,0,36,0,0,0,0,0,0,0,0,0,0,0,31,0,0,0,25,0,39,0,0,0,0,0,0,0,0,0;0,0,31,0,23,0,0,33,0,0,0,0,0,0,0,0,0,0,0,0,0,0,26,0,0,0,38,0,0,0;21,0,0,0,27,0,24,0,20,0,39,0,0,25,0,0,0,0,0,28,23,0,35,0,0,0,0,0,0,0;29,0,0,24,0,0,30,0,0,0,0,0,0,38,22,0,0,37,0,28,0,0,0,0,0,24,0,23,21,31;0,26,26,0,0,38,0,0,0,0,0,38,0,0,0,0,0,0,0,0,0,0,0,0,0,0,0,0,0,0;0,0,0,0,0,0,28,0,0,0,0,0,22,0,0,0,0,0,0,31,0,0,0,28,0,25,0,0,0,27;0,0,0,0,0,0,27,35,0,0,39,0,0,25,0,0,0,0,36,0,24,0,0,0,0,25,0,0,36,0
-23,10,0,-16,11,-11,0,0,0,0,-45,0,0,0,0,0,28,0,0,19,0,12,0,27,0,18,0,-19,0,-11
------------- End of Scenario k = 0 -------
0,0,54,0,55,74,0,0,47,21,0,0,0,0,21,78,0,80,77,0,78,0,0,49,0,0,0,20,0,0;0,0,80,0,0,61,0,0,0,0,59,0,0,0,0,0,44,0,0,60,55,39,0,41,0,53,0,0,0,0;0,0,0,57,0,44,0,0,0,77,34,0,0,0,0,0,0,0,34,0,0,50,65,0,0,0,0,0,0,0;0,50,0,0,0,0,0,0,25,0,0,60,0,0,0,0,0,0,0,0,0,42,0,0,0,80,0,0,0,0;0,0,0,35,0,0,72,0,50,0,0,0,0,0,70,0,0,0,68,0,80,0,0,79,0,0,48,0,0,0;62,0,0,0,0,0,0,0,0,0,0,0,20,0,0,0,71,60,0,0,0,0,0,58,0,0,0,0,0,0;0,0,0,42,0,70,0,24,44,0,0,25,77,0,0,0,76,0,48,26,0,0,0,0,58,0,0,33,0,69;80,0,0,46,75,0,0,0,80,80,0,67,0,0,0,0,0,0,24,0,0,0,0,35,0,0,0,0,44,0;79,49,0,0,0,0,0,0,0,0,0,0,46,0,0,0,0,0,46,0,66,73,0,40,0,0,0,0,0,0;0,0,40,80,47,0,0,0,0,0,80,22,75,0,0,71,0,37,0,0,0,0,50,0,0,0,0,54,0,0;37,0,38,0,0,27,54,21,0,78,0,60,0,0,0,60,74,72,0,60,0,0,75,0,0,45,36,0,0,25;0,0,0,74,51,0,0,46,0,0,0,0,80,63,0,39,0,38,62,0,34,0,20,28,26,0,43,0,36,0;0,54,24,47,0,0,0,0,0,0,0,0,0,0,0,0,0,35,49,0,42,64,0,0,80,21,0,0,56,36;0,0,48,0,21,0,0,0,0,0,0,0,0,0,48,0,0,0,0,0,59,70,0,80,0,0,0,74,0,0;0,0,0,48,0,75,56,0,0,0,0,0,0,38,0,70,0,50,0,0,0,53,39,46,0,0,0,0,0,73;0,71,0,0,39,0,0,0,0,49,44,66,30,71,0,0,0,0,46,0,52,70,0,38,0,80,67,35,0,80;80,63,0,0,62,0,0,0,0,73,0,0,0,0,0,0,0,0,75,0,0,0,0,46,0,0,0,30,0,0;0,31,37,80,0,33,0,20,0,66,38,0,0,46,0,80,0,0,80,0,0,0,0,0,0,0,0,0,0,45;22,0,0,0,0,23,0,0,0,77,0,0,24,0,0,0,0,0,0,0,0,39,0,29,0,0,0,59,0,0;0,0,0,24,0,0,0,0,0,0,80,0,0,53,0,0,69,0,65,0,80,0,69,0,0,0,44,0,79,28;0,0,33,73,77,0,25,49,0,0,80,0,0,0,0,0,0,0,0,0,0,0,0,21,47,0,0,0,0,0;68,0,0,50,0,0,0,0,73,78,0,0,0,0,0,0,0,80,0,0,0,0,0,0,0,0,0,0,0,0;0,0,0,45,0,32,0,0,60,0,0,77,25,0,39,0,0,37,0,0,0,0,0,0,61,61,79,0,0,0;0,0,48,0,0,0,0,0,0,0,0,0,0,0,63,0,0,0,51,0,58,0,0,0,0,0,0,0,0,0;0,0,20,0,47,0,0,74,0,0,0,0,0,0,0,0,0,0,0,0,0,0,40,0,0,0,62,0,0,0;48,0,0,0,63,0,21,0,57,0,30,0,0,57,0,0,0,0,0,67,42,0,33,0,0,0,0,0,0,0;36,0,0,47,0,0,34,0,0,0,0,0,0,62,39,0,0,25,0,52,0,0,0,0,0,31,0,61,40,68;0,22,78,0,0,56,0,0,0,0,0,78,0,0,0,0,0,0,0,0,0,0,0,0,0,0,0,0,0,0;0,0,0,0,0,0,40,0,0,0,0,0,65,0,0,0,0,0,0,72,0,0,0,56,0,45,0,0,0,42;0,0,0,0,0,0,24,40,0,0,65,0,0,67,0,0,0,0,79,0,33,0,0,0,0,39,0,0,46,0
0,0,29,0,38,23,0,0,21,20,0,0,0,0,28,32,0,35,25,0,34,0,0,40,0,0,0,40,0,0;0,0,38,0,0,26,0,0,0,0,28,0,0,0,0,0,21,0,0,37,31,29,0,23,0,27,0,0,0,0;0,0,0,39,0,33,0,0,0,24,26,0,0,0,0,0,0,0,22,0,0,40,38,0,0,0,0,0,0,0;0,33,0,0,0,0,0,0,33,0,0,30,0,0,0,0,0,0,0,0,0,27,0,0,0,31,0,0,0,0;0,0,0,27,0,0,40,0,28,0,0,0,0,0,21,0,0,0,26,0,29,0,0,33,0,0,23,0,0,0;27,0,0,0,0,0,0,0,0,0,0,0,22,0,0,0,40,38,0,0,0,0,0,24,0,0,0,0,0,0;0,0,0,32,0,36,0,13,29,0,0,40,27,0,0,0,24,0,27,35,0,0,0,0,20,0,0,35,0,21;32,0,0,23,21,0,0,0,18,29,0,34,0,0,0,0,0,0,24,0,0,0,0,25,0,0,0,0,36,0;22,22,0,0,0,0,0,0,0,0,0,0,20,0,0,0,0,0,24,0,30,20,0,22,0,0,0,0,0,0;0,0,23,38,28,0,0,0,0,0,33,39,22,0,0,23,0,30,0,0,0,0,21,0,0,0,0,23,0,0;21,0,20,0,0,23,29,33,0,32,0,35,0,0,0,21,27,34,0,37,0,0,23,0,0,26,29,0,0,31;0,0,0,28,24,0,0,27,0,0,0,0,27,25,0,32,0,35,26,0,28,0,21,27,30,0,39,0,32,0;0,26,26,27,0,0,0,0,0,0,0,0,0,0,0,0,0,27,38,0,26,32,0,0,37,35,0,0,34,25;0,0,25,0,37,0,0,0,0,0,0,0,0,0,35,0,0,0,0,0,39,22,0,36,0,0,0,27,0,0;0,0,0,27,0,34,27,0,0,0,0,0,0,25,0,38,0,30,0,0,0,36,33,38,0,0,0,0,0,26;0,32,0,0,40,0,0,0,0,39,30,21,28,26,0,0,0,0,37,0,33,39,0,23,0,21,29,33,0,35;36,36,0,0,28,0,0,0,0,25,0,0,0,0,0,0,0,0,32,0,0,0,0,29,0,0,0,30,0,0;0,34,33,29,0,36,0,23,0,33,27,0,0,21,0,25,0,0,37,0,0,0,0,0,0,0,0,0,0,37;27,0,0,0,0,25,0,0,0,36,0,0,28,0,0,0,0,0,0,0,0,33,0,24,0,0,0,26,0,0;0,0,0,20,0,0,0,0,0,0,27,0,0,31,0,0,25,0,33,0,28,0,38,0,0,0,33,0,40,24;0,0,37,20,32,0,25,29,0,0,26,0,0,0,0,0,0,0,0,0,0,0,0,36,35,0,0,0,0,0;34,0,0,24,0,0,0,0,26,25,0,0,0,0,0,0,0,31,0,0,0,0,0,0,0,0,0,0,0,0;0,0,0,28,0,38,0,0,38,0,0,37,33,0,27,0,0,40,0,0,0,0,0,0,38,37,38,0,0,0;0,0,36,0,0,0,0,0,0,0,0,0,0,0,20,0,0,0,24,0,30,0,0,0,0,0,0,0,0,0;0,0,27,0,35,0,0,39,0,0,0,0,0,0,0,0,0,0,0,0,0,0,20,0,0,0,38,0,0,0;27,0,0,0,22,0,20,0,29,0,32,0,0,40,0,0,0,0,0,26,24,0,34,0,0,0,0,0,0,0;39,0,0,28,0,0,36,0,0,0,0,0,0,35,40,0,0,20,0,29,0,0,0,0,0,27,0,24,40,37;0,25,32,0,0,30,0,0,0,0,0,22,0,0,0,0,0,0,0,0,0,0,0,0,0,0,0,0,0,0;0,0,0,0,0,0,23,0,0,0,0,0,27,0,0,0,0,0,0,30,0,0,0,29,0,31,0,0,0,37;0,0,0,0,0,0,22,24,0,0,32,0,0,35,0,0,0,0,39,0,37,0,0,0,0,22,0,0,40,0
-15,29,0,-25,12,-34,0,0,0,0,-21,0,0,0,0,0,14,0,0,30,0,24,0,15,0,24,0,-31,0,-22
------------- End of Scenario k = 1 -------
0,0,50,0,72,30,0,0,43,45,0,0,0,0,43,55,0,74,37,0,44,0,0,40,0,0,0,46,0,0;0,0,80,0,0,55,0,0,0,0,20,0,0,0,0,0,41,0,0,62,44,22,0,69,0,61,0,0,0,0;0,0,0,34,0,21,0,0,0,52,62,0,0,0,0,0,0,0,61,0,0,59,65,0,0,0,0,0,0,0;0,40,0,0,0,0,0,0,78,0,0,75,0,0,0,0,0,0,0,0,0,67,0,0,0,27,0,0,0,0;0,0,0,32,0,0,38,0,35,0,0,0,0,0,24,0,0,0,26,0,70,0,0,80,0,0,45,0,0,0;23,0,0,0,0,0,0,0,0,0,0,0,23,0,0,0,43,49,0,0,0,0,0,72,0,0,0,0,0,0;0,0,0,68,0,51,0,80,59,0,0,57,26,0,0,0,57,0,26,29,0,0,0,0,43,0,0,57,0,21;61,0,0,36,27,0,0,0,80,66,0,63,0,0,0,0,0,0,24,0,0,0,0,25,0,0,0,0,49,0;80,56,0,0,0,0,0,0,0,0,0,0,73,0,0,0,0,0,62,0,21,60,0,80,0,0,0,0,0,0;0,0,76,55,53,0,0,0,0,0,36,80,55,0,0,74,0,64,0,0,0,0,72,0,0,0,0,69,0,0;74,0,44,0,0,30,74,50,0,22,0,36,0,0,0,73,32,44,0,30,0,0,63,0,0,36,29,0,0,34;0,0,0,59,21,0,0,40,0,0,0,0,80,39,0,72,0,20,32,0,50,0,33,41,53,0,71,0,48,0;0,49,44,72,0,0,0,0,0,0,0,0,0,0,0,0,0,56,80,0,21,72,0,0,72,55,0,0,66,80;0,0,47,0,46,0,0,0,0,0,0,0,0,0,80,0,0,0,0,0,74,27,0,57,0,0,0,20,0,0;0,0,0,58,0,64,25,0,0,0,0,0,0,71,0,80,0,35,0,0,0,27,60,53,0,0,0,0,0,29;0,53,0,0,27,0,0,0,0,79,38,65,64,65,0,0,0,0,78,0,36,60,0,45,0,54,39,37,0,80;80,25,0,0,32,0,0,0,0,80,0,0,0,0,0,0,0,0,66,0,0,0,0,28,0,0,0,80,0,0;0,72,55,32,0,62,0,31,0,59,68,0,0,45,0,30,0,0,42,0,0,0,0,0,0,0,0,0,0,58;80,0,0,0,0,26,0,0,0,54,0,0,62,0,0,0,0,0,0,0,0,64,0,77,0,0,0,39,0,0;0,0,0,80,0,0,0,0,0,0,51,0,0,80,0,0,28,0,25,0,55,0,68,0,0,0,68,0,47,47;0,0,25,61,62,0,80,58,0,0,52,0,0,0,0,0,0,0,0,0,0,0,0,56,46,0,0,0,0,0;43,0,0,34,0,0,0,0,37,79,0,0,0,0,0,0,0,67,0,0,0,0,0,0,0,0,0,0,0,0;0,0,0,80,0,61,0,0,21,0,0,42,26,0,79,0,0,53,0,0,0,0,0,0,80,78,32,0,0,0;0,0,29,0,0,0,0,0,0,0,0,0,0,0,42,0,0,0,34,0,23,0,0,0,0,0,0,0,0,0;0,0,52,0,70,0,0,22,0,0,0,0,0,0,0,0,0,0,0,0,0,0,71,0,0,0,80,0,0,0;80,0,0,0,36,0,53,0,29,0,29,0,0,77,0,0,0,0,0,77,76,0,80,0,0,0,0,0,0,0;53,0,0,35,0,0,61,0,0,0,0,0,0,67,39,0,0,33,0,56,0,0,0,0,0,49,0,68,25,38;0,72,52,0,0,65,0,0,0,0,0,65,0,0,0,0,0,0,0,0,0,0,0,0,0,0,0,0,0,0;0,0,0,0,0,0,70,0,0,0,0,0,74,0,0,0,0,0,0,44,0,0,0,57,0,41,0,0,0,20;0,0,0,0,0,0,70,78,0,0,79,0,0,64,0,0,0,0,73,0,22,0,0,0,0,56,0,0,47,0
0,0,39,0,27,36,0,0,38,31,0,0,0,0,31,34,0,30,22,0,24,0,0,36,0,0,0,38,0,0;0,0,14,0,0,35,0,0,0,0,37,0,0,0,0,0,30,0,0,37,23,26,0,20,0,31,0,0,0,0;0,0,0,37,0,25,0,0,0,37,28,0,0,0,0,0,0,0,26,0,0,30,25,0,0,0,0,0,0,0;0,37,0,0,0,0,0,0,32,0,0,27,0,0,0,0,0,0,0,0,0,38,0,0,0,21,0,0,0,0;0,0,0,24,0,0,30,0,27,0,0,0,0,0,29,0,0,0,31,0,27,0,0,37,0,0,32,0,0,0;30,0,0,0,0,0,0,0,0,0,0,0,25,0,0,0,40,37,0,0,0,0,0,36,0,0,0,0,0,0;0,0,0,27,0,36,0,39,30,0,0,38,36,0,0,0,29,0,21,35,0,0,0,0,27,0,0,28,0,34;27,0,0,25,36,0,0,0,33,23,0,38,0,0,0,0,0,0,40,0,0,0,0,34,0,0,0,0,20,0;28,31,0,0,0,0,0,0,0,0,0,0,33,0,0,0,0,0,26,0,22,40,0,31,0,0,0,0,0,0;0,0,29,19,28,0,0,0,0,0,27,28,25,0,0,37,0,23,0,0,0,0,21,0,0,0,0,35,0,0;21,0,26,0,0,20,21,25,0,27,0,34,0,0,0,32,33,37,0,21,0,0,21,0,0,20,30,0,0,35;0,0,0,30,33,0,0,23,0,0,0,0,30,35,0,23,0,22,26,0,23,0,29,30,25,0,21,0,39,0;0,23,33,31,0,0,0,0,0,0,0,0,0,0,0,0,0,31,24,0,20,25,0,0,32,36,0,0,40,21;0,0,29,0,32,0,0,0,0,0,0,0,0,0,30,0,0,0,0,0,27,36,0,35,0,0,0,33,0,0;0,0,0,30,0,20,20,0,0,0,0,0,0,31,0,31,0,35,0,0,0,37,28,32,0,0,0,0,0,25;0,33,0,0,23,0,0,0,0,31,32,32,32,22,0,0,0,0,37,0,34,38,0,32,0,30,34,23,0,37;18,33,0,0,28,0,0,0,0,17,0,0,0,0,0,0,0,0,22,0,0,0,0,25,0,0,0,21,0,0;0,25,33,23,0,40,0,24,0,40,33,0,0,23,0,27,0,0,16,0,0,0,0,0,0,0,0,0,0,31;26,0,0,0,0,27,0,0,0,21,0,0,27,0,0,0,0,0,0,0,0,37,0,22,0,0,0,35,0,0;0,0,0,22,0,0,0,0,0,0,22,0,0,28,0,0,36,0,24,0,28,0,29,0,0,0,21,0,29,26;0,0,38,34,28,0,29,21,0,0,31,0,0,0,0,0,0,0,0,0,0,0,0,39,38,0,0,0,0,0;27,0,0,30,0,0,0,0,34,36,0,0,0,0,0,0,0,31,0,0,0,0,0,0,0,0,0,0,0,0;0,0,0,32,0,21,0,0,26,0,0,37,27,0,26,0,0,23,0,0,0,0,0,0,37,35,31,0,0,0;0,0,23,0,0,0,0,0,0,0,0,0,0,0,36,0,0,0,30,0,28,0,0,0,0,0,0,0,0,0;0,0,23,0,26,0,0,20,0,0,0,0,0,0,0,0,0,0,0,0,0,0,40,0,0,0,35,0,0,0;33,0,0,0,35,0,21,0,29,0,36,0,0,36,0,0,0,0,0,23,36,0,38,0,0,0,0,0,0,0;25,0,0,34,0,0,25,0,0,0,0,0,0,25,38,0,0,21,0,21,0,0,0,0,0,31,0,36,38,40;0,37,38,0,0,20,0,0,0,0,0,39,0,0,0,0,0,0,0,0,0,0,0,0,0,0,0,0,0,0;0,0,0,0,0,0,38,0,0,0,0,0,30,0,0,0,0,0,0,27,0,0,0,40,0,30,0,0,0,30;0,0,0,0,0,0,21,39,0,0,22,0,0,22,0,0,0,0,27,0,35,0,0,0,0,21,0,0,22,0
-35,12,0,-13,25,-14,0,0,0,0,-41,0,0,0,0,0,13,0,0,23,0,14,0,22,0,26,0,-30,0,-2
------------- End of Scenario k = 2 -------
0,0,59,0,72,64,0,0,65,29,0,0,0,0,74,66,0,23,22,0,55,0,0,69,0,0,0,36,0,0;0,0,76,0,0,37,0,0,0,0,66,0,0,0,0,0,53,0,0,30,20,31,0,69,0,24,0,0,0,0;0,0,0,46,0,80,0,0,0,77,20,0,0,0,0,0,0,0,22,0,0,51,36,0,0,0,0,0,0,0;0,37,0,0,0,0,0,0,42,0,0,20,0,0,0,0,0,0,0,0,0,72,0,0,0,25,0,0,0,0;0,0,0,40,0,0,80,0,34,0,0,0,0,0,50,0,0,0,75,0,45,0,0,60,0,0,40,0,0,0;62,0,0,0,0,0,0,0,0,0,0,0,32,0,0,0,75,39,0,0,0,0,0,57,0,0,0,0,0,0;0,0,0,26,0,46,0,80,49,0,0,25,56,0,0,0,46,0,60,40,0,0,0,0,21,0,0,58,0,58;80,0,0,69,32,0,0,0,80,42,0,73,0,0,0,0,0,0,24,0,0,0,0,78,0,0,0,0,65,0;33,27,0,0,0,0,0,0,0,0,0,0,68,0,0,0,0,0,26,0,61,31,0,71,0,0,0,0,0,0;0,0,61,77,78,0,0,0,0,0,80,29,30,0,0,63,0,45,0,0,0,0,43,0,0,0,0,33,0,0;64,0,29,0,0,68,73,25,0,78,0,71,0,0,0,37,27,61,0,26,0,0,61,0,0,58,23,0,0,48;0,0,0,66,52,0,0,77,0,0,0,0,80,78,0,21,0,34,38,0,41,0,38,57,50,0,64,0,78,0;0,60,72,55,0,0,0,0,0,0,0,0,0,0,0,0,0,60,52,0,55,66,0,0,63,57,0,0,36,80;0,0,32,0,66,0,0,0,0,0,0,0,0,0,48,0,0,0,0,0,67,34,0,43,0,0,0,79,0,0;0,0,0,38,0,29,70,0,0,0,0,0,0,35,0,80,0,78,0,0,0,45,60,55,0,0,0,0,0,76;0,66,0,0,61,0,0,0,0,78,50,60,73,49,0,0,0,0,78,0,43,42,0,23,0,54,30,50,0,80;80,77,0,0,24,0,0,0,0,76,0,0,0,0,0,0,0,0,77,0,0,0,0,31,0,0,0,80,0,0;0,34,51,80,0,50,0,61,0,25,58,0,0,24,0,73,0,0,80,0,0,0,0,0,0,0,0,0,0,43;80,0,0,0,0,80,0,0,0,21,0,0,42,0,0,0,0,0,0,0,0,54,0,32,0,0,0,36,0,0;0,0,0,61,0,0,0,0,0,0,54,0,0,58,0,0,39,0,62,0,60,0,24,0,0,0,55,0,24,43;0,0,64,70,78,0,55,75,0,0,80,0,0,0,0,0,0,0,0,0,0,0,0,65,27,0,0,0,0,0;25,0,0,63,0,0,0,0,52,42,0,0,0,0,0,0,0,40,0,0,0,0,0,0,0,0,0,0,0,0;0,0,0,34,0,24,0,0,75,0,0,64,75,0,47,0,0,51,0,0,0,0,0,0,42,54,71,0,0,0;0,0,34,0,0,0,0,0,0,0,0,0,0,0,27,0,0,0,22,0,69,0,0,0,0,0,0,0,0,0;0,0,46,0,63,0,0,41,0,0,0,0,0,0,0,0,0,0,0,0,0,0,50,0,0,0,80,0,0,0;56,0,0,0,34,0,23,0,47,0,23,0,0,77,0,0,0,0,0,46,71,0,27,0,0,0,0,0,0,0;76,0,0,24,0,0,72,0,0,0,0,0,0,34,52,0,0,69,0,27,0,0,0,0,0,58,0,80,75,78;0,47,54,0,0,67,0,0,0,0,0,48,0,0,0,0,0,0,0,0,0,0,0,0,0,0,0,0,0,0;0,0,0,0,0,0,34,0,0,0,0,0,69,0,0,0,0,0,0,21,0,0,0,76,0,78,0,0,0,77;0,0,0,0,0,0,74,55,0,0,23,0,0,34,0,0,0,0,52,0,75,0,0,0,0,60,0,0,65,0
0,0,32,0,36,31,0,0,21,23,0,0,0,0,21,32,0,28,33,0,21,0,0,23,0,0,0,23,0,0;0,0,37,0,0,34,0,0,0,0,36,0,0,0,0,0,20,0,0,27,35,33,0,28,0,20,0,0,0,0;0,0,0,26,0,37,0,0,0,37,24,0,0,0,0,0,0,0,40,0,0,20,21,0,0,0,0,0,0,0;0,40,0,0,0,0,0,0,39,0,0,31,0,0,0,0,0,0,0,0,0,34,0,0,0,24,0,0,0,0;0,0,0,27,0,0,37,0,35,0,0,0,0,0,37,0,0,0,20,0,34,0,0,24,0,0,31,0,0,0;39,0,0,0,0,0,0,0,0,0,0,0,24,0,0,0,33,33,0,0,0,0,0,21,0,0,0,0,0,0;0,0,0,32,0,31,0,30,26,0,0,36,24,0,0,0,28,0,33,32,0,0,0,0,37,0,0,36,0,39;27,0,0,26,37,0,0,0,40,28,0,20,0,0,0,0,0,0,35,0,0,0,0,37,0,0,0,0,20,0;35,25,0,0,0,0,0,0,0,0,0,0,22,0,0,0,0,0,38,0,30,39,0,32,0,0,0,0,0,0;0,0,38,33,37,0,0,0,0,0,35,27,28,0,0,22,0,36,0,0,0,0,25,0,0,0,0,38,0,0;39,0,33,0,0,23,39,34,0,29,0,39,0,0,0,23,35,34,0,27,0,0,27,0,0,31,34,0,0,39;0,0,0,39,36,0,0,33,0,0,0,0,29,36,0,33,0,30,31,0,37,0,38,34,37,0,31,0,34,0;0,31,31,39,0,0,0,0,0,0,0,0,0,0,0,0,0,39,21,0,31,20,0,0,40,39,0,0,31,28;0,0,27,0,36,0,0,0,0,0,0,0,0,0,30,0,0,0,0,0,40,39,0,32,0,0,0,28,0,0;0,0,0,38,0,40,26,0,0,0,0,0,0,28,0,30,0,35,0,0,0,34,23,24,0,0,0,0,0,39;0,28,0,0,33,0,0,0,0,40,35,25,28,36,0,0,0,0,33,0,24,37,0,36,0,33,24,30,0,30;40,39,0,0,32,0,0,0,0,20,0,0,0,0,0,0,0,0,35,0,0,0,0,36,0,0,0,34,0,0;0,37,29,34,0,28,0,27,0,38,31,0,0,31,0,38,0,0,34,0,0,0,0,0,0,0,0,0,0,32;33,0,0,0,0,36,0,0,0,22,0,0,39,0,0,0,0,0,0,0,0,39,0,36,0,0,0,37,0,0;0,0,0,33,0,0,0,0,0,0,38,0,0,39,0,0,26,0,38,0,30,0,23,0,0,0,35,0,30,29;0,0,21,40,40,0,22,20,0,0,33,0,0,0,0,0,0,0,0,0,0,0,0,27,27,0,0,0,0,0;25,0,0,29,0,0,0,0,31,34,0,0,0,0,0,0,0,39,0,0,0,0,0,0,0,0,0,0,0,0;0,0,0,38,0,40,0,0,24,0,0,33,38,0,39,0,0,30,0,0,0,0,0,0,28,25,33,0,0,0;0,0,24,0,0,0,0,0,0,0,0,0,0,0,22,0,0,0,39,0,34,0,0,0,0,0,0,0,0,0;0,0,22,0,29,0,0,38,0,0,0,0,0,0,0,0,0,0,0,0,0,0,30,0,0,0,34,0,0,0;39,0,0,0,20,0,32,0,22,0,22,0,0,39,0,0,0,0,0,23,28,0,35,0,0,0,0,0,0,0;39,0,0,22,0,0,37,0,0,0,0,0,0,36,38,0,0,21,0,21,0,0,0,0,0,38,0,36,28,39;0,26,34,0,0,25,0,0,0,0,0,20,0,0,0,0,0,0,0,0,0,0,0,0,0,0,0,0,0,0;0,0,0,0,0,0,31,0,0,0,0,0,39,0,0,0,0,0,0,24,0,0,0,37,0,26,0,0,0,26;0,0,0,0,0,0,35,26,0,0,36,0,0,36,0,0,0,0,39,0,21,0,0,0,0,20,0,0,21,0
-44,12,0,-18,27,-21,0,0,0,0,-41,0,0,0,0,0,19,0,0,29,0,30,0,30,0,27,0,-40,0,-10
------------- End of Scenario k = 3 -------
0,0,30,0,27,55,0,0,76,64,0,0,0,0,21,37,0,58,30,0,20,0,0,65,0,0,0,52,0,0;0,0,60,0,0,79,0,0,0,0,76,0,0,0,0,0,75,0,0,76,41,63,0,64,0,49,0,0,0,0;0,0,0,38,0,46,0,0,0,37,64,0,0,0,0,0,0,0,57,0,0,71,58,0,0,0,0,0,0,0;0,26,0,0,0,0,0,0,46,0,0,31,0,0,0,0,0,0,0,0,0,58,0,0,0,36,0,0,0,0;0,0,0,31,0,0,80,0,79,0,0,0,0,0,59,0,0,0,21,0,49,0,0,23,0,0,29,0,0,0;77,0,0,0,0,0,0,0,0,0,0,0,72,0,0,0,26,76,0,0,0,0,0,22,0,0,0,0,0,0;0,0,0,55,0,35,0,65,30,0,0,59,24,0,0,0,42,0,37,40,0,0,0,0,29,0,0,62,0,55;80,0,0,51,74,0,0,0,28,72,0,54,0,0,0,0,0,0,34,0,0,0,0,42,0,0,0,0,74,0;74,33,0,0,0,0,0,0,0,0,0,0,27,0,0,0,0,0,70,0,30,38,0,55,0,0,0,0,0,0;0,0,62,34,48,0,0,0,0,0,80,80,78,0,0,29,0,31,0,0,0,0,49,0,0,0,0,68,0,0;32,0,39,0,0,29,51,20,0,63,0,26,0,0,0,44,79,38,0,76,0,0,62,0,0,61,65,0,0,23;0,0,0,43,66,0,0,60,0,0,0,0,54,68,0,59,0,73,57,0,37,0,20,47,40,0,51,0,30,0;0,39,29,66,0,0,0,0,0,0,0,0,0,0,0,0,0,36,40,0,32,74,0,0,74,44,0,0,35,73;0,0,22,0,73,0,0,0,0,0,0,0,0,0,80,0,0,0,0,0,75,67,0,56,0,0,0,51,0,0;0,0,0,52,0,73,62,0,0,0,0,0,0,68,0,80,0,49,0,0,0,53,70,32,0,0,0,0,0,61;0,33,0,0,20,0,0,0,0,77,80,79,80,72,0,0,0,0,69,0,56,80,0,33,0,23,66,53,0,80;70,58,0,0,51,0,0,0,0,80,0,0,0,0,0,0,0,0,78,0,0,0,0,64,0,0,0,80,0,0;0,65,21,80,0,33,0,23,0,31,28,0,0,22,0,32,0,0,43,0,0,0,0,0,0,0,0,0,0,80;80,0,0,0,0,54,0,0,0,39,0,0,56,0,0,0,0,0,0,0,0,68,0,78,0,0,0,69,0,0;0,0,0,74,0,0,0,0,0,0,44,0,0,69,0,0,53,0,50,0,50,0,80,0,0,0,54,0,65,61;0,0,30,41,74,0,44,79,0,0,20,0,0,0,0,0,0,0,0,0,0,0,0,77,62,0,0,0,0,0;53,0,0,41,0,0,0,0,63,57,0,0,0,0,0,0,0,80,0,0,0,0,0,0,0,0,0,0,0,0;0,0,0,79,0,20,0,0,35,0,0,27,73,0,28,0,0,29,0,0,0,0,0,0,38,57,60,0,0,0;0,0,24,0,0,0,0,0,0,0,0,0,0,0,44,0,0,0,25,0,80,0,0,0,0,0,0,0,0,0;0,0,31,0,23,0,0,57,0,0,0,0,0,0,0,0,0,0,0,0,0,0,40,0,0,0,60,0,0,0;80,0,0,0,47,0,73,0,33,0,26,0,0,34,0,0,0,0,0,40,21,0,24,0,0,0,0,0,0,0;44,0,0,72,0,0,26,0,0,0,0,0,0,59,31,0,0,63,0,38,0,0,0,0,0,49,0,80,80,24;0,62,44,0,0,37,0,0,0,0,0,55,0,0,0,0,0,0,0,0,0,0,0,0,0,0,0,0,0,0;0,0,0,0,0,0,40,0,0,0,0,0,49,0,0,0,0,0,0,21,0,0,0,76,0,58,0,0,0,68;0,0,0,0,0,0,24,64,0,0,20,0,0,38,0,0,0,0,30,0,23,0,0,0,0,25,0,0,76,0
0,0,22,0,31,31,0,0,34,26,0,0,0,0,35,28,0,34,21,0,33,0,0,29,0,0,0,35,0,0;0,0,28,0,0,33,0,0,0,0,27,0,0,0,0,0,26,0,0,30,20,21,0,26,0,25,0,0,0,0;0,0,0,27,0,37,0,0,0,36,23,0,0,0,0,0,0,0,22,0,0,24,37,0,0,0,0,0,0,0;0,40,0,0,0,0,0,0,21,0,0,33,0,0,0,0,0,0,0,0,0,27,0,0,0,40,0,0,0,0;0,0,0,28,0,0,35,0,31,0,0,0,0,0,38,0,0,0,20,0,24,0,0,37,0,0,32,0,0,0;33,0,0,0,0,0,0,0,0,0,0,0,20,0,0,0,34,30,0,0,0,0,0,27,0,0,0,0,0,0;0,0,0,38,0,32,0,33,27,0,0,32,27,0,0,0,29,0,33,22,0,0,0,0,38,0,0,21,0,37;24,0,0,25,36,0,0,0,17,35,0,21,0,0,0,0,0,0,34,0,0,0,0,21,0,0,0,0,21,0;30,21,0,0,0,0,0,0,0,0,0,0,22,0,0,0,0,0,33,0,36,30,0,22,0,0,0,0,0,0;0,0,20,29,30,0,0,0,0,0,39,35,36,0,0,40,0,39,0,0,0,0,22,0,0,0,0,33,0,0;21,0,33,0,0,27,21,36,0,38,0,26,0,0,0,27,29,26,0,30,0,0,32,0,0,26,34,0,0,39;0,0,0,23,29,0,0,27,0,0,0,0,37,31,0,36,0,32,38,0,40,0,24,30,34,0,40,0,20,0;0,29,31,21,0,0,0,0,0,0,0,0,0,0,0,0,0,24,38,0,33,39,0,0,36,29,0,0,32,34;0,0,20,0,25,0,0,0,0,0,0,0,0,0,40,0,0,0,0,0,21,27,0,28,0,0,0,22,0,0;0,0,0,27,0,38,24,0,0,0,0,0,0,39,0,26,0,22,0,0,0,36,40,23,0,0,0,0,0,36;0,36,0,0,38,0,0,0,0,36,32,25,22,24,0,0,0,0,26,0,23,33,0,36,0,26,39,26,0,23;32,28,0,0,30,0,0,0,0,37,0,0,0,0,0,0,0,0,30,0,0,0,0,39,0,0,0,34,0,0;0,23,24,26,0,31,0,28,0,20,32,0,0,35,0,39,0,0,34,0,0,0,0,0,0,0,0,0,0,35;33,0,0,0,0,39,0,0,0,39,0,0,34,0,0,0,0,0,0,0,0,23,0,39,0,0,0,39,0,0;0,0,0,29,0,0,0,0,0,0,38,0,0,23,0,0,35,0,32,0,35,0,36,0,0,0,27,0,29,32;0,0,38,25,36,0,40,24,0,0,38,0,0,0,0,0,0,0,0,0,0,0,0,26,28,0,0,0,0,0;22,0,0,24,0,0,0,0,35,36,0,0,0,0,0,0,0,31,0,0,0,0,0,0,0,0,0,0,0,0;0,0,0,35,0,27,0,0,25,0,0,30,21,0,27,0,0,28,0,0,0,0,0,0,40,23,29,0,0,0;0,0,26,0,0,0,0,0,0,0,0,0,0,0,21,0,0,0,29,0,23,0,0,0,0,0,0,0,0,0;0,0,30,0,39,0,0,39,0,0,0,0,0,0,0,0,0,0,0,0,0,0,28,0,0,0,21,0,0,0;23,0,0,0,25,0,21,0,27,0,37,0,0,36,0,0,0,0,0,38,30,0,33,0,0,0,0,0,0,0;37,0,0,20,0,0,32,0,0,0,0,0,0,32,37,0,0,22,0,38,0,0,0,0,0,35,0,38,37,28;0,40,22,0,0,34,0,0,0,0,0,24,0,0,0,0,0,0,0,0,0,0,0,0,0,0,0,0,0,0;0,0,0,0,0,0,22,0,0,0,0,0,31,0,0,0,0,0,0,28,0,0,0,28,0,31,0,0,0,26;0,0,0,0,0,0,32,40,0,0,38,0,0,29,0,0,0,0,35,0,39,0,0,0,0,32,0,0,24,0
-16,19,0,-20,11,-22,0,0,0,0,-39,0,0,0,0,0,26,0,0,23,0,26,0,20,0,20,0,-29,0,-19
------------- End of Scenario k = 4 -------
0,0,37,0,46,43,0,0,22,53,0,0,0,0,35,58,0,45,43,0,49,0,0,39,0,0,0,72,0,0;0,0,80,0,0,21,0,0,0,0,71,0,0,0,0,0,23,0,0,47,33,68,0,72,0,52,0,0,0,0;0,0,0,66,0,41,0,0,0,31,78,0,0,0,0,0,0,0,55,0,0,27,59,0,0,0,0,0,0,0;0,29,0,0,0,0,0,0,62,0,0,59,0,0,0,0,0,0,0,0,0,61,0,0,0,30,0,0,0,0;0,0,0,63,0,0,80,0,76,0,0,0,0,0,69,0,0,0,36,0,72,0,0,27,0,0,63,0,0,0;53,0,0,0,0,0,0,0,0,0,0,0,32,0,0,0,65,65,0,0,0,0,0,35,0,0,0,0,0,0;0,0,0,47,0,55,0,24,79,0,0,34,23,0,0,0,67,0,78,61,0,0,0,0,47,0,0,80,0,72;55,0,0,35,57,0,0,0,49,24,0,21,0,0,0,0,0,0,39,0,0,0,0,54,0,0,0,0,62,0;75,26,0,0,0,0,0,0,0,0,0,0,61,0,0,0,0,0,49,0,21,57,0,41,0,0,0,0,0,0;0,0,44,22,27,0,0,0,0,0,80,80,67,0,0,20,0,27,0,0,0,0,75,0,0,0,0,29,0,0;31,0,77,0,0,27,65,59,0,63,0,20,0,0,0,28,46,52,0,50,0,0,79,0,0,21,56,0,0,79;0,0,0,56,69,0,0,31,0,0,0,0,55,36,0,21,0,49,46,0,21,0,45,35,67,0,54,0,56,0;0,79,56,46,0,0,0,0,0,0,0,0,0,0,0,0,0,51,48,0,36,71,0,0,30,52,0,0,54,80;0,0,43,0,72,0,0,0,0,0,0,0,0,0,80,0,0,0,0,0,31,52,0,40,0,0,0,29,0,0;0,0,0,39,0,45,29,0,0,0,0,0,0,78,0,52,0,51,0,0,0,20,80,44,0,0,0,0,0,47;0,79,0,0,57,0,0,0,0,28,80,34,52,79,0,0,0,0,34,0,65,74,0,78,0,22,71,80,0,80;80,56,0,0,43,0,0,0,0,78,0,0,0,0,0,0,0,0,53,0,0,0,0,33,0,0,0,77,0,0;0,54,59,80,0,49,0,56,0,34,71,0,0,68,0,23,0,0,52,0,0,0,0,0,0,0,0,0,0,80;80,0,0,0,0,80,0,0,0,21,0,0,44,0,0,0,0,0,0,0,0,45,0,27,0,0,0,68,0,0;0,0,0,45,0,0,0,0,0,0,49,0,0,22,0,0,46,0,69,0,51,0,71,0,0,0,22,0,52,39;0,0,71,20,23,0,67,64,0,0,73,0,0,0,0,0,0,0,0,0,0,0,0,46,44,0,0,0,0,0;22,0,0,44,0,0,0,0,44,43,0,0,0,0,0,0,0,80,0,0,0,0,0,0,0,0,0,0,0,0;0,0,0,80,0,58,0,0,68,0,0,44,39,0,75,0,0,31,0,0,0,0,0,0,80,63,69,0,0,0;0,0,49,0,0,0,0,0,0,0,0,0,0,0,21,0,0,0,52,0,52,0,0,0,0,0,0,0,0,0;0,0,44,0,38,0,0,58,0,0,0,0,0,0,0,0,0,0,0,0,0,0,43,0,0,0,21,0,0,0;49,0,0,0,28,0,56,0,52,0,38,0,0,24,0,0,0,0,0,80,27,0,70,0,0,0,0,0,0,0;64,0,0,74,0,0,23,0,0,0,0,0,0,70,53,0,0,62,0,51,0,0,0,0,0,36,0,80,80,44;0,52,20,0,0,20,0,0,0,0,0,71,0,0,0,0,0,0,0,0,0,0,0,0,0,0,0,0,0,0;0,0,0,0,0,0,51,0,0,0,0,0,39,0,0,0,0,0,0,24,0,0,0,58,0,46,0,0,0,55;0,0,0,0,0,0,22,28,0,0,72,0,0,23,0,0,0,0,29,0,54,0,0,0,0,31,0,0,30,0
0,0,28,0,31,32,0,0,33,29,0,0,0,0,38,26,0,36,32,0,32,0,0,36,0,0,0,40,0,0;0,0,20,0,0,36,0,0,0,0,39,0,0,0,0,0,38,0,0,34,24,29,0,28,0,35,0,0,0,0;0,0,0,40,0,32,0,0,0,36,25,0,0,0,0,0,0,0,20,0,0,20,26,0,0,0,0,0,0,0;0,33,0,0,0,0,0,0,22,0,0,25,0,0,0,0,0,0,0,0,0,27,0,0,0,23,0,0,0,0;0,0,0,38,0,0,24,0,40,0,0,0,0,0,40,0,0,0,37,0,38,0,0,29,0,0,33,0,0,0;36,0,0,0,0,0,0,0,0,0,0,0,25,0,0,0,35,34,0,0,0,0,0,30,0,0,0,0,0,0;0,0,0,30,0,30,0,27,26,0,0,31,39,0,0,0,36,0,34,24,0,0,0,0,29,0,0,26,0,23;34,0,0,22,26,0,0,0,22,24,0,39,0,0,0,0,0,0,33,0,0,0,0,26,0,0,0,0,39,0;38,39,0,0,0,0,0,0,0,0,0,0,31,0,0,0,0,0,26,0,28,29,0,33,0,0,0,0,0,0;0,0,35,40,26,0,0,0,0,0,38,40,20,0,0,31,0,37,0,0,0,0,30,0,0,0,0,31,0,0;29,0,36,0,0,21,33,38,0,38,0,27,0,0,0,27,40,32,0,22,0,0,21,0,0,24,28,0,0,40;0,0,0,39,35,0,0,39,0,0,0,0,22,31,0,28,0,33,40,0,39,0,28,36,21,0,22,0,38,0;0,26,20,37,0,0,0,0,0,0,0,0,0,0,0,0,0,26,40,0,34,35,0,0,22,31,0,0,23,18;0,0,35,0,25,0,0,0,0,0,0,0,0,0,39,0,0,0,0,0,31,36,0,20,0,0,0,24,0,0;0,0,0,32,0,35,30,0,0,0,0,0,0,30,0,35,0,29,0,0,0,40,28,38,0,0,0,0,0,27;0,37,0,0,40,0,0,0,0,28,21,30,34,39,0,0,0,0,27,0,32,28,0,30,0,39,35,23,0,30;20,34,0,0,30,0,0,0,0,33,0,0,0,0,0,0,0,0,24,0,0,0,0,40,0,0,0,20,0,0;0,40,36,31,0,30,0,30,0,26,36,0,0,20,0,39,0,0,36,0,0,0,0,0,0,0,0,0,0,37;35,0,0,0,0,30,0,0,0,24,0,0,35,0,0,0,0,0,0,0,0,31,0,32,0,0,0,33,0,0;0,0,0,25,0,0,0,0,0,0,35,0,0,35,0,0,20,0,22,0,33,0,37,0,0,0,23,0,33,27;0,0,23,37,37,0,22,37,0,0,26,0,0,0,0,0,0,0,0,0,0,0,0,22,33,0,0,0,0,0;24,0,0,25,0,0,0,0,33,40,0,0,0,0,0,0,0,38,0,0,0,0,0,0,0,0,0,0,0,0;0,0,0,28,0,39,0,0,36,0,0,37,26,0,37,0,0,31,0,0,0,0,0,0,33,29,37,0,0,0;0,0,40,0,0,0,0,0,0,0,0,0,0,0,27,0,0,0,28,0,29,0,0,0,0,0,0,0,0,0;0,0,23,0,25,0,0,38,0,0,0,0,0,0,0,0,0,0,0,0,0,0,33,0,0,0,37,0,0,0;35,0,0,0,30,0,25,0,20,0,20,0,0,33,0,0,0,0,0,34,34,0,33,0,0,0,0,0,0,0;33,0,0,28,0,0,28,0,0,0,0,0,0,24,35,0,0,38,0,38,0,0,0,0,0,30,0,32,34,34;0,34,37,0,0,37,0,0,0,0,0,22,0,0,0,0,0,0,0,0,0,0,0,0,0,0,0,0,0,0;0,0,0,0,0,0,32,0,0,0,0,0,22,0,0,0,0,0,0,32,0,0,0,34,0,22,0,0,0,33;0,0,0,0,0,0,33,38,0,0,36,0,0,38,0,0,0,0,30,0,22,0,0,0,0,26,0,0,20,0
-33,20,0,-17,17,-29,0,0,0,0,-32,0,0,0,0,0,18,0,0,21,0,27,0,20,0,26,0,-29,0,-9
------------- End of Scenario k = 5 -------
0,0,25,0,77,33,0,0,53,52,0,0,0,0,54,67,0,27,74,0,80,0,0,26,0,0,0,31,0,0;0,0,80,0,0,58,0,0,0,0,69,0,0,0,0,0,42,0,0,48,31,73,0,77,0,50,0,0,0,0;0,0,0,57,0,80,0,0,0,50,42,0,0,0,0,0,0,0,36,0,0,78,45,0,0,0,0,0,0,0;0,43,0,0,0,0,0,0,34,0,0,72,0,0,0,0,0,0,0,0,0,54,0,0,0,35,0,0,0,0;0,0,0,53,0,0,80,0,68,0,0,0,0,0,40,0,0,0,27,0,51,0,0,28,0,0,39,0,0,0;24,0,0,0,0,0,0,0,0,0,0,0,31,0,0,0,55,31,0,0,0,0,0,52,0,0,0,0,0,0;0,0,0,22,0,62,0,75,66,0,0,47,77,0,0,0,64,0,37,73,0,0,0,0,55,0,0,80,0,50;49,0,0,69,67,0,0,0,80,44,0,42,0,0,0,0,0,0,37,0,0,0,0,76,0,0,0,0,24,0;29,36,0,0,0,0,0,0,0,0,0,0,74,0,0,0,0,0,48,0,59,73,0,62,0,0,0,0,0,0;0,0,30,80,44,0,0,0,0,0,60,59,23,0,0,68,0,65,0,0,0,0,52,0,0,0,0,68,0,0;37,0,76,0,0,57,43,65,0,35,0,21,0,0,0,43,26,67,0,50,0,0,60,0,0,33,40,0,0,53;0,0,0,46,59,0,0,42,0,0,0,0,80,34,0,44,0,53,49,0,28,0,67,69,49,0,26,0,56,0;0,77,48,22,0,0,0,0,0,0,0,0,0,0,0,0,0,72,78,0,25,63,0,0,25,75,0,0,75,68;0,0,52,0,76,0,0,0,0,0,0,0,0,0,80,0,0,0,0,0,31,80,0,69,0,0,0,59,0,0;0,0,0,45,0,30,32,0,0,0,0,0,0,47,0,80,0,42,0,0,0,65,79,50,0,0,0,0,0,38;0,62,0,0,56,0,0,0,0,33,40,74,69,69,0,0,0,0,59,0,55,29,0,21,0,23,60,80,0,25;80,22,0,0,30,0,0,0,0,80,0,0,0,0,0,0,0,0,64,0,0,0,0,64,0,0,0,58,0,0;0,34,72,80,0,56,0,51,0,20,45,0,0,34,0,58,0,0,57,0,0,0,0,0,0,0,0,0,0,80;80,0,0,0,0,58,0,0,0,45,0,0,53,0,0,0,0,0,0,0,0,51,0,69,0,0,0,74,0,0;0,0,0,53,0,0,0,0,0,0,35,0,0,80,0,0,58,0,79,0,51,0,68,0,0,0,67,0,29,41;0,0,78,73,53,0,24,24,0,0,80,0,0,0,0,0,0,0,0,0,0,0,0,28,51,0,0,0,0,0;41,0,0,28,0,0,0,0,51,25,0,0,0,0,0,0,0,80,0,0,0,0,0,0,0,0,0,0,0,0;0,0,0,80,0,51,0,0,69,0,0,45,80,0,43,0,0,76,0,0,0,0,0,0,80,48,63,0,0,0;0,0,42,0,0,0,0,0,0,0,0,0,0,0,45,0,0,0,45,0,80,0,0,0,0,0,0,0,0,0;0,0,23,0,75,0,0,25,0,0,0,0,0,0,0,0,0,0,0,0,0,0,21,0,0,0,80,0,0,0;80,0,0,0,69,0,56,0,71,0,22,0,0,41,0,0,0,0,0,58,43,0,80,0,0,0,0,0,0,0;69,0,0,60,0,0,73,0,0,0,0,0,0,31,35,0,0,64,0,36,0,0,0,0,0,52,0,80,70,65;0,24,55,0,0,32,0,0,0,0,0,75,0,0,0,0,0,0,0,0,0,0,0,0,0,0,0,0,0,0;0,0,0,0,0,0,74,0,0,0,0,0,42,0,0,0,0,0,0,36,0,0,0,79,0,73,0,0,0,80;0,0,0,0,0,0,50,37,0,0,58,0,0,45,0,0,0,0,74,0,53,0,0,0,0,40,0,0,60,0
0,0,37,0,23,28,0,0,36,23,0,0,0,0,38,32,0,32,24,0,21,0,0,32,0,0,0,39,0,0;0,0,32,0,0,29,0,0,0,0,26,0,0,0,0,0,22,0,0,25,27,25,0,33,0,23,0,0,0,0;0,0,0,25,0,38,0,0,0,20,25,0,0,0,0,0,0,0,40,0,0,38,25,0,0,0,0,0,0,0;0,39,0,0,0,0,0,0,30,0,0,39,0,0,0,0,0,0,0,0,0,35,0,0,0,37,0,0,0,0;0,0,0,39,0,0,26,0,31,0,0,0,0,0,36,0,0,0,39,0,29,0,0,20,0,0,38,0,0,0;21,0,0,0,0,0,0,0,0,0,0,0,26,0,0,0,30,22,0,0,0,0,0,24,0,0,0,0,0,0;0,0,0,29,0,34,0,18,39,0,0,37,38,0,0,0,24,0,29,28,0,0,0,0,28,0,0,11,0,27;14,0,0,38,29,0,0,0,30,26,0,25,0,0,0,0,0,0,28,0,0,0,0,39,0,0,0,0,22,0;34,40,0,0,0,0,0,0,0,0,0,0,30,0,0,0,0,0,37,0,39,33,0,32,0,0,0,0,0,0;0,0,33,26,33,0,0,0,0,0,29,33,38,0,0,32,0,39,0,0,0,0,28,0,0,0,0,27,0,0;37,0,31,0,0,38,24,28,0,27,0,28,0,0,0,29,20,31,0,25,0,0,22,0,0,29,34,0,0,25;0,0,0,24,22,0,0,32,0,0,0,0,36,28,0,37,0,36,20,0,38,0,40,35,32,0,36,0,33,0;0,29,30,20,0,0,0,0,0,0,0,0,0,0,0,0,0,36,22,0,33,22,0,0,38,36,0,0,28,32;0,0,32,0,33,0,0,0,0,0,0,0,0,0,40,0,0,0,0,0,36,28,0,39,0,0,0,21,0,0;0,0,0,20,0,39,28,0,0,0,0,0,0,27,0,40,0,29,0,0,0,23,35,32,0,0,0,0,0,23;0,29,0,0,24,0,0,0,0,22,35,40,39,38,0,0,0,0,22,0,22,23,0,23,0,26,26,39,0,33;24,23,0,0,36,0,0,0,0,31,0,0,0,0,0,0,0,0,25,0,0,0,0,32,0,0,0,38,0,0;0,34,25,30,0,22,0,40,0,26,35,0,0,35,0,26,0,0,39,0,0,0,0,0,0,0,0,0,0,29;35,0,0,0,0,34,0,0,0,34,0,0,31,0,0,0,0,0,0,0,0,29,0,35,0,0,0,23,0,0;0,0,0,40,0,0,0,0,0,0,38,0,0,34,0,0,31,0,31,0,32,0,28,0,0,0,40,0,33,33;0,0,30,23,40,0,36,24,0,0,25,0,0,0,0,0,0,0,0,0,0,0,0,27,32,0,0,0,0,0;37,0,0,23,0,0,0,0,22,35,0,0,0,0,0,0,0,28,0,0,0,0,0,0,0,0,0,0,0,0;0,0,0,36,0,23,0,0,34,0,0,27,34,0,34,0,0,37,0,0,0,0,0,0,22,37,24,0,0,0;0,0,33,0,0,0,0,0,0,0,0,0,0,0,37,0,0,0,24,0,32,0,0,0,0,0,0,0,0,0;0,0,29,0,37,0,0,32,0,0,0,0,0,0,0,0,0,0,0,0,0,0,26,0,0,0,32,0,0,0;25,0,0,0,37,0,28,0,28,0,28,0,0,30,0,0,0,0,0,26,32,0,24,0,0,0,0,0,0,0;24,0,0,32,0,0,30,0,0,0,0,0,0,28,25,0,0,38,0,35,0,0,0,0,0,39,0,39,26,26;0,24,35,0,0,26,0,0,0,0,0,24,0,0,0,0,0,0,0,0,0,0,0,0,0,0,0,0,0,0;0,0,0,0,0,0,35,0,0,0,0,0,24,0,0,0,0,0,0,38,0,0,0,23,0,29,0,0,0,27;0,0,0,0,0,0,28,29,0,0,24,0,0,24,0,0,0,0,31,0,20,0,0,0,0,30,0,0,29,0
-33,30,0,-14,11,-36,0,0,0,0,-39,0,0,0,0,0,24,0,0,30,0,27,0,22,0,22,0,-34,0,-10
------------- End of Scenario k = 6 -------
0,0,48,0,80,55,0,0,27,79,0,0,0,0,35,31,0,31,47,0,41,0,0,53,0,0,0,79,0,0;0,0,80,0,0,20,0,0,0,0,44,0,0,0,0,0,53,0,0,55,67,47,0,36,0,70,0,0,0,0;0,0,0,67,0,31,0,0,0,58,23,0,0,0,0,0,0,0,72,0,0,62,74,0,0,0,0,0,0,0;0,54,0,0,0,0,0,0,50,0,0,74,0,0,0,0,0,0,0,0,0,80,0,0,0,29,0,0,0,0;0,0,0,48,0,0,22,0,40,0,0,0,0,0,36,0,0,0,73,0,62,0,0,59,0,0,50,0,0,0;68,0,0,0,0,0,0,0,0,0,0,0,40,0,0,0,20,52,0,0,0,0,0,42,0,0,0,0,0,0;0,0,0,55,0,22,0,79,50,0,0,41,41,0,0,0,72,0,42,42,0,0,0,0,70,0,0,72,0,73;62,0,0,69,37,0,0,0,80,23,0,49,0,0,0,0,0,0,58,0,0,0,0,38,0,0,0,0,25,0;30,45,0,0,0,0,0,0,0,0,0,0,67,0,0,0,0,0,71,0,29,71,0,74,0,0,0,0,0,0;0,0,63,32,28,0,0,0,0,0,31,80,34,0,0,33,0,57,0,0,0,0,41,0,0,0,0,72,0,0;56,0,62,0,0,78,42,54,0,69,0,52,0,0,0,69,64,47,0,48,0,0,60,0,0,45,71,0,0,57;0,0,0,44,28,0,0,46,0,0,0,0,65,21,0,60,0,44,51,0,45,0,57,78,69,0,77,0,71,0;0,38,21,50,0,0,0,0,0,0,0,0,0,0,0,0,0,35,71,0,78,28,0,0,54,44,0,0,70,46;0,0,79,0,34,0,0,0,0,0,0,0,0,0,68,0,0,0,0,0,64,27,0,41,0,0,0,49,0,0;0,0,0,25,0,40,76,0,0,0,0,0,0,32,0,80,0,54,0,0,0,57,35,30,0,0,0,0,0,41;0,72,0,0,80,0,0,0,0,34,78,69,76,59,0,0,0,0,57,0,61,76,0,75,0,30,60,80,0,55;33,60,0,0,67,0,0,0,0,68,0,0,0,0,0,0,0,0,34,0,0,0,0,53,0,0,0,78,0,0;0,67,69,80,0,64,0,57,0,30,33,0,0,22,0,46,0,0,55,0,0,0,0,0,0,0,0,0,0,80;29,0,0,0,0,69,0,0,0,44,0,0,27,0,0,0,0,0,0,0,0,36,0,60,0,0,0,44,0,0;0,0,0,49,0,0,0,0,0,0,44,0,0,55,0,0,76,0,67,0,51,0,32,0,0,0,23,0,76,43;0,0,65,80,46,0,29,24,0,0,57,0,0,0,0,0,0,0,0,0,0,0,0,23,56,0,0,0,0,0;76,0,0,73,0,0,0,0,20,44,0,0,0,0,0,0,0,68,0,0,0,0,0,0,0,0,0,0,0,0;0,0,0,29,0,46,0,0,68,0,0,56,76,0,32,0,0,31,0,0,0,0,0,0,20,42,32,0,0,0;0,0,62,0,0,0,0,0,0,0,0,0,0,0,50,0,0,0,79,0,80,0,0,0,0,0,0,0,0,0;0,0,72,0,42,0,0,22,0,0,0,0,0,0,0,0,0,0,0,0,0,0,47,0,0,0,80,0,0,0;37,0,0,0,63,0,68,0,46,0,32,0,0,52,0,0,0,0,0,63,61,0,80,0,0,0,0,0,0,0;79,0,0,76,0,0,25,0,0,0,0,0,0,24,48,0,0,44,0,52,0,0,0,0,0,22,0,80,80,26;0,48,50,0,0,55,0,0,0,0,0,62,0,0,0,0,0,0,0,0,0,0,0,0,0,0,0,0,0,0;0,0,0,0,0,0,44,0,0,0,0,0,43,0,0,0,0,0,0,77,0,0,0,42,0,67,0,0,0,23;0,0,0,0,0,0,39,39,0,0,46,0,0,29,0,0,0,0,66,0,76,0,0,0,0,67,0,0,69,0
0,0,28,0,24,23,0,0,34,34,0,0,0,0,26,34,0,32,32,0,38,0,0,27,0,0,0,21,0,0;0,0,13,0,0,35,0,0,0,0,33,0,0,0,0,0,27,0,0,23,36,33,0,24,0,32,0,0,0,0;0,0,0,40,0,19,0,0,0,39,38,0,0,0,0,0,0,0,27,0,0,23,28,0,0,0,0,0,0,0;0,35,0,0,0,0,0,0,31,0,0,25,0,0,0,0,0,0,0,0,0,29,0,0,0,23,0,0,0,0;0,0,0,22,0,0,28,0,38,0,0,0,0,0,25,0,0,0,26,0,35,0,0,31,0,0,23,0,0,0;37,0,0,0,0,0,0,0,0,0,0,0,38,0,0,0,26,34,0,0,0,0,0,29,0,0,0,0,0,0;0,0,0,24,0,20,0,27,28,0,0,25,38,0,0,0,36,0,37,35,0,0,0,0,20,0,0,37,0,32;22,0,0,23,25,0,0,0,39,32,0,40,0,0,0,0,0,0,28,0,0,0,0,25,0,0,0,0,23,0;31,30,0,0,0,0,0,0,0,0,0,0,23,0,0,0,0,0,38,0,31,37,0,20,0,0,0,0,0,0;0,0,23,35,23,0,0,0,0,0,30,31,32,0,0,21,0,29,0,0,0,0,36,0,0,0,0,39,0,0;23,0,25,0,0,20,36,23,0,36,0,26,0,0,0,24,29,35,0,37,0,0,33,0,0,30,36,0,0,31;0,0,0,21,30,0,0,26,0,0,0,0,31,21,0,24,0,38,35,0,30,0,25,28,32,0,28,0,34,0;0,29,31,35,0,0,0,0,0,0,0,0,0,0,0,0,0,26,25,0,28,35,0,0,34,30,0,0,34,26;0,0,32,0,20,0,0,0,0,0,0,0,0,0,24,0,0,0,0,0,37,29,0,32,0,0,0,30,0,0;0,0,0,29,0,26,23,0,0,0,0,0,0,25,0,37,0,20,0,0,0,21,36,29,0,0,0,0,0,40;0,22,0,0,35,0,0,0,0,29,37,23,28,39,0,0,0,0,25,0,37,31,0,26,0,22,30,36,0,35;37,29,0,0,30,0,0,0,0,29,0,0,0,0,0,0,0,0,23,0,0,0,0,38,0,0,0,38,0,0;0,35,30,37,0,21,0,34,0,23,20,0,0,34,0,20,0,0,26,0,0,0,0,0,0,0,0,0,0,35;27,0,0,0,0,31,0,0,0,26,0,0,40,0,0,0,0,0,0,0,0,26,0,33,0,0,0,33,0,0;0,0,0,22,0,0,0,0,0,0,21,0,0,29,0,0,32,0,23,0,26,0,23,0,0,0,30,0,22,25;0,0,25,23,40,0,25,24,0,0,37,0,0,0,0,0,0,0,0,0,0,0,0,25,22,0,0,0,0,0;38,0,0,26,0,0,0,0,26,22,0,0,0,0,0,0,0,36,0,0,0,0,0,0,0,0,0,0,0,0;0,0,0,32,0,27,0,0,40,0,0,40,33,0,35,0,0,35,0,0,0,0,0,0,33,25,39,0,0,0;0,0,22,0,0,0,0,0,0,0,0,0,0,0,28,0,0,0,31,0,29,0,0,0,0,0,0,0,0,0;0,0,26,0,28,0,0,36,0,0,0,0,0,0,0,0,0,0,0,0,0,0,34,0,0,0,35,0,0,0;34,0,0,0,33,0,20,0,31,0,33,0,0,39,0,0,0,0,0,37,34,0,31,0,0,0,0,0,0,0;20,0,0,29,0,0,31,0,0,0,0,0,0,20,39,0,0,22,0,20,0,0,0,0,0,25,0,34,37,20;0,28,30,0,0,35,0,0,0,0,0,30,0,0,0,0,0,0,0,0,0,0,0,0,0,0,0,0,0,0;0,0,0,0,0,0,22,0,0,0,0,0,39,0,0,0,0,0,0,20,0,0,0,40,0,39,0,0,0,36;0,0,0,0,0,0,28,38,0,0,25,0,0,25,0,0,0,0,37,0,35,0,0,0,0,25,0,0,35,0
-18,11,0,-15,21,-14,0,0,0,0,-53,0,0,0,0,0,26,0,0,20,0,23,0,29,0,28,0,-37,0,-21
------------- End of Scenario k = 7 -------
0,0,32,0,42,44,0,0,63,31,0,0,0,0,41,47,0,54,72,0,20,0,0,31,0,0,0,39,0,0;0,0,80,0,0,25,0,0,0,0,71,0,0,0,0,0,49,0,0,68,67,60,0,64,0,61,0,0,0,0;0,0,0,40,0,80,0,0,0,65,44,0,0,0,0,0,0,0,79,0,0,31,52,0,0,0,0,0,0,0;0,75,0,0,0,0,0,0,37,0,0,24,0,0,0,0,0,0,0,0,0,44,0,0,0,53,0,0,0,0;0,0,0,68,0,0,80,0,52,0,0,0,0,0,39,0,0,0,31,0,64,0,0,78,0,0,75,0,0,0;29,0,0,0,0,0,0,0,0,0,0,0,33,0,0,0,56,40,0,0,0,0,0,70,0,0,0,0,0,0;0,0,0,30,0,72,0,39,52,0,0,37,77,0,0,0,26,0,57,62,0,0,0,0,70,0,0,80,0,55;34,0,0,26,44,0,0,0,80,47,0,26,0,0,0,0,0,0,74,0,0,0,0,67,0,0,0,0,61,0;34,23,0,0,0,0,0,0,0,0,0,0,54,0,0,0,0,0,49,0,61,46,0,56,0,0,0,0,0,0;0,0,26,60,57,0,0,0,0,0,80,57,46,0,0,42,0,60,0,0,0,0,53,0,0,0,0,61,0,0;20,0,53,0,0,55,43,33,0,79,0,46,0,0,0,55,80,30,0,54,0,0,57,0,0,62,35,0,0,59;0,0,0,46,22,0,0,80,0,0,0,0,80,55,0,40,0,47,37,0,26,0,61,78,80,0,44,0,44,0;0,49,32,49,0,0,0,0,0,0,0,0,0,0,0,0,0,73,71,0,56,20,0,0,36,55,0,0,53,77;0,0,70,0,79,0,0,0,0,0,0,0,0,0,80,0,0,0,0,0,34,65,0,33,0,0,0,63,0,0;0,0,0,77,0,22,78,0,0,0,0,0,0,71,0,80,0,27,0,0,0,42,44,31,0,0,0,0,0,71;0,44,0,0,22,0,0,0,0,37,80,77,61,28,0,0,0,0,46,0,59,70,0,72,0,69,72,80,0,80;80,73,0,0,30,0,0,0,0,80,0,0,0,0,0,0,0,0,39,0,0,0,0,30,0,0,0,49,0,0;0,52,69,54,0,46,0,32,0,73,37,0,0,49,0,75,0,0,27,0,0,0,0,0,0,0,0,0,0,49;30,0,0,0,0,20,0,0,0,76,0,0,47,0,0,0,0,0,0,0,0,36,0,20,0,0,0,58,0,0;0,0,0,71,0,0,0,0,0,0,70,0,0,80,0,0,40,0,63,0,58,0,21,0,0,0,40,0,63,21;0,0,40,34,78,0,40,69,0,0,41,0,0,0,0,0,0,0,0,0,0,0,0,58,66,0,0,0,0,0;20,0,0,64,0,0,0,0,38,35,0,0,0,0,0,0,0,80,0,0,0,0,0,0,0,0,0,0,0,0;0,0,0,80,0,74,0,0,38,0,0,46,47,0,42,0,0,80,0,0,0,0,0,0,80,66,80,0,0,0;0,0,58,0,0,0,0,0,0,0,0,0,0,0,52,0,0,0,21,0,40,0,0,0,0,0,0,0,0,0;0,0,21,0,59,0,0,44,0,0,0,0,0,0,0,0,0,0,0,0,0,0,30,0,0,0,28,0,0,0;80,0,0,0,31,0,32,0,46,0,47,0,0,60,0,0,0,0,0,59,52,0,80,0,0,0,0,0,0,0;80,0,0,44,0,0,54,0,0,0,0,0,0,70,30,0,0,23,0,75,0,0,0,0,0,46,0,80,80,33;0,23,58,0,0,34,0,0,0,0,0,57,0,0,0,0,0,0,0,0,0,0,0,0,0,0,0,0,0,0;0,0,0,0,0,0,65,0,0,0,0,0,67,0,0,0,0,0,0,39,0,0,0,63,0,79,0,0,0,48;0,0,0,0,0,0,41,38,0,0,20,0,0,51,0,0,0,0,37,0,67,0,0,0,0,27,0,0,40,0
0,0,38,0,22,31,0,0,33,34,0,0,0,0,33,38,0,38,36,0,28,0,0,38,0,0,0,29,0,0;0,0,16,0,0,38,0,0,0,0,34,0,0,0,0,0,32,0,0,34,21,24,0,26,0,33,0,0,0,0;0,0,0,29,0,19,0,0,0,40,29,0,0,0,0,0,0,0,33,0,0,32,38,0,0,0,0,0,0,0;0,38,0,0,0,0,0,0,40,0,0,26,0,0,0,0,0,0,0,0,0,31,0,0,0,27,0,0,0,0;0,0,0,38,0,0,28,0,33,0,0,0,0,0,24,0,0,0,30,0,31,0,0,35,0,0,37,0,0,0;28,0,0,0,0,0,0,0,0,0,0,0,21,0,0,0,25,25,0,0,0,0,0,20,0,0,0,0,0,0;0,0,0,21,0,39,0,36,38,0,0,27,29,0,0,0,30,0,40,29,0,0,0,0,22,0,0,31,0,35;37,0,0,30,33,0,0,0,26,29,0,33,0,0,0,0,0,0,31,0,0,0,0,30,0,0,0,0,20,0;28,27,0,0,0,0,0,0,0,0,0,0,36,0,0,0,0,0,23,0,26,27,0,26,0,0,0,0,0,0;0,0,31,40,24,0,0,0,0,0,39,31,20,0,0,37,0,33,0,0,0,0,35,0,0,0,0,38,0,0;35,0,35,0,0,38,34,20,0,34,0,40,0,0,0,38,32,34,0,39,0,0,22,0,0,31,30,0,0,20;0,0,0,23,31,0,0,31,0,0,0,0,25,35,0,26,0,36,28,0,30,0,36,35,34,0,32,0,39,0;0,34,38,28,0,0,0,0,0,0,0,0,0,0,0,0,0,39,31,0,21,29,0,0,34,38,0,0,25,28;0,0,37,0,20,0,0,0,0,0,0,0,0,0,32,0,0,0,0,0,31,29,0,21,0,0,0,36,0,0;0,0,0,20,0,26,29,0,0,0,0,0,0,24,0,34,0,24,0,0,0,28,36,37,0,0,0,0,0,26;0,38,0,0,37,0,0,0,0,40,22,36,25,35,0,0,0,0,40,0,40,20,0,30,0,20,30,22,0,30;27,35,0,0,39,0,0,0,0,34,0,0,0,0,0,0,0,0,31,0,0,0,0,28,0,0,0,33,0,0;0,26,36,32,0,20,0,22,0,34,40,0,0,25,0,31,0,0,34,0,0,0,0,0,0,0,0,0,0,39;32,0,0,0,0,30,0,0,0,21,0,0,31,0,0,0,0,0,0,0,0,25,0,28,0,0,0,32,0,0;0,0,0,23,0,0,0,0,0,0,27,0,0,31,0,0,34,0,29,0,29,0,23,0,0,0,21,0,29,27;0,0,40,27,25,0,36,35,0,0,33,0,0,0,0,0,0,0,0,0,0,0,0,23,27,0,0,0,0,0;25,0,0,29,0,0,0,0,21,29,0,0,0,0,0,0,0,32,0,0,0,0,0,0,0,0,0,0,0,0;0,0,0,32,0,29,0,0,40,0,0,35,38,0,37,0,0,29,0,0,0,0,0,0,25,24,33,0,0,0;0,0,27,0,0,0,0,0,0,0,0,0,0,0,27,0,0,0,21,0,38,0,0,0,0,0,0,0,0,0;0,0,22,0,31,0,0,20,0,0,0,0,0,0,0,0,0,0,0,0,0,0,37,0,0,0,38,0,0,0;26,0,0,0,25,0,37,0,36,0,27,0,0,27,0,0,0,0,0,23,34,0,38,0,0,0,0,0,0,0;28,0,0,35,0,0,40,0,0,0,0,0,0,33,25,0,0,35,0,32,0,0,0,0,0,23,0,31,24,39;0,27,35,0,0,24,0,0,0,0,0,26,0,0,0,0,0,0,0,0,0,0,0,0,0,0,0,0,0,0;0,0,0,0,0,0,23,0,0,0,0,0,24,0,0,0,0,0,0,33,0,0,0,33,0,21,0,0,0,38;0,0,0,0,0,0,35,22,0,0,33,0,0,35,0,0,0,0,30,0,27,0,0,0,0,22,0,0,31,0
-50,11,0,-14,26,-21,0,0,0,0,-37,0,0,0,0,0,21,0,0,15,0,30,0,29,0,23,0,-15,0,-18
------------- End of Scenario k = 8 -------
0,0,66,0,47,77,0,0,67,58,0,0,0,0,78,21,0,64,50,0,79,0,0,29,0,0,0,31,0,0;0,0,80,0,0,80,0,0,0,0,39,0,0,0,0,0,69,0,0,29,65,24,0,59,0,63,0,0,0,0;0,0,0,25,0,80,0,0,0,80,42,0,0,0,0,0,0,0,38,0,0,29,77,0,0,0,0,0,0,0;0,40,0,0,0,0,0,0,44,0,0,22,0,0,0,0,0,0,0,0,0,40,0,0,0,31,0,0,0,0;0,0,0,39,0,0,80,0,32,0,0,0,0,0,21,0,0,0,49,0,31,0,0,27,0,0,52,0,0,0;58,0,0,0,0,0,0,0,0,0,0,0,67,0,0,0,23,34,0,0,0,0,0,44,0,0,0,0,0,0;0,0,0,49,0,43,0,80,73,0,0,66,71,0,0,0,72,0,70,31,0,0,0,0,52,0,0,29,0,51;80,0,0,39,50,0,0,0,80,34,0,30,0,0,0,0,0,0,34,0,0,0,0,60,0,0,0,0,76,0;62,61,0,0,0,0,0,0,0,0,0,0,76,0,0,0,0,0,30,0,74,49,0,45,0,0,0,0,0,0;0,0,40,80,62,0,0,0,0,0,80,24,51,0,0,22,0,36,0,0,0,0,49,0,0,0,0,69,0,0;20,0,25,0,0,59,42,45,0,20,0,36,0,0,0,51,69,29,0,44,0,0,43,0,0,77,21,0,0,30;0,0,0,47,35,0,0,59,0,0,0,0,53,72,0,22,0,53,34,0,54,0,42,40,46,0,53,0,61,0;0,29,73,71,0,0,0,0,0,0,0,0,0,0,0,0,0,41,38,0,31,42,0,0,54,37,0,0,53,80;0,0,71,0,76,0,0,0,0,0,0,0,0,0,25,0,0,0,0,0,48,42,0,64,0,0,0,30,0,0;0,0,0,41,0,30,37,0,0,0,0,0,0,61,0,70,0,22,0,0,0,78,73,70,0,0,0,0,0,45;0,66,0,0,59,0,0,0,0,49,52,29,54,40,0,0,0,0,49,0,52,24,0,49,0,41,54,78,0,80;80,65,0,0,32,0,0,0,0,78,0,0,0,0,0,0,0,0,58,0,0,0,0,31,0,0,0,38,0,0;0,20,79,80,0,62,0,59,0,62,38,0,0,27,0,72,0,0,80,0,0,0,0,0,0,0,0,0,0,80;80,0,0,0,0,44,0,0,0,33,0,0,45,0,0,0,0,0,0,0,0,64,0,24,0,0,0,42,0,0;0,0,0,73,0,0,0,0,0,0,62,0,0,30,0,0,77,0,68,0,35,0,28,0,0,0,62,0,20,69;0,0,73,59,80,0,71,41,0,0,66,0,0,0,0,0,0,0,0,0,0,0,0,64,61,0,0,0,0,0;71,0,0,52,0,0,0,0,61,80,0,0,0,0,0,0,0,31,0,0,0,0,0,0,0,0,0,0,0,0;0,0,0,77,0,20,0,0,60,0,0,59,58,0,73,0,0,56,0,0,0,0,0,0,80,78,35,0,0,0;0,0,72,0,0,0,0,0,0,0,0,0,0,0,35,0,0,0,34,0,80,0,0,0,0,0,0,0,0,0;0,0,23,0,65,0,0,23,0,0,0,0,0,0,0,0,0,0,0,0,0,0,27,0,0,0,66,0,0,0;80,0,0,0,65,0,75,0,69,0,24,0,0,59,0,0,0,0,0,76,28,0,24,0,0,0,0,0,0,0;38,0,0,77,0,0,64,0,0,0,0,0,0,44,44,0,0,36,0,40,0,0,0,0,0,42,0,80,80,62;0,64,69,0,0,76,0,0,0,0,0,34,0,0,0,0,0,0,0,0,0,0,0,0,0,0,0,0,0,0;0,0,0,0,0,0,77,0,0,0,0,0,31,0,0,0,0,0,0,77,0,0,0,35,0,69,0,0,0,28;0,0,0,0,0,0,52,36,0,0,61,0,0,58,0,0,0,0,28,0,75,0,0,0,0,52,0,0,21,0
0,0,25,0,28,23,0,0,21,23,0,0,0,0,40,21,0,33,26,0,20,0,0,40,0,0,0,22,0,0;0,0,30,0,0,22,0,0,0,0,20,0,0,0,0,0,26,0,0,27,27,40,0,28,0,26,0,0,0,0;0,0,0,33,0,23,0,0,0,22,36,0,0,0,0,0,0,0,20,0,0,33,33,0,0,0,0,0,0,0;0,37,0,0,0,0,0,0,31,0,0,34,0,0,0,0,0,0,0,0,0,28,0,0,0,29,0,0,0,0;0,0,0,27,0,0,39,0,34,0,0,0,0,0,31,0,0,0,34,0,40,0,0,37,0,0,34,0,0,0;24,0,0,0,0,0,0,0,0,0,0,0,22,0,0,0,38,35,0,0,0,0,0,24,0,0,0,0,0,0;0,0,0,28,0,33,0,28,36,0,0,32,28,0,0,0,35,0,37,25,0,0,0,0,31,0,0,28,0,25;40,0,0,26,29,0,0,0,31,30,0,28,0,0,0,0,0,0,35,0,0,0,0,31,0,0,0,0,20,0;20,28,0,0,0,0,0,0,0,0,0,0,25,0,0,0,0,0,34,0,24,20,0,20,0,0,0,0,0,0;0,0,39,36,31,0,0,0,0,0,36,32,33,0,0,23,0,29,0,0,0,0,35,0,0,0,0,26,0,0;33,0,30,0,0,33,31,40,0,23,0,34,0,0,0,30,32,26,0,31,0,0,39,0,0,33,31,0,0,34;0,0,0,24,30,0,0,25,0,0,0,0,32,24,0,32,0,25,28,0,25,0,36,30,26,0,22,0,29,0;0,31,25,37,0,0,0,0,0,0,0,0,0,0,0,0,0,32,39,0,22,37,0,0,36,35,0,0,30,40;0,0,22,0,20,0,0,0,0,0,0,0,0,0,32,0,0,0,0,0,24,35,0,25,0,0,0,27,0,0;0,0,0,32,0,20,34,0,0,0,0,0,0,20,0,30,0,37,0,0,0,32,25,27,0,0,0,0,0,30;0,38,0,0,23,0,0,0,0,25,32,26,33,39,0,0,0,0,28,0,21,35,0,26,0,40,38,31,0,40;30,32,0,0,33,0,0,0,0,35,0,0,0,0,0,0,0,0,21,0,0,0,0,27,0,0,0,40,0,0;0,34,22,29,0,23,0,28,0,35,38,0,0,23,0,27,0,0,40,0,0,0,0,0,0,0,0,0,0,31;38,0,0,0,0,36,0,0,0,30,0,0,21,0,0,0,0,0,0,0,0,23,0,36,0,0,0,20,0,0;0,0,0,27,0,0,0,0,0,0,28,0,0,29,0,0,38,0,24,0,37,0,33,0,0,0,35,0,24,37;0,0,31,36,30,0,24,25,0,0,27,0,0,0,0,0,0,0,0,0,0,0,0,34,26,0,0,0,0,0;33,0,0,40,0,0,0,0,29,21,0,0,0,0,0,0,0,36,0,0,0,0,0,0,0,0,0,0,0,0;0,0,0,38,0,28,0,0,34,0,0,25,27,0,35,0,0,23,0,0,0,0,0,0,36,23,38,0,0,0;0,0,36,0,0,0,0,0,0,0,0,0,0,0,29,0,0,0,32,0,36,0,0,0,0,0,0,0,0,0;0,0,28,0,29,0,0,31,0,0,0,0,0,0,0,0,0,0,0,0,0,0,21,0,0,0,39,0,0,0;28,0,0,0,21,0,30,0,35,0,29,0,0,40,0,0,0,0,0,39,27,0,33,0,0,0,0,0,0,0;21,0,0,35,0,0,20,0,0,0,0,0,0,21,33,0,0,36,0,29,0,0,0,0,0,30,0,25,33,35;0,35,25,0,0,28,0,0,0,0,0,21,0,0,0,0,0,0,0,0,0,0,0,0,0,0,0,0,0,0;0,0,0,0,0,0,36,0,0,0,0,0,30,0,0,0,0,0,0,36,0,0,0,27,0,23,0,0,0,27;0,0,0,0,0,0,26,28,0,0,32,0,0,39,0,0,0,0,30,0,29,0,0,0,0,26,0,0,20,0
-54,12,0,-9,18,-19,0,0,0,0,-45,0,0,0,0,0,30,0,0,26,0,29,0,24,0,24,0,-15,0,-21
------------- End of Scenario k = 9 -------
0,0,59,0,69,47,0,0,46,42,0,0,0,0,34,46,0,54,42,0,39,0,0,22,0,0,0,56,0,0;0,0,74,0,0,42,0,0,0,0,54,0,0,0,0,0,27,0,0,65,57,53,0,23,0,63,0,0,0,0;0,0,0,75,0,53,0,0,0,40,28,0,0,0,0,0,0,0,74,0,0,50,68,0,0,0,0,0,0,0;0,74,0,0,0,0,0,0,77,0,0,64,0,0,0,0,0,0,0,0,0,45,0,0,0,26,0,0,0,0;0,0,0,77,0,0,62,0,76,0,0,0,0,0,36,0,0,0,52,0,29,0,0,35,0,0,73,0,0,0;27,0,0,0,0,0,0,0,0,0,0,0,20,0,0,0,49,74,0,0,0,0,0,31,0,0,0,0,0,0;0,0,0,76,0,77,0,74,71,0,0,76,44,0,0,0,64,0,48,29,0,0,0,0,72,0,0,64,0,27;80,0,0,40,67,0,0,0,66,21,0,68,0,0,0,0,0,0,79,0,0,0,0,25,0,0,0,0,52,0;52,45,0,0,0,0,0,0,0,0,0,0,30,0,0,0,0,0,46,0,45,45,0,58,0,0,0,0,0,0;0,0,41,80,72,0,0,0,0,0,80,79,55,0,0,43,0,79,0,0,0,0,59,0,0,0,0,43,0,0;36,0,25,0,0,21,54,45,0,64,0,23,0,0,0,42,70,67,0,32,0,0,40,0,0,20,55,0,0,32;0,0,0,46,62,0,0,70,0,0,0,0,66,39,0,32,0,51,80,0,47,0,69,40,69,0,51,0,40,0;0,32,50,29,0,0,0,0,0,0,0,0,0,0,0,0,0,56,65,0,55,34,0,0,78,62,0,0,63,25;0,0,73,0,77,0,0,0,0,0,0,0,0,0,80,0,0,0,0,0,73,65,0,43,0,0,0,79,0,0;0,0,0,64,0,44,41,0,0,0,0,0,0,67,0,66,0,58,0,0,0,49,22,26,0,0,0,0,0,56;0,46,0,0,62,0,0,0,0,54,48,69,55,70,0,0,0,0,47,0,46,42,0,70,0,36,37,61,0,74;22,66,0,0,52,0,0,0,0,80,0,0,0,0,0,0,0,0,71,0,0,0,0,33,0,0,0,80,0,0;0,43,51,80,0,64,0,67,0,75,48,0,0,55,0,73,0,0,80,0,0,0,0,0,0,0,0,0,0,54;46,0,0,0,0,45,0,0,0,58,0,0,42,0,0,0,0,0,0,0,0,23,0,69,0,0,0,54,0,0;0,0,0,73,0,0,0,0,0,0,32,0,0,80,0,0,31,0,64,0,29,0,76,0,0,0,58,0,69,76;0,0,59,23,75,0,64,60,0,0,74,0,0,0,0,0,0,0,0,0,0,0,0,21,70,0,0,0,0,0;32,0,0,36,0,0,0,0,66,48,0,0,0,0,0,0,0,53,0,0,0,0,0,0,0,0,0,0,0,0;0,0,0,80,0,40,0,0,65,0,0,79,70,0,62,0,0,21,0,0,0,0,0,0,24,43,43,0,0,0;0,0,57,0,0,0,0,0,0,0,0,0,0,0,57,0,0,0,61,0,66,0,0,0,0,0,0,0,0,0;0,0,53,0,67,0,0,32,0,0,0,0,0,0,0,0,0,0,0,0,0,0,60,0,0,0,79,0,0,0;36,0,0,0,39,0,69,0,28,0,29,0,0,79,0,0,0,0,0,64,69,0,48,0,0,0,0,0,0,0;35,0,0,42,0,0,29,0,0,0,0,0,0,74,69,0,0,75,0,43,0,0,0,0,0,67,0,50,80,25;0,52,40,0,0,21,0,0,0,0,0,46,0,0,0,0,0,0,0,0,0,0,0,0,0,0,0,0,0,0;0,0,0,0,0,0,36,0,0,0,0,0,67,0,0,0,0,0,0,61,0,0,0,39,0,70,0,0,0,25;0,0,0,0,0,0,38,74,0,0,54,0,0,54,0,0,0,0,33,0,68,0,0,0,0,37,0,0,31,0
0,0,30,0,31,24,0,0,40,37,0,0,0,0,31,36,0,33,39,0,26,0,0,28,0,0,0,38,0,0;0,0,36,0,0,35,0,0,0,0,35,0,0,0,0,0,34,0,0,20,34,33,0,36,0,34,0,0,0,0;0,0,0,30,0,30,0,0,0,40,28,0,0,0,0,0,0,0,34,0,0,36,30,0,0,0,0,0,0,0;0,32,0,0,0,0,0,0,24,0,0,21,0,0,0,0,0,0,0,0,0,22,0,0,0,28,0,0,0,0;0,0,0,27,0,0,24,0,28,0,0,0,0,0,22,0,0,0,27,0,35,0,0,35,0,0,25,0,0,0;20,0,0,0,0,0,0,0,0,0,0,0,34,0,0,0,35,33,0,0,0,0,0,26,0,0,0,0,0,0;0,0,0,32,0,23,0,38,29,0,0,40,37,0,0,0,21,0,22,27,0,0,0,0,39,0,0,19,0,25;30,0,0,37,34,0,0,0,32,34,0,27,0,0,0,0,0,0,34,0,0,0,0,40,0,0,0,0,20,0;32,36,0,0,0,0,0,0,0,0,0,0,36,0,0,0,0,0,22,0,20,25,0,29,0,0,0,0,0,0;0,0,20,15,32,0,0,0,0,0,32,34,39,0,0,26,0,23,0,0,0,0,27,0,0,0,0,29,0,0;21,0,20,0,0,38,27,39,0,32,0,25,0,0,0,38,38,29,0,39,0,0,34,0,0,35,30,0,0,25;0,0,0,20,25,0,0,29,0,0,0,0,40,22,0,25,0,25,37,0,22,0,21,38,40,0,38,0,27,0;0,26,21,31,0,0,0,0,0,0,0,0,0,0,0,0,0,36,20,0,40,26,0,0,30,27,0,0,27,28;0,0,27,0,35,0,0,0,0,0,0,0,0,0,33,0,0,0,0,0,39,40,0,23,0,0,0,39,0,0;0,0,0,26,0,29,28,0,0,0,0,0,0,31,0,37,0,35,0,0,0,28,31,31,0,0,0,0,0,37;0,36,0,0,28,0,0,0,0,28,40,27,34,29,0,0,0,0,38,0,20,25,0,32,0,36,27,30,0,40;19,38,0,0,30,0,0,0,0,31,0,0,0,0,0,0,0,0,40,0,0,0,0,37,0,0,0,17,0,0;0,26,23,38,0,40,0,39,0,21,39,0,0,31,0,31,0,0,35,0,0,0,0,0,0,0,0,0,0,33;27,0,0,0,0,40,0,0,0,33,0,0,36,0,0,0,0,0,0,0,0,22,0,24,0,0,0,37,0,0;0,0,0,20,0,0,0,0,0,0,30,0,0,39,0,0,24,0,24,0,30,0,33,0,0,0,32,0,25,26;0,0,34,39,33,0,26,33,0,0,38,0,0,0,0,0,0,0,0,0,0,0,0,39,38,0,0,0,0,0;36,0,0,25,0,0,0,0,26,35,0,0,0,0,0,0,0,37,0,0,0,0,0,0,0,0,0,0,0,0;0,0,0,35,0,28,0,0,33,0,0,30,38,0,28,0,0,30,0,0,0,0,0,0,38,30,36,0,0,0;0,0,26,0,0,0,0,0,0,0,0,0,0,0,31,0,0,0,22,0,32,0,0,0,0,0,0,0,0,0;0,0,36,0,28,0,0,30,0,0,0,0,0,0,0,0,0,0,0,0,0,0,34,0,0,0,30,0,0,0;29,0,0,0,25,0,35,0,35,0,32,0,0,28,0,0,0,0,0,34,24,0,37,0,0,0,0,0,0,0;25,0,0,34,0,0,20,0,0,0,0,0,0,38,33,0,0,30,0,24,0,0,0,0,0,33,0,32,36,40;0,38,26,0,0,25,0,0,0,0,0,20,0,0,0,0,0,0,0,0,0,0,0,0,0,0,0,0,0,0;0,0,0,0,0,0,29,0,0,0,0,0,28,0,0,0,0,0,0,34,0,0,0,39,0,38,0,0,0,39;0,0,0,0,0,0,20,21,0,0,20,0,0,21,0,0,0,0,32,0,21,0,0,0,0,34,0,0,38,0
-34,26,0,-9,19,-30,0,0,0,0,-26,0,0,0,0,0,14,0,0,30,0,26,0,11,0,29,0,-36,0,-20
------------- End of Scenario k = 10 -------
0,0,67,0,31,74,0,0,53,47,0,0,0,0,58,76,0,79,68,0,58,0,0,49,0,0,0,37,0,0;0,0,80,0,0,38,0,0,0,0,72,0,0,0,0,0,80,0,0,69,38,27,0,58,0,59,0,0,0,0;0,0,0,65,0,56,0,0,0,76,41,0,0,0,0,0,0,0,34,0,0,35,24,0,0,0,0,0,0,0;0,75,0,0,0,0,0,0,46,0,0,27,0,0,0,0,0,0,0,0,0,30,0,0,0,29,0,0,0,0;0,0,0,37,0,0,29,0,43,0,0,0,0,0,49,0,0,0,56,0,76,0,0,35,0,0,44,0,0,0;24,0,0,0,0,0,0,0,0,0,0,0,76,0,0,0,34,29,0,0,0,0,0,58,0,0,0,0,0,0;0,0,0,56,0,32,0,80,56,0,0,43,63,0,0,0,29,0,72,23,0,0,0,0,45,0,0,35,0,51;80,0,0,71,29,0,0,0,68,29,0,50,0,0,0,0,0,0,49,0,0,0,0,66,0,0,0,0,80,0;77,70,0,0,0,0,0,0,0,0,0,0,63,0,0,0,0,0,22,0,47,36,0,22,0,0,0,0,0,0;0,0,48,31,77,0,0,0,0,0,27,80,41,0,0,55,0,68,0,0,0,0,45,0,0,0,0,29,0,0;70,0,26,0,0,51,49,67,0,35,0,41,0,0,0,52,28,63,0,69,0,0,28,0,0,64,42,0,0,26;0,0,0,28,44,0,0,33,0,0,0,0,33,28,0,74,0,39,63,0,44,0,72,23,30,0,53,0,78,0;0,55,79,29,0,0,0,0,0,0,0,0,0,0,0,0,0,45,53,0,45,79,0,0,29,78,0,0,70,36;0,0,78,0,57,0,0,0,0,0,0,0,0,0,58,0,0,0,0,0,22,39,0,50,0,0,0,52,0,0;0,0,0,56,0,55,57,0,0,0,0,0,0,29,0,63,0,71,0,0,0,57,42,40,0,0,0,0,0,50;0,62,0,0,26,0,0,0,0,53,80,37,80,79,0,0,0,0,22,0,76,62,0,24,0,59,38,32,0,80;80,41,0,0,69,0,0,0,0,75,0,0,0,0,0,0,0,0,41,0,0,0,0,73,0,0,0,43,0,0;0,67,76,67,0,37,0,41,0,80,78,0,0,26,0,60,0,0,20,0,0,0,0,0,0,0,0,0,0,80;80,0,0,0,0,72,0,0,0,41,0,0,53,0,0,0,0,0,0,0,0,73,0,47,0,0,0,20,0,0;0,0,0,77,0,0,0,0,0,0,78,0,0,70,0,0,37,0,47,0,41,0,26,0,0,0,36,0,38,33;0,0,29,64,30,0,69,65,0,0,80,0,0,0,0,0,0,0,0,0,0,0,0,32,51,0,0,0,0,0;44,0,0,26,0,0,0,0,23,71,0,0,0,0,0,0,0,80,0,0,0,0,0,0,0,0,0,0,0,0;0,0,0,42,0,77,0,0,66,0,0,39,25,0,55,0,0,67,0,0,0,0,0,0,68,27,74,0,0,0;0,0,65,0,0,0,0,0,0,0,0,0,0,0,73,0,0,0,66,0,80,0,0,0,0,0,0,0,0,0;0,0,63,0,29,0,0,58,0,0,0,0,0,0,0,0,0,0,0,0,0,0,24,0,0,0,80,0,0,0;71,0,0,0,34,0,48,0,32,0,33,0,0,23,0,0,0,0,0,68,52,0,80,0,0,0,0,0,0,0;78,0,0,68,0,0,31,0,0,0,0,0,0,49,35,0,0,74,0,42,0,0,0,0,0,39,0,40,80,35;0,44,29,0,0,39,0,0,0,0,0,66,0,0,0,0,0,0,0,0,0,0,0,0,0,0,0,0,0,0;0,0,0,0,0,0,59,0,0,0,0,0,57,0,0,0,0,0,0,52,0,0,0,76,0,67,0,0,0,60;0,0,0,0,0,0,59,52,0,0,48,0,0,51,0,0,0,0,31,0,28,0,0,0,0,58,0,0,25,0
0,0,34,0,39,31,0,0,21,27,0,0,0,0,30,38,0,25,30,0,37,0,0,23,0,0,0,26,0,0;0,0,27,0,0,32,0,0,0,0,40,0,0,0,0,0,33,0,0,38,40,38,0,24,0,40,0,0,0,0;0,0,0,37,0,27,0,0,0,38,32,0,0,0,0,0,0,0,22,0,0,25,36,0,0,0,0,0,0,0;0,39,0,0,0,0,0,0,36,0,0,29,0,0,0,0,0,0,0,0,0,29,0,0,0,39,0,0,0,0;0,0,0,40,0,0,40,0,20,0,0,0,0,0,37,0,0,0,24,0,32,0,0,31,0,0,31,0,0,0;20,0,0,0,0,0,0,0,0,0,0,0,35,0,0,0,21,40,0,0,0,0,0,25,0,0,0,0,0,0;0,0,0,40,0,39,0,24,32,0,0,31,31,0,0,0,40,0,40,27,0,0,0,0,25,0,0,21,0,20;20,0,0,40,38,0,0,0,23,26,0,27,0,0,0,0,0,0,22,0,0,0,0,23,0,0,0,0,32,0;29,31,0,0,0,0,0,0,0,0,0,0,33,0,0,0,0,0,24,0,23,36,0,36,0,0,0,0,0,0;0,0,37,31,21,0,0,0,0,0,30,30,38,0,0,25,0,29,0,0,0,0,40,0,0,0,0,34,0,0;30,0,40,0,0,27,23,35,0,23,0,34,0,0,0,38,20,37,0,31,0,0,25,0,0,23,34,0,0,26;0,0,0,34,39,0,0,27,0,0,0,0,33,29,0,29,0,37,28,0,29,0,24,35,31,0,40,0,23,0;0,22,32,35,0,0,0,0,0,0,0,0,0,0,0,0,0,20,24,0,26,39,0,0,24,31,0,0,23,32;0,0,35,0,34,0,0,0,0,0,0,0,0,0,20,0,0,0,0,0,28,25,0,34,0,0,0,39,0,0;0,0,0,22,0,20,32,0,0,0,0,0,0,32,0,29,0,35,0,0,0,28,38,22,0,0,0,0,0,28;0,28,0,0,29,0,0,0,0,39,23,24,22,30,0,0,0,0,35,0,22,21,0,22,0,38,36,35,0,36;35,38,0,0,32,0,0,0,0,34,0,0,0,0,0,0,0,0,30,0,0,0,0,29,0,0,0,35,0,0;0,32,24,29,0,33,0,27,0,20,39,0,0,35,0,22,0,0,39,0,0,0,0,0,0,0,0,0,0,39;26,0,0,0,0,36,0,0,0,36,0,0,39,0,0,0,0,0,0,0,0,37,0,34,0,0,0,34,0,0;0,0,0,31,0,0,0,0,0,0,29,0,0,27,0,0,25,0,32,0,27,0,31,0,0,0,36,0,26,37;0,0,29,34,28,0,25,32,0,0,25,0,0,0,0,0,0,0,0,0,0,0,0,23,40,0,0,0,0,0;39,0,0,22,0,0,0,0,37,23,0,0,0,0,0,0,0,28,0,0,0,0,0,0,0,0,0,0,0,0;0,0,0,37,0,32,0,0,31,0,0,27,21,0,33,0,0,32,0,0,0,0,0,0,29,22,27,0,0,0;0,0,21,0,0,0,0,0,0,0,0,0,0,0,31,0,0,0,31,0,34,0,0,0,0,0,0,0,0,0;0,0,35,0,29,0,0,21,0,0,0,0,0,0,0,0,0,0,0,0,0,0,32,0,0,0,28,0,0,0;33,0,0,0,40,0,37,0,33,0,20,0,0,32,0,0,0,0,0,32,32,0,33,0,0,0,0,0,0,0;28,0,0,29,0,0,35,0,0,0,0,0,0,29,36,0,0,32,0,37,0,0,0,0,0,27,0,27,27,25;0,20,31,0,0,29,0,0,0,0,0,36,0,0,0,0,0,0,0,0,0,0,0,0,0,0,0,0,0,0;0,0,0,0,0,0,26,0,0,0,0,0,33,0,0,0,0,0,0,34,0,0,0,23,0,28,0,0,0,34;0,0,0,0,0,0,31,25,0,0,34,0,0,33,0,0,0,0,27,0,33,0,0,0,0,40,0,0,27,0
-32,15,0,-20,12,-29,0,0,0,0,-25,0,0,0,0,0,29,0,0,20,0,25,0,17,0,26,0,-20,0,-18
------------- End of Scenario k = 11 -------
0,0,47,0,57,47,0,0,33,55,0,0,0,0,34,76,0,34,62,0,69,0,0,24,0,0,0,65,0,0;0,0,61,0,0,67,0,0,0,0,36,0,0,0,0,0,43,0,0,39,51,22,0,63,0,48,0,0,0,0;0,0,0,20,0,36,0,0,0,64,65,0,0,0,0,0,0,0,36,0,0,34,40,0,0,0,0,0,0,0;0,55,0,0,0,0,0,0,73,0,0,29,0,0,0,0,0,0,0,0,0,22,0,0,0,65,0,0,0,0;0,0,0,79,0,0,80,0,26,0,0,0,0,0,44,0,0,0,46,0,40,0,0,78,0,0,27,0,0,0;73,0,0,0,0,0,0,0,0,0,0,0,76,0,0,0,27,75,0,0,0,0,0,69,0,0,0,0,0,0;0,0,0,40,0,71,0,80,72,0,0,37,62,0,0,0,27,0,37,69,0,0,0,0,75,0,0,80,0,44;58,0,0,66,48,0,0,0,80,57,0,42,0,0,0,0,0,0,53,0,0,0,0,41,0,0,0,0,37,0;65,27,0,0,0,0,0,0,0,0,0,0,54,0,0,0,0,0,25,0,23,20,0,53,0,0,0,0,0,0;0,0,80,80,66,0,0,0,0,0,80,80,57,0,0,36,0,55,0,0,0,0,66,0,0,0,0,47,0,0;75,0,50,0,0,65,28,43,0,24,0,41,0,0,0,50,58,30,0,73,0,0,76,0,0,80,49,0,0,27;0,0,0,60,24,0,0,50,0,0,0,0,44,41,0,56,0,35,32,0,55,0,42,21,51,0,52,0,32,0;0,22,60,60,0,0,0,0,0,0,0,0,0,0,0,0,0,55,36,0,77,62,0,0,67,68,0,0,48,55;0,0,69,0,68,0,0,0,0,0,0,0,0,0,80,0,0,0,0,0,24,42,0,62,0,0,0,28,0,0;0,0,0,47,0,23,60,0,0,0,0,0,0,71,0,80,0,50,0,0,0,73,70,78,0,0,0,0,0,26;0,39,0,0,52,0,0,0,0,48,80,68,41,58,0,0,0,0,33,0,40,21,0,47,0,76,26,80,0,52;80,63,0,0,42,0,0,0,0,71,0,0,0,0,0,0,0,0,69,0,0,0,0,35,0,0,0,80,0,0;0,43,63,41,0,29,0,56,0,32,29,0,0,31,0,38,0,0,80,0,0,0,0,0,0,0,0,0,0,43;63,0,0,0,0,80,0,0,0,24,0,0,53,0,0,0,0,0,0,0,0,45,0,35,0,0,0,33,0,0;0,0,0,26,0,0,0,0,0,0,41,0,0,28,0,0,48,0,52,0,46,0,55,0,0,0,71,0,64,42;0,0,47,52,32,0,73,53,0,0,80,0,0,0,0,0,0,0,0,0,0,0,0,29,73,0,0,0,0,0;79,0,0,44,0,0,0,0,69,30,0,0,0,0,0,0,0,67,0,0,0,0,0,0,0,0,0,0,0,0;0,0,0,69,0,54,0,0,25,0,0,26,30,0,41,0,0,74,0,0,0,0,0,0,63,22,28,0,0,0;0,0,34,0,0,0,0,0,0,0,0,0,0,0,39,0,0,0,71,0,25,0,0,0,0,0,0,0,0,0;0,0,53,0,44,0,0,27,0,0,0,0,0,0,0,0,0,0,0,0,0,0,33,0,0,0,80,0,0,0;80,0,0,0,23,0,50,0,31,0,29,0,0,24,0,0,0,0,0,47,57,0,80,0,0,0,0,0,0,0;40,0,0,27,0,0,49,0,0,0,0,0,0,70,76,0,0,42,0,78,0,0,0,0,0,50,0,76,80,70;0,22,61,0,0,72,0,0,0,0,0,31,0,0,0,0,0,0,0,0,0,0,0,0,0,0,0,0,0,0;0,0,0,0,0,0,54,0,0,0,0,0,47,0,0,0,0,0,0,66,0,0,0,44,0,42,0,0,0,65;0,0,0,0,0,0,44,75,0,0,75,0,0,59,0,0,0,0,32,0,80,0,0,0,0,36,0,0,77,0
0,0,22,0,31,36,0,0,40,35,0,0,0,0,34,21,0,26,30,0,35,0,0,24,0,0,0,29,0,0;0,0,39,0,0,27,0,0,0,0,26,0,0,0,0,0,38,0,0,27,29,30,0,24,0,39,0,0,0,0;0,0,0,38,0,20,0,0,0,30,26,0,0,0,0,0,0,0,32,0,0,33,21,0,0,0,0,0,0,0;0,28,0,0,0,0,0,0,34,0,0,22,0,0,0,0,0,0,0,0,0,35,0,0,0,28,0,0,0,0;0,0,0,20,0,0,18,0,20,0,0,0,0,0,24,0,0,0,30,0,20,0,0,25,0,0,21,0,0,0;40,0,0,0,0,0,0,0,0,0,0,0,21,0,0,0,34,26,0,0,0,0,0,37,0,0,0,0,0,0;0,0,0,27,0,38,0,33,26,0,0,33,30,0,0,0,25,0,34,23,0,0,0,0,30,0,0,33,0,40;37,0,0,26,33,0,0,0,36,29,0,24,0,0,0,0,0,0,40,0,0,0,0,26,0,0,0,0,30,0;38,40,0,0,0,0,0,0,0,0,0,0,20,0,0,0,0,0,30,0,22,20,0,26,0,0,0,0,0,0;0,0,29,20,34,0,0,0,0,0,38,31,34,0,0,35,0,36,0,0,0,0,26,0,0,0,0,25,0,0;29,0,34,0,0,24,27,22,0,31,0,39,0,0,0,32,25,31,0,40,0,0,21,0,0,25,36,0,0,35;0,0,0,40,27,0,0,23,0,0,0,0,17,39,0,22,0,40,28,0,38,0,23,40,22,0,22,0,30,0;0,40,31,21,0,0,0,0,0,0,0,0,0,0,0,0,0,26,27,0,20,37,0,0,27,26,0,0,33,39;0,0,34,0,37,0,0,0,0,0,0,0,0,0,20,0,0,0,0,0,38,39,0,27,0,0,0,27,0,0;0,0,0,27,0,23,22,0,0,0,0,0,0,39,0,22,0,35,0,0,0,20,27,24,0,0,0,0,0,25;0,38,0,0,23,0,0,0,0,34,25,32,38,31,0,0,0,0,35,0,32,32,0,37,0,33,30,28,0,32;25,40,0,0,23,0,0,0,0,24,0,0,0,0,0,0,0,0,38,0,0,0,0,23,0,0,0,19,0,0;0,23,38,29,0,36,0,22,0,31,39,0,0,20,0,26,0,0,28,0,0,0,0,0,0,0,0,0,0,35;36,0,0,0,0,30,0,0,0,20,0,0,30,0,0,0,0,0,0,0,0,33,0,34,0,0,0,39,0,0;0,0,0,29,0,0,0,0,0,0,27,0,0,34,0,0,32,0,28,0,27,0,38,0,0,0,26,0,38,30;0,0,30,24,22,0,34,23,0,0,21,0,0,0,0,0,0,0,0,0,0,0,0,33,35,0,0,0,0,0;29,0,0,24,0,0,0,0,28,34,0,0,0,0,0,0,0,32,0,0,0,0,0,0,0,0,0,0,0,0;0,0,0,35,0,27,0,0,23,0,0,31,23,0,24,0,0,35,0,0,0,0,0,0,34,38,32,0,0,0;0,0,30,0,0,0,0,0,0,0,0,0,0,0,28,0,0,0,36,0,24,0,0,0,0,0,0,0,0,0;0,0,28,0,27,0,0,35,0,0,0,0,0,0,0,0,0,0,0,0,0,0,35,0,0,0,21,0,0,0;29,0,0,0,36,0,37,0,24,0,25,0,0,34,0,0,0,0,0,31,25,0,19,0,0,0,0,0,0,0;26,0,0,27,0,0,25,0,0,0,0,0,0,39,20,0,0,20,0,30,0,0,0,0,0,22,0,26,34,28;0,31,37,0,0,38,0,0,0,0,0,33,0,0,0,0,0,0,0,0,0,0,0,0,0,0,0,0,0,0;0,0,0,0,0,0,21,0,0,0,0,0,22,0,0,0,0,0,0,38,0,0,0,26,0,22,0,0,0,31;0,0,0,0,0,0,30,28,0,0,36,0,0,27,0,0,0,0,26,0,20,0,0,0,0,33,0,0,26,0
-29,10,0,-15,17,-13,0,0,0,0,-21,0,0,0,0,0,10,0,0,20,0,26,0,12,0,19,0,-26,0,-10
------------- End of Scenario k = 12 -------
0,0,70,0,54,27,0,0,74,34,0,0,0,0,43,75,0,23,31,0,35,0,0,26,0,0,0,65,0,0;0,0,62,0,0,54,0,0,0,0,24,0,0,0,0,0,44,0,0,56,28,53,0,60,0,69,0,0,0,0;0,0,0,55,0,58,0,0,0,60,73,0,0,0,0,0,0,0,73,0,0,69,23,0,0,0,0,0,0,0;0,61,0,0,0,0,0,0,60,0,0,56,0,0,0,0,0,0,0,0,0,47,0,0,0,63,0,0,0,0;0,0,0,68,0,0,62,0,74,0,0,0,0,0,47,0,0,0,46,0,47,0,0,57,0,0,37,0,0,0;72,0,0,0,0,0,0,0,0,0,0,0,25,0,0,0,45,52,0,0,0,0,0,33,0,0,0,0,0,0;0,0,0,74,0,20,0,22,79,0,0,49,65,0,0,0,22,0,69,39,0,0,0,0,53,0,0,80,0,59;80,0,0,61,79,0,0,0,43,29,0,38,0,0,0,0,0,0,76,0,0,0,0,21,0,0,0,0,44,0;26,68,0,0,0,0,0,0,0,0,0,0,29,0,0,0,0,0,68,0,66,70,0,63,0,0,0,0,0,0;0,0,51,63,48,0,0,0,0,0,37,56,53,0,0,71,0,65,0,0,0,0,67,0,0,0,0,36,0,0;36,0,39,0,0,55,66,32,0,36,0,36,0,0,0,76,49,34,0,25,0,0,32,0,0,51,77,0,0,24;0,0,0,37,36,0,0,46,0,0,0,0,80,48,0,36,0,32,20,0,28,0,46,52,65,0,37,0,48,0;0,43,59,31,0,0,0,0,0,0,0,0,0,0,0,0,0,73,72,0,78,20,0,0,44,55,0,0,53,80;0,0,57,0,42,0,0,0,0,0,0,0,0,0,80,0,0,0,0,0,25,24,0,21,0,0,0,55,0,0;0,0,0,27,0,76,59,0,0,0,0,0,0,32,0,31,0,77,0,0,0,62,71,58,0,0,0,0,0,56;0,76,0,0,56,0,0,0,0,34,80,46,26,49,0,0,0,0,59,0,30,46,0,75,0,71,35,80,0,55;80,63,0,0,27,0,0,0,0,46,0,0,0,0,0,0,0,0,80,0,0,0,0,36,0,0,0,54,0,0;0,58,79,44,0,49,0,50,0,42,46,0,0,35,0,54,0,0,61,0,0,0,0,0,0,0,0,0,0,46;80,0,0,0,0,50,0,0,0,75,0,0,62,0,0,0,0,0,0,0,0,55,0,53,0,0,0,43,0,0;0,0,0,61,0,0,0,0,0,0,74,0,0,42,0,0,22,0,72,0,38,0,32,0,0,0,43,0,64,28;0,0,53,54,38,0,63,67,0,0,80,0,0,0,0,0,0,0,0,0,0,0,0,20,75,0,0,0,0,0;61,0,0,67,0,0,0,0,31,47,0,0,0,0,0,0,0,50,0,0,0,0,0,0,0,0,0,0,0,0;0,0,0,80,0,66,0,0,48,0,0,41,53,0,71,0,0,21,0,0,0,0,0,0,52,52,59,0,0,0;0,0,35,0,0,0,0,0,0,0,0,0,0,0,78,0,0,0,61,0,80,0,0,0,0,0,0,0,0,0;0,0,63,0,43,0,0,48,0,0,0,0,0,0,0,0,0,0,0,0,0,0,53,0,0,0,80,0,0,0;80,0,0,0,22,0,37,0,25,0,47,0,0,60,0,0,0,0,0,68,66,0,80,0,0,0,0,0,0,0;41,0,0,58,0,0,33,0,0,0,0,0,0,38,50,0,0,22,0,60,0,0,0,0,0,51,0,22,80,77;0,71,74,0,0,57,0,0,0,0,0,79,0,0,0,0,0,0,0,0,0,0,0,0,0,0,0,0,0,0;0,0,0,0,0,0,42,0,0,0,0,0,66,0,0,0,0,0,0,61,0,0,0,59,0,41,0,0,0,60;0,0,0,0,0,0,68,67,0,0,61,0,0,43,0,0,0,0,65,0,62,0,0,0,0,40,0,0,30,0
0,0,31,0,25,29,0,0,35,23,0,0,0,0,34,36,0,26,28,0,28,0,0,31,0,0,0,38,0,0;0,0,40,0,0,20,0,0,0,0,39,0,0,0,0,0,21,0,0,24,21,34,0,37,0,33,0,0,0,0;0,0,0,25,0,36,0,0,0,31,29,0,0,0,0,0,0,0,37,0,0,35,26,0,0,0,0,0,0,0;0,23,0,0,0,0,0,0,21,0,0,35,0,0,0,0,0,0,0,0,0,30,0,0,0,39,0,0,0,0;0,0,0,36,0,0,36,0,23,0,0,0,0,0,37,0,0,0,22,0,25,0,0,20,0,0,21,0,0,0;28,0,0,0,0,0,0,0,0,0,0,0,29,0,0,0,28,35,0,0,0,0,0,33,0,0,0,0,0,0;0,0,0,38,0,33,0,33,40,0,0,24,31,0,0,0,30,0,40,22,0,0,0,0,39,0,0,27,0,28;37,0,0,31,38,0,0,0,36,37,0,29,0,0,0,0,0,0,36,0,0,0,0,24,0,0,0,0,28,0;24,34,0,0,0,0,0,0,0,0,0,0,40,0,0,0,0,0,29,0,26,38,0,38,0,0,0,0,0,0;0,0,20,34,34,0,0,0,0,0,32,38,23,0,0,34,0,38,0,0,0,0,22,0,0,0,0,35,0,0;29,0,20,0,0,27,37,28,0,22,0,20,0,0,0,36,25,38,0,23,0,0,26,0,0,34,37,0,0,36;0,0,0,37,34,0,0,28,0,0,0,0,38,21,0,38,0,39,25,0,31,0,38,23,39,0,25,0,37,0;0,37,36,20,0,0,0,0,0,0,0,0,0,0,0,0,0,38,39,0,32,28,0,0,40,32,0,0,39,34;0,0,39,0,24,0,0,0,0,0,0,0,0,0,38,0,0,0,0,0,30,34,0,31,0,0,0,34,0,0;0,0,0,30,0,23,38,0,0,0,0,0,0,20,0,28,0,32,0,0,0,26,20,31,0,0,0,0,0,25;0,39,0,0,25,0,0,0,0,30,32,32,34,36,0,0,0,0,39,0,23,28,0,33,0,38,38,39,0,35;29,35,0,0,32,0,0,0,0,40,0,0,0,0,0,0,0,0,34,0,0,0,0,27,0,0,0,31,0,0;0,25,36,31,0,28,0,40,0,29,31,0,0,39,0,35,0,0,38,0,0,0,0,0,0,0,0,0,0,33;31,0,0,0,0,29,0,0,0,23,0,0,26,0,0,0,0,0,0,0,0,29,0,28,0,0,0,36,0,0;0,0,0,24,0,0,0,0,0,0,23,0,0,32,0,0,38,0,32,0,26,0,22,0,0,0,22,0,37,25;0,0,34,38,29,0,22,31,0,0,15,0,0,0,0,0,0,0,0,0,0,0,0,39,22,0,0,0,0,0;20,0,0,22,0,0,0,0,30,25,0,0,0,0,0,0,0,35,0,0,0,0,0,0,0,0,0,0,0,0;0,0,0,20,0,32,0,0,20,0,0,31,31,0,31,0,0,34,0,0,0,0,0,0,29,38,34,0,0,0;0,0,23,0,0,0,0,0,0,0,0,0,0,0,23,0,0,0,38,0,13,0,0,0,0,0,0,0,0,0;0,0,23,0,35,0,0,40,0,0,0,0,0,0,0,0,0,0,0,0,0,0,32,0,0,0,18,0,0,0;30,0,0,0,28,0,36,0,34,0,22,0,0,32,0,0,0,0,0,23,20,0,22,0,0,0,0,0,0,0;31,0,0,26,0,0,25,0,0,0,0,0,0,33,40,0,0,27,0,21,0,0,0,0,0,30,0,19,24,31;0,35,21,0,0,27,0,0,0,0,0,37,0,0,0,0,0,0,0,0,0,0,0,0,0,0,0,0,0,0;0,0,0,0,0,0,39,0,0,0,0,0,22,0,0,0,0,0,0,32,0,0,0,34,0,31,0,0,0,22;0,0,0,0,0,0,24,21,0,0,40,0,0,26,0,0,0,0,36,0,31,0,0,0,0,37,0,0,28,0
-38,23,0,-27,27,-25,0,0,0,0,-22,0,0,0,0,0,24,0,0,19,0,29,0,11,0,18,0,-20,0,-19
------------- End of Scenario k = 13 -------
0,0,57,0,21,78,0,0,78,44,0,0,0,0,45,59,0,58,29,0,47,0,0,33,0,0,0,26,0,0;0,0,80,0,0,73,0,0,0,0,31,0,0,0,0,0,33,0,0,52,25,77,0,38,0,61,0,0,0,0;0,0,0,33,0,41,0,0,0,54,74,0,0,0,0,0,0,0,76,0,0,79,20,0,0,0,0,0,0,0;0,58,0,0,0,0,0,0,35,0,0,30,0,0,0,0,0,0,0,0,0,37,0,0,0,72,0,0,0,0;0,0,0,80,0,0,80,0,33,0,0,0,0,0,66,0,0,0,46,0,36,0,0,73,0,0,33,0,0,0;79,0,0,0,0,0,0,0,0,0,0,0,59,0,0,0,43,52,0,0,0,0,0,76,0,0,0,0,0,0;0,0,0,26,0,74,0,80,38,0,0,51,45,0,0,0,28,0,70,22,0,0,0,0,27,0,0,63,0,53;80,0,0,38,43,0,0,0,22,43,0,73,0,0,0,0,0,0,70,0,0,0,0,30,0,0,0,0,22,0;27,38,0,0,0,0,0,0,0,0,0,0,56,0,0,0,0,0,80,0,80,69,0,26,0,0,0,0,0,0;0,0,25,68,26,0,0,0,0,0,20,72,24,0,0,28,0,27,0,0,0,0,28,0,0,0,0,41,0,0;54,0,33,0,0,33,54,53,0,44,0,47,0,0,0,30,55,61,0,56,0,0,70,0,0,78,72,0,0,46;0,0,0,31,75,0,0,51,0,0,0,0,80,66,0,22,0,80,48,0,38,0,20,53,39,0,20,0,36,0;0,69,78,57,0,0,0,0,0,0,0,0,0,0,0,0,0,67,36,0,39,61,0,0,40,33,0,0,26,45;0,0,76,0,42,0,0,0,0,0,0,0,0,0,80,0,0,0,0,0,47,26,0,59,0,0,0,58,0,0;0,0,0,49,0,36,64,0,0,0,0,0,0,30,0,80,0,46,0,0,0,29,63,61,0,0,0,0,0,36;0,25,0,0,77,0,0,0,0,80,73,79,25,56,0,0,0,0,31,0,30,20,0,54,0,23,55,73,0,56;80,59,0,0,55,0,0,0,0,38,0,0,0,0,0,0,0,0,48,0,0,0,0,22,0,0,0,58,0,0;0,66,72,80,0,49,0,34,0,44,66,0,0,24,0,70,0,0,52,0,0,0,0,0,0,0,0,0,0,53;66,0,0,0,0,60,0,0,0,61,0,0,45,0,0,0,0,0,0,0,0,40,0,68,0,0,0,53,0,0;0,0,0,77,0,0,0,0,0,0,59,0,0,80,0,0,80,0,33,0,53,0,64,0,0,0,33,0,67,37;0,0,37,30,22,0,58,30,0,0,80,0,0,0,0,0,0,0,0,0,0,0,0,29,58,0,0,0,0,0;53,0,0,36,0,0,0,0,41,35,0,0,0,0,0,0,0,41,0,0,0,0,0,0,0,0,0,0,0,0;0,0,0,80,0,66,0,0,40,0,0,53,68,0,75,0,0,43,0,0,0,0,0,0,80,76,67,0,0,0;0,0,75,0,0,0,0,0,0,0,0,0,0,0,64,0,0,0,21,0,80,0,0,0,0,0,0,0,0,0;0,0,33,0,60,0,0,33,0,0,0,0,0,0,0,0,0,0,0,0,0,0,37,0,0,0,80,0,0,0;80,0,0,0,53,0,31,0,22,0,42,0,0,78,0,0,0,0,0,60,56,0,78,0,0,0,0,0,0,0;75,0,0,48,0,0,38,0,0,0,0,0,0,60,24,0,0,76,0,73,0,0,0,0,0,67,0,54,80,20;0,30,23,0,0,69,0,0,0,0,0,70,0,0,0,0,0,0,0,0,0,0,0,0,0,0,0,0,0,0;0,0,0,0,0,0,68,0,0,0,0,0,58,0,0,0,0,0,0,59,0,0,0,33,0,35,0,0,0,62;0,0,0,0,0,0,30,48,0,0,25,0,0,53,0,0,0,0,41,0,42,0,0,0,0,75,0,0,60,0
0,0,37,0,30,22,0,0,23,20,0,0,0,0,20,35,0,30,22,0,20,0,0,26,0,0,0,29,0,0;0,0,32,0,0,28,0,0,0,0,36,0,0,0,0,0,34,0,0,37,32,26,0,35,0,37,0,0,0,0;0,0,0,31,0,34,0,0,0,27,30,0,0,0,0,0,0,0,26,0,0,20,23,0,0,0,0,0,0,0;0,30,0,0,0,0,0,0,33,0,0,34,0,0,0,0,0,0,0,0,0,20,0,0,0,36,0,0,0,0;0,0,0,38,0,0,20,0,34,0,0,0,0,0,31,0,0,0,20,0,39,0,0,36,0,0,23,0,0,0;35,0,0,0,0,0,0,0,0,0,0,0,39,0,0,0,30,23,0,0,0,0,0,28,0,0,0,0,0,0;0,0,0,26,0,35,0,29,27,0,0,22,38,0,0,0,27,0,36,25,0,0,0,0,30,0,0,34,0,35;34,0,0,33,36,0,0,0,13,22,0,27,0,0,0,0,0,0,31,0,0,0,0,26,0,0,0,0,27,0;31,28,0,0,0,0,0,0,0,0,0,0,27,0,0,0,0,0,31,0,30,23,0,22,0,0,0,0,0,0;0,0,33,35,36,0,0,0,0,0,31,35,38,0,0,29,0,40,0,0,0,0,31,0,0,0,0,23,0,0;27,0,27,0,0,36,35,40,0,32,0,34,0,0,0,40,40,39,0,39,0,0,20,0,0,27,36,0,0,38;0,0,0,34,32,0,0,36,0,0,0,0,40,20,0,28,0,38,29,0,29,0,31,29,25,0,29,0,23,0;0,31,32,35,0,0,0,0,0,0,0,0,0,0,0,0,0,29,38,0,39,36,0,0,37,21,0,0,25,32;0,0,20,0,36,0,0,0,0,0,0,0,0,0,34,0,0,0,0,0,40,37,0,31,0,0,0,35,0,0;0,0,0,34,0,29,23,0,0,0,0,0,0,33,0,39,0,27,0,0,0,21,37,40,0,0,0,0,0,24;0,29,0,0,30,0,0,0,0,27,28,26,24,27,0,0,0,0,26,0,40,20,0,38,0,39,26,40,0,29;40,25,0,0,20,0,0,0,0,29,0,0,0,0,0,0,0,0,24,0,0,0,0,39,0,0,0,30,0,0;0,36,20,31,0,21,0,31,0,38,40,0,0,34,0,38,0,0,38,0,0,0,0,0,0,0,0,0,0,40;39,0,0,0,0,31,0,0,0,38,0,0,27,0,0,0,0,0,0,0,0,31,0,30,0,0,0,32,0,0;0,0,0,20,0,0,0,0,0,0,28,0,0,32,0,0,26,0,35,0,38,0,32,0,0,0,36,0,21,30;0,0,22,23,38,0,38,38,0,0,31,0,0,0,0,0,0,0,0,0,0,0,0,24,37,0,0,0,0,0;35,0,0,21,0,0,0,0,33,27,0,0,0,0,0,0,0,24,0,0,0,0,0,0,0,0,0,0,0,0;0,0,0,37,0,29,0,0,37,0,0,20,20,0,31,0,0,32,0,0,0,0,0,0,35,20,30,0,0,0;0,0,21,0,0,0,0,0,0,0,0,0,0,0,33,0,0,0,28,0,19,0,0,0,0,0,0,0,0,0;0,0,34,0,37,0,0,39,0,0,0,0,0,0,0,0,0,0,0,0,0,0,23,0,0,0,18,0,0,0;27,0,0,0,31,0,34,0,22,0,30,0,0,22,0,0,0,0,0,36,33,0,17,0,0,0,0,0,0,0;26,0,0,29,0,0,36,0,0,0,0,0,0,20,38,0,0,39,0,21,0,0,0,0,0,31,0,34,32,28;0,21,21,0,0,27,0,0,0,0,0,32,0,0,0,0,0,0,0,0,0,0,0,0,0,0,0,0,0,0;0,0,0,0,0,0,27,0,0,0,0,0,30,0,0,0,0,0,0,40,0,0,0,40,0,38,0,0,0,32;0,0,0,0,0,0,21,26,0,0,29,0,0,38,0,0,0,0,38,0,37,0,0,0,0,26,0,0,35,0
-21,27,0,-19,12,-32,0,0,0,0,-21,0,0,0,0,0,29,0,0,28,0,22,0,16,0,13,0,-43,0,-11
------------- End of Scenario k = 14 -------
0,0,45,0,46,46,0,0,26,60,0,0,0,0,59,67,0,61,30,0,41,0,0,24,0,0,0,24,0,0;0,0,33,0,0,34,0,0,0,0,66,0,0,0,0,0,74,0,0,65,48,32,0,74,0,23,0,0,0,0;0,0,0,71,0,80,0,0,0,50,71,0,0,0,0,0,0,0,65,0,0,80,50,0,0,0,0,0,0,0;0,48,0,0,0,0,0,0,20,0,0,24,0,0,0,0,0,0,0,0,0,36,0,0,0,53,0,0,0,0;0,0,0,60,0,0,30,0,24,0,0,0,0,0,80,0,0,0,51,0,55,0,0,40,0,0,35,0,0,0;77,0,0,0,0,0,0,0,0,0,0,0,76,0,0,0,38,24,0,0,0,0,0,76,0,0,0,0,0,0;0,0,0,37,0,30,0,80,53,0,0,65,48,0,0,0,21,0,50,58,0,0,0,0,36,0,0,80,0,46;48,0,0,80,77,0,0,0,80,29,0,61,0,0,0,0,0,0,74,0,0,0,0,46,0,0,0,0,75,0;25,40,0,0,0,0,0,0,0,0,0,0,36,0,0,0,0,0,76,0,58,46,0,23,0,0,0,0,0,0;0,0,70,56,35,0,0,0,0,0,36,80,47,0,0,75,0,55,0,0,0,0,48,0,0,0,0,64,0,0;64,0,51,0,0,55,49,53,0,24,0,33,0,0,0,40,26,79,0,70,0,0,34,0,0,21,43,0,0,56;0,0,0,31,37,0,0,40,0,0,0,0,80,31,0,65,0,61,55,0,49,0,62,75,34,0,76,0,58,0;0,75,77,47,0,0,0,0,0,0,0,0,0,0,0,0,0,68,43,0,35,71,0,0,35,20,0,0,45,80;0,0,34,0,74,0,0,0,0,0,0,0,0,0,50,0,0,0,0,0,52,32,0,66,0,0,0,57,0,0;0,0,0,21,0,65,33,0,0,0,0,0,0,80,0,80,0,22,0,0,0,50,22,60,0,0,0,0,0,64;0,71,0,0,24,0,0,0,0,56,37,50,51,43,0,0,0,0,38,0,78,75,0,74,0,28,29,80,0,80;80,48,0,0,47,0,0,0,0,57,0,0,0,0,0,0,0,0,32,0,0,0,0,47,0,0,0,80,0,0;0,26,59,80,0,33,0,35,0,40,20,0,0,25,0,48,0,0,25,0,0,0,0,0,0,0,0,0,0,80;49,0,0,0,0,80,0,0,0,48,0,0,26,0,0,0,0,0,0,0,0,50,0,68,0,0,0,37,0,0;0,0,0,24,0,0,0,0,0,0,59,0,0,55,0,0,80,0,43,0,45,0,31,0,0,0,68,0,32,53;0,0,24,35,67,0,57,63,0,0,41,0,0,0,0,0,0,0,0,0,0,0,0,63,61,0,0,0,0,0;56,0,0,61,0,0,0,0,70,43,0,0,0,0,0,0,0,80,0,0,0,0,0,0,0,0,0,0,0,0;0,0,0,69,0,70,0,0,24,0,0,33,39,0,72,0,0,66,0,0,0,0,0,0,70,54,44,0,0,0;0,0,32,0,0,0,0,0,0,0,0,0,0,0,71,0,0,0,36,0,80,0,0,0,0,0,0,0,0,0;0,0,58,0,28,0,0,45,0,0,0,0,0,0,0,0,0,0,0,0,0,0,38,0,0,0,33,0,0,0;80,0,0,0,57,0,44,0,45,0,42,0,0,58,0,0,0,0,0,71,37,0,39,0,0,0,0,0,0,0;43,0,0,46,0,0,76,0,0,0,0,0,0,39,41,0,0,74,0,30,0,0,0,0,0,61,0,24,24,53;0,24,25,0,0,54,0,0,0,0,0,67,0,0,0,0,0,0,0,0,0,0,0,0,0,0,0,0,0,0;0,0,0,0,0,0,56,0,0,0,0,0,73,0,0,0,0,0,0,69,0,0,0,36,0,68,0,0,0,61;0,0,0,0,0,0,67,61,0,0,49,0,0,42,0,0,0,0,79,0,71,0,0,0,0,33,0,0,40,0
0,0,28,0,22,32,0,0,34,24,0,0,0,0,22,38,0,36,29,0,22,0,0,36,0,0,0,25,0,0;0,0,37,0,0,25,0,0,0,0,21,0,0,0,0,0,38,0,0,32,20,31,0,38,0,26,0,0,0,0;0,0,0,29,0,34,0,0,0,34,35,0,0,0,0,0,0,0,31,0,0,30,23,0,0,0,0,0,0,0;0,30,0,0,0,0,0,0,26,0,0,23,0,0,0,0,0,0,0,0,0,39,0,0,0,27,0,0,0,0;0,0,0,23,0,0,32,0,20,0,0,0,0,0,40,0,0,0,34,0,28,0,0,29,0,0,36,0,0,0;24,0,0,0,0,0,0,0,0,0,0,0,28,0,0,0,30,29,0,0,0,0,0,27,0,0,0,0,0,0;0,0,0,40,0,21,0,19,22,0,0,23,21,0,0,0,38,0,28,31,0,0,0,0,38,0,0,27,0,32;37,0,0,33,21,0,0,0,22,36,0,37,0,0,0,0,0,0,34,0,0,0,0,21,0,0,0,0,32,0;40,31,0,0,0,0,0,0,0,0,0,0,29,0,0,0,0,0,38,0,20,30,0,33,0,0,0,0,0,0;0,0,39,25,33,0,0,0,0,0,26,30,21,0,0,37,0,28,0,0,0,0,39,0,0,0,0,39,0,0;26,0,33,0,0,34,27,26,0,34,0,33,0,0,0,29,36,23,0,24,0,0,22,0,0,29,29,0,0,34;0,0,0,38,31,0,0,37,0,0,0,0,40,33,0,38,0,38,28,0,26,0,37,33,40,0,25,0,39,0;0,39,39,25,0,0,0,0,0,0,0,0,0,0,0,0,0,21,27,0,36,40,0,0,23,24,0,0,21,30;0,0,33,0,39,0,0,0,0,0,0,0,0,0,33,0,0,0,0,0,40,36,0,32,0,0,0,23,0,0;0,0,0,37,0,30,37,0,0,0,0,0,0,22,0,18,0,22,0,0,0,26,40,31,0,0,0,0,0,28;0,27,0,0,34,0,0,0,0,37,24,25,22,28,0,0,0,0,37,0,29,22,0,27,0,30,33,22,0,25;34,21,0,0,39,0,0,0,0,37,0,0,0,0,0,0,0,0,38,0,0,0,0,23,0,0,0,26,0,0;0,33,39,20,0,20,0,28,0,20,20,0,0,38,0,39,0,0,34,0,0,0,0,0,0,0,0,0,0,32;18,0,0,0,0,40,0,0,0,37,0,0,31,0,0,0,0,0,0,0,0,23,0,30,0,0,0,26,0,0;0,0,0,28,0,0,0,0,0,0,35,0,0,20,0,0,36,0,20,0,22,0,36,0,0,0,24,0,31,28;0,0,32,25,30,0,22,31,0,0,36,0,0,0,0,0,0,0,0,0,0,0,0,25,34,0,0,0,0,0;39,0,0,40,0,0,0,0,38,23,0,0,0,0,0,0,0,38,0,0,0,0,0,0,0,0,0,0,0,0;0,0,0,29,0,39,0,0,33,0,0,36,22,0,20,0,0,34,0,0,0,0,0,0,33,29,31,0,0,0;0,0,39,0,0,0,0,0,0,0,0,0,0,0,26,0,0,0,34,0,31,0,0,0,0,0,0,0,0,0;0,0,32,0,38,0,0,33,0,0,0,0,0,0,0,0,0,0,0,0,0,0,34,0,0,0,29,0,0,0;30,0,0,0,36,0,27,0,28,0,40,0,0,26,0,0,0,0,0,35,30,0,29,0,0,0,0,0,0,0;27,0,0,21,0,0,24,0,0,0,0,0,0,21,33,0,0,27,0,39,0,0,0,0,0,30,0,34,40,28;0,37,27,0,0,40,0,0,0,0,0,25,0,0,0,0,0,0,0,0,0,0,0,0,0,0,0,0,0,0;0,0,0,0,0,0,31,0,0,0,0,0,23,0,0,0,0,0,0,28,0,0,0,27,0,32,0,0,0,24;0,0,0,0,0,0,25,40,0,0,30,0,0,28,0,0,0,0,28,0,38,0,0,0,0,30,0,0,36,0
-20,21,0,-23,19,-26,0,0,0,0,-36,0,0,0,0,0,23,0,0,14,0,16,0,25,0,29,0,-41,0,-1
------------- End of Scenario k = 15 -------
0,0,76,0,27,38,0,0,24,69,0,0,0,0,80,73,0,78,34,0,58,0,0,80,0,0,0,21,0,0;0,0,29,0,0,72,0,0,0,0,63,0,0,0,0,0,55,0,0,52,63,61,0,52,0,61,0,0,0,0;0,0,0,25,0,80,0,0,0,22,30,0,0,0,0,0,0,0,31,0,0,56,41,0,0,0,0,0,0,0;0,72,0,0,0,0,0,0,23,0,0,78,0,0,0,0,0,0,0,0,0,65,0,0,0,66,0,0,0,0;0,0,0,80,0,0,80,0,40,0,0,0,0,0,46,0,0,0,52,0,74,0,0,33,0,0,48,0,0,0;46,0,0,0,0,0,0,0,0,0,0,0,65,0,0,0,40,54,0,0,0,0,0,35,0,0,0,0,0,0;0,0,0,62,0,57,0,80,37,0,0,61,67,0,0,0,28,0,53,80,0,0,0,0,67,0,0,80,0,66;51,0,0,25,27,0,0,0,57,68,0,25,0,0,0,0,0,0,39,0,0,0,0,40,0,0,0,0,37,0;26,20,0,0,0,0,0,0,0,0,0,0,47,0,0,0,0,0,29,0,31,43,0,24,0,0,0,0,0,0;0,0,52,70,25,0,0,0,0,0,80,80,52,0,0,74,0,51,0,0,0,0,78,0,0,0,0,38,0,0;77,0,46,0,0,70,38,45,0,73,0,23,0,0,0,54,38,39,0,38,0,0,78,0,0,48,58,0,0,80;0,0,0,44,47,0,0,41,0,0,0,0,68,61,0,21,0,55,54,0,43,0,21,24,36,0,35,0,29,0;0,48,70,23,0,0,0,0,0,0,0,0,0,0,0,0,0,65,26,0,32,56,0,0,22,57,0,0,22,76;0,0,40,0,58,0,0,0,0,0,0,0,0,0,61,0,0,0,0,0,69,39,0,24,0,0,0,73,0,0;0,0,0,73,0,68,76,0,0,0,0,0,0,63,0,44,0,31,0,0,0,58,28,31,0,0,0,0,0,38;0,66,0,0,64,0,0,0,0,42,80,34,25,48,0,0,0,0,49,0,25,38,0,52,0,76,65,80,0,80;52,79,0,0,47,0,0,0,0,80,0,0,0,0,0,0,0,0,76,0,0,0,0,63,0,0,0,80,0,0;0,40,23,79,0,40,0,41,0,54,77,0,0,77,0,34,0,0,57,0,0,0,0,0,0,0,0,0,0,80;33,0,0,0,0,60,0,0,0,72,0,0,63,0,0,0,0,0,0,0,0,50,0,76,0,0,0,61,0,0;0,0,0,48,0,0,0,0,0,0,28,0,0,80,0,0,32,0,71,0,62,0,29,0,0,0,80,0,38,34;0,0,79,56,27,0,53,29,0,0,80,0,0,0,0,0,0,0,0,0,0,0,0,70,73,0,0,0,0,0;34,0,0,68,0,0,0,0,73,45,0,0,0,0,0,0,0,43,0,0,0,0,0,0,0,0,0,0,0,0;0,0,0,20,0,41,0,0,70,0,0,54,40,0,79,0,0,60,0,0,0,0,0,0,80,73,57,0,0,0;0,0,47,0,0,0,0,0,0,0,0,0,0,0,26,0,0,0,31,0,48,0,0,0,0,0,0,0,0,0;0,0,75,0,28,0,0,55,0,0,0,0,0,0,0,0,0,0,0,0,0,0,39,0,0,0,31,0,0,0;80,0,0,0,57,0,51,0,56,0,23,0,0,61,0,0,0,0,0,32,28,0,75,0,0,0,0,0,0,0;57,0,0,23,0,0,74,0,0,0,0,0,0,78,26,0,0,48,0,42,0,0,0,0,0,77,0,80,77,77;0,61,45,0,0,33,0,0,0,0,0,42,0,0,0,0,0,0,0,0,0,0,0,0,0,0,0,0,0,0;0,0,0,0,0,0,38,0,0,0,0,0,65,0,0,0,0,0,0,47,0,0,0,58,0,64,0,0,0,64;0,0,0,0,0,0,37,49,0,0,24,0,0,69,0,0,0,0,70,0,59,0,0,0,0,42,0,0,33,0
0,0,22,0,35,20,0,0,23,40,0,0,0,0,22,32,0,29,38,0,27,0,0,40,0,0,0,32,0,0;0,0,31,0,0,20,0,0,0,0,22,0,0,0,0,0,37,0,0,21,34,34,0,22,0,27,0,0,0,0;0,0,0,33,0,38,0,0,0,28,27,0,0,0,0,0,0,0,25,0,0,29,29,0,0,0,0,0,0,0;0,28,0,0,0,0,0,0,22,0,0,39,0,0,0,0,0,0,0,0,0,37,0,0,0,26,0,0,0,0;0,0,0,34,0,0,32,0,26,0,0,0,0,0,36,0,0,0,32,0,39,0,0,28,0,0,25,0,0,0;20,0,0,0,0,0,0,0,0,0,0,0,28,0,0,0,21,22,0,0,0,0,0,26,0,0,0,0,0,0;0,0,0,37,0,21,0,29,36,0,0,35,22,0,0,0,30,0,27,34,0,0,0,0,35,0,0,37,0,38;40,0,0,30,34,0,0,0,35,38,0,23,0,0,0,0,0,0,30,0,0,0,0,34,0,0,0,0,36,0;27,40,0,0,0,0,0,0,0,0,0,0,25,0,0,0,0,0,28,0,31,32,0,34,0,0,0,0,0,0;0,0,24,28,32,0,0,0,0,0,27,39,36,0,0,26,0,33,0,0,0,0,37,0,0,0,0,35,0,0;38,0,21,0,0,38,36,37,0,20,0,30,0,0,0,20,37,22,0,28,0,0,20,0,0,36,24,0,0,34;0,0,0,38,40,0,0,20,0,0,0,0,36,30,0,22,0,38,22,0,22,0,28,21,23,0,20,0,22,0;0,38,35,32,0,0,0,0,0,0,0,0,0,0,0,0,0,32,36,0,38,28,0,0,29,28,0,0,32,28;0,0,38,0,21,0,0,0,0,0,0,0,0,0,38,0,0,0,0,0,40,21,0,34,0,0,0,40,0,0;0,0,0,20,0,30,40,0,0,0,0,0,0,40,0,38,0,39,0,0,0,23,27,35,0,0,0,0,0,26;0,20,0,0,33,0,0,0,0,38,28,30,25,32,0,0,0,0,34,0,37,32,0,26,0,39,27,27,0,40;26,37,0,0,36,0,0,0,0,31,0,0,0,0,0,0,0,0,33,0,0,0,0,25,0,0,0,31,0,0;0,37,36,32,0,37,0,23,0,30,28,0,0,20,0,32,0,0,25,0,0,0,0,0,0,0,0,0,0,22;31,0,0,0,0,29,0,0,0,39,0,0,27,0,0,0,0,0,0,0,0,38,0,26,0,0,0,33,0,0;0,0,0,29,0,0,0,0,0,0,38,0,0,31,0,0,33,0,31,0,31,0,35,0,0,0,38,0,38,39;0,0,36,35,20,0,34,30,0,0,31,0,0,0,0,0,0,0,0,0,0,0,0,24,37,0,0,0,0,0;31,0,0,33,0,0,0,0,20,40,0,0,0,0,0,0,0,39,0,0,0,0,0,0,0,0,0,0,0,0;0,0,0,29,0,32,0,0,27,0,0,31,30,0,23,0,0,29,0,0,0,0,0,0,28,37,20,0,0,0;0,0,36,0,0,0,0,0,0,0,0,0,0,0,28,0,0,0,25,0,34,0,0,0,0,0,0,0,0,0;0,0,29,0,32,0,0,37,0,0,0,0,0,0,0,0,0,0,0,0,0,0,30,0,0,0,36,0,0,0;40,0,0,0,31,0,32,0,35,0,28,0,0,21,0,0,0,0,0,32,39,0,39,0,0,0,0,0,0,0;24,0,0,39,0,0,26,0,0,0,0,0,0,27,21,0,0,21,0,29,0,0,0,0,0,27,0,35,31,21;0,26,22,0,0,39,0,0,0,0,0,24,0,0,0,0,0,0,0,0,0,0,0,0,0,0,0,0,0,0;0,0,0,0,0,0,39,0,0,0,0,0,27,0,0,0,0,0,0,22,0,0,0,30,0,29,0,0,0,20;0,0,0,0,0,0,36,28,0,0,33,0,0,27,0,0,0,0,24,0,21,0,0,0,0,23,0,0,25,0
-12,26,0,-20,29,-43,0,0,0,0,-31,0,0,0,0,0,21,0,0,26,0,21,0,17,0,25,0,-52,0,-7
------------- End of Scenario k = 16 -------
0,0,27,0,47,66,0,0,69,69,0,0,0,0,50,25,0,38,60,0,23,0,0,28,0,0,0,48,0,0;0,0,23,0,0,50,0,0,0,0,35,0,0,0,0,0,27,0,0,53,43,41,0,51,0,71,0,0,0,0;0,0,0,69,0,56,0,0,0,62,21,0,0,0,0,0,0,0,31,0,0,67,57,0,0,0,0,0,0,0;0,26,0,0,0,0,0,0,50,0,0,79,0,0,0,0,0,0,0,0,0,60,0,0,0,74,0,0,0,0;0,0,0,38,0,0,53,0,57,0,0,0,0,0,40,0,0,0,66,0,28,0,0,69,0,0,49,0,0,0;52,0,0,0,0,0,0,0,0,0,0,0,49,0,0,0,50,33,0,0,0,0,0,22,0,0,0,0,0,0;0,0,0,50,0,53,0,20,47,0,0,39,62,0,0,0,69,0,53,65,0,0,0,0,24,0,0,80,0,50;42,0,0,55,31,0,0,0,80,50,0,40,0,0,0,0,0,0,34,0,0,0,0,50,0,0,0,0,76,0;73,42,0,0,0,0,0,0,0,0,0,0,52,0,0,0,0,0,28,0,72,59,0,54,0,0,0,0,0,0;0,0,58,51,27,0,0,0,0,0,80,78,77,0,0,77,0,22,0,0,0,0,43,0,0,0,0,47,0,0;78,0,23,0,0,50,33,42,0,40,0,75,0,0,0,75,33,21,0,34,0,0,57,0,0,41,27,0,0,38;0,0,0,59,67,0,0,56,0,0,0,0,80,46,0,65,0,59,39,0,31,0,42,56,20,0,67,0,27,0;0,71,36,40,0,0,0,0,0,0,0,0,0,0,0,0,0,74,67,0,29,45,0,0,67,80,0,0,20,80;0,0,74,0,78,0,0,0,0,0,0,0,0,0,80,0,0,0,0,0,24,59,0,73,0,0,0,63,0,0;0,0,0,61,0,73,47,0,0,0,0,0,0,37,0,68,0,77,0,0,0,42,42,38,0,0,0,0,0,23;0,53,0,0,37,0,0,0,0,73,80,27,42,31,0,0,0,0,76,0,26,57,0,79,0,53,37,80,0,80;80,57,0,0,73,0,0,0,0,80,0,0,0,0,0,0,0,0,78,0,0,0,0,41,0,0,0,79,0,0;0,51,26,41,0,27,0,37,0,29,23,0,0,27,0,38,0,0,80,0,0,0,0,0,0,0,0,0,0,80;80,0,0,0,0,41,0,0,0,79,0,0,29,0,0,0,0,0,0,0,0,66,0,25,0,0,0,43,0,0;0,0,0,59,0,0,0,0,0,0,58,0,0,77,0,0,77,0,45,0,31,0,31,0,0,0,60,0,65,44;0,0,45,63,72,0,30,37,0,0,42,0,0,0,0,0,0,0,0,0,0,0,0,76,28,0,0,0,0,0;35,0,0,69,0,0,0,0,31,53,0,0,0,0,0,0,0,80,0,0,0,0,0,0,0,0,0,0,0,0;0,0,0,80,0,46,0,0,44,0,0,68,54,0,51,0,0,38,0,0,0,0,0,0,80,49,55,0,0,0;0,0,25,0,0,0,0,0,0,0,0,0,0,0,43,0,0,0,44,0,51,0,0,0,0,0,0,0,0,0;0,0,43,0,48,0,0,78,0,0,0,0,0,0,0,0,0,0,0,0,0,0,65,0,0,0,79,0,0,0;80,0,0,0,66,0,27,0,28,0,74,0,0,31,0,0,0,0,0,56,70,0,36,0,0,0,0,0,0,0;41,0,0,78,0,0,75,0,0,0,0,0,0,46,67,0,0,20,0,29,0,0,0,0,0,79,0,80,80,78;0,75,63,0,0,64,0,0,0,0,0,47,0,0,0,0,0,0,0,0,0,0,0,0,0,0,0,0,0,0;0,0,0,0,0,0,22,0,0,0,0,0,61,0,0,0,0,0,0,76,0,0,0,37,0,64,0,0,0,61;0,0,0,0,0,0,48,71,0,0,71,0,0,63,0,0,0,0,32,0,60,0,0,0,0,58,0,0,55,0
0,0,34,0,20,23,0,0,34,39,0,0,0,0,32,34,0,31,29,0,34,0,0,40,0,0,0,27,0,0;0,0,34,0,0,38,0,0,0,0,40,0,0,0,0,0,30,0,0,35,38,33,0,36,0,34,0,0,0,0;0,0,0,24,0,37,0,0,0,37,20,0,0,0,0,0,0,0,28,0,0,38,27,0,0,0,0,0,0,0;0,37,0,0,0,0,0,0,34,0,0,31,0,0,0,0,0,0,0,0,0,23,0,0,0,25,0,0,0,0;0,0,0,36,0,0,30,0,21,0,0,0,0,0,22,0,0,0,23,0,31,0,0,37,0,0,27,0,0,0;22,0,0,0,0,0,0,0,0,0,0,0,30,0,0,0,30,29,0,0,0,0,0,23,0,0,0,0,0,0;0,0,0,20,0,40,0,23,31,0,0,21,25,0,0,0,33,0,29,32,0,0,0,0,26,0,0,40,0,24;24,0,0,35,29,0,0,0,40,35,0,32,0,0,0,0,0,0,21,0,0,0,0,31,0,0,0,0,32,0;36,38,0,0,0,0,0,0,0,0,0,0,29,0,0,0,0,0,40,0,31,20,0,37,0,0,0,0,0,0;0,0,40,32,26,0,0,0,0,0,16,16,29,0,0,34,0,28,0,0,0,0,31,0,0,0,0,21,0,0;27,0,35,0,0,30,32,37,0,20,0,32,0,0,0,39,22,24,0,22,0,0,30,0,0,22,24,0,0,39;0,0,0,24,35,0,0,25,0,0,0,0,14,35,0,31,0,28,24,0,27,0,28,37,28,0,30,0,31,0;0,29,40,22,0,0,0,0,0,0,0,0,0,0,0,0,0,27,37,0,40,37,0,0,32,22,0,0,25,29;0,0,22,0,20,0,0,0,0,0,0,0,0,0,34,0,0,0,0,0,22,37,0,28,0,0,0,33,0,0;0,0,0,28,0,22,26,0,0,0,0,0,0,37,0,33,0,40,0,0,0,21,35,32,0,0,0,0,0,24;0,36,0,0,29,0,0,0,0,31,29,40,22,35,0,0,0,0,32,0,20,26,0,36,0,40,39,40,0,39;14,28,0,0,31,0,0,0,0,32,0,0,0,0,0,0,0,0,38,0,0,0,0,30,0,0,0,22,0,0;0,27,26,40,0,40,0,24,0,24,36,0,0,40,0,25,0,0,39,0,0,0,0,0,0,0,0,0,0,37;38,0,0,0,0,30,0,0,0,28,0,0,35,0,0,0,0,0,0,0,0,40,0,27,0,0,0,25,0,0;0,0,0,27,0,0,0,0,0,0,35,0,0,28,0,0,30,0,30,0,33,0,34,0,0,0,36,0,33,23;0,0,25,29,36,0,37,37,0,0,17,0,0,0,0,0,0,0,0,0,0,0,0,40,20,0,0,0,0,0;32,0,0,30,0,0,0,0,35,24,0,0,0,0,0,0,0,33,0,0,0,0,0,0,0,0,0,0,0,0;0,0,0,25,0,31,0,0,38,0,0,26,34,0,20,0,0,40,0,0,0,0,0,0,31,24,28,0,0,0;0,0,40,0,0,0,0,0,0,0,0,0,0,0,29,0,0,0,38,0,28,0,0,0,0,0,0,0,0,0;0,0,39,0,35,0,0,27,0,0,0,0,0,0,0,0,0,0,0,0,0,0,39,0,0,0,33,0,0,0;30,0,0,0,37,0,25,0,37,0,29,0,0,27,0,0,0,0,0,39,25,0,27,0,0,0,0,0,0,0;38,0,0,33,0,0,26,0,0,0,0,0,0,25,36,0,0,28,0,28,0,0,0,0,0,30,0,16,18,30;0,35,24,0,0,38,0,0,0,0,0,32,0,0,0,0,0,0,0,0,0,0,0,0,0,0,0,0,0,0;0,0,0,0,0,0,37,0,0,0,0,0,38,0,0,0,0,0,0,35,0,0,0,30,0,23,0,0,0,30;0,0,0,0,0,0,25,40,0,0,25,0,0,39,0,0,0,0,25,0,31,0,0,0,0,29,0,0,39,0
-27,30,0,-10,23,-33,0,0,0,0,-33,0,0,0,0,0,13,0,0,22,0,30,0,16,0,13,0,-17,0,-27
------------- End of Scenario k = 17 -------
0,0,55,0,45,71,0,0,43,38,0,0,0,0,69,66,0,33,33,0,70,0,0,52,0,0,0,79,0,0;0,0,66,0,0,46,0,0,0,0,53,0,0,0,0,0,23,0,0,71,20,74,0,40,0,55,0,0,0,0;0,0,0,63,0,80,0,0,0,65,78,0,0,0,0,0,0,0,65,0,0,20,58,0,0,0,0,0,0,0;0,58,0,0,0,0,0,0,70,0,0,20,0,0,0,0,0,0,0,0,0,37,0,0,0,73,0,0,0,0;0,0,0,21,0,0,80,0,53,0,0,0,0,0,32,0,0,0,65,0,63,0,0,25,0,0,58,0,0,0;20,0,0,0,0,0,0,0,0,0,0,0,79,0,0,0,79,40,0,0,0,0,0,56,0,0,0,0,0,0;0,0,0,47,0,56,0,80,28,0,0,57,26,0,0,0,76,0,41,31,0,0,0,0,40,0,0,48,0,58;24,0,0,22,57,0,0,0,52,24,0,53,0,0,0,0,0,0,46,0,0,0,0,24,0,0,0,0,34,0;39,70,0,0,0,0,0,0,0,0,0,0,45,0,0,0,0,0,67,0,24,20,0,30,0,0,0,0,0,0;0,0,64,30,80,0,0,0,0,0,33,39,24,0,0,75,0,73,0,0,0,0,29,0,0,0,0,29,0,0;62,0,33,0,0,72,69,69,0,30,0,79,0,0,0,36,75,57,0,76,0,0,71,0,0,46,38,0,0,69;0,0,0,25,73,0,0,31,0,0,0,0,80,71,0,70,0,62,46,0,38,0,53,53,66,0,60,0,61,0;0,64,32,74,0,0,0,0,0,0,0,0,0,0,0,0,0,37,60,0,23,43,0,0,25,54,0,0,46,80;0,0,24,0,80,0,0,0,0,0,0,0,0,0,29,0,0,0,0,0,75,56,0,43,0,0,0,45,0,0;0,0,0,37,0,29,67,0,0,0,0,0,0,29,0,80,0,29,0,0,0,35,59,59,0,0,0,0,0,53;0,38,0,0,67,0,0,0,0,29,78,70,79,79,0,0,0,0,44,0,68,38,0,68,0,67,42,80,0,23;69,56,0,0,41,0,0,0,0,25,0,0,0,0,0,0,0,0,56,0,0,0,0,43,0,0,0,45,0,0;0,53,60,39,0,29,0,58,0,53,63,0,0,77,0,31,0,0,57,0,0,0,0,0,0,0,0,0,0,80;31,0,0,0,0,48,0,0,0,41,0,0,39,0,0,0,0,0,0,0,0,48,0,36,0,0,0,63,0,0;0,0,0,67,0,0,0,0,0,0,79,0,0,52,0,0,56,0,68,0,34,0,41,0,0,0,47,0,21,71;0,0,33,71,79,0,73,29,0,0,51,0,0,0,0,0,0,0,0,0,0,0,0,26,78,0,0,0,0,0;55,0,0,59,0,0,0,0,51,27,0,0,0,0,0,0,0,80,0,0,0,0,0,0,0,0,0,0,0,0;0,0,0,51,0,78,0,0,73,0,0,33,78,0,24,0,0,79,0,0,0,0,0,0,48,59,60,0,0,0;0,0,37,0,0,0,0,0,0,0,0,0,0,0,67,0,0,0,29,0,80,0,0,0,0,0,0,0,0,0;0,0,32,0,42,0,0,44,0,0,0,0,0,0,0,0,0,0,0,0,0,0,61,0,0,0,57,0,0,0;80,0,0,0,28,0,31,0,43,0,38,0,0,37,0,0,0,0,0,75,71,0,80,0,0,0,0,0,0,0;36,0,0,20,0,0,74,0,0,0,0,0,0,43,72,0,0,73,0,49,0,0,0,0,0,48,0,70,80,47;0,62,35,0,0,51,0,0,0,0,0,34,0,0,0,0,0,0,0,0,0,0,0,0,0,0,0,0,0,0;0,0,0,0,0,0,53,0,0,0,0,0,50,0,0,0,0,0,0,36,0,0,0,27,0,43,0,0,0,31;0,0,0,0,0,0,29,73,0,0,23,0,0,32,0,0,0,0,27,0,59,0,0,0,0,51,0,0,39,0
0,0,28,0,30,31,0,0,28,23,0,0,0,0,20,39,0,38,39,0,24,0,0,34,0,0,0,30,0,0;0,0,20,0,0,24,0,0,0,0,29,0,0,0,0,0,31,0,0,32,34,24,0,26,0,37,0,0,0,0;0,0,0,22,0,38,0,0,0,37,33,0,0,0,0,0,0,0,38,0,0,26,33,0,0,0,0,0,0,0;0,21,0,0,0,0,0,0,34,0,0,32,0,0,0,0,0,0,0,0,0,25,0,0,0,35,0,0,0,0;0,0,0,36,0,0,40,0,38,0,0,0,0,0,30,0,0,0,27,0,39,0,0,23,0,0,21,0,0,0;27,0,0,0,0,0,0,0,0,0,0,0,33,0,0,0,27,22,0,0,0,0,0,31,0,0,0,0,0,0;0,0,0,35,0,31,0,23,24,0,0,40,37,0,0,0,24,0,37,32,0,0,0,0,40,0,0,19,0,29;23,0,0,40,20,0,0,0,30,22,0,37,0,0,0,0,0,0,31,0,0,0,0,26,0,0,0,0,27,0;33,27,0,0,0,0,0,0,0,0,0,0,27,0,0,0,0,0,35,0,33,39,0,33,0,0,0,0,0,0;0,0,32,30,27,0,0,0,0,0,21,30,24,0,0,37,0,33,0,0,0,0,24,0,0,0,0,24,0,0;31,0,30,0,0,38,24,31,0,33,0,34,0,0,0,27,27,20,0,37,0,0,38,0,0,24,32,0,0,28;0,0,0,37,38,0,0,21,0,0,0,0,20,20,0,32,0,25,38,0,21,0,39,20,22,0,33,0,25,0;0,25,24,29,0,0,0,0,0,0,0,0,0,0,0,0,0,39,31,0,30,22,0,0,36,22,0,0,29,15;0,0,30,0,27,0,0,0,0,0,0,0,0,0,30,0,0,0,0,0,40,39,0,36,0,0,0,28,0,0;0,0,0,28,0,23,24,0,0,0,0,0,0,27,0,33,0,32,0,0,0,39,29,34,0,0,0,0,0,25;0,39,0,0,23,0,0,0,0,31,31,29,32,24,0,0,0,0,31,0,25,23,0,29,0,31,40,34,0,38;19,40,0,0,32,0,0,0,0,20,0,0,0,0,0,0,0,0,21,0,0,0,0,25,0,0,0,13,0,0;0,21,31,28,0,35,0,39,0,28,23,0,0,25,0,30,0,0,24,0,0,0,0,0,0,0,0,0,0,22;32,0,0,0,0,30,0,0,0,40,0,0,22,0,0,0,0,0,0,0,0,34,0,38,0,0,0,33,0,0;0,0,0,40,0,0,0,0,0,0,27,0,0,29,0,0,29,0,32,0,21,0,25,0,0,0,23,0,29,36;0,0,24,24,37,0,23,34,0,0,21,0,0,0,0,0,0,0,0,0,0,0,0,26,25,0,0,0,0,0;30,0,0,35,0,0,0,0,31,22,0,0,0,0,0,0,0,40,0,0,0,0,0,0,0,0,0,0,0,0;0,0,0,24,0,32,0,0,27,0,0,22,38,0,33,0,0,28,0,0,0,0,0,0,25,26,36,0,0,0;0,0,22,0,0,0,0,0,0,0,0,0,0,0,20,0,0,0,25,0,24,0,0,0,0,0,0,0,0,0;0,0,26,0,35,0,0,23,0,0,0,0,0,0,0,0,0,0,0,0,0,0,34,0,0,0,29,0,0,0;39,0,0,0,21,0,29,0,39,0,37,0,0,31,0,0,0,0,0,26,30,0,19,0,0,0,0,0,0,0;23,0,0,32,0,0,37,0,0,0,0,0,0,24,20,0,0,34,0,22,0,0,0,0,0,28,0,28,36,24;0,25,26,0,0,37,0,0,0,0,0,39,0,0,0,0,0,0,0,0,0,0,0,0,0,0,0,0,0,0;0,0,0,0,0,0,28,0,0,0,0,0,29,0,0,0,0,0,0,38,0,0,0,27,0,27,0,0,0,27;0,0,0,0,0,0,27,40,0,0,39,0,0,36,0,0,0,0,28,0,35,0,0,0,0,24,0,0,30,0
-20,11,0,-8,18,-20,0,0,0,0,-33,0,0,0,0,0,12,0,0,29,0,21,0,10,0,17,0,-36,0,-1
------------- End of Scenario k = 18 -------
0,0,29,0,33,76,0,0,61,62,0,0,0,0,69,51,0,55,41,0,48,0,0,66,0,0,0,47,0,0;0,0,80,0,0,23,0,0,0,0,51,0,0,0,0,0,20,0,0,55,29,71,0,33,0,42,0,0,0,0;0,0,0,28,0,52,0,0,0,44,26,0,0,0,0,0,0,0,37,0,0,30,24,0,0,0,0,0,0,0;0,77,0,0,0,0,0,0,29,0,0,48,0,0,0,0,0,0,0,0,0,78,0,0,0,79,0,0,0,0;0,0,0,76,0,0,76,0,73,0,0,0,0,0,27,0,0,0,57,0,31,0,0,32,0,0,67,0,0,0;60,0,0,0,0,0,0,0,0,0,0,0,32,0,0,0,36,54,0,0,0,0,0,76,0,0,0,0,0,0;0,0,0,75,0,66,0,80,34,0,0,22,48,0,0,0,21,0,78,32,0,0,0,0,72,0,0,29,0,24;80,0,0,32,40,0,0,0,80,34,0,49,0,0,0,0,0,0,61,0,0,0,0,80,0,0,0,0,28,0;59,47,0,0,0,0,0,0,0,0,0,0,26,0,0,0,0,0,42,0,22,75,0,25,0,0,0,0,0,0;0,0,52,66,36,0,0,0,0,0,53,67,61,0,0,23,0,45,0,0,0,0,51,0,0,0,0,65,0,0;27,0,54,0,0,72,63,20,0,75,0,77,0,0,0,26,25,71,0,63,0,0,76,0,0,45,50,0,0,42;0,0,0,23,80,0,0,50,0,0,0,0,20,61,0,57,0,79,33,0,63,0,55,45,30,0,29,0,30,0;0,76,62,65,0,0,0,0,0,0,0,0,0,0,0,0,0,20,20,0,31,25,0,0,37,42,0,0,29,56;0,0,61,0,20,0,0,0,0,0,0,0,0,0,80,0,0,0,0,0,36,58,0,49,0,0,0,44,0,0;0,0,0,52,0,78,45,0,0,0,0,0,0,50,0,80,0,40,0,0,0,76,34,26,0,0,0,0,0,77;0,42,0,0,75,0,0,0,0,73,80,26,65,47,0,0,0,0,28,0,42,26,0,54,0,23,73,38,0,80;27,42,0,0,23,0,0,0,0,73,0,0,0,0,0,0,0,0,27,0,0,0,0,49,0,0,0,73,0,0;0,41,54,80,0,70,0,44,0,61,47,0,0,37,0,36,0,0,54,0,0,0,0,0,0,0,0,0,0,64;67,0,0,0,0,52,0,0,0,40,0,0,56,0,0,0,0,0,0,0,0,66,0,20,0,0,0,29,0,0;0,0,0,21,0,0,0,0,0,0,76,0,0,21,0,0,42,0,34,0,57,0,65,0,0,0,66,0,72,29;0,0,76,28,45,0,53,26,0,0,80,0,0,0,0,0,0,0,0,0,0,0,0,73,64,0,0,0,0,0;66,0,0,40,0,0,0,0,57,35,0,0,0,0,0,0,0,80,0,0,0,0,0,0,0,0,0,0,0,0;0,0,0,76,0,46,0,0,56,0,0,62,63,0,59,0,0,40,0,0,0,0,0,0,80,59,28,0,0,0;0,0,50,0,0,0,0,0,0,0,0,0,0,0,26,0,0,0,72,0,80,0,0,0,0,0,0,0,0,0;0,0,72,0,27,0,0,35,0,0,0,0,0,0,0,0,0,0,0,0,0,0,28,0,0,0,80,0,0,0;37,0,0,0,23,0,51,0,73,0,58,0,0,62,0,0,0,0,0,57,57,0,80,0,0,0,0,0,0,0;77,0,0,38,0,0,24,0,0,0,0,0,0,42,31,0,0,76,0,62,0,0,0,0,0,45,0,80,80,51;0,35,70,0,0,66,0,0,0,0,0,66,0,0,0,0,0,0,0,0,0,0,0,0,0,0,0,0,0,0;0,0,0,0,0,0,27,0,0,0,0,0,35,0,0,0,0,0,0,71,0,0,0,44,0,63,0,0,0,60;0,0,0,0,0,0,27,60,0,0,39,0,0,47,0,0,0,0,52,0,27,0,0,0,0,29,0,0,71,0
0,0,33,0,20,21,0,0,36,25,0,0,0,0,20,35,0,40,38,0,37,0,0,26,0,0,0,29,0,0;0,0,38,0,0,39,0,0,0,0,38,0,0,0,0,0,23,0,0,23,32,21,0,27,0,34,0,0,0,0;0,0,0,26,0,29,0,0,0,25,37,0,0,0,0,0,0,0,24,0,0,29,31,0,0,0,0,0,0,0;0,34,0,0,0,0,0,0,22,0,0,26,0,0,0,0,0,0,0,0,0,40,0,0,0,21,0,0,0,0;0,0,0,26,0,0,23,0,38,0,0,0,0,0,22,0,0,0,32,0,32,0,0,39,0,0,29,0,0,0;29,0,0,0,0,0,0,0,0,0,0,0,37,0,0,0,24,37,0,0,0,0,0,23,0,0,0,0,0,0;0,0,0,26,0,24,0,25,37,0,0,27,25,0,0,0,24,0,24,31,0,0,0,0,29,0,0,18,0,38;30,0,0,25,25,0,0,0,38,33,0,27,0,0,0,0,0,0,24,0,0,0,0,40,0,0,0,0,33,0;20,36,0,0,0,0,0,0,0,0,0,0,28,0,0,0,0,0,23,0,23,36,0,31,0,0,0,0,0,0;0,0,29,39,40,0,0,0,0,0,40,39,30,0,0,29,0,39,0,0,0,0,31,0,0,0,0,33,0,0;39,0,26,0,0,20,23,27,0,25,0,34,0,0,0,28,23,35,0,33,0,0,35,0,0,39,24,0,0,26;0,0,0,31,37,0,0,28,0,0,0,0,30,32,0,28,0,40,36,0,37,0,23,23,33,0,21,0,39,0;0,35,23,26,0,0,0,0,0,0,0,0,0,0,0,0,0,28,30,0,37,24,0,0,25,24,0,0,21,39;0,0,31,0,24,0,0,0,0,0,0,0,0,0,39,0,0,0,0,0,33,22,0,33,0,0,0,39,0,0;0,0,0,30,0,29,40,0,0,0,0,0,0,32,0,22,0,23,0,0,0,33,26,39,0,0,0,0,0,39;0,21,0,0,38,0,0,0,0,37,34,35,33,36,0,0,0,0,35,0,39,23,0,35,0,27,21,33,0,21;40,36,0,0,34,0,0,0,0,38,0,0,0,0,0,0,0,0,38,0,0,0,0,21,0,0,0,29,0,0;0,22,28,31,0,38,0,32,0,24,31,0,0,36,0,32,0,0,35,0,0,0,0,0,0,0,0,0,0,40;34,0,0,0,0,26,0,0,0,34,0,0,40,0,0,0,0,0,0,0,0,29,0,35,0,0,0,20,0,0;0,0,0,30,0,0,0,0,0,0,38,0,0,29,0,0,30,0,34,0,30,0,35,0,0,0,24,0,25,25;0,0,40,32,37,0,26,29,0,0,30,0,0,0,0,0,0,0,0,0,0,0,0,36,23,0,0,0,0,0;24,0,0,31,0,0,0,0,39,37,0,0,0,0,0,0,0,23,0,0,0,0,0,0,0,0,0,0,0,0;0,0,0,21,0,29,0,0,38,0,0,39,22,0,21,0,0,32,0,0,0,0,0,0,22,22,25,0,0,0;0,0,31,0,0,0,0,0,0,0,0,0,0,0,38,0,0,0,20,0,33,0,0,0,0,0,0,0,0,0;0,0,29,0,27,0,0,33,0,0,0,0,0,0,0,0,0,0,0,0,0,0,37,0,0,0,25,0,0,0;17,0,0,0,31,0,38,0,31,0,33,0,0,35,0,0,0,0,0,31,38,0,27,0,0,0,0,0,0,0;28,0,0,27,0,0,30,0,0,0,0,0,0,38,22,0,0,29,0,20,0,0,0,0,0,25,0,23,26,25;0,26,27,0,0,23,0,0,0,0,0,36,0,0,0,0,0,0,0,0,0,0,0,0,0,0,0,0,0,0;0,0,0,0,0,0,20,0,0,0,0,0,35,0,0,0,0,0,0,21,0,0,0,24,0,25,0,0,0,38;0,0,0,0,0,0,28,38,0,0,37,0,0,23,0,0,0,0,29,0,25,0,0,0,0,20,0,0,24,0
-17,26,0,-20,11,-30,0,0,0,0,-41,0,0,0,0,0,29,0,0,19,0,11,0,29,0,17,0,-17,0,-17
------------- End of Scenario k = 19 -------
