/ -------------------------------------------------------------------------
An instance of the stochastic Fixed - charge Network Flow Problem using NETGEN.
/ -------------------------------------------------------------------------
Number of Nodes (no Dummy node is added), n
Graph Density, density
The fixed cost to variable cost ratio, f
Adjacency Matrix, A
Fixed Cost Matrix, c
Number of scenarios, K
Scenario Probabilities, p
----The following three rows will be repeated K times.----
Var Cost Matrix, d
Capacity, u
demand, b
/ -------------------------------------------------------------------------
+
10
0.6
200
1,1,0,1,0,1,0,0,0,0;0,0,1,1,0,0,0,1,0,1;1,0,0,1,1,1,1,1,1,0;0,1,1,0,1,1,0,0,0,1;1,1,1,1,0,1,1,1,0,1;1,0,0,1,1,0,1,0,1,0;1,1,1,0,1,0,0,1,1,1;1,0,1,0,1,0,0,0,1,0;1,1,0,0,1,0,0,0,0,1;0,1,0,0,0,0,0,1,0,0
11780,10600,0,10300,0,10920,0,0,0,0;0,0,12180,9920,0,0,0,13390,0,11400;10740,0,0,11160,10570,9760,9280,10180,13969,0;0,9460,9890,0,10690,11320,0,0,0,10920;10580,10200,8270,11630,0,9920,9990,9840,0,10190;10400,0,0,12310,8600,0,9000,0,12200,0;13530,9280,10290,0,11480,0,0,13710,8920,10330;9530,0,9590,0,10560,0,0,0,9830,0;9420,9660,0,0,10440,0,0,0,0,9140;0,9080,0,0,0,0,0,9380,0,0
20
0.02,0.02,0.07,0.05,0.02,0.05,0.07,0.02,0.02,0.02,0.1,0.02,0.07,0.07,0.02,0.05,0.1,0.02,0.05,0.14
--Scenarios--
55,68,0,67,0,71,0,0,0,0;0,0,45,41,0,0,0,80,0,78;30,0,0,73,34,36,44,25,80,0;0,30,53,0,42,77,0,0,0,75;68,28,30,63,0,43,60,49,0,46;23,0,0,80,43,0,34,0,34,0;58,25,50,0,80,0,0,23,79,80;67,0,50,0,35,0,0,0,28,0;50,20,0,0,66,0,0,0,0,66;0,65,0,0,0,0,0,41,0,0
33,28,0,37,0,26,0,0,0,0;0,0,32,31,0,0,0,36,0,24;23,0,0,40,37,20,31,30,30,0;0,36,28,0,23,26,0,0,0,25;26,37,32,20,0,27,36,31,0,35;31,0,0,32,39,0,29,0,33,0;39,27,20,0,31,0,0,25,29,34;31,0,33,0,32,0,0,0,35,0;27,38,0,0,38,0,0,0,0,36;0,29,0,0,0,0,0,36,0,0
-22,15,0,0,0,24,17,-33,-31,30
------------- End of Scenario k = 0 -------
80,34,0,73,0,28,0,0,0,0;0,0,80,20,0,0,0,47,0,51;42,0,0,33,34,21,71,52,80,0;0,59,46,0,35,60,0,0,0,69;37,41,26,52,0,44,27,26,0,57;74,0,0,63,35,0,20,0,80,0;77,38,46,0,27,0,0,80,73,58;52,0,62,0,79,0,0,0,75,0;56,45,0,0,66,0,0,0,0,46;0,74,0,0,0,0,0,32,0,0
39,37,0,32,0,23,0,0,0,0;0,0,20,26,0,0,0,26,0,29;38,0,0,33,31,23,29,21,40,0;0,33,32,0,24,37,0,0,0,31;30,25,28,24,0,23,36,24,0,28;37,0,0,40,29,0,21,0,40,0;29,30,30,0,20,0,0,27,37,29;21,0,27,0,27,0,0,0,23,0;32,40,0,0,26,0,0,0,0,28;0,28,0,0,0,0,0,25,0,0
-22,17,0,0,0,16,20,-27,-17,13
------------- End of Scenario k = 1 -------
80,38,0,22,0,76,0,0,0,0;0,0,26,54,0,0,0,28,0,57;76,0,0,52,63,58,30,79,80,0;0,40,35,0,47,72,0,0,0,35;74,46,73,73,0,33,64,69,0,26;58,0,0,50,22,0,61,0,80,0;45,58,50,0,24,0,0,80,22,71;62,0,23,0,26,0,0,0,50,0;38,55,0,0,45,0,0,0,0,64;0,42,0,0,0,0,0,27,0,0
24,37,0,33,0,29,0,0,0,0;0,0,24,25,0,0,0,28,0,34;34,0,0,39,35,28,30,35,16,0;0,31,34,0,22,32,0,0,0,30;32,37,25,28,0,22,32,37,0,25;33,0,0,32,26,0,39,0,32,0;26,34,34,0,30,0,0,32,23,22;37,0,25,0,20,0,0,0,24,0;20,32,0,0,21,0,0,0,0,39;0,35,0,0,0,0,0,24,0,0
-28,16,0,0,0,19,22,-32,-23,26
------------- End of Scenario k = 2 -------
80,21,0,72,0,22,0,0,0,0;0,0,80,26,0,0,0,80,0,50;35,0,0,74,26,79,32,33,80,0;0,52,61,0,78,79,0,0,0,80;73,70,42,80,0,43,57,22,0,44;75,0,0,23,27,0,70,0,80,0;80,31,65,0,31,0,0,80,60,27;20,0,49,0,72,0,0,0,65,0;66,47,0,0,36,0,0,0,0,58;0,35,0,0,0,0,0,35,0,0
21,31,0,38,0,26,0,0,0,0;0,0,29,35,0,0,0,38,0,22;33,0,0,37,38,25,33,39,29,0;0,32,25,0,22,33,0,0,0,28;20,25,38,36,0,20,30,27,0,23;20,0,0,30,25,0,37,0,36,0;28,30,32,0,26,0,0,27,38,37;21,0,27,0,20,0,0,0,35,0;37,37,0,0,36,0,0,0,0,35;0,26,0,0,0,0,0,30,0,0
-26,24,0,0,0,26,21,-24,-38,17
------------- End of Scenario k = 3 -------
32,60,0,67,0,45,0,0,0,0;0,0,64,66,0,0,0,80,0,55;61,0,0,60,64,66,54,76,74,0;0,55,58,0,57,33,0,0,0,37;40,74,62,34,0,68,30,54,0,48;70,0,0,80,30,0,39,0,80,0;80,75,56,0,78,0,0,80,29,39;29,0,67,0,36,0,0,0,34,0;38,47,0,0,43,0,0,0,0,35;0,64,0,0,0,0,0,59,0,0
39,38,0,32,0,40,0,0,0,0;0,0,39,25,0,0,0,33,0,24;33,0,0,40,26,22,31,20,23,0;0,22,30,0,29,38,0,0,0,32;30,28,22,23,0,38,21,25,0,38;21,0,0,15,34,0,39,0,39,0;30,31,22,0,40,0,0,24,35,31;24,0,37,0,31,0,0,0,30,0;25,35,0,0,34,0,0,0,0,29;0,35,0,0,0,0,0,23,0,0
-36,15,0,0,0,15,17,-3,-27,19
------------- End of Scenario k = 4 -------
43,62,0,44,0,68,0,0,0,0;0,0,26,63,0,0,0,80,0,59;67,0,0,32,41,76,67,79,63,0;0,66,22,0,23,57,0,0,0,70;53,55,30,77,0,69,32,57,0,76;73,0,0,80,67,0,30,0,50,0;80,66,20,0,80,0,0,36,22,34;66,0,35,0,60,0,0,0,37,0;39,29,0,0,20,0,0,0,0,59;0,23,0,0,0,0,0,44,0,0
32,33,0,22,0,26,0,0,0,0;0,0,27,27,0,0,0,34,0,34;32,0,0,38,36,25,36,35,22,0;0,40,30,0,28,37,0,0,0,31;28,24,31,25,0,40,29,27,0,27;38,0,0,26,22,0,28,0,21,0;29,38,40,0,26,0,0,28,38,38;23,0,22,0,21,0,0,0,30,0;40,35,0,0,36,0,0,0,0,21;0,32,0,0,0,0,0,33,0,0
-15,22,0,0,0,17,10,-39,-17,22
------------- End of Scenario k = 5 -------
63,29,0,56,0,64,0,0,0,0;0,0,80,63,0,0,0,61,0,77;33,0,0,27,62,35,29,63,80,0;0,62,34,0,69,31,0,0,0,76;45,41,31,75,0,47,35,44,0,49;45,0,0,80,80,0,65,0,41,0;80,31,53,0,80,0,0,80,53,70;48,0,45,0,52,0,0,0,65,0;28,22,0,0,57,0,0,0,0,79;0,51,0,0,0,0,0,49,0,0
24,39,0,30,0,20,0,0,0,0;0,0,35,32,0,0,0,37,0,25;37,0,0,22,28,22,37,25,35,0;0,27,40,0,21,29,0,0,0,25;26,30,24,23,0,33,20,32,0,20;24,0,0,28,25,0,25,0,38,0;30,35,39,0,35,0,0,31,20,34;21,0,28,0,21,0,0,0,31,0;31,39,0,0,32,0,0,0,0,38;0,40,0,0,0,0,0,35,0,0
-23,29,0,0,0,27,17,-16,-54,20
------------- End of Scenario k = 6 -------
31,52,0,47,0,34,0,0,0,0;0,0,80,27,0,0,0,58,0,49;72,0,0,64,44,33,70,22,80,0;0,71,20,0,66,77,0,0,0,72;47,32,48,39,0,36,80,29,0,77;59,0,0,65,37,0,40,0,72,0;80,40,48,0,42,0,0,80,40,70;43,0,60,0,80,0,0,0,39,0;30,78,0,0,58,0,0,0,0,20;0,23,0,0,0,0,0,20,0,0
39,30,0,34,0,24,0,0,0,0;0,0,38,39,0,0,0,32,0,34;37,0,0,24,35,29,25,35,26,0;0,30,40,0,21,37,0,0,0,23;27,39,23,29,0,20,32,28,0,23;34,0,0,16,35,0,29,0,38,0;31,21,33,0,30,0,0,24,28,24;20,0,36,0,34,0,0,0,22,0;30,25,0,0,32,0,0,0,0,27;0,38,0,0,0,0,0,23,0,0
-35,24,0,0,0,16,21,-20,-20,14
------------- End of Scenario k = 7 -------
80,77,0,28,0,56,0,0,0,0;0,0,43,71,0,0,0,43,0,41;74,0,0,50,80,23,53,65,72,0;0,49,73,0,54,69,0,0,0,77;64,77,42,53,0,64,72,35,0,38;29,0,0,57,69,0,42,0,80,0;59,26,80,0,80,0,0,80,67,58;62,0,56,0,21,0,0,0,60,0;69,58,0,0,58,0,0,0,0,24;0,25,0,0,0,0,0,25,0,0
33,37,0,36,0,37,0,0,0,0;0,0,28,25,0,0,0,13,0,22;34,0,0,28,21,35,23,32,31,0;0,39,36,0,24,28,0,0,0,25;29,37,22,22,0,22,22,22,0,22;37,0,0,33,21,0,27,0,32,0;34,35,32,0,29,0,0,19,31,35;29,0,21,0,38,0,0,0,35,0;25,36,0,0,22,0,0,0,0,25;0,40,0,0,0,0,0,22,0,0
-27,13,0,0,0,28,14,-10,-36,18
------------- End of Scenario k = 8 -------
42,66,0,57,0,37,0,0,0,0;0,0,71,38,0,0,0,80,0,70;40,0,0,55,57,49,66,27,47,0;0,60,42,0,31,54,0,0,0,42;20,57,50,27,0,23,65,60,0,22;23,0,0,62,38,0,44,0,55,0;80,46,71,0,80,0,0,80,34,67;50,0,49,0,60,0,0,0,34,0;65,46,0,0,39,0,0,0,0,68;0,37,0,0,0,0,0,59,0,0
26,39,0,26,0,22,0,0,0,0;0,0,26,25,0,0,0,23,0,37;40,0,0,27,40,32,27,23,30,0;0,25,21,0,29,32,0,0,0,37;20,34,21,34,0,20,37,26,0,21;26,0,0,31,20,0,30,0,31,0;31,25,32,0,40,0,0,21,21,20;36,0,22,0,21,0,0,0,21,0;32,31,0,0,36,0,0,0,0,31;0,28,0,0,0,0,0,31,0,0
-44,12,0,0,0,23,17,-9,-26,27
------------- End of Scenario k = 9 -------
80,68,0,21,0,70,0,0,0,0;0,0,80,27,0,0,0,80,0,80;62,0,0,63,60,68,76,80,80,0;0,30,43,0,23,45,0,0,0,51;67,50,47,62,0,79,46,54,0,51;22,0,0,27,25,0,61,0,30,0;27,71,23,0,42,0,0,62,30,68;63,0,52,0,30,0,0,0,22,0;63,77,0,0,56,0,0,0,0,46;0,36,0,0,0,0,0,32,0,0
32,30,0,25,0,33,0,0,0,0;0,0,17,25,0,0,0,21,0,23;33,0,0,31,40,38,21,37,22,0;0,31,26,0,29,23,0,0,0,34;23,33,35,24,0,37,38,21,0,36;24,0,0,36,25,0,24,0,29,0;39,32,36,0,35,0,0,40,31,21;35,0,33,0,27,0,0,0,31,0;39,37,0,0,23,0,0,0,0,38;0,39,0,0,0,0,0,34,0,0
-39,11,0,0,0,20,30,-25,-25,28
------------- End of Scenario k = 10 -------
80,49,0,51,0,44,0,0,0,0;0,0,80,66,0,0,0,80,0,34;24,0,0,63,72,36,28,61,48,0;0,22,50,0,66,65,0,0,0,49;75,33,66,75,0,74,20,27,0,69;58,0,0,70,23,0,71,0,33,0;80,34,37,0,29,0,0,80,68,24;22,0,27,0,70,0,0,0,45,0;31,49,0,0,58,0,0,0,0,26;0,62,0,0,0,0,0,55,0,0
27,26,0,35,0,21,0,0,0,0;0,0,40,28,0,0,0,29,0,22;21,0,0,23,35,31,33,31,27,0;0,27,31,0,33,33,0,0,0,37;38,35,38,27,0,29,24,21,0,39;31,0,0,39,37,0,34,0,29,0;28,30,27,0,33,0,0,27,24,40;36,0,34,0,24,0,0,0,36,0;22,28,0,0,40,0,0,0,0,23;0,33,0,0,0,0,0,40,0,0
-35,24,0,0,0,27,16,-20,-42,30
------------- End of Scenario k = 11 -------
34,66,0,67,0,43,0,0,0,0;0,0,80,74,0,0,0,29,0,45;41,0,0,42,61,68,48,51,80,0;0,35,49,0,54,53,0,0,0,61;58,31,33,29,0,36,68,61,0,76;31,0,0,80,35,0,63,0,42,0;78,20,38,0,41,0,0,55,51,72;32,0,34,0,74,0,0,0,67,0;41,45,0,0,48,0,0,0,0,65;0,43,0,0,0,0,0,53,0,0
26,21,0,21,0,26,0,0,0,0;0,0,13,40,0,0,0,17,0,35;21,0,0,24,39,20,39,36,31,0;0,28,24,0,29,36,0,0,0,20;40,37,33,22,0,28,34,40,0,23;24,0,0,34,28,0,38,0,25,0;35,20,20,0,23,0,0,23,35,21;21,0,39,0,33,0,0,0,23,0;20,38,0,0,24,0,0,0,0,33;0,24,0,0,0,0,0,32,0,0
-38,10,0,0,0,11,22,-7,-16,18
------------- End of Scenario k = 12 -------
51,51,0,33,0,62,0,0,0,0;0,0,63,49,0,0,0,80,0,57;54,0,0,71,52,23,23,33,80,0;0,37,62,0,63,32,0,0,0,44;51,28,28,46,0,64,73,56,0,63;60,0,0,40,76,0,28,0,40,0;80,64,66,0,80,0,0,52,65,64;80,0,26,0,38,0,0,0,28,0;50,26,0,0,39,0,0,0,0,45;0,61,0,0,0,0,0,77,0,0
40,38,0,20,0,25,0,0,0,0;0,0,34,40,0,0,0,38,0,27;21,0,0,20,24,34,31,27,28,0;0,25,27,0,23,21,0,0,0,33;35,27,27,23,0,38,35,27,0,38;39,0,0,39,23,0,20,0,25,0;27,39,23,0,21,0,0,38,22,36;35,0,34,0,20,0,0,0,39,0;27,21,0,0,33,0,0,0,0,31;0,30,0,0,0,0,0,39,0,0
-37,28,0,0,0,14,21,-28,-25,27
------------- End of Scenario k = 13 -------
37,60,0,75,0,48,0,0,0,0;0,0,80,54,0,0,0,72,0,38;61,0,0,67,70,36,42,55,23,0;0,22,39,0,70,72,0,0,0,22;50,79,32,50,0,31,67,60,0,43;66,0,0,36,51,0,31,0,80,0;35,21,37,0,23,0,0,80,35,50;28,0,48,0,37,0,0,0,70,0;27,40,0,0,67,0,0,0,0,35;0,26,0,0,0,0,0,65,0,0
18,33,0,38,0,31,0,0,0,0;0,0,27,33,0,0,0,26,0,37;34,0,0,29,22,36,30,24,21,0;0,30,38,0,35,31,0,0,0,39;30,36,35,24,0,30,34,30,0,40;26,0,0,30,21,0,26,0,34,0;35,36,26,0,32,0,0,36,21,36;38,0,23,0,31,0,0,0,25,0;22,30,0,0,20,0,0,0,0,39;0,38,0,0,0,0,0,33,0,0
-19,18,0,0,0,29,17,-31,-43,29
------------- End of Scenario k = 14 -------
80,30,0,34,0,46,0,0,0,0;0,0,29,38,0,0,0,80,0,70;72,0,0,72,23,34,50,40,80,0;0,38,46,0,69,42,0,0,0,40;25,79,45,70,0,32,33,61,0,33;63,0,0,80,43,0,27,0,80,0;80,79,48,0,67,0,0,67,45,31;40,0,24,0,44,0,0,0,69,0;38,48,0,0,34,0,0,0,0,34;0,46,0,0,0,0,0,45,0,0
36,36,0,35,0,38,0,0,0,0;0,0,37,34,0,0,0,30,0,22;26,0,0,34,21,26,25,34,36,0;0,35,36,0,29,30,0,0,0,20;26,36,30,35,0,21,27,40,0,35;36,0,0,27,30,0,29,0,23,0;29,35,21,0,17,0,0,29,39,40;36,0,29,0,30,0,0,0,40,0;31,40,0,0,24,0,0,0,0,21;0,38,0,0,0,0,0,31,0,0
-15,28,0,0,0,13,12,-34,-21,17
------------- End of Scenario k = 15 -------
72,65,0,40,0,59,0,0,0,0;0,0,80,69,0,0,0,80,0,60;54,0,0,21,60,70,34,35,80,0;0,52,69,0,60,45,0,0,0,36;77,34,37,72,0,67,32,24,0,45;44,0,0,80,41,0,36,0,80,0;80,73,48,0,47,0,0,80,25,37;68,0,71,0,48,0,0,0,51,0;50,57,0,0,31,0,0,0,0,36;0,24,0,0,0,0,0,22,0,0
25,39,0,29,0,34,0,0,0,0;0,0,40,29,0,0,0,37,0,37;28,0,0,27,37,27,30,21,21,0;0,31,21,0,33,25,0,0,0,20;29,28,39,31,0,28,23,40,0,28;26,0,0,24,39,0,28,0,17,0;30,31,39,0,38,0,0,38,35,35;38,0,34,0,22,0,0,0,26,0;35,32,0,0,28,0,0,0,0,36;0,20,0,0,0,0,0,39,0,0
-28,12,0,0,0,14,20,-27,-16,25
------------- End of Scenario k = 16 -------
80,58,0,80,0,76,0,0,0,0;0,0,22,39,0,0,0,41,0,51;65,0,0,64,65,51,30,54,80,0;0,33,54,0,32,40,0,0,0,65;50,75,33,68,0,52,30,67,0,45;35,0,0,24,57,0,44,0,80,0;56,37,65,0,80,0,0,80,37,30;38,0,58,0,55,0,0,0,77,0;68,50,0,0,70,0,0,0,0,32;0,32,0,0,0,0,0,77,0,0
22,36,0,24,0,36,0,0,0,0;0,0,25,36,0,0,0,26,0,20;28,0,0,38,38,24,29,27,22,0;0,40,23,0,28,34,0,0,0,20;34,33,27,30,0,36,24,34,0,25;39,0,0,31,22,0,27,0,26,0;39,34,33,0,26,0,0,30,25,23;32,0,23,0,20,0,0,0,24,0;35,37,0,0,28,0,0,0,0,28;0,36,0,0,0,0,0,27,0,0
-20,13,0,0,0,19,11,-29,-19,25
------------- End of Scenario k = 17 -------
22,48,0,55,0,77,0,0,0,0;0,0,29,56,0,0,0,80,0,46;64,0,0,75,48,67,37,22,80,0;0,55,67,0,56,50,0,0,0,26;58,26,27,60,0,57,42,63,0,80;60,0,0,80,31,0,60,0,36,0;80,40,55,0,57,0,0,36,33,47;23,0,62,0,64,0,0,0,32,0;47,58,0,0,76,0,0,0,0,30;0,77,0,0,0,0,0,48,0,0
38,29,0,38,0,22,0,0,0,0;0,0,32,35,0,0,0,32,0,33;36,0,0,28,25,35,20,32,40,0;0,20,34,0,25,21,0,0,0,22;26,36,22,36,0,36,37,28,0,28;25,0,0,25,36,0,24,0,21,0;13,21,23,0,34,0,0,37,38,40;25,0,26,0,39,0,0,0,25,0;22,37,0,0,32,0,0,0,0,30;0,37,0,0,0,0,0,40,0,0
-32,27,0,0,0,12,13,-30,-12,22
------------- End of Scenario k = 18 -------
56,58,0,41,0,66,0,0,0,0;0,0,80,51,0,0,0,80,0,72;47,0,0,58,41,47,44,66,30,0;0,78,66,0,74,79,0,0,0,65;26,64,45,58,0,30,66,66,0,31;72,0,0,74,30,0,34,0,67,0;38,53,73,0,80,0,0,80,24,36;60,0,61,0,75,0,0,0,35,0;48,69,0,0,77,0,0,0,0,46;0,62,0,0,0,0,0,73,0,0
35,31,0,36,0,31,0,0,0,0;0,0,31,31,0,0,0,29,0,35;20,0,0,32,29,24,21,32,26,0;0,40,21,0,33,26,0,0,0,38;30,31,24,32,0,32,35,34,0,32;25,0,0,37,34,0,27,0,30,0;31,37,21,0,28,0,0,30,24,23;39,0,26,0,35,0,0,0,20,0;36,24,0,0,26,0,0,0,0,34;0,34,0,0,0,0,0,38,0,0
-45,24,0,0,0,14,26,-14,-35,30
------------- End of Scenario k = 19 -------
