/ -------------------------------------------------------------------------
An instance of the stochastic Fixed - charge Network Flow Problem using NETGEN.
/ -------------------------------------------------------------------------
Number of Nodes (no Dummy node is added), n
Graph Density, density
The fixed cost to variable cost ratio, f
Adjacency Matrix, A
Fixed Cost Matrix, c
Number of scenarios, K
Scenario Probabilities, p
----The following three rows will be repeated K times.----
Var Cost Matrix, d
Capacity, u
demand, b
/ -------------------------------------------------------------------------
+
10
0.3
200
0,0,0,0,0,0,0,1,0,0;0,0,1,1,1,0,0,0,1,0;0,0,0,0,1,1,1,1,1,0;0,0,1,0,0,0,0,0,1,0;1,0,1,0,0,0,0,0,1,0;0,0,0,0,0,0,1,0,1,0;0,0,0,0,0,0,0,1,1,0;0,0,0,1,0,0,0,0,0,0;0,1,1,0,1,1,1,0,0,0;0,0,0,1,0,1,0,0,0,0
0,0,0,0,0,0,0,10040,0,0;0,0,13346,11213,10380,0,0,0,10726,0;0,0,0,0,12086,10153,10300,12693,13140,0;0,0,10206,0,0,0,0,0,10000,0;13793,0,10546,0,0,0,0,0,11086,0;0,0,0,0,0,0,12813,0,13553,0;0,0,0,0,0,0,0,14066,9413,0;0,0,0,10486,0,0,0,0,0,0;0,10526,10880,0,10073,8853,9626,0,0,0;0,0,0,14486,0,12766,0,0,0,0
30
0.01,0.01,0.01,0.01,0.03,0.03,0.01,0.03,0.03,0.01,0.01,0.06,0.06,0.03,0.03,0.05,0.03,0.01,0.03,0.01,0.01,0.05,0.06,0.01,0.06,0.05,0.06,0.03,0.01,0.16
--Scenarios--
0,0,0,0,0,0,0,57,0,0;0,0,51,24,45,0,0,0,45,0;0,0,0,0,53,63,36,64,80,0;0,0,21,0,0,0,0,0,78,0;80,0,67,0,0,0,0,0,78,0;0,0,0,0,0,0,80,0,80,0;0,0,0,0,0,0,0,71,28,0;0,0,0,44,0,0,0,0,0,0;0,48,44,0,35,30,24,0,0,0;0,0,0,80,0,37,0,0,0,0
0,0,0,0,0,0,0,26,0,0;0,0,28,27,26,0,0,0,24,0;0,0,0,0,26,27,34,29,25,0;0,0,20,0,0,0,0,0,29,0;26,0,34,0,0,0,0,0,20,0;0,0,0,0,0,0,23,0,24,0;0,0,0,0,0,0,0,25,28,0;0,0,0,34,0,0,0,0,0,0;0,29,40,0,33,32,30,0,0,0;0,0,0,18,0,19,0,0,0,0
-4,22,0,-4,0,0,0,-13,-19,18
------------- End of Scenario k = 0 -------
0,0,0,0,0,0,0,26,0,0;0,0,69,80,61,0,0,0,34,0;0,0,0,0,80,55,32,46,24,0;0,0,72,0,0,0,0,0,46,0;80,0,37,0,0,0,0,0,70,0;0,0,0,0,0,0,24,0,78,0;0,0,0,0,0,0,0,80,51,0;0,0,0,39,0,0,0,0,0,0;0,45,70,0,50,42,55,0,0,0;0,0,0,80,0,40,0,0,0,0
0,0,0,0,0,0,0,27,0,0;0,0,35,21,40,0,0,0,36,0;0,0,0,0,31,30,30,31,37,0;0,0,23,0,0,0,0,0,31,0;33,0,34,0,0,0,0,0,39,0;0,0,0,0,0,0,31,0,34,0;0,0,0,0,0,0,0,19,33,0;0,0,0,36,0,0,0,0,0,0;0,34,40,0,30,26,22,0,0,0;0,0,0,36,0,16,0,0,0,0
-2,19,0,-8,0,0,0,-14,-8,13
------------- End of Scenario k = 1 -------
0,0,0,0,0,0,0,46,0,0;0,0,44,36,73,0,0,0,58,0;0,0,0,0,61,76,44,80,80,0;0,0,31,0,0,0,0,0,32,0;80,0,69,0,0,0,0,0,21,0;0,0,0,0,0,0,52,0,80,0;0,0,0,0,0,0,0,77,54,0;0,0,0,33,0,0,0,0,0,0;0,45,60,0,34,59,42,0,0,0;0,0,0,80,0,80,0,0,0,0
0,0,0,0,0,0,0,30,0,0;0,0,35,33,25,0,0,0,25,0;0,0,0,0,36,31,39,25,20,0;0,0,40,0,0,0,0,0,40,0;22,0,32,0,0,0,0,0,21,0;0,0,0,0,0,0,32,0,36,0;0,0,0,0,0,0,0,34,31,0;0,0,0,27,0,0,0,0,0,0;0,37,26,0,31,20,36,0,0,0;0,0,0,32,0,29,0,0,0,0
-7,18,0,-25,0,0,0,-11,-4,29
------------- End of Scenario k = 2 -------
0,0,0,0,0,0,0,52,0,0;0,0,80,80,21,0,0,0,80,0;0,0,0,0,44,38,79,67,80,0;0,0,72,0,0,0,0,0,45,0;50,0,60,0,0,0,0,0,35,0;0,0,0,0,0,0,80,0,64,0;0,0,0,0,0,0,0,80,26,0;0,0,0,37,0,0,0,0,0,0;0,73,48,0,54,30,66,0,0,0;0,0,0,75,0,80,0,0,0,0
0,0,0,0,0,0,0,28,0,0;0,0,31,20,39,0,0,0,23,0;0,0,0,0,18,27,21,30,32,0;0,0,30,0,0,0,0,0,35,0;19,0,33,0,0,0,0,0,20,0;0,0,0,0,0,0,17,0,18,0;0,0,0,0,0,0,0,37,38,0;0,0,0,26,0,0,0,0,0,0;0,37,32,0,33,40,21,0,0,0;0,0,0,36,0,38,0,0,0,0
-7,14,0,-6,0,0,0,-10,-3,12
------------- End of Scenario k = 3 -------
0,0,0,0,0,0,0,50,0,0;0,0,63,24,38,0,0,0,56,0;0,0,0,0,80,40,62,80,80,0;0,0,65,0,0,0,0,0,73,0;80,0,50,0,0,0,0,0,61,0;0,0,0,0,0,0,60,0,80,0;0,0,0,0,0,0,0,34,79,0;0,0,0,59,0,0,0,0,0,0;0,28,36,0,38,43,61,0,0,0;0,0,0,77,0,21,0,0,0,0
0,0,0,0,0,0,0,34,0,0;0,0,34,25,25,0,0,0,40,0;0,0,0,0,37,22,26,27,20,0;0,0,40,0,0,0,0,0,36,0;23,0,40,0,0,0,0,0,34,0;0,0,0,0,0,0,29,0,40,0;0,0,0,0,0,0,0,32,21,0;0,0,0,35,0,0,0,0,0,0;0,35,38,0,32,31,26,0,0,0;0,0,0,35,0,35,0,0,0,0
-4,20,0,-26,0,0,0,-10,-9,29
------------- End of Scenario k = 4 -------
0,0,0,0,0,0,0,56,0,0;0,0,76,42,34,0,0,0,51,0;0,0,0,0,80,71,58,65,47,0;0,0,38,0,0,0,0,0,25,0;80,0,50,0,0,0,0,0,48,0;0,0,0,0,0,0,80,0,31,0;0,0,0,0,0,0,0,80,43,0;0,0,0,46,0,0,0,0,0,0;0,41,25,0,64,65,34,0,0,0;0,0,0,80,0,42,0,0,0,0
0,0,0,0,0,0,0,40,0,0;0,0,26,40,27,0,0,0,32,0;0,0,0,0,38,31,35,31,37,0;0,0,32,0,0,0,0,0,25,0;34,0,21,0,0,0,0,0,26,0;0,0,0,0,0,0,32,0,30,0;0,0,0,0,0,0,0,39,22,0;0,0,0,20,0,0,0,0,0,0;0,23,22,0,32,29,39,0,0,0;0,0,0,33,0,35,0,0,0,0
-6,22,0,-2,0,0,0,-29,-15,30
------------- End of Scenario k = 5 -------
0,0,0,0,0,0,0,39,0,0;0,0,44,80,50,0,0,0,46,0;0,0,0,0,80,33,22,74,24,0;0,0,50,0,0,0,0,0,55,0;80,0,65,0,0,0,0,0,36,0;0,0,0,0,0,0,43,0,80,0;0,0,0,0,0,0,0,80,32,0;0,0,0,45,0,0,0,0,0,0;0,57,66,0,63,41,32,0,0,0;0,0,0,70,0,80,0,0,0,0
0,0,0,0,0,0,0,20,0,0;0,0,35,30,30,0,0,0,35,0;0,0,0,0,26,23,23,21,12,0;0,0,36,0,0,0,0,0,30,0;13,0,22,0,0,0,0,0,29,0;0,0,0,0,0,0,24,0,28,0;0,0,0,0,0,0,0,39,23,0;0,0,0,39,0,0,0,0,0,0;0,26,32,0,20,37,38,0,0,0;0,0,0,40,0,31,0,0,0,0
-1,10,0,-7,0,0,0,-6,-15,19
------------- End of Scenario k = 6 -------
0,0,0,0,0,0,0,28,0,0;0,0,80,41,33,0,0,0,46,0;0,0,0,0,80,42,44,80,80,0;0,0,42,0,0,0,0,0,41,0;80,0,41,0,0,0,0,0,38,0;0,0,0,0,0,0,25,0,80,0;0,0,0,0,0,0,0,80,53,0;0,0,0,76,0,0,0,0,0,0;0,71,35,0,75,22,36,0,0,0;0,0,0,76,0,80,0,0,0,0
0,0,0,0,0,0,0,24,0,0;0,0,29,36,22,0,0,0,26,0;0,0,0,0,37,27,28,27,36,0;0,0,34,0,0,0,0,0,23,0;34,0,40,0,0,0,0,0,34,0;0,0,0,0,0,0,32,0,28,0;0,0,0,0,0,0,0,35,22,0;0,0,0,26,0,0,0,0,0,0;0,31,37,0,34,28,22,0,0,0;0,0,0,30,0,34,0,0,0,0
-5,24,0,-30,0,0,0,-12,-5,28
------------- End of Scenario k = 7 -------
0,0,0,0,0,0,0,69,0,0;0,0,80,66,68,0,0,0,76,0;0,0,0,0,80,34,31,78,73,0;0,0,22,0,0,0,0,0,36,0;80,0,59,0,0,0,0,0,58,0;0,0,0,0,0,0,80,0,80,0;0,0,0,0,0,0,0,80,33,0;0,0,0,41,0,0,0,0,0,0;0,34,59,0,76,62,39,0,0,0;0,0,0,80,0,76,0,0,0,0
0,0,0,0,0,0,0,38,0,0;0,0,19,34,28,0,0,0,23,0;0,0,0,0,29,38,40,40,31,0;0,0,24,0,0,0,0,0,32,0;31,0,32,0,0,0,0,0,39,0;0,0,0,0,0,0,18,0,29,0;0,0,0,0,0,0,0,26,35,0;0,0,0,29,0,0,0,0,0,0;0,32,35,0,34,32,26,0,0,0;0,0,0,36,0,36,0,0,0,0
-8,19,0,-3,0,0,0,-11,-11,14
------------- End of Scenario k = 8 -------
0,0,0,0,0,0,0,66,0,0;0,0,35,80,37,0,0,0,51,0;0,0,0,0,76,38,52,47,80,0;0,0,31,0,0,0,0,0,29,0;30,0,46,0,0,0,0,0,36,0;0,0,0,0,0,0,80,0,80,0;0,0,0,0,0,0,0,80,69,0;0,0,0,27,0,0,0,0,0,0;0,36,39,0,58,38,70,0,0,0;0,0,0,80,0,25,0,0,0,0
0,0,0,0,0,0,0,26,0,0;0,0,17,16,35,0,0,0,35,0;0,0,0,0,38,40,38,39,33,0;0,0,35,0,0,0,0,0,27,0;25,0,28,0,0,0,0,0,26,0;0,0,0,0,0,0,26,0,28,0;0,0,0,0,0,0,0,30,31,0;0,0,0,32,0,0,0,0,0,0;0,39,36,0,20,28,39,0,0,0;0,0,0,22,0,31,0,0,0,0
-8,16,0,-3,0,0,0,-6,-21,22
------------- End of Scenario k = 9 -------
0,0,0,0,0,0,0,41,0,0;0,0,80,80,74,0,0,0,23,0;0,0,0,0,80,49,44,80,35,0;0,0,31,0,0,0,0,0,26,0;80,0,47,0,0,0,0,0,75,0;0,0,0,0,0,0,66,0,80,0;0,0,0,0,0,0,0,80,73,0;0,0,0,79,0,0,0,0,0,0;0,71,28,0,29,20,34,0,0,0;0,0,0,79,0,66,0,0,0,0
0,0,0,0,0,0,0,31,0,0;0,0,13,40,26,0,0,0,33,0;0,0,0,0,16,29,30,26,20,0;0,0,26,0,0,0,0,0,23,0;23,0,24,0,0,0,0,0,29,0;0,0,0,0,0,0,30,0,39,0;0,0,0,0,0,0,0,32,33,0;0,0,0,30,0,0,0,0,0,0;0,28,25,0,32,24,26,0,0,0;0,0,0,25,0,31,0,0,0,0
-2,12,0,-6,0,0,0,-8,-15,19
------------- End of Scenario k = 10 -------
0,0,0,0,0,0,0,73,0,0;0,0,34,80,69,0,0,0,56,0;0,0,0,0,35,31,26,51,80,0;0,0,79,0,0,0,0,0,80,0;80,0,22,0,0,0,0,0,52,0;0,0,0,0,0,0,71,0,40,0;0,0,0,0,0,0,0,80,38,0;0,0,0,55,0,0,0,0,0,0;0,51,46,0,69,55,52,0,0,0;0,0,0,40,0,26,0,0,0,0
0,0,0,0,0,0,0,32,0,0;0,0,15,30,31,0,0,0,36,0;0,0,0,0,39,38,26,35,34,0;0,0,30,0,0,0,0,0,34,0;30,0,23,0,0,0,0,0,31,0;0,0,0,0,0,0,25,0,36,0;0,0,0,0,0,0,0,36,39,0;0,0,0,39,0,0,0,0,0,0;0,39,20,0,36,21,22,0,0,0;0,0,0,39,0,32,0,0,0,0
-1,13,0,-11,0,0,0,-7,-16,22
------------- End of Scenario k = 11 -------
0,0,0,0,0,0,0,65,0,0;0,0,80,59,50,0,0,0,60,0;0,0,0,0,80,75,45,80,80,0;0,0,47,0,0,0,0,0,61,0;76,0,70,0,0,0,0,0,21,0;0,0,0,0,0,0,56,0,80,0;0,0,0,0,0,0,0,80,31,0;0,0,0,79,0,0,0,0,0,0;0,61,41,0,70,32,73,0,0,0;0,0,0,80,0,79,0,0,0,0
0,0,0,0,0,0,0,38,0,0;0,0,39,34,23,0,0,0,31,0;0,0,0,0,38,36,31,35,40,0;0,0,29,0,0,0,0,0,32,0;35,0,36,0,0,0,0,0,36,0;0,0,0,0,0,0,29,0,38,0;0,0,0,0,0,0,0,28,21,0;0,0,0,32,0,0,0,0,0,0;0,36,34,0,28,31,29,0,0,0;0,0,0,31,0,21,0,0,0,0
-1,26,0,-16,0,0,0,-7,-23,21
------------- End of Scenario k = 12 -------
0,0,0,0,0,0,0,50,0,0;0,0,34,67,33,0,0,0,67,0;0,0,0,0,80,32,75,45,34,0;0,0,52,0,0,0,0,0,72,0;80,0,65,0,0,0,0,0,69,0;0,0,0,0,0,0,80,0,80,0;0,0,0,0,0,0,0,66,80,0;0,0,0,33,0,0,0,0,0,0;0,43,79,0,38,44,50,0,0,0;0,0,0,80,0,38,0,0,0,0
0,0,0,0,0,0,0,28,0,0;0,0,26,32,35,0,0,0,35,0;0,0,0,0,37,24,28,39,26,0;0,0,27,0,0,0,0,0,25,0;34,0,29,0,0,0,0,0,29,0;0,0,0,0,0,0,39,0,32,0;0,0,0,0,0,0,0,40,36,0;0,0,0,36,0,0,0,0,0,0;0,36,22,0,38,30,32,0,0,0;0,0,0,36,0,35,0,0,0,0
-3,26,0,-8,0,0,0,-37,-6,28
------------- End of Scenario k = 13 -------
0,0,0,0,0,0,0,26,0,0;0,0,80,35,65,0,0,0,66,0;0,0,0,0,25,69,49,80,77,0;0,0,50,0,0,0,0,0,63,0;80,0,54,0,0,0,0,0,33,0;0,0,0,0,0,0,60,0,24,0;0,0,0,0,0,0,0,80,45,0;0,0,0,73,0,0,0,0,0,0;0,69,59,0,23,33,37,0,0,0;0,0,0,21,0,80,0,0,0,0
0,0,0,0,0,0,0,37,0,0;0,0,30,38,31,0,0,0,25,0;0,0,0,0,37,36,28,32,19,0;0,0,32,0,0,0,0,0,20,0;31,0,29,0,0,0,0,0,22,0;0,0,0,0,0,0,36,0,38,0;0,0,0,0,0,0,0,37,38,0;0,0,0,21,0,0,0,0,0,0;0,32,35,0,23,25,29,0,0,0;0,0,0,40,0,38,0,0,0,0
-2,18,0,-19,0,0,0,-19,-8,30
------------- End of Scenario k = 14 -------
0,0,0,0,0,0,0,46,0,0;0,0,80,59,48,0,0,0,25,0;0,0,0,0,80,79,61,27,80,0;0,0,57,0,0,0,0,0,45,0;66,0,73,0,0,0,0,0,53,0;0,0,0,0,0,0,66,0,80,0;0,0,0,0,0,0,0,80,39,0;0,0,0,59,0,0,0,0,0,0;0,73,54,0,68,70,45,0,0,0;0,0,0,80,0,79,0,0,0,0
0,0,0,0,0,0,0,33,0,0;0,0,25,28,34,0,0,0,37,0;0,0,0,0,35,20,23,31,24,0;0,0,22,0,0,0,0,0,34,0;36,0,25,0,0,0,0,0,38,0;0,0,0,0,0,0,30,0,28,0;0,0,0,0,0,0,0,26,23,0;0,0,0,39,0,0,0,0,0,0;0,35,32,0,35,27,22,0,0,0;0,0,0,32,0,27,0,0,0,0
-4,24,0,-25,0,0,0,-13,-8,26
------------- End of Scenario k = 15 -------
0,0,0,0,0,0,0,38,0,0;0,0,54,38,64,0,0,0,74,0;0,0,0,0,40,36,56,30,48,0;0,0,70,0,0,0,0,0,64,0;60,0,54,0,0,0,0,0,69,0;0,0,0,0,0,0,80,0,67,0;0,0,0,0,0,0,0,36,79,0;0,0,0,42,0,0,0,0,0,0;0,32,79,0,59,32,29,0,0,0;0,0,0,80,0,80,0,0,0,0
0,0,0,0,0,0,0,31,0,0;0,0,29,17,20,0,0,0,24,0;0,0,0,0,37,23,25,36,22,0;0,0,34,0,0,0,0,0,20,0;18,0,36,0,0,0,0,0,38,0;0,0,0,0,0,0,39,0,34,0;0,0,0,0,0,0,0,38,38,0;0,0,0,39,0,0,0,0,0,0;0,29,22,0,30,32,38,0,0,0;0,0,0,27,0,30,0,0,0,0
-3,15,0,-25,0,0,0,-11,-1,25
------------- End of Scenario k = 16 -------
0,0,0,0,0,0,0,35,0,0;0,0,80,71,79,0,0,0,36,0;0,0,0,0,32,71,35,80,29,0;0,0,26,0,0,0,0,0,47,0;27,0,71,0,0,0,0,0,59,0;0,0,0,0,0,0,69,0,80,0;0,0,0,0,0,0,0,77,50,0;0,0,0,51,0,0,0,0,0,0;0,23,41,0,54,52,78,0,0,0;0,0,0,80,0,80,0,0,0,0
0,0,0,0,0,0,0,28,0,0;0,0,37,38,21,0,0,0,25,0;0,0,0,0,32,32,39,37,40,0;0,0,24,0,0,0,0,0,36,0;35,0,22,0,0,0,0,0,38,0;0,0,0,0,0,0,20,0,20,0;0,0,0,0,0,0,0,11,30,0;0,0,0,28,0,0,0,0,0,0;0,26,28,0,22,37,24,0,0,0;0,0,0,24,0,35,0,0,0,0
-4,26,0,-19,0,0,0,-11,-2,10
------------- End of Scenario k = 17 -------
0,0,0,0,0,0,0,35,0,0;0,0,70,80,43,0,0,0,71,0;0,0,0,0,80,25,42,55,73,0;0,0,80,0,0,0,0,0,23,0;80,0,75,0,0,0,0,0,72,0;0,0,0,0,0,0,80,0,80,0;0,0,0,0,0,0,0,51,48,0;0,0,0,40,0,0,0,0,0,0;0,61,68,0,66,23,61,0,0,0;0,0,0,80,0,63,0,0,0,0
0,0,0,0,0,0,0,23,0,0;0,0,34,22,31,0,0,0,32,0;0,0,0,0,30,26,39,30,39,0;0,0,37,0,0,0,0,0,38,0;15,0,27,0,0,0,0,0,40,0;0,0,0,0,0,0,35,0,32,0;0,0,0,0,0,0,0,34,25,0;0,0,0,23,0,0,0,0,0,0;0,37,29,0,34,32,34,0,0,0;0,0,0,34,0,40,0,0,0,0
-2,13,0,-23,0,0,0,-9,-6,27
------------- End of Scenario k = 18 -------
0,0,0,0,0,0,0,53,0,0;0,0,80,80,65,0,0,0,63,0;0,0,0,0,21,63,72,20,58,0;0,0,64,0,0,0,0,0,38,0;77,0,42,0,0,0,0,0,60,0;0,0,0,0,0,0,80,0,72,0;0,0,0,0,0,0,0,80,47,0;0,0,0,68,0,0,0,0,0,0;0,73,66,0,56,70,79,0,0,0;0,0,0,80,0,80,0,0,0,0
0,0,0,0,0,0,0,37,0,0;0,0,35,25,36,0,0,0,21,0;0,0,0,0,26,21,26,30,32,0;0,0,25,0,0,0,0,0,30,0;31,0,40,0,0,0,0,0,28,0;0,0,0,0,0,0,28,0,18,0;0,0,0,0,0,0,0,27,33,0;0,0,0,29,0,0,0,0,0,0;0,38,40,0,36,39,25,0,0,0;0,0,0,22,0,12,0,0,0,0
-2,15,0,-14,0,0,0,-3,-6,10
------------- End of Scenario k = 19 -------
0,0,0,0,0,0,0,59,0,0;0,0,80,24,29,0,0,0,76,0;0,0,0,0,66,43,27,80,80,0;0,0,60,0,0,0,0,0,80,0;47,0,23,0,0,0,0,0,71,0;0,0,0,0,0,0,20,0,80,0;0,0,0,0,0,0,0,80,67,0;0,0,0,78,0,0,0,0,0,0;0,40,43,0,54,40,66,0,0,0;0,0,0,24,0,51,0,0,0,0
0,0,0,0,0,0,0,35,0,0;0,0,32,33,34,0,0,0,30,0;0,0,0,0,29,33,35,30,28,0;0,0,34,0,0,0,0,0,37,0;30,0,31,0,0,0,0,0,36,0;0,0,0,0,0,0,33,0,37,0;0,0,0,0,0,0,0,29,33,0;0,0,0,40,0,0,0,0,0,0;0,35,26,0,35,29,35,0,0,0;0,0,0,34,0,40,0,0,0,0
-2,27,0,-17,0,0,0,-6,-31,29
------------- End of Scenario k = 20 -------
0,0,0,0,0,0,0,32,0,0;0,0,80,35,58,0,0,0,38,0;0,0,0,0,31,47,77,53,75,0;0,0,63,0,0,0,0,0,78,0;69,0,47,0,0,0,0,0,66,0;0,0,0,0,0,0,46,0,80,0;0,0,0,0,0,0,0,80,38,0;0,0,0,45,0,0,0,0,0,0;0,78,44,0,42,41,68,0,0,0;0,0,0,75,0,35,0,0,0,0
0,0,0,0,0,0,0,34,0,0;0,0,37,33,26,0,0,0,20,0;0,0,0,0,40,31,34,25,22,0;0,0,31,0,0,0,0,0,24,0;38,0,22,0,0,0,0,0,34,0;0,0,0,0,0,0,32,0,25,0;0,0,0,0,0,0,0,38,36,0;0,0,0,24,0,0,0,0,0,0;0,38,40,0,23,25,38,0,0,0;0,0,0,35,0,30,0,0,0,0
-3,21,0,-9,0,0,0,-13,-15,19
------------- End of Scenario k = 21 -------
0,0,0,0,0,0,0,59,0,0;0,0,80,80,78,0,0,0,62,0;0,0,0,0,25,32,78,80,65,0;0,0,66,0,0,0,0,0,45,0;20,0,43,0,0,0,0,0,42,0;0,0,0,0,0,0,23,0,43,0;0,0,0,0,0,0,0,29,24,0;0,0,0,72,0,0,0,0,0,0;0,58,59,0,22,51,69,0,0,0;0,0,0,80,0,80,0,0,0,0
0,0,0,0,0,0,0,40,0,0;0,0,37,25,27,0,0,0,29,0;0,0,0,0,27,24,39,39,30,0;0,0,23,0,0,0,0,0,32,0;35,0,37,0,0,0,0,0,30,0;0,0,0,0,0,0,31,0,40,0;0,0,0,0,0,0,0,31,27,0;0,0,0,39,0,0,0,0,0,0;0,24,20,0,29,22,27,0,0,0;0,0,0,33,0,38,0,0,0,0
-3,21,0,-22,0,0,0,-14,-8,26
------------- End of Scenario k = 22 -------
0,0,0,0,0,0,0,77,0,0;0,0,80,80,72,0,0,0,74,0;0,0,0,0,80,80,79,80,80,0;0,0,49,0,0,0,0,0,31,0;80,0,66,0,0,0,0,0,63,0;0,0,0,0,0,0,78,0,80,0;0,0,0,0,0,0,0,80,37,0;0,0,0,74,0,0,0,0,0,0;0,46,66,0,42,32,28,0,0,0;0,0,0,80,0,38,0,0,0,0
0,0,0,0,0,0,0,37,0,0;0,0,25,28,20,0,0,0,32,0;0,0,0,0,35,26,37,23,22,0;0,0,22,0,0,0,0,0,40,0;38,0,40,0,0,0,0,0,35,0;0,0,0,0,0,0,29,0,33,0;0,0,0,0,0,0,0,26,22,0;0,0,0,34,0,0,0,0,0,0;0,36,21,0,34,22,39,0,0,0;0,0,0,27,0,38,0,0,0,0
-3,18,0,-25,0,0,0,-8,-1,19
------------- End of Scenario k = 23 -------
0,0,0,0,0,0,0,65,0,0;0,0,80,41,60,0,0,0,58,0;0,0,0,0,50,35,47,31,80,0;0,0,61,0,0,0,0,0,26,0;79,0,70,0,0,0,0,0,79,0;0,0,0,0,0,0,80,0,24,0;0,0,0,0,0,0,0,49,24,0;0,0,0,20,0,0,0,0,0,0;0,46,68,0,53,52,23,0,0,0;0,0,0,80,0,79,0,0,0,0
0,0,0,0,0,0,0,22,0,0;0,0,25,34,24,0,0,0,20,0;0,0,0,0,39,34,21,29,31,0;0,0,34,0,0,0,0,0,24,0;24,0,31,0,0,0,0,0,22,0;0,0,0,0,0,0,18,0,28,0;0,0,0,0,0,0,0,26,34,0;0,0,0,26,0,0,0,0,0,0;0,40,33,0,30,35,30,0,0,0;0,0,0,34,0,31,0,0,0,0
-6,19,0,-6,0,0,0,-13,-12,18
------------- End of Scenario k = 24 -------
0,0,0,0,0,0,0,61,0,0;0,0,48,65,20,0,0,0,52,0;0,0,0,0,72,59,61,62,80,0;0,0,20,0,0,0,0,0,75,0;28,0,26,0,0,0,0,0,42,0;0,0,0,0,0,0,80,0,26,0;0,0,0,0,0,0,0,80,21,0;0,0,0,63,0,0,0,0,0,0;0,51,37,0,59,31,53,0,0,0;0,0,0,78,0,80,0,0,0,0
0,0,0,0,0,0,0,29,0,0;0,0,34,35,30,0,0,0,24,0;0,0,0,0,25,33,36,24,31,0;0,0,21,0,0,0,0,0,35,0;32,0,39,0,0,0,0,0,33,0;0,0,0,0,0,0,36,0,22,0;0,0,0,0,0,0,0,34,26,0;0,0,0,38,0,0,0,0,0,0;0,26,31,0,30,20,27,0,0,0;0,0,0,20,0,18,0,0,0,0
-12,22,0,-9,0,0,0,-11,-6,16
------------- End of Scenario k = 25 -------
0,0,0,0,0,0,0,65,0,0;0,0,67,35,31,0,0,0,36,0;0,0,0,0,62,59,40,80,67,0;0,0,53,0,0,0,0,0,64,0;80,0,63,0,0,0,0,0,56,0;0,0,0,0,0,0,44,0,61,0;0,0,0,0,0,0,0,34,51,0;0,0,0,51,0,0,0,0,0,0;0,75,52,0,60,56,30,0,0,0;0,0,0,38,0,80,0,0,0,0
0,0,0,0,0,0,0,40,0,0;0,0,30,36,20,0,0,0,31,0;0,0,0,0,39,21,37,35,36,0;0,0,21,0,0,0,0,0,39,0;40,0,31,0,0,0,0,0,40,0;0,0,0,0,0,0,16,0,15,0;0,0,0,0,0,0,0,38,20,0;0,0,0,38,0,0,0,0,0,0;0,27,23,0,31,22,21,0,0,0;0,0,0,30,0,17,0,0,0,0
-8,29,0,-19,0,0,0,-9,-8,15
------------- End of Scenario k = 26 -------
0,0,0,0,0,0,0,78,0,0;0,0,80,39,40,0,0,0,58,0;0,0,0,0,55,52,44,80,42,0;0,0,32,0,0,0,0,0,38,0;80,0,26,0,0,0,0,0,45,0;0,0,0,0,0,0,79,0,80,0;0,0,0,0,0,0,0,77,30,0;0,0,0,39,0,0,0,0,0,0;0,59,77,0,36,29,33,0,0,0;0,0,0,80,0,80,0,0,0,0
0,0,0,0,0,0,0,21,0,0;0,0,24,37,21,0,0,0,25,0;0,0,0,0,26,34,24,22,30,0;0,0,37,0,0,0,0,0,40,0;30,0,25,0,0,0,0,0,29,0;0,0,0,0,0,0,37,0,38,0;0,0,0,0,0,0,0,20,32,0;0,0,0,22,0,0,0,0,0,0;0,33,31,0,31,29,24,0,0,0;0,0,0,15,0,32,0,0,0,0
-6,21,0,-3,0,0,0,-16,-10,14
------------- End of Scenario k = 27 -------
0,0,0,0,0,0,0,20,0,0;0,0,80,50,64,0,0,0,51,0;0,0,0,0,72,55,75,80,80,0;0,0,78,0,0,0,0,0,37,0;80,0,37,0,0,0,0,0,75,0;0,0,0,0,0,0,80,0,80,0;0,0,0,0,0,0,0,80,79,0;0,0,0,48,0,0,0,0,0,0;0,64,69,0,26,54,25,0,0,0;0,0,0,80,0,80,0,0,0,0
0,0,0,0,0,0,0,40,0,0;0,0,39,18,24,0,0,0,36,0;0,0,0,0,38,34,39,30,38,0;0,0,35,0,0,0,0,0,27,0;21,0,21,0,0,0,0,0,36,0;0,0,0,0,0,0,25,0,25,0;0,0,0,0,0,0,0,39,22,0;0,0,0,36,0,0,0,0,0,0;0,26,24,0,38,24,31,0,0,0;0,0,0,24,0,35,0,0,0,0
-3,16,0,-10,0,0,0,-4,-22,23
------------- End of Scenario k = 28 -------
0,0,0,0,0,0,0,39,0,0;0,0,33,31,55,0,0,0,20,0;0,0,0,0,33,41,52,49,80,0;0,0,49,0,0,0,0,0,47,0;80,0,64,0,0,0,0,0,80,0;0,0,0,0,0,0,80,0,63,0;0,0,0,0,0,0,0,69,43,0;0,0,0,57,0,0,0,0,0,0;0,27,74,0,38,79,52,0,0,0;0,0,0,80,0,80,0,0,0,0
0,0,0,0,0,0,0,21,0,0;0,0,35,27,40,0,0,0,31,0;0,0,0,0,29,26,32,27,23,0;0,0,36,0,0,0,0,0,29,0;33,0,35,0,0,0,0,0,40,0;0,0,0,0,0,0,35,0,37,0;0,0,0,0,0,0,0,34,28,0;0,0,0,23,0,0,0,0,0,0;0,34,39,0,28,24,24,0,0,0;0,0,0,37,0,30,0,0,0,0
-2,20,0,-5,0,0,0,-22,-20,29
------------- End of Scenario k = 29 -------
