/ -------------------------------------------------------------------------
An instance of the stochastic Fixed - charge Network Flow Problem using NETGEN.
/ -------------------------------------------------------------------------
Number of Nodes (no Dummy node is added), n
Graph Density, density
The fixed cost to variable cost ratio, f
Adjacency Matrix, A
Fixed Cost Matrix, c
Number of scenarios, K
Scenario Probabilities, p
----The following three rows will be repeated K times.----
Var Cost Matrix, d
Capacity, u
demand, b
/ -------------------------------------------------------------------------
+
10
0.6
200
0,1,0,1,0,0,1,1,1,0;1,0,1,0,1,0,1,1,1,1;1,0,0,1,0,1,1,0,0,1;1,1,0,0,1,0,1,1,1,1;1,1,0,0,0,1,1,0,0,0;1,0,1,0,0,0,0,1,1,1;0,0,0,0,1,0,0,0,1,1;1,1,1,1,0,0,1,0,0,1;0,0,1,1,1,1,1,1,0,0;1,1,1,0,1,0,0,1,1,0
0,9560,0,8500,0,0,10740,8340,11480,0;12260,0,13600,0,9900,0,9520,11400,10000,11680;11080,0,0,13840,0,10180,10200,0,0,8680;9300,10500,0,0,13940,0,7640,10140,12660,9580;12120,11260,0,0,0,11440,8220,0,0,0;9320,0,9960,0,0,0,0,12440,8900,10280;0,0,0,0,9160,0,0,0,13819,11720;10480,9340,11660,11440,0,0,13240,0,0,10820;0,0,11200,10920,9240,9840,10960,10800,0,0;11920,10000,10560,0,10960,0,0,10860,9040,0
10
0.35,0.1,0.05,0.05,0.05,0.1,0.05,0.05,0.1,0.1
--Scenarios--
0,59,0,78,0,0,31,68,75,0;34,0,63,0,32,0,67,26,52,77;46,0,0,80,0,47,50,0,0,56;51,72,0,0,80,0,23,20,77,51;72,43,0,0,0,40,39,0,0,0;69,0,64,0,0,0,0,49,21,35;0,0,0,0,66,0,0,0,80,80;48,22,73,66,0,0,80,0,0,64;0,0,55,56,75,78,78,66,0,0;29,46,34,0,68,0,0,64,52,0
0,30,0,22,0,0,35,30,28,0;30,0,36,0,26,0,36,31,24,37;29,0,0,21,0,25,34,0,0,31;28,27,0,0,38,0,20,34,33,38;26,28,0,0,0,35,38,0,0,0;20,0,35,0,0,0,0,20,29,36;0,0,0,0,28,0,0,0,11,15;37,24,27,28,0,0,36,0,0,35;0,0,24,34,21,40,26,32,0,0;20,22,28,0,20,0,0,38,34,0
-10,21,0,0,0,0,0,11,-22,0
------------- End of Scenario k = 0 -------
0,48,0,20,0,0,50,46,43,0;80,0,80,0,31,0,71,50,56,51;22,0,0,60,0,70,56,0,0,29;25,30,0,0,71,0,53,32,80,35;51,67,0,0,0,80,30,0,0,0;41,0,53,0,0,0,0,67,47,37;0,0,0,0,40,0,0,0,48,41;38,56,51,68,0,0,36,0,0,77;0,0,56,80,41,24,20,30,0,0;49,38,63,0,42,0,0,70,67,0
0,38,0,34,0,0,33,34,31,0;38,0,22,0,21,0,37,20,24,37;34,0,0,39,0,40,33,0,0,23;30,36,0,0,38,0,37,20,14,30;21,33,0,0,0,32,28,0,0,0;34,0,35,0,0,0,0,25,35,38;0,0,0,0,26,0,0,0,24,39;24,30,20,30,0,0,40,0,0,27;0,0,37,32,33,40,35,31,0,0;25,26,37,0,39,0,0,21,33,0
0,11,0,0,0,0,0,13,-24,0
------------- End of Scenario k = 1 -------
0,30,0,38,0,0,73,41,46,0;80,0,80,0,66,0,79,55,52,39;70,0,0,58,0,67,22,0,0,21;78,78,0,0,80,0,24,60,80,73;34,78,0,0,0,80,20,0,0,0;30,0,65,0,0,0,0,61,79,70;0,0,0,0,22,0,0,0,31,78;41,32,35,61,0,0,80,0,0,65;0,0,80,41,32,59,64,27,0,0;80,57,44,0,64,0,0,46,29,0
0,38,0,33,0,0,37,29,31,0;28,0,33,0,20,0,26,31,27,31;32,0,0,33,0,33,36,0,0,31;33,37,0,0,38,0,35,36,29,27;37,34,0,0,0,36,21,0,0,0;29,0,39,0,0,0,0,36,29,22;0,0,0,0,38,0,0,0,40,24;28,39,26,34,0,0,39,0,0,23;0,0,21,21,38,34,36,38,0,0;20,33,31,0,27,0,0,33,29,0
-15,27,0,0,0,0,0,21,-33,0
------------- End of Scenario k = 2 -------
0,40,0,36,0,0,67,57,74,0;80,0,80,0,60,0,45,63,77,65;51,0,0,69,0,76,71,0,0,43;32,40,0,0,80,0,26,55,80,79;74,55,0,0,0,80,29,0,0,0;27,0,36,0,0,0,0,32,35,68;0,0,0,0,69,0,0,0,80,55;48,75,73,63,0,0,80,0,0,53;0,0,65,61,74,56,70,69,0,0;50,69,48,0,75,0,0,35,29,0
0,25,0,32,0,0,34,29,24,0;39,0,40,0,31,0,37,29,35,36;40,0,0,39,0,25,25,0,0,26;37,39,0,0,34,0,28,24,37,26;39,35,0,0,0,40,27,0,0,0;35,0,32,0,0,0,0,40,27,29;0,0,0,0,23,0,0,0,20,12;30,28,29,30,0,0,40,0,0,29;0,0,25,34,31,28,33,35,0,0;29,37,20,0,33,0,0,26,40,0
-13,30,0,0,0,0,0,11,-28,0
------------- End of Scenario k = 3 -------
0,31,0,53,0,0,46,40,70,0;24,0,66,0,53,0,60,69,49,52;51,0,0,80,0,35,77,0,0,72;54,53,0,0,37,0,68,80,80,39;80,66,0,0,0,59,60,0,0,0;20,0,33,0,0,0,0,76,36,51;0,0,0,0,37,0,0,0,80,23;78,25,73,64,0,0,66,0,0,63;0,0,41,52,31,25,65,69,0,0;67,67,66,0,37,0,0,59,23,0
0,33,0,25,0,0,38,40,38,0;30,0,39,0,40,0,39,33,27,26;26,0,0,37,0,26,25,0,0,29;35,36,0,0,28,0,37,22,37,23;36,29,0,0,0,38,31,0,0,0;28,0,31,0,0,0,0,36,37,37;0,0,0,0,33,0,0,0,37,34;35,23,27,34,0,0,39,0,0,31;0,0,35,40,36,20,25,25,0,0;21,38,23,0,39,0,0,30,38,0
-21,25,0,0,0,0,0,26,-30,0
------------- End of Scenario k = 4 -------
0,61,0,48,0,0,77,53,41,0;63,0,69,0,25,0,37,64,41,71;65,0,0,80,0,62,44,0,0,36;65,28,0,0,80,0,40,30,69,70;60,40,0,0,0,80,23,0,0,0;70,0,24,0,0,0,0,56,51,53;0,0,0,0,25,0,0,0,80,47;23,23,68,80,0,0,80,0,0,27;0,0,51,66,23,44,29,37,0,0;73,42,70,0,61,0,0,63,36,0
0,27,0,21,0,0,28,26,33,0;30,0,36,0,24,0,31,20,34,25;27,0,0,39,0,27,34,0,0,34;32,20,0,0,24,0,39,29,33,24;23,28,0,0,0,21,39,0,0,0;27,0,21,0,0,0,0,22,30,21;0,0,0,0,33,0,0,0,36,40;34,29,24,24,0,0,32,0,0,33;0,0,34,30,21,38,27,24,0,0;38,27,32,0,20,0,0,30,26,0
-2,18,0,0,0,0,0,16,-32,0
------------- End of Scenario k = 5 -------
0,36,0,29,0,0,28,39,54,0;31,0,58,0,70,0,21,46,47,48;76,0,0,80,0,31,33,0,0,44;50,52,0,0,49,0,29,57,40,25;73,43,0,0,0,23,55,0,0,0;60,0,80,0,0,0,0,80,43,58;0,0,0,0,76,0,0,0,80,80;76,67,54,38,0,0,80,0,0,35;0,0,55,68,61,47,65,63,0,0;56,32,58,0,63,0,0,56,59,0
0,30,0,35,0,0,38,23,22,0;25,0,24,0,32,0,21,26,27,34;33,0,0,36,0,33,20,0,0,28;27,35,0,0,23,0,28,33,23,30;38,30,0,0,0,35,32,0,0,0;23,0,34,0,0,0,0,20,30,38;0,0,0,0,35,0,0,0,37,32;36,33,23,30,0,0,19,0,0,38;0,0,25,26,37,21,24,30,0,0;20,25,23,0,28,0,0,30,34,0
-6,23,0,0,0,0,0,17,-34,0
------------- End of Scenario k = 6 -------
0,75,0,29,0,0,71,24,77,0;61,0,80,0,21,0,39,65,36,48;70,0,0,80,0,30,75,0,0,46;22,54,0,0,60,0,20,73,80,26;38,69,0,0,0,26,74,0,0,0;25,0,30,0,0,0,0,66,36,70;0,0,0,0,43,0,0,0,80,70;43,68,61,20,0,0,60,0,0,27;0,0,77,47,25,75,67,75,0,0;79,74,49,0,79,0,0,56,26,0
0,22,0,31,0,0,28,35,34,0;28,0,36,0,33,0,35,25,20,33;21,0,0,27,0,22,39,0,0,28;26,37,0,0,32,0,26,21,39,40;32,35,0,0,0,35,28,0,0,0;20,0,35,0,0,0,0,38,36,35;0,0,0,0,40,0,0,0,36,18;28,24,30,38,0,0,21,0,0,35;0,0,34,26,27,34,26,35,0,0;35,37,31,0,20,0,0,40,34,0
-12,23,0,0,0,0,0,17,-28,0
------------- End of Scenario k = 7 -------
0,28,0,38,0,0,62,29,46,0;80,0,24,0,63,0,28,64,27,71;51,0,0,25,0,36,31,0,0,43;51,40,0,0,80,0,41,45,23,32;51,30,0,0,0,76,33,0,0,0;46,0,71,0,0,0,0,60,52,29;0,0,0,0,55,0,0,0,77,32;62,31,69,71,0,0,20,0,0,53;0,0,21,24,41,31,61,69,0,0;60,20,66,0,26,0,0,44,70,0
0,23,0,39,0,0,29,27,33,0;40,0,39,0,31,0,33,38,27,23;38,0,0,39,0,40,39,0,0,39;35,28,0,0,38,0,40,39,32,24;34,28,0,0,0,28,23,0,0,0;25,0,27,0,0,0,0,24,31,40;0,0,0,0,25,0,0,0,28,31;27,38,31,26,0,0,18,0,0,38;0,0,33,21,35,37,23,22,0,0;23,36,36,0,29,0,0,21,34,0
-14,20,0,0,0,0,0,17,-23,0
------------- End of Scenario k = 8 -------
0,70,0,56,0,0,32,20,48,0;80,0,80,0,74,0,29,68,63,62;52,0,0,80,0,55,51,0,0,44;37,78,0,0,80,0,58,55,24,49;73,72,0,0,0,28,48,0,0,0;78,0,42,0,0,0,0,75,45,43;0,0,0,0,25,0,0,0,55,80;67,68,26,41,0,0,80,0,0,77;0,0,59,51,59,53,29,35,0,0;53,55,30,0,33,0,0,50,61,0
0,38,0,29,0,0,22,40,32,0;39,0,37,0,37,0,39,29,24,33;34,0,0,32,0,33,32,0,0,20;29,33,0,0,38,0,29,27,31,27;23,34,0,0,0,32,31,0,0,0;30,0,31,0,0,0,0,29,30,39;0,0,0,0,26,0,0,0,28,37;33,24,37,27,0,0,21,0,0,38;0,0,32,22,27,26,29,31,0,0;31,21,32,0,37,0,0,37,23,0
-12,30,0,0,0,0,0,19,-37,0
------------- End of Scenario k = 9 -------
