/ -------------------------------------------------------------------------
An instance of the stochastic Fixed - charge Network Flow Problem using NETGEN.
/ -------------------------------------------------------------------------
Number of Nodes (no Dummy node is added), n
Graph Density, density
The fixed cost to variable cost ratio, f
Adjacency Matrix, A
Fixed Cost Matrix, c
Number of scenarios, K
Scenario Probabilities, p
----The following three rows will be repeated K times.----
Var Cost Matrix, d
Capacity, u
demand, b
/ -------------------------------------------------------------------------
+
10
0.6
200
0,0,1,1,0,0,0,1,0,1;1,0,1,1,1,0,0,1,0,0;1,1,0,1,0,1,0,1,1,0;0,0,0,0,1,1,0,0,1,0;0,1,1,1,0,1,1,0,0,0;0,1,0,0,1,0,1,0,1,1;1,0,1,1,1,1,0,1,1,1;0,1,0,1,0,0,1,0,1,1;1,0,0,1,1,1,0,0,0,1;0,1,1,1,1,1,1,1,1,0
0,0,11020,10710,0,0,0,9610,0,8510;14500,0,12950,9610,10170,0,0,13000,0,0;10420,10570,0,12080,0,9950,0,9580,9990,0;0,0,0,0,12020,10470,0,0,10460,0;0,9260,10030,8960,0,13360,9250,0,0,0;0,11120,0,0,9530,0,13410,0,11100,9960;10140,0,12080,10280,8900,10580,0,9300,12530,10670;0,10560,0,9880,0,0,9510,0,8350,9170;10820,0,0,9380,10950,11090,0,0,0,11090;0,9360,10600,9070,11120,9040,9430,11120,10400,0
20
0.1,0.15,0.02,0.1,0.07,0.05,0.02,0.02,0.02,0.05,0.05,0.02,0.02,0.05,0.02,0.07,0.05,0.02,0.02,0.08
--Scenarios--
0,0,69,59,0,0,0,42,0,50;80,0,29,23,58,0,0,66,0,0;57,52,0,35,0,31,0,67,33,0;0,0,0,0,80,62,0,0,51,0;0,21,44,31,0,80,40,0,0,0;0,78,0,0,20,0,20,0,55,29;30,0,52,61,30,42,0,20,20,56;0,63,0,25,0,0,51,0,36,46;62,0,0,23,74,54,0,0,0,36;0,23,71,29,48,46,37,70,46,0
0,0,37,33,0,0,0,29,0,40;40,0,38,34,29,0,0,24,0,0;40,29,0,35,0,20,0,29,35,0;0,0,0,0,24,36,0,0,22,0;0,21,27,29,0,28,23,0,0,0;0,35,0,0,33,0,37,0,20,37;36,0,40,33,30,22,0,33,26,31;0,24,0,21,0,0,38,0,33,38;29,0,0,26,21,20,0,0,0,27;0,23,24,22,20,27,35,21,35,0
-5,22,0,0,0,0,0,-17,0,0
------------- End of Scenario k = 0 -------
0,0,49,33,0,0,0,65,0,23;80,0,55,22,68,0,0,80,0,0;67,26,0,80,0,59,0,67,71,0;0,0,0,0,80,63,0,0,43,0;0,23,74,31,0,80,41,0,0,0;0,42,0,0,33,0,72,0,61,52;53,0,74,54,77,43,0,74,80,77;0,64,0,33,0,0,24,0,25,45;21,0,0,26,60,36,0,0,0,34;0,45,73,60,42,74,55,23,46,0
0,0,29,38,0,0,0,31,0,23;15,0,26,32,31,0,0,16,0,0;25,29,0,36,0,28,0,20,24,0;0,0,0,0,21,35,0,0,34,0;0,20,24,37,0,21,25,0,0,0;0,25,0,0,40,0,17,0,37,23;40,0,27,40,21,30,0,21,30,35;0,37,0,28,0,0,40,0,26,38;32,0,0,25,20,22,0,0,0,34;0,32,22,21,22,32,32,23,27,0
-5,14,0,0,0,0,0,-9,0,0
------------- End of Scenario k = 1 -------
0,0,73,53,0,0,0,55,0,32;80,0,80,38,46,0,0,80,0,0;77,75,0,57,0,45,0,40,75,0;0,0,0,0,60,71,0,0,44,0;0,50,80,23,0,75,50,0,0,0;0,71,0,0,55,0,80,0,36,67;64,0,75,56,44,66,0,64,36,41;0,72,0,72,0,0,51,0,39,28;53,0,0,79,56,79,0,0,0,76;0,29,20,41,77,60,55,56,33,0
0,0,31,32,0,0,0,30,0,26;25,0,39,35,26,0,0,38,0,0;31,32,0,29,0,29,0,24,31,0;0,0,0,0,29,21,0,0,23,0;0,33,24,22,0,21,33,0,0,0;0,26,0,0,36,0,20,0,32,26;26,0,32,32,30,29,0,24,29,37;0,31,0,37,0,0,31,0,35,37;27,0,0,25,27,24,0,0,0,28;0,32,26,37,33,31,22,30,29,0
-15,19,0,0,0,0,0,-4,0,0
------------- End of Scenario k = 2 -------
0,0,67,62,0,0,0,23,0,64;80,0,80,26,64,0,0,22,0,0;50,65,0,32,0,30,0,62,54,0;0,0,0,0,47,70,0,0,76,0;0,26,50,72,0,80,42,0,0,0;0,54,0,0,70,0,73,0,36,71;54,0,53,49,74,50,0,36,80,28;0,52,0,66,0,0,67,0,33,25;51,0,0,40,47,72,0,0,0,69;0,45,67,74,53,66,26,38,47,0
0,0,39,24,0,0,0,29,0,33;30,0,30,35,20,0,0,31,0,0;35,28,0,23,0,36,0,28,31,0;0,0,0,0,31,25,0,0,36,0;0,20,38,30,0,24,30,0,0,0;0,38,0,0,25,0,24,0,36,40;25,0,34,32,38,39,0,32,27,29;0,35,0,34,0,0,34,0,21,23;39,0,0,23,24,27,0,0,0,39;0,36,28,27,21,30,34,26,32,0
-15,17,0,0,0,0,0,-2,0,0
------------- End of Scenario k = 3 -------
0,0,50,73,0,0,0,48,0,20;80,0,80,70,42,0,0,80,0,0;68,60,0,32,0,76,0,43,71,0;0,0,0,0,36,58,0,0,75,0;0,60,31,67,0,80,36,0,0,0;0,62,0,0,51,0,80,0,52,61;46,0,54,79,33,47,0,44,80,60;0,49,0,72,0,0,80,0,31,58;37,0,0,31,67,50,0,0,0,71;0,25,39,77,79,73,35,60,61,0
0,0,25,23,0,0,0,33,0,33;35,0,31,23,34,0,0,33,0,0;23,31,0,34,0,33,0,38,30,0;0,0,0,0,34,25,0,0,22,0;0,34,31,28,0,31,33,0,0,0;0,27,0,0,23,0,32,0,22,29;33,0,35,24,23,24,0,22,31,27;0,23,0,29,0,0,22,0,38,27;27,0,0,28,23,40,0,0,0,36;0,34,34,20,25,33,25,26,27,0
-11,29,0,0,0,0,0,-18,0,0
------------- End of Scenario k = 4 -------
0,0,60,58,0,0,0,58,0,43;80,0,80,72,73,0,0,80,0,0;76,67,0,47,0,23,0,41,26,0;0,0,0,0,76,70,0,0,32,0;0,27,40,48,0,72,59,0,0,0;0,62,0,0,47,0,57,0,55,63;75,0,33,57,25,75,0,42,44,69;0,80,0,72,0,0,47,0,74,35;64,0,0,80,66,65,0,0,0,80;0,32,25,22,50,45,39,64,22,0
0,0,38,24,0,0,0,36,0,24;30,0,30,21,38,0,0,32,0,0;26,34,0,28,0,22,0,32,30,0;0,0,0,0,29,30,0,0,38,0;0,36,26,36,0,30,33,0,0,0;0,35,0,0,24,0,34,0,34,29;38,0,37,27,31,24,0,30,21,22;0,26,0,30,0,0,20,0,25,20;29,0,0,24,21,34,0,0,0,26;0,26,31,27,29,25,20,35,39,0
-6,18,0,0,0,0,0,-12,0,0
------------- End of Scenario k = 5 -------
0,0,28,74,0,0,0,59,0,30;50,0,77,40,31,0,0,80,0,0;23,40,0,80,0,72,0,67,56,0;0,0,0,0,80,24,0,0,41,0;0,40,35,43,0,80,31,0,0,0;0,75,0,0,59,0,44,0,46,35;20,0,71,26,50,60,0,45,80,33;0,74,0,50,0,0,21,0,24,34;70,0,0,40,74,20,0,0,0,71;0,47,79,57,76,67,40,75,68,0
0,0,40,20,0,0,0,27,0,24;36,0,22,22,40,0,0,29,0,0;34,38,0,25,0,22,0,35,36,0;0,0,0,0,29,20,0,0,20,0;0,38,24,29,0,19,25,0,0,0;0,40,0,0,21,0,34,0,37,32;21,0,26,27,25,21,0,37,38,30;0,35,0,40,0,0,28,0,39,25;38,0,0,25,20,40,0,0,0,19;0,37,27,28,33,38,39,23,22,0
-16,17,0,0,0,0,0,-1,0,0
------------- End of Scenario k = 6 -------
0,0,49,67,0,0,0,27,0,35;80,0,80,39,44,0,0,80,0,0;73,61,0,80,0,31,0,43,53,0;0,0,0,0,28,46,0,0,48,0;0,35,54,65,0,72,40,0,0,0;0,53,0,0,32,0,80,0,60,44;36,0,76,62,46,30,0,49,80,64;0,72,0,56,0,0,73,0,30,27;58,0,0,34,75,71,0,0,0,80;0,26,69,29,33,49,65,60,20,0
0,0,26,39,0,0,0,29,0,34;12,0,34,26,34,0,0,13,0,0;29,36,0,17,0,39,0,29,23,0;0,0,0,0,17,20,0,0,23,0;0,29,34,23,0,20,26,0,0,0;0,33,0,0,35,0,27,0,29,31;30,0,35,36,31,29,0,26,25,24;0,24,0,25,0,0,37,0,29,25;22,0,0,24,24,40,0,0,0,21;0,26,39,23,21,23,38,37,23,0
-10,12,0,0,0,0,0,-2,0,0
------------- End of Scenario k = 7 -------
0,0,60,71,0,0,0,20,0,52;80,0,60,80,59,0,0,80,0,0;59,69,0,64,0,66,0,29,77,0;0,0,0,0,29,72,0,0,76,0;0,52,40,49,0,50,79,0,0,0;0,54,0,0,47,0,64,0,76,75;59,0,75,22,31,71,0,22,35,53;0,21,0,29,0,0,32,0,68,55;33,0,0,66,73,79,0,0,0,80;0,76,30,70,75,28,74,60,63,0
0,0,24,30,0,0,0,28,0,35;25,0,34,28,39,0,0,19,0,0;40,39,0,12,0,27,0,24,27,0;0,0,0,0,20,20,0,0,27,0;0,27,20,36,0,22,36,0,0,0;0,24,0,0,24,0,31,0,27,27;29,0,35,27,33,23,0,30,32,37;0,27,0,40,0,0,22,0,26,27;30,0,0,27,32,39,0,0,0,25;0,37,30,35,30,33,26,26,22,0
-8,10,0,0,0,0,0,-2,0,0
------------- End of Scenario k = 8 -------
0,0,79,44,0,0,0,56,0,61;80,0,80,62,70,0,0,80,0,0;45,66,0,80,0,49,0,58,56,0;0,0,0,0,80,30,0,0,37,0;0,76,72,43,0,75,53,0,0,0;0,57,0,0,61,0,80,0,73,67;43,0,43,70,51,66,0,26,62,57;0,38,0,52,0,0,44,0,29,54;23,0,0,51,68,68,0,0,0,27;0,77,77,33,37,33,48,31,65,0
0,0,30,22,0,0,0,34,0,26;30,0,28,25,28,0,0,28,0,0;27,29,0,30,0,34,0,32,38,0;0,0,0,0,39,25,0,0,34,0;0,21,39,26,0,31,22,0,0,0;0,30,0,0,34,0,35,0,38,27;35,0,25,28,24,38,0,40,30,27;0,28,0,35,0,0,34,0,39,31;33,0,0,21,28,39,0,0,0,35;0,22,31,34,23,34,21,38,33,0
-21,27,0,0,0,0,0,-6,0,0
------------- End of Scenario k = 9 -------
0,0,76,65,0,0,0,69,0,34;74,0,80,59,37,0,0,20,0,0;22,43,0,80,0,64,0,62,28,0;0,0,0,0,80,47,0,0,38,0;0,28,55,27,0,80,47,0,0,0;0,39,0,0,71,0,26,0,68,44;39,0,61,60,43,54,0,61,52,42;0,71,0,27,0,0,46,0,27,36;80,0,0,21,48,39,0,0,0,80;0,72,47,64,57,53,30,33,75,0
0,0,39,21,0,0,0,30,0,34;29,0,32,25,27,0,0,20,0,0;30,29,0,32,0,36,0,24,34,0;0,0,0,0,22,28,0,0,23,0;0,31,29,26,0,36,21,0,0,0;0,39,0,0,33,0,40,0,35,27;30,0,20,27,24,32,0,28,23,39;0,33,0,36,0,0,29,0,37,33;24,0,0,23,40,38,0,0,0,31;0,36,23,26,21,31,36,29,40,0
-1,17,0,0,0,0,0,-16,0,0
------------- End of Scenario k = 10 -------
0,0,39,23,0,0,0,79,0,23;80,0,80,74,48,0,0,80,0,0;43,77,0,80,0,24,0,52,34,0;0,0,0,0,80,37,0,0,43,0;0,66,48,47,0,36,44,0,0,0;0,74,0,0,21,0,80,0,75,65;38,0,33,25,24,64,0,63,80,77;0,74,0,28,0,0,20,0,53,40;44,0,0,80,47,24,0,0,0,59;0,22,20,34,29,28,60,48,72,0
0,0,27,33,0,0,0,28,0,23;27,0,25,40,21,0,0,17,0,0;40,39,0,22,0,39,0,22,38,0;0,0,0,0,39,22,0,0,26,0;0,32,23,39,0,21,31,0,0,0;0,24,0,0,29,0,34,0,27,25;29,0,31,22,25,27,0,35,28,22;0,37,0,40,0,0,31,0,20,24;32,0,0,40,31,25,0,0,0,35;0,20,36,29,23,40,28,23,29,0
-8,10,0,0,0,0,0,-2,0,0
------------- End of Scenario k = 11 -------
0,0,42,23,0,0,0,49,0,24;27,0,40,48,30,0,0,40,0,0;70,74,0,56,0,60,0,53,44,0;0,0,0,0,61,68,0,0,35,0;0,21,60,34,0,79,44,0,0,0;0,26,0,0,74,0,80,0,79,33;76,0,57,77,80,69,0,60,26,51;0,40,0,29,0,0,59,0,79,33;43,0,0,25,42,68,0,0,0,80;0,65,72,42,40,25,71,76,47,0
0,0,30,37,0,0,0,31,0,20;23,0,19,34,23,0,0,35,0,0;22,22,0,19,0,30,0,35,29,0;0,0,0,0,32,32,0,0,20,0;0,20,26,34,0,36,26,0,0,0;0,24,0,0,27,0,24,0,24,22;23,0,23,29,27,37,0,25,20,35;0,31,0,20,0,0,37,0,23,38;31,0,0,38,34,28,0,0,0,26;0,23,39,36,24,27,37,22,33,0
-7,12,0,0,0,0,0,-5,0,0
------------- End of Scenario k = 12 -------
0,0,33,58,0,0,0,66,0,63;59,0,39,22,61,0,0,39,0,0;20,55,0,63,0,76,0,32,24,0;0,0,0,0,34,27,0,0,50,0;0,50,31,65,0,80,24,0,0,0;0,52,0,0,26,0,28,0,72,55;55,0,79,52,34,64,0,40,80,70;0,46,0,46,0,0,46,0,25,66;73,0,0,72,26,41,0,0,0,24;0,62,67,67,25,22,60,61,74,0
0,0,24,22,0,0,0,29,0,32;29,0,28,28,24,0,0,35,0,0;32,22,0,29,0,30,0,26,22,0;0,0,0,0,27,40,0,0,33,0;0,34,21,32,0,40,25,0,0,0;0,24,0,0,22,0,26,0,37,27;28,0,29,34,35,38,0,37,32,24;0,30,0,36,0,0,40,0,28,26;38,0,0,29,24,21,0,0,0,28;0,26,29,29,35,25,32,31,28,0
-5,24,0,0,0,0,0,-19,0,0
------------- End of Scenario k = 13 -------
0,0,28,34,0,0,0,22,0,61;80,0,80,37,59,0,0,80,0,0;29,32,0,23,0,27,0,37,31,0;0,0,0,0,46,58,0,0,53,0;0,31,52,38,0,58,32,0,0,0;0,50,0,0,21,0,77,0,28,66;65,0,65,51,53,41,0,22,67,33;0,25,0,67,0,0,60,0,31,66;78,0,0,46,32,77,0,0,0,20;0,76,52,27,78,48,43,62,63,0
0,0,22,30,0,0,0,30,0,27;23,0,33,40,27,0,0,34,0,0;37,40,0,34,0,25,0,30,39,0;0,0,0,0,19,25,0,0,22,0;0,28,32,36,0,18,20,0,0,0;0,25,0,0,27,0,29,0,20,25;38,0,26,37,26,36,0,39,21,22;0,22,0,37,0,0,23,0,35,37;22,0,0,21,33,34,0,0,0,30;0,34,33,23,22,38,27,40,34,0
-4,11,0,0,0,0,0,-7,0,0
------------- End of Scenario k = 14 -------
0,0,29,57,0,0,0,20,0,67;54,0,54,37,65,0,0,40,0,0;50,48,0,80,0,50,0,45,55,0;0,0,0,0,80,72,0,0,55,0;0,44,34,37,0,80,68,0,0,0;0,50,0,0,79,0,80,0,20,60;31,0,69,24,32,69,0,67,80,49;0,22,0,61,0,0,26,0,47,46;74,0,0,54,54,56,0,0,0,35;0,41,41,23,74,48,31,69,57,0
0,0,31,32,0,0,0,29,0,25;36,0,20,33,31,0,0,19,0,0;27,20,0,30,0,36,0,21,40,0;0,0,0,0,36,29,0,0,39,0;0,36,28,20,0,32,25,0,0,0;0,27,0,0,26,0,20,0,40,37;34,0,36,39,35,37,0,26,32,37;0,21,0,38,0,0,40,0,38,23;39,0,0,37,37,40,0,0,0,32;0,37,29,26,32,36,33,29,32,0
-12,19,0,0,0,0,0,-7,0,0
------------- End of Scenario k = 15 -------
0,0,65,33,0,0,0,32,0,23;80,0,61,71,65,0,0,80,0,0;79,31,0,80,0,61,0,20,68,0;0,0,0,0,54,34,0,0,66,0;0,63,48,61,0,27,43,0,0,0;0,51,0,0,66,0,80,0,64,23;31,0,57,76,63,20,0,55,80,27;0,43,0,49,0,0,61,0,77,72;59,0,0,45,37,63,0,0,0,39;0,62,43,60,58,54,20,30,28,0
0,0,38,37,0,0,0,38,0,33;38,0,39,29,26,0,0,27,0,0;23,38,0,29,0,40,0,27,24,0;0,0,0,0,21,33,0,0,26,0;0,29,30,38,0,20,24,0,0,0;0,27,0,0,40,0,31,0,26,40;27,0,28,37,27,39,0,38,39,28;0,21,0,35,0,0,30,0,38,22;36,0,0,39,24,27,0,0,0,26;0,27,21,37,23,36,34,35,29,0
-19,20,0,0,0,0,0,-1,0,0
------------- End of Scenario k = 16 -------
0,0,78,45,0,0,0,23,0,27;80,0,80,38,55,0,0,80,0,0;26,32,0,80,0,38,0,74,65,0;0,0,0,0,67,75,0,0,70,0;0,70,54,48,0,80,78,0,0,0;0,62,0,0,26,0,80,0,24,21;80,0,53,35,29,64,0,76,80,49;0,22,0,29,0,0,72,0,26,74;55,0,0,47,76,23,0,0,0,46;0,47,50,20,68,38,57,74,53,0
0,0,20,40,0,0,0,22,0,24;38,0,31,37,29,0,0,27,0,0;23,38,0,39,0,36,0,35,29,0;0,0,0,0,28,24,0,0,23,0;0,36,36,21,0,20,32,0,0,0;0,26,0,0,32,0,27,0,35,26;32,0,26,23,31,31,0,38,22,33;0,38,0,26,0,0,20,0,26,37;22,0,0,40,20,30,0,0,0,24;0,30,29,20,23,35,38,32,22,0
-9,18,0,0,0,0,0,-9,0,0
------------- End of Scenario k = 17 -------
0,0,57,74,0,0,0,80,0,49;66,0,45,80,20,0,0,80,0,0;57,25,0,56,0,76,0,30,39,0;0,0,0,0,80,21,0,0,49,0;0,65,32,45,0,24,27,0,0,0;0,24,0,0,68,0,80,0,53,38;40,0,58,52,35,37,0,42,31,68;0,60,0,50,0,0,48,0,56,20;36,0,0,23,47,52,0,0,0,22;0,39,49,20,61,22,44,49,73,0
0,0,30,35,0,0,0,24,0,36;32,0,39,31,24,0,0,36,0,0;24,34,0,32,0,40,0,23,31,0;0,0,0,0,32,36,0,0,25,0;0,21,35,30,0,34,39,0,0,0;0,31,0,0,20,0,28,0,21,32;35,0,27,23,33,20,0,31,29,36;0,39,0,39,0,0,36,0,25,29;22,0,0,24,40,33,0,0,0,32;0,29,40,21,21,36,31,36,31,0
-6,26,0,0,0,0,0,-20,0,0
------------- End of Scenario k = 18 -------
0,0,71,65,0,0,0,68,0,70;80,0,35,23,22,0,0,33,0,0;51,59,0,23,0,37,0,36,39,0;0,0,0,0,24,42,0,0,64,0;0,78,69,22,0,48,47,0,0,0;0,76,0,0,26,0,80,0,77,27;79,0,70,40,36,26,0,22,80,63;0,68,0,75,0,0,23,0,25,57;68,0,0,55,26,72,0,0,0,80;0,25,69,58,52,25,53,73,27,0
0,0,38,27,0,0,0,37,0,24;35,0,36,33,33,0,0,40,0,0;25,30,0,35,0,25,0,34,34,0;0,0,0,0,35,23,0,0,32,0;0,38,34,25,0,35,26,0,0,0;0,38,0,0,35,0,36,0,37,20;38,0,23,30,37,35,0,38,36,34;0,26,0,27,0,0,25,0,20,33;27,0,0,24,27,27,0,0,0,28;0,36,37,31,35,32,38,28,27,0
-23,28,0,0,0,0,0,-5,0,0
------------- End of Scenario k = 19 -------
