/ -------------------------------------------------------------------------
An instance of the stochastic Fixed - charge Network Flow Problem using NETGEN.
/ -------------------------------------------------------------------------
Number of Nodes (no Dummy node is added), n
Graph Density, density
The fixed cost to variable cost ratio, f
Adjacency Matrix, A
Fixed Cost Matrix, c
Number of scenarios, K
Scenario Probabilities, p
----The following three rows will be repeated K times.----
Var Cost Matrix, d
Capacity, u
demand, b
/ -------------------------------------------------------------------------
+
10
0.6
200
0,1,0,0,1,1,1,1,1,0;1,0,1,1,1,1,1,1,0,0;1,0,0,0,0,0,1,1,0,0;1,0,1,0,0,1,1,1,1,0;0,1,1,1,0,0,0,0,0,1;1,0,1,1,0,0,0,1,1,0;0,1,1,0,1,1,0,1,1,0;0,1,1,0,0,1,0,0,0,1;1,0,0,1,1,0,1,1,0,1;1,1,1,1,1,1,1,0,0,0
0,10220,0,0,9920,11280,10800,9150,8750,0;8780,0,13630,9530,11540,10330,9960,10190,0,0;12950,0,0,0,0,0,10220,9450,0,0;12910,0,10120,0,0,11350,9010,12750,11040,0;0,9940,10530,8870,0,0,0,0,0,9720;8990,0,9750,12770,0,0,0,10450,9710,0;0,11140,9870,0,11260,9990,0,12680,13240,0;0,10250,10820,0,0,9980,0,0,0,11750;12160,0,0,9990,14419,0,8870,8860,0,11970;9550,10330,9360,10680,10020,10360,10470,0,0,0
20
0.02,0.02,0.05,0.05,0.02,0.1,0.02,0.02,0.07,0.07,0.02,0.02,0.1,0.07,0.05,0.02,0.02,0.02,0.1,0.14
--Scenarios--
0,80,0,0,23,38,68,46,47,0;24,0,25,42,57,64,30,67,0,0;80,0,0,0,0,0,42,69,0,0;44,0,58,0,0,45,66,67,72,0;0,66,29,65,0,0,0,0,0,21;56,0,67,38,0,0,0,80,45,0;0,78,51,0,68,72,0,30,57,0;0,65,27,0,0,71,0,0,0,71;27,0,0,31,58,0,20,40,0,30;66,61,72,23,80,27,30,0,0,0
0,21,0,0,20,25,25,20,37,0;39,0,29,38,37,29,25,30,0,0;32,0,0,0,0,0,40,40,0,0;12,0,26,0,0,26,36,25,26,0;0,29,24,26,0,0,0,0,0,23;27,0,32,25,0,0,0,25,32,0;0,23,23,0,31,24,0,22,22,0;0,22,37,0,0,26,0,0,0,38;37,0,0,36,16,0,36,23,0,24;33,23,29,28,33,35,36,0,0,0
-31,21,0,0,-4,11,13,-10,0,0
------------- End of Scenario k = 0 -------
0,71,0,0,76,21,43,69,23,0;60,0,80,23,72,31,47,54,0,0;55,0,0,0,0,0,21,53,0,0;80,0,53,0,0,70,32,80,27,0;0,73,69,58,0,0,0,0,0,22;25,0,22,71,0,0,0,39,45,0;0,64,54,0,42,60,0,80,80,0;0,67,60,0,0,60,0,0,0,64;80,0,0,72,80,0,41,75,0,60;48,59,35,28,32,63,34,0,0,0
0,37,0,0,24,34,37,25,34,0;36,0,32,32,23,22,35,26,0,0;28,0,0,0,0,0,35,30,0,0;22,0,30,0,0,24,31,13,37,0;0,34,36,27,0,0,0,0,0,23;22,0,32,22,0,0,0,40,24,0;0,33,39,0,30,36,0,29,21,0;0,20,23,0,0,22,0,0,0,24;28,0,0,23,37,0,26,39,0,35;36,20,22,21,22,38,30,0,0,0
-39,28,0,0,-8,12,18,-11,0,0
------------- End of Scenario k = 1 -------
0,56,0,0,57,51,68,43,32,0;29,0,80,58,62,37,38,39,0,0;80,0,0,0,0,0,57,31,0,0;80,0,46,0,0,60,38,80,69,0;0,66,64,29,0,0,0,0,0,66;40,0,26,80,0,0,0,51,23,0;0,62,25,0,43,58,0,80,80,0;0,46,80,0,0,57,0,0,0,35;80,0,0,46,22,0,62,72,0,51;62,55,63,50,29,75,50,0,0,0
0,25,0,0,33,34,28,39,26,0;33,0,35,38,40,38,35,24,0,0;33,0,0,0,0,0,30,23,0,0;34,0,33,0,0,34,31,39,32,0;0,35,34,22,0,0,0,0,0,26;37,0,29,38,0,0,0,28,40,0;0,31,31,0,34,21,0,33,30,0;0,28,24,0,0,22,0,0,0,25;39,0,0,30,31,0,32,26,0,35;22,26,20,29,30,36,21,0,0,0
-25,12,0,0,-16,28,30,-29,0,0
------------- End of Scenario k = 2 -------
0,25,0,0,24,74,40,29,39,0;42,0,34,72,56,21,38,31,0,0;54,0,0,0,0,0,41,52,0,0;80,0,35,0,0,60,69,76,56,0;0,61,70,55,0,0,0,0,0,31;71,0,75,80,0,0,0,34,44,0;0,42,31,0,52,52,0,80,80,0;0,80,24,0,0,21,0,0,0,54;40,0,0,32,80,0,67,43,0,80;76,67,42,44,37,46,51,0,0,0
0,24,0,0,38,34,25,34,35,0;38,0,29,33,39,30,24,36,0,0;39,0,0,0,0,0,23,28,0,0;20,0,35,0,0,36,32,12,38,0;0,40,40,31,0,0,0,0,0,29;40,0,22,23,0,0,0,23,35,0;0,27,31,0,23,34,0,36,38,0;0,25,25,0,0,31,0,0,0,40;34,0,0,33,38,0,28,33,0,38;21,32,36,40,36,37,37,0,0,0
-26,18,0,0,-10,10,29,-21,0,0
------------- End of Scenario k = 3 -------
0,35,0,0,74,77,43,77,38,0;77,0,80,22,35,79,34,67,0,0;80,0,0,0,0,0,61,49,0,0;27,0,39,0,0,28,23,31,59,0;0,60,49,76,0,0,0,0,0,66;41,0,32,80,0,0,0,66,42,0;0,76,65,0,23,33,0,61,25,0;0,44,47,0,0,27,0,0,0,48;80,0,0,40,80,0,76,25,0,80;24,45,42,57,48,46,30,0,0,0
0,35,0,0,35,26,36,40,35,0;38,0,31,29,37,34,27,30,0,0;38,0,0,0,0,0,35,22,0,0;18,0,32,0,0,40,27,16,38,0;0,38,39,27,0,0,0,0,0,20;23,0,40,24,0,0,0,33,33,0;0,22,33,0,34,39,0,30,36,0;0,37,30,0,0,24,0,0,0,27;33,0,0,24,27,0,28,31,0,35;27,28,24,40,22,31,34,0,0,0
-37,21,0,0,-5,15,27,-21,0,0
------------- End of Scenario k = 4 -------
0,56,0,0,59,75,62,27,54,0;49,0,41,53,76,49,21,20,0,0;26,0,0,0,0,0,65,32,0,0;80,0,26,0,0,67,49,80,70,0;0,46,37,38,0,0,0,0,0,60;57,0,55,40,0,0,0,31,79,0;0,67,26,0,33,51,0,80,27,0;0,68,48,0,0,59,0,0,0,72;55,0,0,24,80,0,57,31,0,80;47,65,50,21,72,47,79,0,0,0
0,31,0,0,35,39,27,24,32,0;31,0,28,37,39,30,25,33,0,0;18,0,0,0,0,0,21,37,0,0;38,0,34,0,0,26,25,33,35,0;0,31,31,37,0,0,0,0,0,36;20,0,20,25,0,0,0,29,24,0;0,32,31,0,25,28,0,32,15,0;0,23,32,0,0,20,0,0,0,36;32,0,0,40,10,0,25,22,0,33;32,21,37,22,28,38,28,0,0,0
-33,15,0,0,-1,25,10,-16,0,0
------------- End of Scenario k = 5 -------
0,33,0,0,35,50,66,25,23,0;77,0,51,24,71,47,44,56,0,0;80,0,0,0,0,0,41,38,0,0;80,0,68,0,0,64,27,80,32,0;0,37,20,45,0,0,0,0,0,55;50,0,21,26,0,0,0,70,79,0;0,33,73,0,33,39,0,47,80,0;0,43,62,0,0,42,0,0,0,65;73,0,0,53,67,0,28,42,0,80;61,43,79,66,68,43,40,0,0,0
0,32,0,0,25,36,37,32,39,0;33,0,15,20,36,38,32,35,0,0;33,0,0,0,0,0,28,39,0,0;35,0,29,0,0,32,20,26,22,0;0,27,34,26,0,0,0,0,0,22;34,0,38,26,0,0,0,29,29,0;0,29,33,0,27,39,0,23,36,0;0,38,28,0,0,21,0,0,0,21;33,0,0,28,10,0,21,31,0,17;36,26,38,25,35,34,24,0,0,0
-15,10,0,0,-2,25,10,-28,0,0
------------- End of Scenario k = 6 -------
0,24,0,0,44,55,43,27,63,0;28,0,80,62,76,74,78,30,0,0;24,0,0,0,0,0,21,44,0,0;80,0,54,0,0,77,79,80,32,0;0,64,62,64,0,0,0,0,0,43;71,0,60,41,0,0,0,80,44,0;0,24,29,0,59,65,0,61,70,0;0,77,25,0,0,78,0,0,0,49;53,0,0,63,80,0,62,69,0,38;30,44,23,78,47,43,51,0,0,0
0,27,0,0,39,35,40,24,40,0;25,0,39,26,29,30,30,25,0,0;31,0,0,0,0,0,37,31,0,0;26,0,37,0,0,33,22,16,23,0;0,31,28,30,0,0,0,0,0,26;37,0,20,34,0,0,0,36,24,0;0,27,21,0,29,33,0,27,31,0;0,23,38,0,0,38,0,0,0,38;31,0,0,36,39,0,38,26,0,29;32,29,39,39,31,33,30,0,0,0
-39,25,0,0,-17,10,27,-6,0,0
------------- End of Scenario k = 7 -------
0,49,0,0,68,79,45,25,40,0;59,0,80,20,44,52,68,48,0,0;80,0,0,0,0,0,52,59,0,0;80,0,80,0,0,79,62,59,65,0;0,25,26,47,0,0,0,0,0,71;39,0,74,71,0,0,0,43,53,0;0,30,50,0,63,42,0,25,80,0;0,35,38,0,0,43,0,0,0,47;38,0,0,35,80,0,33,29,0,42;53,28,25,29,54,23,46,0,0,0
0,30,0,0,40,37,35,39,37,0;29,0,29,20,22,34,35,21,0,0;36,0,0,0,0,0,22,21,0,0;27,0,34,0,0,39,38,34,22,0;0,34,31,36,0,0,0,0,0,33;25,0,29,31,0,0,0,29,23,0;0,40,33,0,29,34,0,21,29,0;0,31,29,0,0,31,0,0,0,25;39,0,0,27,23,0,20,34,0,20;29,39,22,25,36,21,31,0,0,0
-48,21,0,0,-1,23,20,-15,0,0
------------- End of Scenario k = 8 -------
0,45,0,0,78,71,57,72,30,0;21,0,80,67,64,72,47,66,0,0;37,0,0,0,0,0,77,43,0,0;80,0,27,0,0,38,32,60,73,0;0,33,66,21,0,0,0,0,0,55;46,0,22,80,0,0,0,35,74,0;0,64,29,0,68,27,0,80,80,0;0,42,71,0,0,67,0,0,0,78;80,0,0,46,80,0,20,32,0,29;43,79,57,60,66,72,40,0,0,0
0,37,0,0,22,28,37,26,37,0;21,0,36,29,28,20,32,30,0,0;36,0,0,0,0,0,34,34,0,0;27,0,28,0,0,24,37,30,32,0;0,39,23,23,0,0,0,0,0,30;29,0,26,29,0,0,0,21,39,0;0,26,26,0,29,35,0,34,40,0;0,32,22,0,0,21,0,0,0,20;32,0,0,22,37,0,31,38,0,37;25,31,36,22,40,29,40,0,0,0
-34,28,0,0,-19,27,30,-32,0,0
------------- End of Scenario k = 9 -------
0,78,0,0,58,75,64,47,26,0;26,0,80,72,46,30,20,75,0,0;80,0,0,0,0,0,71,20,0,0;55,0,65,0,0,51,71,36,74,0;0,64,79,42,0,0,0,0,0,31;27,0,33,80,0,0,0,61,43,0;0,67,47,0,57,43,0,80,80,0;0,44,64,0,0,61,0,0,0,52;80,0,0,64,80,0,39,21,0,80;78,58,20,63,34,75,63,0,0,0
0,22,0,0,37,36,31,35,35,0;38,0,34,29,20,38,31,22,0,0;37,0,0,0,0,0,20,30,0,0;29,0,22,0,0,30,35,22,37,0;0,40,20,25,0,0,0,0,0,24;31,0,21,17,0,0,0,38,24,0;0,31,27,0,33,38,0,34,15,0;0,30,39,0,0,39,0,0,0,38;17,0,0,33,35,0,32,29,0,13;39,36,37,40,38,34,25,0,0,0
-44,30,0,0,-6,13,13,-6,0,0
------------- End of Scenario k = 10 -------
0,37,0,0,32,50,27,53,29,0;73,0,80,43,69,49,45,54,0,0;30,0,0,0,0,0,76,33,0,0;40,0,62,0,0,64,23,80,66,0;0,77,55,50,0,0,0,0,0,41;73,0,42,80,0,0,0,66,47,0;0,28,33,0,45,24,0,80,46,0;0,43,35,0,0,37,0,0,0,76;80,0,0,78,80,0,34,40,0,28;21,53,34,72,32,21,60,0,0,0
0,34,0,0,38,33,36,29,20,0;35,0,29,38,30,26,24,30,0,0;29,0,0,0,0,0,33,40,0,0;27,0,28,0,0,29,25,21,30,0;0,20,35,21,0,0,0,0,0,22;25,0,39,36,0,0,0,22,33,0;0,24,37,0,40,38,0,37,23,0;0,26,22,0,0,35,0,0,0,37;40,0,0,24,22,0,29,22,0,30;23,40,40,31,38,36,29,0,0,0
-36,20,0,0,-9,18,22,-15,0,0
------------- End of Scenario k = 11 -------
0,73,0,0,41,51,46,73,50,0;61,0,80,70,25,79,51,53,0,0;35,0,0,0,0,0,61,62,0,0;29,0,49,0,0,28,39,23,55,0;0,69,57,27,0,0,0,0,0,67;52,0,43,80,0,0,0,42,30,0;0,51,80,0,53,31,0,80,80,0;0,66,64,0,0,52,0,0,0,36;46,0,0,58,80,0,62,25,0,80;56,65,45,42,61,53,54,0,0,0
0,27,0,0,34,39,25,24,26,0;22,0,27,28,39,20,34,40,0,0;23,0,0,0,0,0,25,32,0,0;40,0,26,0,0,40,21,17,24,0;0,25,36,20,0,0,0,0,0,39;33,0,31,34,0,0,0,37,24,0;0,21,36,0,37,37,0,27,38,0;0,22,21,0,0,33,0,0,0,27;26,0,0,37,38,0,30,38,0,29;28,32,27,21,30,36,31,0,0,0
-43,19,0,0,-2,17,24,-15,0,0
------------- End of Scenario k = 12 -------
0,55,0,0,46,76,67,20,77,0;56,0,80,36,71,45,60,43,0,0;80,0,0,0,0,0,77,20,0,0;80,0,26,0,0,55,42,33,42,0;0,40,70,50,0,0,0,0,0,58;31,0,54,80,0,0,0,79,65,0;0,56,68,0,80,44,0,80,80,0;0,72,75,0,0,38,0,0,0,75;48,0,0,65,53,0,35,64,0,64;49,39,58,49,52,35,51,0,0,0
0,30,0,0,40,20,28,32,24,0;32,0,29,20,28,33,35,35,0,0;27,0,0,0,0,0,36,34,0,0;29,0,27,0,0,21,35,33,22,0;0,29,21,25,0,0,0,0,0,30;28,0,29,33,0,0,0,26,35,0;0,28,27,0,39,31,0,31,29,0;0,31,37,0,0,40,0,0,0,29;22,0,0,35,36,0,39,21,0,22;33,29,31,32,34,23,34,0,0,0
-35,26,0,0,-9,22,22,-26,0,0
------------- End of Scenario k = 13 -------
0,61,0,0,21,64,48,66,73,0;52,0,80,48,37,69,46,40,0,0;80,0,0,0,0,0,58,79,0,0;80,0,45,0,0,52,67,80,51,0;0,35,66,42,0,0,0,0,0,31;59,0,56,60,0,0,0,61,23,0;0,42,56,0,60,71,0,49,74,0;0,42,47,0,0,71,0,0,0,58;80,0,0,32,55,0,24,80,0,34;53,61,49,58,55,73,53,0,0,0
0,39,0,0,32,28,21,26,23,0;37,0,33,31,27,24,24,25,0,0;34,0,0,0,0,0,22,24,0,0;23,0,40,0,0,23,40,24,30,0;0,21,24,24,0,0,0,0,0,34;24,0,36,32,0,0,0,32,32,0;0,36,23,0,21,29,0,38,25,0;0,25,29,0,0,29,0,0,0,37;28,0,0,20,30,0,26,22,0,29;27,21,23,23,33,22,28,0,0,0
-66,27,0,0,-4,23,25,-5,0,0
------------- End of Scenario k = 14 -------
0,42,0,0,37,73,78,37,67,0;21,0,64,31,58,45,76,80,0,0;80,0,0,0,0,0,59,72,0,0;24,0,63,0,0,72,22,65,27,0;0,30,67,23,0,0,0,0,0,40;21,0,45,80,0,0,0,52,26,0;0,79,26,0,79,61,0,80,67,0;0,27,54,0,0,71,0,0,0,67;46,0,0,56,80,0,43,59,0,58;21,50,48,70,54,39,49,0,0,0
0,35,0,0,36,36,39,35,31,0;34,0,39,39,36,37,27,25,0,0;29,0,0,0,0,0,28,32,0,0;31,0,25,0,0,24,31,34,27,0;0,27,40,21,0,0,0,0,0,21;39,0,28,39,0,0,0,24,23,0;0,24,28,0,40,35,0,26,26,0;0,26,38,0,0,31,0,0,0,24;35,0,0,32,32,0,40,25,0,37;33,29,25,34,22,38,24,0,0,0
-24,22,0,0,-2,28,16,-40,0,0
------------- End of Scenario k = 15 -------
0,55,0,0,38,30,68,27,71,0;50,0,80,76,78,42,44,42,0,0;80,0,0,0,0,0,32,22,0,0;80,0,76,0,0,42,31,28,54,0;0,21,32,26,0,0,0,0,0,30;34,0,62,36,0,0,0,32,25,0;0,72,54,0,75,51,0,80,80,0;0,32,68,0,0,32,0,0,0,47;37,0,0,58,80,0,37,30,0,80;21,56,72,54,21,79,77,0,0,0
0,29,0,0,29,27,25,22,30,0;28,0,37,23,27,30,23,31,0,0;28,0,0,0,0,0,29,29,0,0;26,0,38,0,0,39,22,36,21,0;0,35,28,33,0,0,0,0,0,38;28,0,40,34,0,0,0,24,34,0;0,32,31,0,28,37,0,38,15,0;0,34,37,0,0,34,0,0,0,37;26,0,0,23,39,0,33,34,0,14;33,22,40,38,37,26,38,0,0,0
-40,14,0,0,-4,26,14,-10,0,0
------------- End of Scenario k = 16 -------
0,63,0,0,80,53,36,52,40,0;27,0,80,32,73,35,64,36,0,0;74,0,0,0,0,0,37,28,0,0;61,0,50,0,0,74,26,80,80,0;0,40,57,40,0,0,0,0,0,68;31,0,77,32,0,0,0,64,55,0;0,50,58,0,78,37,0,28,31,0;0,66,52,0,0,20,0,0,0,66;33,0,0,59,80,0,25,29,0,80;52,28,43,72,37,64,56,0,0,0
0,35,0,0,28,32,24,26,29,0;27,0,26,27,34,21,21,31,0,0;33,0,0,0,0,0,37,30,0,0;27,0,24,0,0,32,34,25,34,0;0,26,34,37,0,0,0,0,0,39;32,0,29,39,0,0,0,33,21,0;0,29,28,0,20,37,0,30,28,0;0,26,38,0,0,38,0,0,0,32;27,0,0,36,27,0,25,24,0,29;35,27,20,38,20,26,20,0,0,0
-31,24,0,0,-11,23,21,-26,0,0
------------- End of Scenario k = 17 -------
0,59,0,0,22,31,79,20,26,0;21,0,28,35,63,70,68,52,0,0;80,0,0,0,0,0,22,64,0,0;51,0,67,0,0,39,28,80,54,0;0,32,51,21,0,0,0,0,0,71;43,0,48,80,0,0,0,20,60,0;0,53,77,0,52,64,0,38,47,0;0,26,74,0,0,65,0,0,0,44;80,0,0,37,80,0,63,56,0,43;67,43,51,62,53,72,75,0,0,0
0,23,0,0,29,21,24,38,29,0;25,0,33,22,20,23,36,40,0,0;26,0,0,0,0,0,35,21,0,0;37,0,27,0,0,38,27,34,24,0;0,27,23,21,0,0,0,0,0,39;35,0,37,34,0,0,0,32,40,0;0,28,30,0,22,34,0,30,33,0;0,34,36,0,0,39,0,0,0,28;32,0,0,32,35,0,36,20,0,30;33,30,35,29,29,38,39,0,0,0
-25,11,0,0,-11,27,20,-22,0,0
------------- End of Scenario k = 18 -------
0,25,0,0,79,34,32,80,27,0;25,0,80,67,21,43,77,66,0,0;80,0,0,0,0,0,51,75,0,0;80,0,23,0,0,70,75,77,46,0;0,55,27,68,0,0,0,0,0,45;32,0,61,62,0,0,0,39,69,0;0,76,55,0,63,74,0,49,80,0;0,40,67,0,0,26,0,0,0,71;80,0,0,50,67,0,59,24,0,80;27,34,28,70,70,40,58,0,0,0
0,31,0,0,38,25,23,21,33,0;26,0,33,21,37,24,35,27,0,0;37,0,0,0,0,0,23,24,0,0;25,0,32,0,0,34,34,30,26,0;0,24,40,36,0,0,0,0,0,33;33,0,35,28,0,0,0,22,33,0;0,31,36,0,31,28,0,30,35,0;0,36,23,0,0,39,0,0,0,24;36,0,0,31,40,0,36,23,0,33;38,37,31,26,40,33,38,0,0,0
-39,26,0,0,-13,25,30,-29,0,0
------------- End of Scenario k = 19 -------
