/ -------------------------------------------------------------------------
An instance of the stochastic Fixed - charge Network Flow Problem using NETGEN.
/ -------------------------------------------------------------------------
Number of Nodes (no Dummy node is added), n
Graph Density, density
The fixed cost to variable cost ratio, f
Adjacency Matrix, A
Fixed Cost Matrix, c
Number of scenarios, K
Scenario Probabilities, p
----The following three rows will be repeated K times.----
Var Cost Matrix, d
Capacity, u
demand, b
/ -------------------------------------------------------------------------
+
10
0.6
200
0,0,0,1,0,1,0,0,1,1;1,0,1,1,1,0,0,1,1,0;1,0,0,0,0,1,1,1,0,0;0,0,1,0,0,1,1,0,0,1;1,1,1,0,0,1,0,0,1,0;1,1,1,0,1,0,0,0,1,0;1,1,0,1,1,1,0,0,1,0;1,0,1,1,1,0,0,0,0,1;1,0,1,1,0,0,0,1,0,1;0,1,0,1,1,0,0,1,1,1
0,0,0,9720,0,9600,0,0,10640,9540;9700,0,12400,11580,10360,0,0,10900,8980,0;13619,0,0,0,0,12620,11240,8000,0,0;0,0,11480,0,0,9840,9060,0,0,15160;11420,8980,9180,0,0,10040,0,0,10600,0;9080,12960,11020,0,10200,0,0,0,11220,0;10780,10860,0,14219,10180,13040,0,0,9140,0;11860,0,9980,8860,13340,0,0,0,0,11520;9420,0,11260,10860,0,0,0,10240,0,9460;0,10740,0,9360,11080,0,0,11160,7500,11980
10
0.2,0.05,0.1,0.15,0.05,0.15,0.05,0.15,0.05,0.05
--Scenarios--
0,0,0,41,0,22,0,0,40,65;74,0,55,68,40,0,0,72,64,0;80,0,0,0,0,80,28,23,0,0;0,0,55,0,0,69,44,0,0,78;45,53,23,0,0,50,0,0,53,0;22,67,79,0,68,0,0,0,60,0;60,26,0,80,71,40,0,0,55,0;80,0,24,26,31,0,0,0,0,59;22,0,27,68,0,0,0,39,0,48;0,66,0,40,77,0,0,73,29,49
0,0,0,30,0,30,0,0,32,23;30,0,35,36,20,0,0,31,32,0;29,0,0,0,0,36,36,21,0,0;0,0,38,0,0,31,28,0,0,22;22,29,36,0,0,22,0,0,28,0;35,40,33,0,34,0,0,0,25,0;27,26,0,19,29,16,0,0,23,0;37,0,20,24,25,0,0,0,0,32;21,0,26,23,0,0,0,31,0,21;0,39,0,20,23,0,0,25,23,22
-21,23,0,0,0,-21,11,13,18,-23
------------- End of Scenario k = 0 -------
0,0,0,41,0,21,0,0,70,67;61,0,35,49,69,0,0,56,46,0;40,0,0,0,0,80,33,70,0,0;0,0,42,0,0,54,65,0,0,80;43,57,53,0,0,35,0,0,53,0;23,62,80,0,46,0,0,0,55,0;56,58,0,80,55,80,0,0,49,0;44,0,47,38,80,0,0,0,0,67;53,0,30,69,0,0,0,51,0,29;0,70,0,22,75,0,0,51,32,80
0,0,0,23,0,31,0,0,23,24;29,0,38,21,28,0,0,21,37,0;30,0,0,0,0,27,39,32,0,0;0,0,22,0,0,38,30,0,0,38;22,27,28,0,0,32,0,0,40,0;20,30,38,0,26,0,0,0,34,0;33,35,0,38,22,36,0,0,26,0;30,0,25,24,39,0,0,0,0,31;28,0,26,20,0,0,0,36,0,34;0,22,0,34,34,0,0,27,22,40
-9,10,0,0,0,-20,28,29,17,-55
------------- End of Scenario k = 1 -------
0,0,0,46,0,41,0,0,43,31;50,0,80,29,51,0,0,72,38,0;47,0,0,0,0,70,79,30,0,0;0,0,41,0,0,70,29,0,0,80;68,34,41,0,0,39,0,0,59,0;35,39,35,0,38,0,0,0,66,0;60,78,0,80,58,66,0,0,80,0;45,0,21,67,30,0,0,0,0,80;78,0,67,20,0,0,0,59,0,28;0,61,0,66,35,0,0,71,51,42
0,0,0,28,0,39,0,0,36,39;35,0,27,29,37,0,0,39,29,0;30,0,0,0,0,30,20,32,0,0;0,0,31,0,0,24,28,0,0,27;28,31,34,0,0,33,0,0,37,0;40,24,28,0,23,0,0,0,39,0;33,25,0,22,36,22,0,0,39,0;38,0,21,34,24,0,0,0,0,36;34,0,23,33,0,0,0,29,0,36;0,27,0,29,23,0,0,36,20,22
-41,24,0,0,0,-15,18,22,17,-25
------------- End of Scenario k = 2 -------
0,0,0,49,0,49,0,0,74,58;42,0,48,69,21,0,0,52,52,0;80,0,0,0,0,66,79,24,0,0;0,0,31,0,0,78,31,0,0,48;66,33,29,0,0,34,0,0,55,0;80,72,31,0,46,0,0,0,74,0;55,65,0,80,28,48,0,0,36,0;37,0,70,29,46,0,0,0,0,65;31,0,80,71,0,0,0,58,0,46;0,40,0,21,71,0,0,52,21,80
0,0,0,27,0,20,0,0,40,24;29,0,38,22,25,0,0,29,40,0;39,0,0,0,0,29,28,21,0,0;0,0,20,0,0,33,30,0,0,19;31,22,31,0,0,27,0,0,33,0;34,24,21,0,24,0,0,0,28,0;29,29,0,32,21,35,0,0,25,0;35,0,31,30,37,0,0,0,0,30;20,0,24,33,0,0,0,36,0,22;0,27,0,30,20,0,0,31,25,33
-41,28,0,0,0,-14,12,19,23,-27
------------- End of Scenario k = 3 -------
0,0,0,66,0,26,0,0,40,49;31,0,67,29,80,0,0,55,47,0;61,0,0,0,0,47,42,67,0,0;0,0,75,0,0,38,24,0,0,80;30,42,49,0,0,63,0,0,65,0;23,73,48,0,64,0,0,0,49,0;51,72,0,80,59,70,0,0,26,0;32,0,61,27,80,0,0,0,0,80;70,0,39,36,0,0,0,60,0,32;0,29,0,79,57,0,0,46,48,62
0,0,0,33,0,27,0,0,35,24;38,0,27,24,21,0,0,31,29,0;27,0,0,0,0,22,36,31,0,0;0,0,37,0,0,21,39,0,0,35;35,28,37,0,0,31,0,0,31,0;27,35,33,0,22,0,0,0,29,0;33,39,0,23,26,25,0,0,24,0;33,0,32,25,27,0,0,0,0,36;21,0,27,25,0,0,0,30,0,35;0,29,0,38,20,0,0,32,30,20
-7,15,0,0,0,-16,23,19,13,-47
------------- End of Scenario k = 4 -------
0,0,0,28,0,46,0,0,36,62;64,0,22,78,78,0,0,51,39,0;80,0,0,0,0,80,74,22,0,0;0,0,78,0,0,38,44,0,0,80;57,66,44,0,0,75,0,0,55,0;60,47,34,0,37,0,0,0,59,0;69,49,0,34,63,41,0,0,27,0;64,0,32,67,80,0,0,0,0,39;20,0,77,40,0,0,0,48,0,59;0,41,0,52,22,0,0,63,28,33
0,0,0,22,0,32,0,0,39,21;30,0,39,39,30,0,0,23,31,0;24,0,0,0,0,33,24,33,0,0;0,0,25,0,0,38,28,0,0,18;26,21,28,0,0,36,0,0,32,0;37,29,23,0,22,0,0,0,39,0;28,31,0,13,25,37,0,0,39,0;38,0,33,38,14,0,0,0,0,25;24,0,34,22,0,0,0,36,0,30;0,37,0,30,25,0,0,32,23,27
-21,24,0,0,0,-16,11,12,22,-32
------------- End of Scenario k = 5 -------
0,0,0,49,0,80,0,0,73,28;76,0,80,49,60,0,0,40,60,0;80,0,0,0,0,53,64,66,0,0;0,0,60,0,0,54,43,0,0,80;69,23,38,0,0,39,0,0,35,0;59,67,74,0,70,0,0,0,71,0;26,69,0,80,34,67,0,0,50,0;53,0,46,49,80,0,0,0,0,29;38,0,72,78,0,0,0,46,0,77;0,78,0,46,55,0,0,75,44,69
0,0,0,35,0,24,0,0,32,34;32,0,40,36,29,0,0,40,27,0;21,0,0,0,0,32,38,40,0,0;0,0,37,0,0,37,39,0,0,27;40,40,39,0,0,24,0,0,38,0;30,30,34,0,29,0,0,0,32,0;34,20,0,27,34,26,0,0,34,0;21,0,28,23,29,0,0,0,0,22;40,0,20,36,0,0,0,30,0,34;0,36,0,32,27,0,0,40,37,32
-14,21,0,0,0,-16,23,16,22,-52
------------- End of Scenario k = 6 -------
0,0,0,72,0,53,0,0,67,21;24,0,80,80,33,0,0,71,41,0;80,0,0,0,0,80,58,26,0,0;0,0,75,0,0,44,58,0,0,80;75,60,77,0,0,36,0,0,53,0;49,79,74,0,54,0,0,0,24,0;46,27,0,80,65,80,0,0,36,0;80,0,80,41,80,0,0,0,0,49;42,0,71,58,0,0,0,23,0,60;0,20,0,61,62,0,0,21,69,80
0,0,0,32,0,34,0,0,30,22;31,0,27,39,21,0,0,33,27,0;27,0,0,0,0,31,35,32,0,0;0,0,27,0,0,32,30,0,0,40;34,26,31,0,0,36,0,0,34,0;29,31,25,0,40,0,0,0,26,0;36,31,0,31,26,37,0,0,40,0;34,0,38,32,35,0,0,0,0,26;21,0,22,27,0,0,0,24,0,33;0,33,0,38,31,0,0,40,30,34
-25,21,0,0,0,-37,23,25,20,-27
------------- End of Scenario k = 7 -------
0,0,0,50,0,64,0,0,24,66;21,0,73,74,63,0,0,54,32,0;53,0,0,0,0,26,64,46,0,0;0,0,54,0,0,27,69,0,0,80;45,47,44,0,0,58,0,0,59,0;49,77,39,0,50,0,0,0,52,0;51,79,0,80,34,80,0,0,34,0;78,0,59,43,80,0,0,0,0,63;69,0,28,67,0,0,0,63,0,58;0,67,0,33,58,0,0,44,22,35
0,0,0,21,0,28,0,0,23,21;37,0,22,23,38,0,0,37,28,0;21,0,0,0,0,24,22,26,0,0;0,0,20,0,0,28,31,0,0,30;27,34,28,0,0,40,0,0,29,0;27,39,37,0,26,0,0,0,32,0;21,31,0,37,38,24,0,0,24,0;35,0,28,37,39,0,0,0,0,30;27,0,28,36,0,0,0,24,0,27;0,36,0,34,40,0,0,26,24,38
-9,14,0,0,0,-13,19,30,17,-58
------------- End of Scenario k = 8 -------
0,0,0,44,0,78,0,0,65,30;42,0,80,54,23,0,0,22,30,0;80,0,0,0,0,49,41,26,0,0;0,0,63,0,0,20,46,0,0,72;73,34,61,0,0,73,0,0,43,0;54,65,57,0,37,0,0,0,51,0;65,20,0,37,42,80,0,0,64,0;80,0,59,56,80,0,0,0,0,45;48,0,72,36,0,0,0,65,0,36;0,65,0,48,42,0,0,62,31,69
0,0,0,29,0,25,0,0,34,20;27,0,31,28,21,0,0,23,36,0;26,0,0,0,0,30,22,38,0,0;0,0,26,0,0,32,40,0,0,34;33,32,33,0,0,34,0,0,38,0;20,24,28,0,27,0,0,0,24,0;35,38,0,40,28,35,0,0,26,0;28,0,38,32,34,0,0,0,0,32;40,0,40,20,0,0,0,21,0,36;0,39,0,28,29,0,0,27,25,28
-14,20,0,0,0,-27,18,28,27,-52
------------- End of Scenario k = 9 -------
