/ -------------------------------------------------------------------------
An instance of the stochastic Fixed - charge Network Flow Problem using NETGEN.
/ -------------------------------------------------------------------------
Number of Nodes (no Dummy node is added), n
Graph Density, density
The fixed cost to variable cost ratio, f
Adjacency Matrix, A
Fixed Cost Matrix, c
Number of scenarios, K
Scenario Probabilities, p
----The following three rows will be repeated K times.----
Var Cost Matrix, d
Capacity, u
demand, b
/ -------------------------------------------------------------------------
+
10
0.6
200
0,0,0,0,1,1,0,0,0,0;1,0,1,0,0,1,1,1,1,1;1,0,0,1,0,1,0,0,1,1;1,1,1,0,1,1,0,1,1,1;1,0,0,1,0,1,0,1,0,1;1,1,1,1,0,0,1,1,0,1;1,1,1,1,1,0,0,0,1,0;1,0,1,1,1,0,1,0,1,0;1,0,0,1,0,1,0,0,0,1;1,0,0,0,0,1,0,1,1,0
0,0,0,0,10133,10913,0,0,0,0;11053,0,14140,0,0,10453,9733,10186,11240,10286;11693,0,0,9706,0,11020,0,0,11013,10080;9933,11373,9053,0,12886,9400,0,9853,9553,9800;13113,0,0,10513,0,10913,0,10920,0,9960;13000,9960,10346,9660,0,0,9806,13086,0,9753;13053,10593,9673,11340,9753,0,0,0,13606,0;8593,0,10286,9300,9086,0,10513,0,9400,0;10486,0,0,8660,0,10346,0,0,0,13046;9506,0,0,0,0,10593,0,10986,10320,0
30
0.03,0.06,0.06,0.01,0.01,0.01,0.01,0.05,0.11,0.01,0.01,0.01,0.01,0.01,0.01,0.01,0.03,0.01,0.03,0.03,0.05,0.01,0.01,0.08,0.01,0.03,0.05,0.01,0.06,0.17
--Scenarios--
0,0,0,0,44,26,0,0,0,0;37,0,46,0,0,55,35,48,25,51;80,0,0,54,0,68,0,0,46,76;42,64,67,0,80,76,0,31,25,65;80,0,0,27,0,75,0,72,0,22;80,33,32,64,0,0,71,66,0,78;51,25,36,47,50,0,0,0,80,0;60,0,39,44,41,0,77,0,69,0;72,0,0,33,0,29,0,0,0,59;37,0,0,0,0,72,0,63,20,0
0,0,0,0,21,22,0,0,0,0;22,0,36,0,0,25,22,20,27,29;21,0,0,40,0,23,0,0,36,34;27,22,20,0,26,31,0,28,26,26;23,0,0,22,0,21,0,37,0,26;22,26,40,24,0,0,21,39,0,30;36,24,30,35,39,0,0,0,35,0;27,0,35,24,40,0,40,0,23,0;23,0,0,23,0,32,0,0,0,26;21,0,0,0,0,35,0,29,25,0
-69,17,0,20,0,17,15,0,0,0
------------- End of Scenario k = 0 -------
0,0,0,0,24,22,0,0,0,0;38,0,80,0,0,65,25,22,44,41;24,0,0,35,0,69,0,0,47,50;70,77,22,0,26,37,0,41,20,23;80,0,0,58,0,70,0,80,0,79;66,49,62,41,0,0,69,41,0,21;80,66,30,72,57,0,0,0,21,0;53,0,22,28,31,0,60,0,35,0;41,0,0,78,0,28,0,0,0,73;59,0,0,0,0,38,0,41,50,0
0,0,0,0,37,20,0,0,0,0;37,0,36,0,0,21,32,30,23,38;26,0,0,27,0,40,0,0,37,27;30,30,23,0,33,28,0,35,30,28;35,0,0,26,0,20,0,32,0,28;24,38,31,25,0,0,20,19,0,35;38,20,31,29,25,0,0,0,32,0;25,0,25,37,31,0,32,0,24,0;31,0,0,27,0,32,0,0,0,34;38,0,0,0,0,27,0,30,22,0
-93,23,0,29,0,12,29,0,0,0
------------- End of Scenario k = 1 -------
0,0,0,0,57,64,0,0,0,0;75,0,72,0,0,72,21,70,72,47;80,0,0,36,0,34,0,0,23,37;38,59,63,0,80,60,0,39,53,20;80,0,0,62,0,65,0,71,0,31;80,77,53,37,0,0,53,80,0,29;80,80,31,72,30,0,0,0,80,0;26,0,26,27,74,0,73,0,48,0;61,0,0,30,0,75,0,0,0,80;76,0,0,0,0,46,0,64,32,0
0,0,0,0,22,30,0,0,0,0;24,0,40,0,0,31,21,31,24,21;34,0,0,28,0,34,0,0,25,29;38,36,29,0,39,20,0,34,35,21;40,0,0,32,0,31,0,37,0,30;38,28,20,20,0,0,24,32,0,34;23,30,36,34,21,0,0,0,12,0;35,0,25,28,33,0,40,0,39,0;20,0,0,38,0,37,0,0,0,26;37,0,0,0,0,34,0,27,39,0
-82,30,0,14,0,26,12,0,0,0
------------- End of Scenario k = 2 -------
0,0,0,0,47,71,0,0,0,0;39,0,80,0,0,49,60,57,46,69;23,0,0,44,0,53,0,0,74,71;49,75,51,0,73,61,0,74,75,80;51,0,0,20,0,70,0,39,0,51;80,23,34,69,0,0,27,80,0,39;57,75,80,47,67,0,0,0,80,0;49,0,57,75,75,0,23,0,80,0;68,0,0,40,0,33,0,0,0,80;20,0,0,0,0,48,0,78,47,0
0,0,0,0,25,39,0,0,0,0;23,0,33,0,0,35,28,39,33,28;27,0,0,32,0,25,0,0,32,35;27,21,29,0,28,33,0,30,29,30;22,0,0,38,0,30,0,23,0,25;39,30,32,39,0,0,37,23,0,20;35,23,35,28,23,0,0,0,23,0;21,0,33,40,28,0,36,0,24,0;40,0,0,27,0,38,0,0,0,36;28,0,0,0,0,28,0,22,30,0
-56,14,0,16,0,11,15,0,0,0
------------- End of Scenario k = 3 -------
0,0,0,0,75,72,0,0,0,0;52,0,40,0,0,66,74,56,41,73;78,0,0,26,0,45,0,0,45,22;24,56,46,0,39,45,0,31,71,27;80,0,0,59,0,53,0,62,0,31;61,47,72,67,0,0,66,60,0,48;64,68,22,36,54,0,0,0,80,0;21,0,61,46,57,0,69,0,54,0;34,0,0,57,0,77,0,0,0,80;45,0,0,0,0,59,0,77,74,0
0,0,0,0,37,31,0,0,0,0;34,0,30,0,0,22,33,36,29,20;28,0,0,39,0,23,0,0,39,22;40,21,21,0,38,29,0,28,22,26;31,0,0,25,0,28,0,28,0,23;18,26,24,20,0,0,27,24,0,27;40,26,30,33,37,0,0,0,35,0;29,0,38,24,25,0,32,0,21,0;38,0,0,39,0,24,0,0,0,33;30,0,0,0,0,27,0,30,28,0
-89,28,0,23,0,16,22,0,0,0
------------- End of Scenario k = 4 -------
0,0,0,0,65,64,0,0,0,0;37,0,71,0,0,73,69,61,66,36;32,0,0,78,0,62,0,0,37,37;36,28,57,0,30,61,0,59,28,38;80,0,0,70,0,22,0,26,0,35;62,70,55,58,0,0,25,80,0,36;74,57,51,55,60,0,0,0,80,0;23,0,48,37,21,0,30,0,24,0;33,0,0,45,0,70,0,0,0,80;61,0,0,0,0,62,0,61,30,0
0,0,0,0,23,36,0,0,0,0;31,0,32,0,0,27,22,20,38,40;21,0,0,33,0,39,0,0,21,24;34,36,20,0,36,40,0,34,35,35;28,0,0,30,0,37,0,36,0,30;30,37,27,20,0,0,25,34,0,21;35,25,40,24,29,0,0,0,23,0;25,0,36,31,34,0,38,0,38,0;22,0,0,36,0,28,0,0,0,33;23,0,0,0,0,29,0,23,38,0
-88,17,0,26,0,28,17,0,0,0
------------- End of Scenario k = 5 -------
0,0,0,0,63,38,0,0,0,0;26,0,80,0,0,39,41,46,65,73;80,0,0,58,0,57,0,0,49,39;75,73,41,0,77,68,0,30,38,36;67,0,0,77,0,70,0,67,0,30;63,76,74,76,0,0,25,72,0,60;66,27,48,55,47,0,0,0,80,0;51,0,21,49,29,0,37,0,26,0;34,0,0,21,0,59,0,0,0,50;80,0,0,0,0,69,0,27,36,0
0,0,0,0,31,37,0,0,0,0;33,0,38,0,0,34,39,34,28,27;23,0,0,31,0,23,0,0,40,25;38,29,31,0,26,25,0,29,23,26;23,0,0,40,0,35,0,37,0,22;24,28,40,22,0,0,32,20,0,23;23,32,31,26,30,0,0,0,28,0;31,0,22,27,31,0,31,0,21,0;21,0,0,30,0,38,0,0,0,23;27,0,0,0,0,27,0,38,23,0
-80,19,0,20,0,20,21,0,0,0
------------- End of Scenario k = 6 -------
0,0,0,0,32,60,0,0,0,0;23,0,80,0,0,71,61,65,53,32;26,0,0,78,0,50,0,0,35,53;80,58,50,0,25,28,0,20,27,21;80,0,0,43,0,39,0,34,0,63;80,24,26,24,0,0,59,80,0,72;80,31,68,65,49,0,0,0,31,0;79,0,56,54,28,0,26,0,42,0;59,0,0,60,0,71,0,0,0,56;74,0,0,0,0,69,0,55,73,0
0,0,0,0,32,33,0,0,0,0;37,0,38,0,0,26,36,38,34,25;29,0,0,28,0,35,0,0,35,30;29,38,40,0,25,23,0,39,35,26;38,0,0,34,0,23,0,35,0,29;33,23,31,38,0,0,37,28,0,26;23,38,38,38,27,0,0,0,37,0;37,0,36,28,35,0,36,0,29,0;20,0,0,40,0,22,0,0,0,36;27,0,0,0,0,33,0,38,31,0
-86,21,0,23,0,26,16,0,0,0
------------- End of Scenario k = 7 -------
0,0,0,0,67,65,0,0,0,0;70,0,67,0,0,42,20,59,70,65;43,0,0,32,0,63,0,0,76,35;27,42,32,0,80,55,0,55,27,21;41,0,0,45,0,48,0,23,0,73;80,29,36,38,0,0,33,29,0,48;35,50,51,32,27,0,0,0,80,0;36,0,44,26,36,0,75,0,57,0;53,0,0,50,0,66,0,0,0,80;57,0,0,0,0,21,0,59,77,0
0,0,0,0,20,28,0,0,0,0;40,0,16,0,0,24,39,24,31,25;32,0,0,34,0,34,0,0,36,32;38,20,24,0,26,29,0,38,24,29;20,0,0,21,0,27,0,22,0,31;35,20,35,21,0,0,20,37,0,34;14,35,23,32,36,0,0,0,20,0;24,0,22,36,35,0,27,0,34,0;39,0,0,20,0,23,0,0,0,40;37,0,0,0,0,26,0,39,27,0
-60,14,0,18,0,16,12,0,0,0
------------- End of Scenario k = 8 -------
0,0,0,0,80,53,0,0,0,0;79,0,80,0,0,55,79,39,25,68;80,0,0,39,0,76,0,0,71,50;76,64,60,0,80,64,0,66,46,80;80,0,0,41,0,53,0,58,0,35;54,39,23,35,0,0,67,80,0,41;80,49,45,61,46,0,0,0,34,0;40,0,26,48,34,0,46,0,25,0;58,0,0,44,0,21,0,0,0,80;37,0,0,0,0,53,0,72,46,0
0,0,0,0,23,34,0,0,0,0;20,0,40,0,0,31,27,24,38,38;33,0,0,40,0,40,0,0,36,21;29,35,22,0,32,20,0,20,23,35;33,0,0,27,0,33,0,22,0,40;28,33,32,23,0,0,33,35,0,20;31,22,36,34,38,0,0,0,28,0;25,0,35,25,23,0,31,0,26,0;24,0,0,23,0,29,0,0,0,24;20,0,0,0,0,28,0,31,31,0
-81,21,0,18,0,21,21,0,0,0
------------- End of Scenario k = 9 -------
0,0,0,0,42,23,0,0,0,0;71,0,34,0,0,56,24,32,70,69;80,0,0,68,0,56,0,0,66,64;26,71,70,0,55,29,0,58,64,32;80,0,0,39,0,77,0,60,0,43;24,78,68,62,0,0,69,34,0,63;75,75,33,68,56,0,0,0,80,0;33,0,78,26,38,0,75,0,72,0;55,0,0,64,0,58,0,0,0,64;66,0,0,0,0,66,0,39,62,0
0,0,0,0,37,37,0,0,0,0;38,0,38,0,0,34,21,32,36,37;40,0,0,32,0,33,0,0,35,22;30,20,32,0,40,37,0,29,37,37;26,0,0,30,0,34,0,32,0,20;34,24,38,26,0,0,33,29,0,26;27,24,35,27,21,0,0,0,37,0;28,0,40,38,26,0,29,0,33,0;39,0,0,39,0,24,0,0,0,39;38,0,0,0,0,29,0,35,27,0
-89,22,0,24,0,17,26,0,0,0
------------- End of Scenario k = 10 -------
0,0,0,0,63,45,0,0,0,0;80,0,70,0,0,27,33,58,76,21;80,0,0,27,0,55,0,0,72,65;53,39,47,0,80,28,0,68,64,74;80,0,0,41,0,75,0,67,0,34;80,58,38,80,0,0,49,28,0,31;33,75,79,52,36,0,0,0,61,0;26,0,76,22,23,0,69,0,40,0;54,0,0,24,0,62,0,0,0,80;30,0,0,0,0,68,0,30,67,0
0,0,0,0,36,32,0,0,0,0;38,0,23,0,0,20,23,39,20,27;33,0,0,31,0,20,0,0,40,40;36,28,20,0,26,23,0,29,30,36;21,0,0,21,0,29,0,20,0,25;37,29,31,22,0,0,21,34,0,30;22,28,38,30,37,0,0,0,38,0;30,0,38,26,37,0,35,0,37,0;26,0,0,40,0,22,0,0,0,24;23,0,0,0,0,22,0,35,32,0
-80,23,0,11,0,26,20,0,0,0
------------- End of Scenario k = 11 -------
0,0,0,0,26,76,0,0,0,0;66,0,80,0,0,25,46,79,37,71;80,0,0,62,0,72,0,0,47,40;38,67,52,0,21,55,0,26,36,51;63,0,0,31,0,64,0,56,0,59;71,22,40,80,0,0,43,58,0,72;48,63,57,58,29,0,0,0,80,0;69,0,71,77,65,0,79,0,63,0;48,0,0,25,0,68,0,0,0,80;47,0,0,0,0,63,0,37,71,0
0,0,0,0,24,22,0,0,0,0;22,0,40,0,0,28,33,32,29,27;29,0,0,36,0,33,0,0,35,32;30,33,37,0,40,34,0,39,20,39;37,0,0,28,0,37,0,33,0,24;37,35,33,20,0,0,24,26,0,24;13,33,38,37,39,0,0,0,20,0;31,0,33,20,34,0,32,0,24,0;33,0,0,26,0,40,0,0,0,14;36,0,0,0,0,29,0,21,25,0
-83,23,0,25,0,22,13,0,0,0
------------- End of Scenario k = 12 -------
0,0,0,0,33,67,0,0,0,0;56,0,67,0,0,55,59,56,64,53;28,0,0,26,0,77,0,0,25,39;74,63,41,0,36,31,0,51,73,42;63,0,0,67,0,28,0,40,0,46;80,50,33,24,0,0,20,80,0,43;80,48,47,21,40,0,0,0,34,0;23,0,32,78,56,0,43,0,46,0;33,0,0,43,0,73,0,0,0,72;73,0,0,0,0,75,0,75,25,0
0,0,0,0,25,30,0,0,0,0;26,0,26,0,0,27,25,34,30,24;35,0,0,28,0,29,0,0,21,30;35,37,33,0,32,37,0,27,32,28;25,0,0,37,0,21,0,21,0,26;40,38,20,28,0,0,22,28,0,28;32,40,38,36,34,0,0,0,32,0;31,0,31,36,21,0,30,0,39,0;28,0,0,35,0,26,0,0,0,27;38,0,0,0,0,25,0,22,40,0
-81,20,0,16,0,22,23,0,0,0
------------- End of Scenario k = 13 -------
0,0,0,0,74,62,0,0,0,0;42,0,80,0,0,48,60,38,69,63;67,0,0,33,0,71,0,0,80,61;45,58,20,0,80,64,0,38,30,54;51,0,0,58,0,49,0,51,0,57;80,57,79,63,0,0,54,59,0,69;31,39,55,57,58,0,0,0,80,0;33,0,34,30,77,0,67,0,41,0;75,0,0,37,0,27,0,0,0,42;48,0,0,0,0,26,0,25,71,0
0,0,0,0,34,20,0,0,0,0;40,0,20,0,0,28,37,22,25,21;19,0,0,22,0,21,0,0,39,30;38,38,32,0,37,20,0,21,37,29;22,0,0,38,0,39,0,32,0,37;34,22,34,23,0,0,27,32,0,31;25,22,28,31,37,0,0,0,38,0;25,0,20,36,39,0,36,0,37,0;32,0,0,21,0,24,0,0,0,19;40,0,0,0,0,25,0,24,23,0
-67,17,0,11,0,29,10,0,0,0
------------- End of Scenario k = 14 -------
0,0,0,0,54,76,0,0,0,0;73,0,80,0,0,69,51,40,77,42;47,0,0,28,0,72,0,0,56,32;59,53,32,0,56,64,0,79,24,59;80,0,0,21,0,67,0,79,0,61;40,26,39,25,0,0,64,80,0,20;80,27,29,61,60,0,0,0,80,0;55,0,50,33,51,0,38,0,47,0;45,0,0,23,0,37,0,0,0,80;24,0,0,0,0,68,0,44,44,0
0,0,0,0,36,31,0,0,0,0;27,0,30,0,0,32,40,27,28,30;30,0,0,24,0,31,0,0,36,34;23,29,33,0,35,31,0,39,30,34;37,0,0,30,0,25,0,26,0,24;37,39,40,23,0,0,21,34,0,35;35,35,31,30,34,0,0,0,34,0;20,0,28,26,38,0,23,0,22,0;37,0,0,31,0,36,0,0,0,39;28,0,0,0,0,37,0,28,21,0
-101,23,0,30,0,30,18,0,0,0
------------- End of Scenario k = 15 -------
0,0,0,0,34,60,0,0,0,0;70,0,35,0,0,22,28,34,37,30;80,0,0,40,0,30,0,0,59,71;39,67,24,0,80,53,0,64,36,61;65,0,0,75,0,61,0,56,0,62;46,75,61,33,0,0,54,80,0,71;60,71,58,62,63,0,0,0,80,0;71,0,57,24,34,0,24,0,59,0;31,0,0,72,0,69,0,0,0,80;50,0,0,0,0,69,0,75,78,0
0,0,0,0,40,27,0,0,0,0;31,0,39,0,0,22,33,33,40,36;38,0,0,34,0,21,0,0,34,38;22,38,31,0,40,26,0,27,35,30;32,0,0,22,0,23,0,39,0,31;33,20,27,35,0,0,26,40,0,27;24,22,40,32,32,0,0,0,22,0;35,0,28,34,21,0,22,0,39,0;40,0,0,39,0,33,0,0,0,20;38,0,0,0,0,23,0,34,37,0
-85,28,0,12,0,26,19,0,0,0
------------- End of Scenario k = 16 -------
0,0,0,0,74,60,0,0,0,0;44,0,80,0,0,71,80,28,75,47;27,0,0,57,0,38,0,0,39,66;47,56,35,0,80,33,0,34,49,38;80,0,0,71,0,43,0,51,0,40;28,45,31,35,0,0,21,80,0,24;80,73,34,76,69,0,0,0,80,0;31,0,23,38,71,0,72,0,23,0;79,0,0,50,0,55,0,0,0,50;45,0,0,0,0,36,0,47,35,0
0,0,0,0,38,30,0,0,0,0;31,0,34,0,0,32,40,35,31,38;28,0,0,33,0,29,0,0,23,40;28,33,25,0,26,28,0,36,38,22;40,0,0,36,0,24,0,38,0,20;34,22,31,28,0,0,29,38,0,28;21,33,24,36,32,0,0,0,36,0;39,0,21,28,26,0,30,0,29,0;30,0,0,37,0,35,0,0,0,39;25,0,0,0,0,24,0,39,36,0
-75,10,0,23,0,25,17,0,0,0
------------- End of Scenario k = 17 -------
0,0,0,0,29,30,0,0,0,0;50,0,80,0,0,67,31,40,60,52;80,0,0,28,0,67,0,0,35,22;66,29,31,0,80,63,0,66,65,57;31,0,0,31,0,36,0,37,0,46;24,32,67,72,0,0,52,53,0,23;59,39,54,53,49,0,0,0,80,0;36,0,63,43,43,0,58,0,79,0;74,0,0,62,0,66,0,0,0,27;49,0,0,0,0,26,0,64,37,0
0,0,0,0,24,39,0,0,0,0;23,0,32,0,0,36,33,34,28,35;22,0,0,34,0,30,0,0,28,24;37,33,33,0,33,34,0,31,30,20;40,0,0,21,0,40,0,34,0,32;39,39,32,28,0,0,31,33,0,27;34,22,20,40,39,0,0,0,37,0;21,0,28,29,33,0,37,0,39,0;28,0,0,20,0,39,0,0,0,34;20,0,0,0,0,40,0,39,32,0
-103,22,0,23,0,28,30,0,0,0
------------- End of Scenario k = 18 -------
0,0,0,0,38,63,0,0,0,0;70,0,30,0,0,65,69,59,67,38;80,0,0,78,0,78,0,0,44,72;78,39,66,0,71,65,0,55,66,50;33,0,0,36,0,51,0,35,0,28;80,68,38,46,0,0,69,60,0,43;33,48,61,69,39,0,0,0,75,0;27,0,67,25,55,0,58,0,27,0;44,0,0,70,0,48,0,0,0,51;29,0,0,0,0,22,0,59,35,0
0,0,0,0,30,25,0,0,0,0;22,0,24,0,0,25,20,23,20,32;17,0,0,32,0,29,0,0,34,30;26,38,34,0,40,36,0,35,36,32;39,0,0,29,0,23,0,27,0,24;39,33,28,34,0,0,30,38,0,30;30,38,35,30,32,0,0,0,33,0;21,0,26,38,25,0,39,0,29,0;31,0,0,31,0,28,0,0,0,38;37,0,0,0,0,32,0,30,21,0
-76,11,0,11,0,24,30,0,0,0
------------- End of Scenario k = 19 -------
0,0,0,0,60,44,0,0,0,0;56,0,80,0,0,44,74,73,54,80;80,0,0,61,0,56,0,0,73,74;21,63,57,0,54,38,0,57,39,60;73,0,0,70,0,21,0,34,0,63;21,60,66,20,0,0,48,80,0,68;49,47,24,79,46,0,0,0,80,0;21,0,39,80,26,0,28,0,26,0;63,0,0,41,0,71,0,0,0,41;59,0,0,0,0,70,0,33,32,0
0,0,0,0,35,28,0,0,0,0;28,0,29,0,0,32,29,34,39,25;30,0,0,22,0,36,0,0,34,22;31,27,39,0,33,25,0,30,21,35;36,0,0,28,0,35,0,23,0,33;38,23,35,30,0,0,35,40,0,21;30,29,40,30,23,0,0,0,29,0;26,0,35,21,27,0,30,0,29,0;35,0,0,20,0,40,0,0,0,30;39,0,0,0,0,23,0,24,37,0
-99,28,0,23,0,21,27,0,0,0
------------- End of Scenario k = 20 -------
0,0,0,0,27,47,0,0,0,0;73,0,80,0,0,62,43,75,72,52;68,0,0,65,0,35,0,0,64,28;79,63,79,0,80,22,0,41,48,64;62,0,0,70,0,67,0,63,0,80;80,43,47,58,0,0,75,80,0,74;80,48,44,75,20,0,0,0,80,0;34,0,71,70,51,0,36,0,44,0;46,0,0,59,0,57,0,0,0,46;41,0,0,0,0,58,0,80,53,0
0,0,0,0,38,37,0,0,0,0;30,0,36,0,0,37,29,27,31,24;24,0,0,24,0,25,0,0,37,34;31,29,21,0,30,26,0,37,33,27;35,0,0,20,0,21,0,36,0,39;27,29,36,40,0,0,36,37,0,25;27,33,23,33,23,0,0,0,27,0;31,0,40,36,28,0,32,0,40,0;31,0,0,23,0,39,0,0,0,25;28,0,0,0,0,29,0,38,31,0
-81,16,0,23,0,22,20,0,0,0
------------- End of Scenario k = 21 -------
0,0,0,0,52,42,0,0,0,0;49,0,72,0,0,20,47,27,20,58;67,0,0,21,0,55,0,0,46,78;72,46,25,0,80,26,0,54,69,47;34,0,0,61,0,44,0,68,0,56;70,34,73,38,0,0,27,72,0,48;71,51,72,58,45,0,0,0,80,0;66,0,74,69,34,0,30,0,74,0;62,0,0,37,0,60,0,0,0,51;20,0,0,0,0,40,0,57,51,0
0,0,0,0,26,23,0,0,0,0;35,0,22,0,0,22,38,40,20,23;26,0,0,30,0,24,0,0,30,38;27,28,37,0,22,29,0,28,35,20;21,0,0,22,0,27,0,27,0,39;29,35,35,36,0,0,38,38,0,38;34,38,32,21,27,0,0,0,35,0;35,0,34,39,33,0,28,0,38,0;25,0,0,21,0,21,0,0,0,40;23,0,0,0,0,29,0,32,36,0
-84,17,0,15,0,23,29,0,0,0
------------- End of Scenario k = 22 -------
0,0,0,0,74,65,0,0,0,0;76,0,80,0,0,61,78,63,42,26;69,0,0,64,0,22,0,0,71,64;46,43,21,0,80,31,0,37,35,29;56,0,0,32,0,71,0,28,0,23;80,60,29,42,0,0,26,32,0,75;80,35,52,49,61,0,0,0,80,0;48,0,74,63,36,0,36,0,50,0;52,0,0,46,0,28,0,0,0,80;26,0,0,0,0,29,0,78,41,0
0,0,0,0,35,20,0,0,0,0;31,0,37,0,0,32,29,20,24,20;17,0,0,38,0,27,0,0,32,22;30,35,26,0,38,24,0,31,37,35;26,0,0,35,0,22,0,36,0,29;20,21,22,22,0,0,32,13,0,38;31,39,32,23,26,0,0,0,33,0;35,0,24,20,25,0,29,0,25,0;26,0,0,30,0,20,0,0,0,30;30,0,0,0,0,37,0,25,33,0
-64,15,0,15,0,10,24,0,0,0
------------- End of Scenario k = 23 -------
0,0,0,0,70,74,0,0,0,0;24,0,80,0,0,38,28,74,67,70;28,0,0,25,0,77,0,0,75,55;29,66,52,0,80,36,0,68,75,56;39,0,0,76,0,33,0,69,0,65;64,68,72,58,0,0,61,80,0,77;80,76,49,61,68,0,0,0,22,0;35,0,26,36,50,0,44,0,36,0;61,0,0,25,0,49,0,0,0,62;26,0,0,0,0,53,0,55,75,0
0,0,0,0,21,32,0,0,0,0;20,0,15,0,0,33,24,35,21,32;30,0,0,31,0,27,0,0,23,36;22,29,39,0,40,38,0,37,28,28;38,0,0,34,0,22,0,30,0,28;28,28,21,34,0,0,36,40,0,22;31,27,20,26,24,0,0,0,32,0;26,0,30,22,30,0,32,0,20,0;40,0,0,25,0,28,0,0,0,36;32,0,0,0,0,26,0,38,27,0
-84,11,0,20,0,24,29,0,0,0
------------- End of Scenario k = 24 -------
0,0,0,0,36,75,0,0,0,0;26,0,80,0,0,59,23,65,27,37;22,0,0,76,0,37,0,0,53,20;42,62,37,0,80,60,0,54,64,74;80,0,0,28,0,38,0,63,0,26;79,79,71,24,0,0,55,80,0,26;80,51,36,46,29,0,0,0,80,0;41,0,35,65,41,0,37,0,41,0;51,0,0,23,0,27,0,0,0,73;44,0,0,0,0,62,0,56,77,0
0,0,0,0,30,30,0,0,0,0;22,0,32,0,0,22,36,28,40,22;35,0,0,28,0,29,0,0,26,26;40,30,35,0,31,27,0,40,30,34;17,0,0,28,0,33,0,38,0,20;28,21,26,37,0,0,24,37,0,22;29,36,34,36,24,0,0,0,16,0;34,0,32,40,29,0,30,0,25,0;27,0,0,38,0,22,0,0,0,29;22,0,0,0,0,27,0,36,33,0
-80,26,0,12,0,27,15,0,0,0
------------- End of Scenario k = 25 -------
0,0,0,0,47,75,0,0,0,0;74,0,80,0,0,34,28,35,64,40;80,0,0,46,0,28,0,0,50,47;35,47,38,0,78,36,0,27,63,39;45,0,0,77,0,78,0,75,0,64;80,37,59,58,0,0,45,75,0,46;35,66,23,60,43,0,0,0,47,0;53,0,66,45,77,0,56,0,29,0;72,0,0,37,0,57,0,0,0,69;43,0,0,0,0,32,0,54,54,0
0,0,0,0,29,32,0,0,0,0;21,0,36,0,0,29,20,38,28,23;37,0,0,29,0,33,0,0,24,22;25,29,21,0,34,38,0,38,29,34;38,0,0,27,0,22,0,30,0,32;29,38,33,29,0,0,24,34,0,39;38,33,37,23,33,0,0,0,33,0;21,0,28,27,39,0,20,0,26,0;34,0,0,24,0,20,0,0,0,33;24,0,0,0,0,32,0,24,34,0
-102,26,0,23,0,24,29,0,0,0
------------- End of Scenario k = 26 -------
0,0,0,0,47,43,0,0,0,0;75,0,80,0,0,68,63,37,60,76;35,0,0,37,0,20,0,0,76,68;41,53,24,0,62,62,0,33,26,23;80,0,0,35,0,77,0,79,0,69;80,26,57,21,0,0,55,24,0,36;80,35,27,51,62,0,0,0,80,0;46,0,65,57,33,0,75,0,53,0;29,0,0,40,0,23,0,0,0,80;72,0,0,0,0,79,0,23,20,0
0,0,0,0,22,28,0,0,0,0;24,0,17,0,0,26,31,20,34,31;33,0,0,38,0,26,0,0,36,25;22,40,25,0,31,34,0,37,35,32;35,0,0,35,0,30,0,26,0,30;35,22,36,35,0,0,29,35,0,24;27,36,32,39,36,0,0,0,32,0;33,0,40,36,24,0,38,0,35,0;26,0,0,30,0,38,0,0,0,21;25,0,0,0,0,40,0,35,21,0
-87,13,0,28,0,29,17,0,0,0
------------- End of Scenario k = 27 -------
0,0,0,0,21,42,0,0,0,0;42,0,77,0,0,37,80,40,66,31;80,0,0,58,0,63,0,0,55,50;28,52,80,0,80,24,0,63,50,77;80,0,0,80,0,56,0,71,0,70;57,39,39,45,0,0,40,80,0,24;80,28,78,74,24,0,0,0,74,0;56,0,80,36,49,0,69,0,23,0;42,0,0,30,0,37,0,0,0,31;62,0,0,0,0,50,0,41,77,0
0,0,0,0,23,22,0,0,0,0;38,0,38,0,0,38,38,29,21,22;25,0,0,34,0,25,0,0,32,36;40,30,23,0,28,29,0,29,38,34;27,0,0,33,0,36,0,29,0,30;38,39,31,29,0,0,24,37,0,20;30,28,37,34,21,0,0,0,12,0;33,0,26,33,27,0,25,0,26,0;40,0,0,25,0,22,0,0,0,33;20,0,0,0,0,37,0,33,32,0
-56,13,0,13,0,18,12,0,0,0
------------- End of Scenario k = 28 -------
0,0,0,0,65,33,0,0,0,0;65,0,80,0,0,53,30,52,75,32;30,0,0,76,0,67,0,0,63,26;55,73,38,0,30,35,0,59,47,72;73,0,0,76,0,36,0,24,0,52;80,70,78,56,0,0,49,80,0,58;77,66,77,29,79,0,0,0,42,0;47,0,62,44,27,0,67,0,77,0;44,0,0,33,0,51,0,0,0,80;26,0,0,0,0,60,0,79,58,0
0,0,0,0,24,33,0,0,0,0;30,0,21,0,0,21,35,20,33,33;29,0,0,21,0,37,0,0,34,27;21,31,20,0,30,38,0,33,23,29;29,0,0,32,0,38,0,22,0,20;28,25,20,27,0,0,32,40,0,37;36,28,29,21,32,0,0,0,23,0;39,0,22,22,31,0,34,0,21,0;20,0,0,33,0,27,0,0,0,34;23,0,0,0,0,37,0,28,28,0
-69,11,0,10,0,26,22,0,0,0
------------- End of Scenario k = 29 -------
