/ -------------------------------------------------------------------------
An instance of the stochastic Fixed - charge Network Flow Problem using NETGEN.
/ -------------------------------------------------------------------------
Number of Nodes (no Dummy node is added), n
Graph Density, density
The fixed cost to variable cost ratio, f
Adjacency Matrix, A
Fixed Cost Matrix, c
Number of scenarios, K
Scenario Probabilities, p
----The following three rows will be repeated K times.----
Var Cost Matrix, d
Capacity, u
demand, b
/ -------------------------------------------------------------------------
+
30
0.3
200
0,0,0,0,1,0,0,0,1,1,0,1,0,0,1,0,0,1,0,0,0,1,0,1,0,0,0,1,0,0;0,0,1,1,0,0,0,1,1,0,0,0,0,1,0,0,1,0,0,1,0,0,0,0,0,0,1,0,1,0;1,1,0,1,0,0,1,0,0,0,0,0,1,1,0,1,0,0,0,1,0,0,1,0,1,1,0,0,0,0;1,0,0,0,1,0,0,1,0,0,0,0,0,0,0,0,0,0,0,0,1,1,0,0,0,0,1,0,0,0;0,0,0,0,0,1,1,0,0,0,1,0,1,0,1,0,0,0,1,0,0,0,0,0,0,0,0,0,0,0;1,0,1,0,0,0,1,0,0,0,0,0,1,1,0,0,0,0,0,0,1,0,0,0,1,1,0,1,1,0;0,0,0,0,0,0,0,0,0,1,0,1,0,0,1,1,0,0,0,0,0,0,0,0,0,0,0,0,0,1;0,0,0,0,1,0,0,0,0,0,0,1,0,0,0,0,0,0,0,0,0,0,0,0,0,0,0,0,0,0;0,1,0,1,0,1,0,0,0,0,0,0,0,0,0,0,0,1,0,0,0,0,0,0,1,1,0,0,1,0;1,0,0,0,1,0,1,1,0,0,1,0,0,0,0,0,0,0,0,0,0,0,1,1,1,1,0,0,0,0;1,0,0,0,1,0,1,0,1,0,0,1,1,1,0,1,0,0,1,0,0,0,0,0,0,1,1,0,1,0;0,1,0,0,0,1,0,1,0,0,0,0,1,0,0,0,0,0,0,1,0,0,0,0,0,0,1,0,0,0;0,1,0,0,0,0,0,0,1,0,0,0,0,1,0,1,0,0,0,1,0,0,0,0,0,0,0,1,0,0;0,0,0,0,0,0,0,0,1,1,1,0,0,0,0,0,0,0,0,0,0,0,1,0,1,0,1,0,0,1;0,0,0,1,0,1,0,0,0,0,0,1,1,0,0,0,1,0,0,1,0,1,0,1,0,0,1,0,0,0;1,0,1,1,0,0,0,1,0,1,1,0,0,1,0,0,1,0,0,0,1,1,0,0,0,0,1,1,1,0;0,0,1,0,0,0,0,0,0,0,1,0,0,1,0,0,0,1,0,0,1,1,0,0,0,0,0,0,0,1;1,1,1,0,0,0,0,0,0,0,0,0,0,0,1,0,1,0,0,1,1,0,0,0,0,0,1,0,0,1;0,1,0,1,0,1,0,0,0,0,0,1,1,1,0,0,0,0,0,1,1,0,0,1,0,0,1,0,0,0;0,0,1,0,0,0,0,1,0,1,0,0,1,0,0,1,0,0,0,0,0,0,0,0,0,1,0,1,0,0;1,0,0,0,0,0,1,0,0,0,0,0,1,0,0,1,0,0,0,1,0,0,1,0,0,1,0,0,0,0;1,1,1,0,0,1,1,0,1,0,0,0,1,0,1,0,0,1,0,0,0,0,1,0,0,1,1,0,0,0;0,0,0,0,0,0,0,0,0,0,1,1,0,0,0,1,1,0,0,0,0,1,0,1,0,0,0,0,0,1;0,0,0,0,1,0,1,0,0,0,1,1,0,0,0,1,0,1,0,0,0,0,1,0,1,1,0,0,1,0;1,1,0,0,1,1,1,1,1,0,0,1,1,1,1,1,1,0,1,0,1,0,0,1,0,1,0,0,1,0;1,0,0,0,1,0,0,0,1,0,0,0,0,0,0,0,0,1,0,1,1,1,1,1,0,0,0,1,1,0;1,0,0,1,0,1,0,1,1,0,1,1,0,1,1,0,0,0,1,1,0,0,1,1,1,1,0,0,0,0;0,0,0,0,0,0,0,0,0,0,1,0,1,0,1,0,0,0,0,0,0,0,0,1,1,0,1,0,0,1;1,0,0,1,0,0,0,0,0,0,0,1,0,0,1,0,0,0,0,0,1,1,1,1,0,0,0,0,0,0;0,1,0,0,0,1,0,0,1,0,0,0,1,0,0,0,0,1,0,0,0,0,0,1,0,0,0,0,0,0
0,0,0,0,11840,0,0,0,8880,7480,0,10000,0,0,12280,0,0,10640,0,0,0,11160,0,11440,0,0,0,10520,0,0;0,0,9280,9120,0,0,0,12680,9200,0,0,0,0,10220,0,0,10180,0,0,12440,0,0,0,0,0,0,9720,0,10680,0;11780,8040,0,12500,0,0,8280,0,0,0,0,0,10900,9900,0,10700,0,0,0,9320,0,0,9860,0,10280,9700,0,0,0,0;8640,0,0,0,8960,0,0,9540,0,0,0,0,0,0,0,0,0,0,0,0,12180,7340,0,0,0,0,10360,0,0,0;0,0,0,0,0,13280,9220,0,0,0,10640,0,10520,0,12400,0,0,0,8140,0,0,0,0,0,0,0,0,0,0,0;10020,0,8580,0,0,0,12620,0,0,0,0,0,10000,7880,0,0,0,0,0,0,10860,0,0,0,11360,10860,0,9160,11240,0;0,0,0,0,0,0,0,0,0,14480,0,10660,0,0,10520,11500,0,0,0,0,0,0,0,0,0,0,0,0,0,10460;0,0,0,0,9920,0,0,0,0,0,0,10600,0,0,0,0,0,0,0,0,0,0,0,0,0,0,0,0,0,0;0,11800,0,9580,0,11340,0,0,0,0,0,0,0,0,0,0,0,10700,0,0,0,0,0,0,8440,8760,0,0,9720,0;12600,0,0,0,10260,0,10720,9840,0,0,8100,0,0,0,0,0,0,0,0,0,0,0,10820,10040,9540,9400,0,0,0,0;10280,0,0,0,15700,0,11300,0,11960,0,0,9640,8780,8640,0,10960,0,0,8980,0,0,0,0,0,0,10480,11520,0,9500,0;0,10240,0,0,0,10940,0,13400,0,0,0,0,10940,0,0,0,0,0,0,9440,0,0,0,0,0,0,11280,0,0,0;0,9900,0,0,0,0,0,0,13760,0,0,0,0,12100,0,11080,0,0,0,8880,0,0,0,0,0,0,0,10340,0,0;0,0,0,0,0,0,0,0,8360,9220,10360,0,0,0,0,0,0,0,0,0,0,0,10500,0,9980,0,8240,0,0,11020;0,0,0,10600,0,11080,0,0,0,0,0,7040,8600,0,0,0,9760,0,0,10100,0,10280,0,10460,0,0,11940,0,0,0;12640,0,9700,7040,0,0,0,9240,0,8840,11060,0,0,10500,0,0,12240,0,0,0,10320,10540,0,0,0,0,15160,10700,8960,0;0,0,11120,0,0,0,0,0,0,0,11360,0,0,10620,0,0,0,11220,0,0,10320,11220,0,0,0,0,0,0,0,11600;11460,11380,8960,0,0,0,0,0,0,0,0,0,0,0,8680,0,9800,0,0,11460,15419,0,0,0,0,0,10220,0,0,9480;0,8900,0,10180,0,9460,0,0,0,0,0,13980,8300,10360,0,0,0,0,0,9840,9600,0,0,12280,0,0,12120,0,0,0;0,0,8360,0,0,0,0,9680,0,8840,0,0,10120,0,0,11420,0,0,0,0,0,0,0,0,0,10700,0,9660,0,0;10320,0,0,0,0,0,9380,0,0,0,0,0,10420,0,0,9360,0,0,0,11040,0,0,10780,0,0,7220,0,0,0,0;8159,8580,10080,0,0,9100,9440,0,10220,0,0,0,7240,0,14340,0,0,9500,0,0,0,0,7880,0,0,11520,9760,0,0,0;0,0,0,0,0,0,0,0,0,0,10300,9120,0,0,0,12220,12400,0,0,0,0,7659,0,8520,0,0,0,0,0,10080;0,0,0,0,9800,0,12260,0,0,0,9640,8540,0,0,0,9680,0,11800,0,0,0,0,8720,0,13260,9080,0,0,9280,0;9380,10120,0,0,9120,8520,10560,13260,9260,0,0,10640,9340,9800,7759,9600,8440,0,11060,0,9980,0,0,9040,0,13560,0,0,12500,0;11160,0,0,0,10460,0,0,0,9780,0,0,0,0,0,0,0,0,10000,0,9100,10680,8420,10400,8500,0,0,0,13280,9580,0;10560,0,0,10160,0,8940,0,9600,8960,0,10800,7720,0,8880,9980,0,0,0,10460,11120,0,0,8580,11060,10280,11440,0,0,0,0;0,0,0,0,0,0,0,0,0,0,10440,0,8580,0,9340,0,0,0,0,0,0,0,0,9560,8159,0,12980,0,0,13000;12220,0,0,10440,0,0,0,0,0,0,0,11460,0,0,8860,0,0,0,0,0,9520,9300,11840,15480,0,0,0,0,0,0;0,10060,0,0,0,9700,0,0,12020,0,0,0,8400,0,0,0,0,9860,0,0,0,0,0,9240,0,0,0,0,0,0
10
0.05,0.05,0.15,0.15,0.05,0.15,0.1,0.05,0.2,0.05
--Scenarios--
0,0,0,0,78,0,0,0,36,35,0,71,0,0,66,0,0,46,0,0,0,40,0,77,0,0,0,48,0,0;0,0,34,45,0,0,0,55,54,0,0,0,0,25,0,0,38,0,0,55,0,0,0,0,0,0,71,0,34,0;53,41,0,52,0,0,26,0,0,0,0,0,63,28,0,56,0,0,0,21,0,0,63,0,51,27,0,0,0,0;66,0,0,0,30,0,0,65,0,0,0,0,0,0,0,0,0,0,0,0,65,40,0,0,0,0,80,0,0,0;0,0,0,0,0,80,38,0,0,0,38,0,75,0,32,0,0,0,73,0,0,0,0,0,0,0,0,0,0,0;22,0,22,0,0,0,41,0,0,0,0,0,79,48,0,0,0,0,0,0,33,0,0,0,37,33,0,53,64,0;0,0,0,0,0,0,0,0,0,78,0,78,0,0,54,54,0,0,0,0,0,0,0,0,0,0,0,0,0,71;0,0,0,0,64,0,0,0,0,0,0,32,0,0,0,0,0,0,0,0,0,0,0,0,0,0,0,0,0,0;0,65,0,21,0,78,0,0,0,0,0,0,0,0,0,0,0,51,0,0,0,0,0,0,26,72,0,0,69,0;80,0,0,0,54,0,37,49,0,0,35,0,0,0,0,0,0,0,0,0,0,0,45,25,74,25,0,0,0,0;79,0,0,0,80,0,62,0,35,0,0,73,27,74,0,23,0,0,38,0,0,0,0,0,0,67,69,0,70,0;0,34,0,0,0,44,0,67,0,0,0,0,69,0,0,0,0,0,0,26,0,0,0,0,0,0,54,0,0,0;0,72,0,0,0,0,0,0,71,0,0,0,0,29,0,52,0,0,0,31,0,0,0,0,0,0,0,28,0,0;0,0,0,0,0,0,0,0,49,60,67,0,0,0,0,0,0,0,0,0,0,0,44,0,49,0,26,0,0,47;0,0,0,57,0,66,0,0,0,0,0,26,32,0,0,0,73,0,0,24,0,79,0,49,0,0,38,0,0,0;73,0,33,27,0,0,0,55,0,31,34,0,0,51,0,0,41,0,0,0,36,55,0,0,0,0,77,51,65,0;0,0,74,0,0,0,0,0,0,0,69,0,0,61,0,0,0,51,0,0,30,77,0,0,0,0,0,0,0,54;70,36,23,0,0,0,0,0,0,0,0,0,0,0,56,0,47,0,0,79,72,0,0,0,0,0,68,0,0,47;0,38,0,28,0,72,0,0,0,0,0,80,67,48,0,0,0,0,0,20,55,0,0,75,0,0,76,0,0,0;0,0,47,0,0,0,0,45,0,52,0,0,59,0,0,72,0,0,0,0,0,0,0,0,0,69,0,21,0,0;31,0,0,0,0,0,32,0,0,0,0,0,36,0,0,72,0,0,0,73,0,0,60,0,0,44,0,0,0,0;46,26,49,0,0,75,79,0,20,0,0,0,20,0,80,0,0,50,0,0,0,0,48,0,0,57,36,0,0,0;0,0,0,0,0,0,0,0,0,0,29,24,0,0,0,80,31,0,0,0,0,31,0,26,0,0,0,0,0,20;0,0,0,0,54,0,71,0,0,0,31,20,0,0,0,37,0,77,0,0,0,0,20,0,36,24,0,0,80,0;23,61,0,0,48,56,27,80,44,0,0,71,61,68,61,37,25,0,48,0,45,0,0,55,0,80,0,0,77,0;60,0,0,0,63,0,0,0,51,0,0,0,0,0,0,0,0,49,0,72,75,29,25,46,0,0,0,80,65,0;57,0,0,59,0,58,0,37,49,0,35,74,0,46,25,0,0,0,54,65,0,0,45,71,29,76,0,0,0,0;0,0,0,0,0,0,0,0,0,0,70,0,38,0,22,0,0,0,0,0,0,0,0,57,39,0,80,0,0,63;80,0,0,38,0,0,0,0,0,0,0,68,0,0,35,0,0,0,0,0,50,39,46,80,0,0,0,0,0,0;0,41,0,0,0,75,0,0,58,0,0,0,21,0,0,0,0,80,0,0,0,0,0,52,0,0,0,0,0,0
0,0,0,0,37,0,0,0,24,33,0,35,0,0,38,0,0,30,0,0,0,28,0,26,0,0,0,30,0,0;0,0,22,40,0,0,0,24,27,0,0,0,0,27,0,0,32,0,0,38,0,0,0,0,0,0,31,0,30,0;22,34,0,29,0,0,34,0,0,0,0,0,20,31,0,21,0,0,0,34,0,0,23,0,39,29,0,0,0,0;35,0,0,0,27,0,0,27,0,0,0,0,0,0,0,0,0,0,0,0,29,20,0,0,0,0,27,0,0,0;0,0,0,0,0,23,26,0,0,0,29,0,27,0,28,0,0,0,35,0,0,0,0,0,0,0,0,0,0,0;33,0,26,0,0,0,28,0,0,0,0,0,34,30,0,0,0,0,0,0,40,0,0,0,38,39,0,25,35,0;0,0,0,0,0,0,0,0,0,27,0,39,0,0,39,22,0,0,0,0,0,0,0,0,0,0,0,0,0,40;0,0,0,0,34,0,0,0,0,0,0,33,0,0,0,0,0,0,0,0,0,0,0,0,0,0,0,0,0,0;0,21,0,35,0,20,0,0,0,0,0,0,0,0,0,0,0,24,0,0,0,0,0,0,31,30,0,0,23,0;15,0,0,0,33,0,22,34,0,0,32,0,0,0,0,0,0,0,0,0,0,0,40,34,35,22,0,0,0,0;30,0,0,0,20,0,28,0,24,0,0,23,21,33,0,27,0,0,28,0,0,0,0,0,0,24,33,0,40,0;0,33,0,0,0,34,0,33,0,0,0,0,29,0,0,0,0,0,0,32,0,0,0,0,0,0,29,0,0,0;0,36,0,0,0,0,0,0,40,0,0,0,0,30,0,39,0,0,0,30,0,0,0,0,0,0,0,39,0,0;0,0,0,0,0,0,0,0,24,24,36,0,0,0,0,0,0,0,0,0,0,0,23,0,35,0,30,0,0,31;0,0,0,33,0,30,0,0,0,0,0,36,34,0,0,0,20,0,0,22,0,34,0,27,0,0,37,0,0,0;21,0,37,30,0,0,0,20,0,32,37,0,0,24,0,0,21,0,0,0,25,29,0,0,0,0,32,26,28,0;0,0,20,0,0,0,0,0,0,0,23,0,0,25,0,0,0,34,0,0,36,37,0,0,0,0,0,0,0,32;28,30,24,0,0,0,0,0,0,0,0,0,0,0,34,0,33,0,0,35,32,0,0,0,0,0,40,0,0,30;0,38,0,35,0,30,0,0,0,0,0,31,31,29,0,0,0,0,0,32,30,0,0,23,0,0,33,0,0,0;0,0,26,0,0,0,0,33,0,36,0,0,29,0,0,22,0,0,0,0,0,0,0,0,0,26,0,38,0,0;28,0,0,0,0,0,30,0,0,0,0,0,26,0,0,20,0,0,0,39,0,0,30,0,0,27,0,0,0,0;31,26,34,0,0,38,36,0,36,0,0,0,39,0,38,0,0,28,0,0,0,0,30,0,0,38,26,0,0,0;0,0,0,0,0,0,0,0,0,0,32,28,0,0,0,34,27,0,0,0,0,33,0,30,0,0,0,0,0,23;0,0,0,0,34,0,33,0,0,0,29,29,0,0,0,24,0,20,0,0,0,0,24,0,15,27,0,0,22,0;28,28,0,0,25,32,28,13,39,0,0,20,39,22,25,22,22,0,20,0,21,0,0,33,0,25,0,0,36,0;25,0,0,0,29,0,0,0,24,0,0,0,0,0,0,0,0,23,0,40,25,25,38,20,0,0,0,38,22,0;26,0,0,33,0,27,0,40,31,0,28,39,0,39,38,0,0,0,20,34,0,0,20,27,22,31,0,0,0,0;0,0,0,0,0,0,0,0,0,0,23,0,29,0,33,0,0,0,0,0,0,0,0,32,38,0,39,0,0,39;33,0,0,36,0,0,0,0,0,0,0,39,0,0,28,0,0,0,0,0,36,24,25,15,0,0,0,0,0,0;0,23,0,0,0,32,0,0,26,0,0,0,20,0,0,0,0,40,0,0,0,0,0,27,0,0,0,0,0,0
-26,22,0,0,0,0,0,-12,-22,0,13,0,0,0,0,0,0,0,26,-12,0,28,21,0,0,0,-51,0,13,0
------------- End of Scenario k = 0 -------
0,0,0,0,62,0,0,0,20,25,0,32,0,0,64,0,0,74,0,0,0,80,0,39,0,0,0,55,0,0;0,0,80,29,0,0,0,54,60,0,0,0,0,69,0,0,62,0,0,80,0,0,0,0,0,0,61,0,68,0;36,48,0,80,0,0,35,0,0,0,0,0,44,32,0,58,0,0,0,43,0,0,23,0,65,50,0,0,0,0;62,0,0,0,29,0,0,30,0,0,0,0,0,0,0,0,0,0,0,0,79,30,0,0,0,0,27,0,0,0;0,0,0,0,0,80,69,0,0,0,49,0,55,0,70,0,0,0,78,0,0,0,0,0,0,0,0,0,0,0;60,0,51,0,0,0,80,0,0,0,0,0,40,53,0,0,0,0,0,0,66,0,0,0,74,63,0,38,56,0;0,0,0,0,0,0,0,0,0,80,0,54,0,0,36,33,0,0,0,0,0,0,0,0,0,0,0,0,0,40;0,0,0,0,37,0,0,0,0,0,0,76,0,0,0,0,0,0,0,0,0,0,0,0,0,0,0,0,0,0;0,58,0,77,0,79,0,0,0,0,0,0,0,0,0,0,0,38,0,0,0,0,0,0,64,60,0,0,72,0;80,0,0,0,63,0,70,41,0,0,70,0,0,0,0,0,0,0,0,0,0,0,56,39,23,70,0,0,0,0;44,0,0,0,80,0,56,0,37,0,0,80,65,65,0,80,0,0,38,0,0,0,0,0,0,30,51,0,49,0;0,80,0,0,0,41,0,66,0,0,0,0,22,0,0,0,0,0,0,56,0,0,0,0,0,0,70,0,0,0;0,42,0,0,0,0,0,0,80,0,0,0,0,78,0,72,0,0,0,47,0,0,0,0,0,0,0,34,0,0;0,0,0,0,0,0,0,0,76,54,37,0,0,0,0,0,0,0,0,0,0,0,71,0,25,0,68,0,0,35;0,0,0,62,0,68,0,0,0,0,0,52,34,0,0,0,58,0,0,54,0,47,0,78,0,0,80,0,0,0;63,0,73,46,0,0,0,22,0,29,35,0,0,58,0,0,50,0,0,0,53,54,0,0,0,0,80,57,49,0;0,0,22,0,0,0,0,0,0,0,62,0,0,47,0,0,0,80,0,0,57,56,0,0,0,0,0,0,0,43;52,72,70,0,0,0,0,0,0,0,0,0,0,0,46,0,39,0,0,34,80,0,0,0,0,0,56,0,0,73;0,63,0,72,0,51,0,0,0,0,0,80,39,68,0,0,0,0,0,63,63,0,0,48,0,0,80,0,0,0;0,0,43,0,0,0,0,69,0,70,0,0,30,0,0,76,0,0,0,0,0,0,0,0,0,66,0,67,0,0;77,0,0,0,0,0,70,0,0,0,0,0,46,0,0,24,0,0,0,79,0,0,51,0,0,40,0,0,0,0;31,36,28,0,0,48,35,0,61,0,0,0,43,0,80,0,0,67,0,0,0,0,29,0,0,78,39,0,0,0;0,0,0,0,0,0,0,0,0,0,74,65,0,0,0,64,53,0,0,0,0,50,0,68,0,0,0,0,0,26;0,0,0,0,51,0,50,0,0,0,35,63,0,0,0,48,0,56,0,0,0,0,24,0,40,53,0,0,30,0;56,68,0,0,26,52,51,54,20,0,0,78,31,73,62,73,42,0,49,0,61,0,0,24,0,80,0,0,68,0;59,0,0,0,36,0,0,0,22,0,0,0,0,0,0,0,0,50,0,28,79,34,77,58,0,0,0,43,25,0;64,0,0,36,0,69,0,52,33,0,40,29,0,41,53,0,0,0,69,55,0,0,58,55,53,58,0,0,0,0;0,0,0,0,0,0,0,0,0,0,44,0,64,0,27,0,0,0,0,0,0,0,0,57,39,0,41,0,0,80;80,0,0,72,0,0,0,0,0,0,0,75,0,0,50,0,0,0,0,0,42,67,49,80,0,0,0,0,0,0;0,25,0,0,0,28,0,0,79,0,0,0,47,0,0,0,0,28,0,0,0,0,0,20,0,0,0,0,0,0
0,0,0,0,30,0,0,0,29,38,0,23,0,0,21,0,0,32,0,0,0,27,0,23,0,0,0,38,0,0;0,0,38,36,0,0,0,38,37,0,0,0,0,39,0,0,27,0,0,40,0,0,0,0,0,0,39,0,32,0;25,34,0,36,0,0,22,0,0,0,0,0,26,38,0,39,0,0,0,27,0,0,38,0,39,34,0,0,0,0;24,0,0,0,35,0,0,29,0,0,0,0,0,0,0,0,0,0,0,0,29,40,0,0,0,0,37,0,0,0;0,0,0,0,0,18,23,0,0,0,22,0,26,0,34,0,0,0,23,0,0,0,0,0,0,0,0,0,0,0;35,0,40,0,0,0,35,0,0,0,0,0,30,21,0,0,0,0,0,0,31,0,0,0,23,39,0,28,20,0;0,0,0,0,0,0,0,0,0,19,0,38,0,0,24,26,0,0,0,0,0,0,0,0,0,0,0,0,0,30;0,0,0,0,23,0,0,0,0,0,0,31,0,0,0,0,0,0,0,0,0,0,0,0,0,0,0,0,0,0;0,30,0,25,0,20,0,0,0,0,0,0,0,0,0,0,0,31,0,0,0,0,0,0,25,33,0,0,26,0;21,0,0,0,25,0,20,27,0,0,36,0,0,0,0,0,0,0,0,0,0,0,24,27,31,32,0,0,0,0;27,0,0,0,22,0,32,0,29,0,0,25,35,36,0,20,0,0,35,0,0,0,0,0,0,40,34,0,37,0;0,38,0,0,0,22,0,37,0,0,0,0,38,0,0,0,0,0,0,21,0,0,0,0,0,0,20,0,0,0;0,24,0,0,0,0,0,0,31,0,0,0,0,33,0,38,0,0,0,22,0,0,0,0,0,0,0,23,0,0;0,0,0,0,0,0,0,0,37,40,30,0,0,0,0,0,0,0,0,0,0,0,35,0,30,0,39,0,0,21;0,0,0,30,0,31,0,0,0,0,0,40,30,0,0,0,40,0,0,32,0,36,0,25,0,0,32,0,0,0;17,0,25,25,0,0,0,36,0,30,37,0,0,39,0,0,16,0,0,0,24,21,0,0,0,0,31,38,35,0;0,0,39,0,0,0,0,0,0,0,36,0,0,24,0,0,0,32,0,0,27,32,0,0,0,0,0,0,0,24;36,23,33,0,0,0,0,0,0,0,0,0,0,0,34,0,24,0,0,25,39,0,0,0,0,0,21,0,0,35;0,31,0,21,0,24,0,0,0,0,0,32,30,39,0,0,0,0,0,36,36,0,0,21,0,0,35,0,0,0;0,0,34,0,0,0,0,20,0,28,0,0,23,0,0,26,0,0,0,0,0,0,0,0,0,37,0,39,0,0;23,0,0,0,0,0,35,0,0,0,0,0,20,0,0,35,0,0,0,40,0,0,39,0,0,37,0,0,0,0;40,30,24,0,0,40,40,0,27,0,0,0,29,0,26,0,0,28,0,0,0,0,22,0,0,36,29,0,0,0;0,0,0,0,0,0,0,0,0,0,25,33,0,0,0,32,35,0,0,0,0,33,0,31,0,0,0,0,0,32;0,0,0,0,40,0,28,0,0,0,28,21,0,0,0,32,0,30,0,0,0,0,33,0,26,30,0,0,26,0;23,27,0,0,32,20,30,38,33,0,0,26,36,21,40,23,40,0,20,0,21,0,0,25,0,33,0,0,34,0;30,0,0,0,28,0,0,0,20,0,0,0,0,0,0,0,0,20,0,35,31,34,38,27,0,0,0,30,23,0;38,0,0,36,0,34,0,37,24,0,33,24,0,25,38,0,0,0,25,37,0,0,30,35,33,35,0,0,0,0;0,0,0,0,0,0,0,0,0,0,25,0,40,0,31,0,0,0,0,0,0,0,0,33,39,0,26,0,0,25;38,0,0,24,0,0,0,0,0,0,0,33,0,0,20,0,0,0,0,0,27,28,40,40,0,0,0,0,0,0;0,31,0,0,0,30,0,0,20,0,0,0,37,0,0,0,0,22,0,0,0,0,0,35,0,0,0,0,0,0
-32,23,0,0,0,0,0,-22,-20,0,17,0,0,0,0,0,0,0,26,-8,0,25,11,0,0,0,-45,0,25,0
------------- End of Scenario k = 1 -------
0,0,0,0,66,0,0,0,50,60,0,68,0,0,73,0,0,25,0,0,0,79,0,47,0,0,0,52,0,0;0,0,25,74,0,0,0,32,47,0,0,0,0,52,0,0,43,0,0,72,0,0,0,0,0,0,27,0,80,0;65,41,0,78,0,0,56,0,0,0,0,0,22,36,0,51,0,0,0,36,0,0,30,0,70,72,0,0,0,0;51,0,0,0,53,0,0,70,0,0,0,0,0,0,0,0,0,0,0,0,69,30,0,0,0,0,24,0,0,0;0,0,0,0,0,80,51,0,0,0,80,0,36,0,76,0,0,0,48,0,0,0,0,0,0,0,0,0,0,0;44,0,37,0,0,0,71,0,0,0,0,0,64,21,0,0,0,0,0,0,60,0,0,0,65,57,0,60,68,0;0,0,0,0,0,0,0,0,0,80,0,55,0,0,37,38,0,0,0,0,0,0,0,0,0,0,0,0,0,24;0,0,0,0,56,0,0,0,0,0,0,40,0,0,0,0,0,0,0,0,0,0,0,0,0,0,0,0,0,0;0,80,0,21,0,51,0,0,0,0,0,0,0,0,0,0,0,70,0,0,0,0,0,0,63,75,0,0,32,0;80,0,0,0,43,0,22,29,0,0,50,0,0,0,0,0,0,0,0,0,0,0,74,32,33,30,0,0,0,0;74,0,0,0,80,0,72,0,46,0,0,39,31,23,0,54,0,0,39,0,0,0,0,0,0,60,23,0,37,0;0,41,0,0,0,45,0,80,0,0,0,0,73,0,0,0,0,0,0,43,0,0,0,0,0,0,26,0,0,0;0,36,0,0,0,0,0,0,31,0,0,0,0,80,0,54,0,0,0,26,0,0,0,0,0,0,0,29,0,0;0,0,0,0,0,0,0,0,32,64,73,0,0,0,0,0,0,0,0,0,0,0,45,0,58,0,28,0,0,71;0,0,0,24,0,65,0,0,0,0,0,29,30,0,0,0,58,0,0,25,0,31,0,58,0,0,25,0,0,0;22,0,44,26,0,0,0,34,0,43,50,0,0,75,0,0,80,0,0,0,62,69,0,0,0,0,80,35,35,0;0,0,51,0,0,0,0,0,0,0,33,0,0,47,0,0,0,80,0,0,71,31,0,0,0,0,0,0,0,37;80,75,33,0,0,0,0,0,0,0,0,0,0,0,60,0,73,0,0,70,80,0,0,0,0,0,41,0,0,20;0,28,0,40,0,31,0,0,0,0,0,71,30,31,0,0,0,0,0,59,64,0,0,63,0,0,58,0,0,0;0,0,25,0,0,0,0,42,0,27,0,0,57,0,0,47,0,0,0,0,0,0,0,0,0,49,0,67,0,0;53,0,0,0,0,0,45,0,0,0,0,0,27,0,0,46,0,0,0,66,0,0,73,0,0,26,0,0,0,0;37,48,33,0,0,60,20,0,79,0,0,0,27,0,20,0,0,79,0,0,0,0,32,0,0,61,40,0,0,0;0,0,0,0,0,0,0,0,0,0,62,58,0,0,0,80,54,0,0,0,0,52,0,80,0,0,0,0,0,29;0,0,0,0,23,0,74,0,0,0,28,60,0,0,0,72,0,75,0,0,0,0,77,0,80,34,0,0,31,0;65,51,0,0,74,33,74,80,38,0,0,69,32,80,24,39,33,0,54,0,36,0,0,48,0,80,0,0,62,0;73,0,0,0,62,0,0,0,28,0,0,0,0,0,0,0,0,66,0,28,47,28,53,25,0,0,0,49,78,0;42,0,0,34,0,35,0,27,71,0,63,25,0,27,34,0,0,0,39,52,0,0,24,65,77,32,0,0,0,0;0,0,0,0,0,0,0,0,0,0,50,0,69,0,52,0,0,0,0,0,0,0,0,34,27,0,80,0,0,41;53,0,0,23,0,0,0,0,0,0,0,45,0,0,64,0,0,0,0,0,38,64,55,80,0,0,0,0,0,0;0,64,0,0,0,51,0,0,74,0,0,0,70,0,0,0,0,23,0,0,0,0,0,62,0,0,0,0,0,0
0,0,0,0,35,0,0,0,31,35,0,24,0,0,32,0,0,39,0,0,0,32,0,32,0,0,0,29,0,0;0,0,36,21,0,0,0,36,40,0,0,0,0,27,0,0,33,0,0,30,0,0,0,0,0,0,25,0,34,0;29,40,0,34,0,0,28,0,0,0,0,0,21,38,0,30,0,0,0,20,0,0,21,0,30,40,0,0,0,0;27,0,0,0,25,0,0,22,0,0,0,0,0,0,0,0,0,0,0,0,30,37,0,0,0,0,30,0,0,0;0,0,0,0,0,38,20,0,0,0,33,0,33,0,30,0,0,0,27,0,0,0,0,0,0,0,0,0,0,0;29,0,28,0,0,0,27,0,0,0,0,0,21,38,0,0,0,0,0,0,25,0,0,0,21,37,0,22,36,0;0,0,0,0,0,0,0,0,0,38,0,32,0,0,32,34,0,0,0,0,0,0,0,0,0,0,0,0,0,29;0,0,0,0,23,0,0,0,0,0,0,34,0,0,0,0,0,0,0,0,0,0,0,0,0,0,0,0,0,0;0,20,0,38,0,40,0,0,0,0,0,0,0,0,0,0,0,29,0,0,0,0,0,0,36,31,0,0,40,0;28,0,0,0,27,0,29,26,0,0,24,0,0,0,0,0,0,0,0,0,0,0,29,34,38,25,0,0,0,0;34,0,0,0,36,0,20,0,29,0,0,22,33,30,0,22,0,0,38,0,0,0,0,0,0,21,20,0,31,0;0,23,0,0,0,22,0,26,0,0,0,0,22,0,0,0,0,0,0,20,0,0,0,0,0,0,24,0,0,0;0,30,0,0,0,0,0,0,37,0,0,0,0,38,0,30,0,0,0,33,0,0,0,0,0,0,0,37,0,0;0,0,0,0,0,0,0,0,31,30,25,0,0,0,0,0,0,0,0,0,0,0,39,0,33,0,38,0,0,30;0,0,0,27,0,21,0,0,0,0,0,33,23,0,0,0,26,0,0,23,0,20,0,24,0,0,39,0,0,0;35,0,26,23,0,0,0,23,0,37,31,0,0,40,0,0,34,0,0,0,33,32,0,0,0,0,37,36,27,0;0,0,36,0,0,0,0,0,0,0,22,0,0,38,0,0,0,30,0,0,33,24,0,0,0,0,0,0,0,39;24,39,22,0,0,0,0,0,0,0,0,0,0,0,31,0,32,0,0,36,33,0,0,0,0,0,37,0,0,22;0,26,0,35,0,36,0,0,0,0,0,22,35,28,0,0,0,0,0,28,28,0,0,20,0,0,34,0,0,0;0,0,37,0,0,0,0,32,0,21,0,0,37,0,0,37,0,0,0,0,0,0,0,0,0,25,0,25,0,0;31,0,0,0,0,0,28,0,0,0,0,0,31,0,0,20,0,0,0,32,0,0,34,0,0,25,0,0,0,0;40,21,30,0,0,39,22,0,40,0,0,0,24,0,31,0,0,33,0,0,0,0,34,0,0,27,30,0,0,0;0,0,0,0,0,0,0,0,0,0,37,38,0,0,0,27,36,0,0,0,0,22,0,40,0,0,0,0,0,37;0,0,0,0,21,0,37,0,0,0,23,37,0,0,0,27,0,34,0,0,0,0,34,0,19,25,0,0,21,0;38,36,0,0,23,30,30,32,40,0,0,31,25,32,39,34,37,0,28,0,36,0,0,31,0,30,0,0,34,0;29,0,0,0,23,0,0,0,34,0,0,0,0,0,0,0,0,40,0,34,28,35,28,39,0,0,0,19,38,0;40,0,0,35,0,39,0,25,33,0,40,27,0,29,23,0,0,0,34,23,0,0,21,35,35,24,0,0,0,0;0,0,0,0,0,0,0,0,0,0,26,0,30,0,30,0,0,0,0,0,0,0,0,34,21,0,33,0,0,36;36,0,0,34,0,0,0,0,0,0,0,36,0,0,28,0,0,0,0,0,36,23,38,23,0,0,0,0,0,0;0,21,0,0,0,23,0,0,29,0,0,0,34,0,0,0,0,30,0,0,0,0,0,24,0,0,0,0,0,0
-34,27,0,0,0,0,0,-20,-21,0,26,0,0,0,0,0,0,0,21,-1,0,18,27,0,0,0,-57,0,14,0
------------- End of Scenario k = 2 -------
0,0,0,0,55,0,0,0,66,46,0,20,0,0,54,0,0,78,0,0,0,71,0,27,0,0,0,32,0,0;0,0,39,26,0,0,0,80,20,0,0,0,0,48,0,0,26,0,0,80,0,0,0,0,0,0,49,0,80,0;80,38,0,62,0,0,27,0,0,0,0,0,32,79,0,52,0,0,0,78,0,0,66,0,28,54,0,0,0,0;41,0,0,0,28,0,0,38,0,0,0,0,0,0,0,0,0,0,0,0,78,36,0,0,0,0,80,0,0,0;0,0,0,0,0,26,51,0,0,0,62,0,48,0,61,0,0,0,26,0,0,0,0,0,0,0,0,0,0,0;46,0,33,0,0,0,26,0,0,0,0,0,33,43,0,0,0,0,0,0,77,0,0,0,59,35,0,54,79,0;0,0,0,0,0,0,0,0,0,80,0,60,0,0,51,72,0,0,0,0,0,0,0,0,0,0,0,0,0,66;0,0,0,0,52,0,0,0,0,0,0,40,0,0,0,0,0,0,0,0,0,0,0,0,0,0,0,0,0,0;0,34,0,57,0,60,0,0,0,0,0,0,0,0,0,0,0,59,0,0,0,0,0,0,58,41,0,0,21,0;47,0,0,0,51,0,42,61,0,0,44,0,0,0,0,0,0,0,0,0,0,0,50,65,22,66,0,0,0,0;39,0,0,0,80,0,72,0,58,0,0,58,32,36,0,59,0,0,27,0,0,0,0,0,0,45,79,0,44,0;0,33,0,0,0,75,0,61,0,0,0,0,61,0,0,0,0,0,0,68,0,0,0,0,0,0,62,0,0,0;0,35,0,0,0,0,0,0,45,0,0,0,0,80,0,22,0,0,0,36,0,0,0,0,0,0,0,75,0,0;0,0,0,0,0,0,0,0,52,24,51,0,0,0,0,0,0,0,0,0,0,0,41,0,42,0,63,0,0,67;0,0,0,77,0,35,0,0,0,0,0,27,26,0,0,0,20,0,0,38,0,52,0,63,0,0,78,0,0,0;55,0,20,42,0,0,0,67,0,76,58,0,0,44,0,0,80,0,0,0,47,36,0,0,0,0,53,25,26,0;0,0,61,0,0,0,0,0,0,0,27,0,0,43,0,0,0,67,0,0,55,50,0,0,0,0,0,0,0,61;76,49,29,0,0,0,0,0,0,0,0,0,0,0,35,0,31,0,0,47,80,0,0,0,0,0,75,0,0,38;0,32,0,53,0,24,0,0,0,0,0,80,69,30,0,0,0,0,0,64,26,0,0,35,0,0,45,0,0,0;0,0,75,0,0,0,0,65,0,40,0,0,64,0,0,34,0,0,0,0,0,0,0,0,0,79,0,30,0,0;26,0,0,0,0,0,20,0,0,0,0,0,75,0,0,64,0,0,0,70,0,0,28,0,0,22,0,0,0,0;47,68,29,0,0,65,59,0,65,0,0,0,36,0,80,0,0,66,0,0,0,0,51,0,0,79,49,0,0,0;0,0,0,0,0,0,0,0,0,0,38,45,0,0,0,37,67,0,0,0,0,29,0,32,0,0,0,0,0,74;0,0,0,0,52,0,25,0,0,0,47,23,0,0,0,31,0,33,0,0,0,0,42,0,80,58,0,0,63,0;62,31,0,0,20,57,64,25,58,0,0,74,56,63,28,34,40,0,68,0,22,0,0,46,0,80,0,0,79,0;68,0,0,0,57,0,0,0,79,0,0,0,0,0,0,0,0,43,0,79,48,60,53,66,0,0,0,72,22,0;25,0,0,69,0,23,0,25,65,0,47,50,0,40,78,0,0,0,28,75,0,0,50,25,50,52,0,0,0,0;0,0,0,0,0,0,0,0,0,0,80,0,48,0,37,0,0,0,0,0,0,0,0,42,47,0,68,0,0,80;80,0,0,80,0,0,0,0,0,0,0,39,0,0,37,0,0,0,0,0,27,38,74,60,0,0,0,0,0,0;0,65,0,0,0,44,0,0,39,0,0,0,34,0,0,0,0,56,0,0,0,0,0,67,0,0,0,0,0,0
0,0,0,0,37,0,0,0,38,27,0,20,0,0,40,0,0,37,0,0,0,33,0,23,0,0,0,24,0,0;0,0,22,38,0,0,0,27,29,0,0,0,0,24,0,0,23,0,0,40,0,0,0,0,0,0,30,0,32,0;26,36,0,26,0,0,29,0,0,0,0,0,23,25,0,30,0,0,0,34,0,0,25,0,28,29,0,0,0,0;30,0,0,0,37,0,0,25,0,0,0,0,0,0,0,0,0,0,0,0,27,24,0,0,0,0,40,0,0,0;0,0,0,0,0,38,23,0,0,0,35,0,31,0,29,0,0,0,37,0,0,0,0,0,0,0,0,0,0,0;32,0,37,0,0,0,31,0,0,0,0,0,35,26,0,0,0,0,0,0,20,0,0,0,38,33,0,29,20,0;0,0,0,0,0,0,0,0,0,37,0,36,0,0,38,36,0,0,0,0,0,0,0,0,0,0,0,0,0,29;0,0,0,0,30,0,0,0,0,0,0,39,0,0,0,0,0,0,0,0,0,0,0,0,0,0,0,0,0,0;0,23,0,32,0,31,0,0,0,0,0,0,0,0,0,0,0,33,0,0,0,0,0,0,26,24,0,0,20,0;30,0,0,0,36,0,40,33,0,0,23,0,0,0,0,0,0,0,0,0,0,0,24,22,20,40,0,0,0,0;34,0,0,0,31,0,23,0,36,0,0,25,27,23,0,25,0,0,38,0,0,0,0,0,0,24,35,0,29,0;0,24,0,0,0,34,0,16,0,0,0,0,37,0,0,0,0,0,0,36,0,0,0,0,0,0,32,0,0,0;0,35,0,0,0,0,0,0,24,0,0,0,0,25,0,37,0,0,0,32,0,0,0,0,0,0,0,36,0,0;0,0,0,0,0,0,0,0,20,36,29,0,0,0,0,0,0,0,0,0,0,0,38,0,23,0,24,0,0,38;0,0,0,39,0,39,0,0,0,0,0,38,29,0,0,0,21,0,0,23,0,24,0,26,0,0,23,0,0,0;32,0,23,24,0,0,0,27,0,26,37,0,0,30,0,0,32,0,0,0,35,25,0,0,0,0,26,27,22,0;0,0,26,0,0,0,0,0,0,0,23,0,0,34,0,0,0,39,0,0,29,26,0,0,0,0,0,0,0,35;21,34,20,0,0,0,0,0,0,0,0,0,0,0,20,0,40,0,0,31,23,0,0,0,0,0,23,0,0,33;0,31,0,20,0,40,0,0,0,0,0,36,33,22,0,0,0,0,0,31,23,0,0,35,0,0,37,0,0,0;0,0,34,0,0,0,0,21,0,22,0,0,23,0,0,23,0,0,0,0,0,0,0,0,0,21,0,32,0,0;39,0,0,0,0,0,28,0,0,0,0,0,40,0,0,33,0,0,0,33,0,0,28,0,0,34,0,0,0,0;32,32,28,0,0,29,34,0,24,0,0,0,40,0,37,0,0,25,0,0,0,0,25,0,0,26,38,0,0,0;0,0,0,0,0,0,0,0,0,0,20,28,0,0,0,33,21,0,0,0,0,33,0,39,0,0,0,0,0,22;0,0,0,0,24,0,36,0,0,0,40,20,0,0,0,32,0,33,0,0,0,0,25,0,26,38,0,0,36,0;33,32,0,0,38,37,39,32,34,0,0,29,28,38,31,38,30,0,35,0,36,0,0,25,0,34,0,0,31,0;25,0,0,0,32,0,0,0,32,0,0,0,0,0,0,0,0,25,0,30,27,32,34,31,0,0,0,36,38,0;40,0,0,28,0,25,0,20,27,0,25,24,0,38,25,0,0,0,37,35,0,0,33,36,36,31,0,0,0,0;0,0,0,0,0,0,0,0,0,0,24,0,36,0,34,0,0,0,0,0,0,0,0,28,31,0,40,0,0,25;36,0,0,35,0,0,0,0,0,0,0,28,0,0,27,0,0,0,0,0,30,26,37,30,0,0,0,0,0,0;0,24,0,0,0,27,0,0,31,0,0,0,37,0,0,0,0,24,0,0,0,0,0,26,0,0,0,0,0,0
-44,13,0,0,0,0,0,-21,-19,0,29,0,0,0,0,0,0,0,15,-1,0,16,22,0,0,0,-35,0,25,0
------------- End of Scenario k = 3 -------
0,0,0,0,36,0,0,0,53,20,0,20,0,0,76,0,0,60,0,0,0,48,0,75,0,0,0,60,0,0;0,0,80,25,0,0,0,54,20,0,0,0,0,31,0,0,36,0,0,44,0,0,0,0,0,0,78,0,39,0;80,37,0,80,0,0,29,0,0,0,0,0,26,48,0,31,0,0,0,50,0,0,30,0,31,57,0,0,0,0;47,0,0,0,29,0,0,76,0,0,0,0,0,0,0,0,0,0,0,0,69,39,0,0,0,0,41,0,0,0;0,0,0,0,0,80,38,0,0,0,34,0,55,0,56,0,0,0,24,0,0,0,0,0,0,0,0,0,0,0;47,0,53,0,0,0,80,0,0,0,0,0,50,41,0,0,0,0,0,0,69,0,0,0,69,48,0,74,64,0;0,0,0,0,0,0,0,0,0,80,0,72,0,0,72,70,0,0,0,0,0,0,0,0,0,0,0,0,0,60;0,0,0,0,60,0,0,0,0,0,0,45,0,0,0,0,0,0,0,0,0,0,0,0,0,0,0,0,0,0;0,64,0,77,0,62,0,0,0,0,0,0,0,0,0,0,0,21,0,0,0,0,0,0,44,22,0,0,54,0;53,0,0,0,67,0,80,40,0,0,33,0,0,0,0,0,0,0,0,0,0,0,42,78,67,38,0,0,0,0;68,0,0,0,80,0,56,0,80,0,0,67,55,35,0,69,0,0,36,0,0,0,0,0,0,44,66,0,78,0;0,62,0,0,0,49,0,80,0,0,0,0,68,0,0,0,0,0,0,58,0,0,0,0,0,0,60,0,0,0;0,80,0,0,0,0,0,0,80,0,0,0,0,80,0,58,0,0,0,45,0,0,0,0,0,0,0,73,0,0;0,0,0,0,0,0,0,0,36,49,52,0,0,0,0,0,0,0,0,0,0,0,49,0,73,0,32,0,0,75;0,0,0,75,0,47,0,0,0,0,0,37,50,0,0,0,63,0,0,65,0,76,0,50,0,0,26,0,0,0;63,0,36,29,0,0,0,31,0,44,60,0,0,45,0,0,43,0,0,0,22,59,0,0,0,0,80,51,29,0;0,0,24,0,0,0,0,0,0,0,79,0,0,58,0,0,0,80,0,0,45,60,0,0,0,0,0,0,0,79;75,60,51,0,0,0,0,0,0,0,0,0,0,0,22,0,72,0,0,62,59,0,0,0,0,0,23,0,0,80;0,73,0,33,0,37,0,0,0,0,0,20,40,60,0,0,0,0,0,39,78,0,0,80,0,0,63,0,0,0;0,0,30,0,0,0,0,68,0,69,0,0,60,0,0,57,0,0,0,0,0,0,0,0,0,30,0,34,0,0;66,0,0,0,0,0,61,0,0,0,0,0,76,0,0,42,0,0,0,30,0,0,45,0,0,53,0,0,0,0;27,42,71,0,0,44,58,0,64,0,0,0,36,0,79,0,0,51,0,0,0,0,46,0,0,43,23,0,0,0;0,0,0,0,0,0,0,0,0,0,41,66,0,0,0,80,72,0,0,0,0,31,0,79,0,0,0,0,0,73;0,0,0,0,44,0,67,0,0,0,54,78,0,0,0,50,0,28,0,0,0,0,35,0,80,67,0,0,25,0;51,47,0,0,29,47,50,80,79,0,0,42,55,44,51,67,62,0,79,0,58,0,0,60,0,80,0,0,45,0;59,0,0,0,69,0,0,0,79,0,0,0,0,0,0,0,0,64,0,24,73,29,24,24,0,0,0,20,38,0;43,0,0,42,0,58,0,76,63,0,66,34,0,39,36,0,0,0,80,41,0,0,35,43,35,47,0,0,0,0;0,0,0,0,0,0,0,0,0,0,70,0,33,0,78,0,0,0,0,0,0,0,0,67,59,0,80,0,0,80;54,0,0,26,0,0,0,0,0,0,0,77,0,0,20,0,0,0,0,0,47,68,54,74,0,0,0,0,0,0;0,47,0,0,0,30,0,0,55,0,0,0,43,0,0,0,0,41,0,0,0,0,0,24,0,0,0,0,0,0
0,0,0,0,30,0,0,0,23,25,0,34,0,0,30,0,0,20,0,0,0,24,0,25,0,0,0,29,0,0;0,0,28,22,0,0,0,39,39,0,0,0,0,31,0,0,39,0,0,30,0,0,0,0,0,0,23,0,21,0;35,32,0,27,0,0,28,0,0,0,0,0,39,25,0,36,0,0,0,23,0,0,22,0,40,38,0,0,0,0;24,0,0,0,20,0,0,39,0,0,0,0,0,0,0,0,0,0,0,0,24,33,0,0,0,0,33,0,0,0;0,0,0,0,0,20,26,0,0,0,34,0,33,0,31,0,0,0,20,0,0,0,0,0,0,0,0,0,0,0;20,0,33,0,0,0,30,0,0,0,0,0,28,26,0,0,0,0,0,0,34,0,0,0,38,32,0,22,40,0;0,0,0,0,0,0,0,0,0,22,0,27,0,0,39,28,0,0,0,0,0,0,0,0,0,0,0,0,0,22;0,0,0,0,25,0,0,0,0,0,0,40,0,0,0,0,0,0,0,0,0,0,0,0,0,0,0,0,0,0;0,24,0,35,0,22,0,0,0,0,0,0,0,0,0,0,0,28,0,0,0,0,0,0,24,20,0,0,33,0;18,0,0,0,22,0,39,23,0,0,23,0,0,0,0,0,0,0,0,0,0,0,26,21,28,23,0,0,0,0;22,0,0,0,32,0,27,0,40,0,0,27,21,35,0,29,0,0,37,0,0,0,0,0,0,21,31,0,39,0;0,23,0,0,0,22,0,36,0,0,0,0,31,0,0,0,0,0,0,26,0,0,0,0,0,0,32,0,0,0;0,34,0,0,0,0,0,0,28,0,0,0,0,34,0,38,0,0,0,24,0,0,0,0,0,0,0,21,0,0;0,0,0,0,0,0,0,0,35,39,20,0,0,0,0,0,0,0,0,0,0,0,37,0,32,0,22,0,0,30;0,0,0,21,0,20,0,0,0,0,0,34,29,0,0,0,36,0,0,28,0,31,0,29,0,0,40,0,0,0;29,0,32,33,0,0,0,28,0,37,26,0,0,24,0,0,30,0,0,0,33,36,0,0,0,0,39,26,32,0;0,0,29,0,0,0,0,0,0,0,34,0,0,33,0,0,0,32,0,0,30,22,0,0,0,0,0,0,0,40;39,21,36,0,0,0,0,0,0,0,0,0,0,0,35,0,35,0,0,36,37,0,0,0,0,0,23,0,0,23;0,34,0,38,0,38,0,0,0,0,0,38,29,25,0,0,0,0,0,24,28,0,0,32,0,0,32,0,0,0;0,0,40,0,0,0,0,20,0,20,0,0,30,0,0,30,0,0,0,0,0,0,0,0,0,21,0,23,0,0;35,0,0,0,0,0,32,0,0,0,0,0,32,0,0,25,0,0,0,20,0,0,29,0,0,32,0,0,0,0;39,21,27,0,0,39,38,0,23,0,0,0,31,0,29,0,0,38,0,0,0,0,37,0,0,20,38,0,0,0;0,0,0,0,0,0,0,0,0,0,25,29,0,0,0,31,37,0,0,0,0,32,0,34,0,0,0,0,0,22;0,0,0,0,21,0,29,0,0,0,37,27,0,0,0,29,0,23,0,0,0,0,30,0,18,28,0,0,34,0;33,22,0,0,27,36,40,12,28,0,0,40,20,31,31,33,30,0,23,0,30,0,0,34,0,33,0,0,31,0;28,0,0,0,24,0,0,0,37,0,0,0,0,0,0,0,0,21,0,27,39,38,38,22,0,0,0,16,38,0;38,0,0,29,0,35,0,31,34,0,32,37,0,22,23,0,0,0,28,33,0,0,26,31,22,34,0,0,0,0;0,0,0,0,0,0,0,0,0,0,37,0,25,0,37,0,0,0,0,0,0,0,0,27,38,0,32,0,0,30;34,0,0,25,0,0,0,0,0,0,0,21,0,0,21,0,0,0,0,0,33,24,40,32,0,0,0,0,0,0;0,21,0,0,0,25,0,0,39,0,0,0,39,0,0,0,0,20,0,0,0,0,0,31,0,0,0,0,0,0
-40,25,0,0,0,0,0,-21,-30,0,17,0,0,0,0,0,0,0,28,-5,0,29,25,0,0,0,-39,0,11,0
------------- End of Scenario k = 4 -------
0,0,0,0,77,0,0,0,66,25,0,63,0,0,73,0,0,25,0,0,0,28,0,49,0,0,0,60,0,0;0,0,56,53,0,0,0,44,61,0,0,0,0,74,0,0,75,0,0,80,0,0,0,0,0,0,26,0,27,0;51,30,0,34,0,0,63,0,0,0,0,0,57,61,0,60,0,0,0,51,0,0,64,0,65,28,0,0,0,0;48,0,0,0,71,0,0,70,0,0,0,0,0,0,0,0,0,0,0,0,61,31,0,0,0,0,63,0,0,0;0,0,0,0,0,27,46,0,0,0,40,0,35,0,78,0,0,0,20,0,0,0,0,0,0,0,0,0,0,0;63,0,64,0,0,0,80,0,0,0,0,0,34,22,0,0,0,0,0,0,50,0,0,0,77,62,0,51,76,0;0,0,0,0,0,0,0,0,0,80,0,63,0,0,71,71,0,0,0,0,0,0,0,0,0,0,0,0,0,68;0,0,0,0,47,0,0,0,0,0,0,57,0,0,0,0,0,0,0,0,0,0,0,0,0,0,0,0,0,0;0,44,0,60,0,37,0,0,0,0,0,0,0,0,0,0,0,60,0,0,0,0,0,0,30,23,0,0,51,0;80,0,0,0,28,0,28,52,0,0,28,0,0,0,0,0,0,0,0,0,0,0,62,59,48,77,0,0,0,0;50,0,0,0,80,0,64,0,80,0,0,36,55,33,0,64,0,0,54,0,0,0,0,0,0,67,61,0,21,0;0,44,0,0,0,80,0,33,0,0,0,0,32,0,0,0,0,0,0,68,0,0,0,0,0,0,59,0,0,0;0,62,0,0,0,0,0,0,80,0,0,0,0,25,0,67,0,0,0,30,0,0,0,0,0,0,0,52,0,0;0,0,0,0,0,0,0,0,52,57,23,0,0,0,0,0,0,0,0,0,0,0,68,0,24,0,52,0,0,59;0,0,0,39,0,28,0,0,0,0,0,39,25,0,0,0,69,0,0,64,0,24,0,49,0,0,80,0,0,0;80,0,23,26,0,0,0,73,0,25,70,0,0,79,0,0,80,0,0,0,64,35,0,0,0,0,80,56,59,0;0,0,79,0,0,0,0,0,0,0,37,0,0,57,0,0,0,43,0,0,62,55,0,0,0,0,0,0,0,59;54,62,42,0,0,0,0,0,0,0,0,0,0,0,31,0,22,0,0,70,80,0,0,0,0,0,62,0,0,35;0,28,0,46,0,21,0,0,0,0,0,80,22,67,0,0,0,0,0,55,24,0,0,76,0,0,72,0,0,0;0,0,35,0,0,0,0,25,0,24,0,0,62,0,0,69,0,0,0,0,0,0,0,0,0,40,0,44,0,0;52,0,0,0,0,0,62,0,0,0,0,0,66,0,0,35,0,0,0,32,0,0,32,0,0,23,0,0,0,0;23,22,71,0,0,49,31,0,73,0,0,0,47,0,80,0,0,41,0,0,0,0,21,0,0,29,69,0,0,0;0,0,0,0,0,0,0,0,0,0,63,22,0,0,0,40,80,0,0,0,0,31,0,52,0,0,0,0,0,67;0,0,0,0,48,0,72,0,0,0,60,34,0,0,0,58,0,76,0,0,0,0,33,0,80,53,0,0,64,0;37,65,0,0,26,37,35,80,53,0,0,22,58,57,37,41,21,0,58,0,48,0,0,59,0,62,0,0,58,0;58,0,0,0,76,0,0,0,44,0,0,0,0,0,0,0,0,56,0,49,62,77,45,60,0,0,0,80,62,0;31,0,0,63,0,38,0,28,37,0,77,25,0,29,29,0,0,0,72,67,0,0,33,78,61,69,0,0,0,0;0,0,0,0,0,0,0,0,0,0,27,0,24,0,25,0,0,0,0,0,0,0,0,21,22,0,80,0,0,80;80,0,0,40,0,0,0,0,0,0,0,61,0,0,39,0,0,0,0,0,77,21,50,80,0,0,0,0,0,0;0,32,0,0,0,52,0,0,44,0,0,0,57,0,0,0,0,69,0,0,0,0,0,20,0,0,0,0,0,0
0,0,0,0,25,0,0,0,25,25,0,24,0,0,40,0,0,37,0,0,0,35,0,29,0,0,0,34,0,0;0,0,26,20,0,0,0,39,28,0,0,0,0,29,0,0,31,0,0,28,0,0,0,0,0,0,30,0,40,0;29,22,0,33,0,0,31,0,0,0,0,0,34,33,0,29,0,0,0,37,0,0,27,0,40,36,0,0,0,0;36,0,0,0,29,0,0,35,0,0,0,0,0,0,0,0,0,0,0,0,27,31,0,0,0,0,26,0,0,0;0,0,0,0,0,36,30,0,0,0,37,0,36,0,28,0,0,0,32,0,0,0,0,0,0,0,0,0,0,0;22,0,26,0,0,0,30,0,0,0,0,0,38,22,0,0,0,0,0,0,22,0,0,0,23,32,0,29,29,0;0,0,0,0,0,0,0,0,0,31,0,40,0,0,32,33,0,0,0,0,0,0,0,0,0,0,0,0,0,37;0,0,0,0,40,0,0,0,0,0,0,34,0,0,0,0,0,0,0,0,0,0,0,0,0,0,0,0,0,0;0,23,0,27,0,40,0,0,0,0,0,0,0,0,0,0,0,30,0,0,0,0,0,0,32,21,0,0,26,0;31,0,0,0,20,0,23,40,0,0,39,0,0,0,0,0,0,0,0,0,0,0,38,25,30,29,0,0,0,0;33,0,0,0,37,0,20,0,35,0,0,26,40,33,0,23,0,0,32,0,0,0,0,0,0,33,31,0,23,0;0,29,0,0,0,40,0,16,0,0,0,0,32,0,0,0,0,0,0,21,0,0,0,0,0,0,25,0,0,0;0,32,0,0,0,0,0,0,14,0,0,0,0,24,0,24,0,0,0,34,0,0,0,0,0,0,0,40,0,0;0,0,0,0,0,0,0,0,37,40,30,0,0,0,0,0,0,0,0,0,0,0,40,0,22,0,28,0,0,35;0,0,0,29,0,27,0,0,0,0,0,35,37,0,0,0,31,0,0,31,0,37,0,26,0,0,36,0,0,0;25,0,33,28,0,0,0,35,0,26,27,0,0,37,0,0,27,0,0,0,20,23,0,0,0,0,39,26,37,0;0,0,26,0,0,0,0,0,0,0,40,0,0,24,0,0,0,37,0,0,40,23,0,0,0,0,0,0,0,27;36,20,21,0,0,0,0,0,0,0,0,0,0,0,38,0,28,0,0,31,38,0,0,0,0,0,33,0,0,36;0,40,0,28,0,28,0,0,0,0,0,36,29,26,0,0,0,0,0,40,38,0,0,22,0,0,19,0,0,0;0,0,39,0,0,0,0,28,0,38,0,0,37,0,0,34,0,0,0,0,0,0,0,0,0,40,0,30,0,0;21,0,0,0,0,0,37,0,0,0,0,0,33,0,0,38,0,0,0,23,0,0,34,0,0,27,0,0,0,0;40,39,24,0,0,30,34,0,27,0,0,0,33,0,34,0,0,34,0,0,0,0,31,0,0,35,24,0,0,0;0,0,0,0,0,0,0,0,0,0,27,22,0,0,0,28,31,0,0,0,0,29,0,40,0,0,0,0,0,20;0,0,0,0,21,0,30,0,0,0,20,37,0,0,0,31,0,32,0,0,0,0,34,0,31,21,0,0,23,0;25,25,0,0,29,21,26,27,39,0,0,28,22,39,26,24,27,0,23,0,38,0,0,38,0,30,0,0,35,0;33,0,0,0,21,0,0,0,31,0,0,0,0,0,0,0,0,20,0,23,22,27,30,36,0,0,0,28,40,0;20,0,0,35,0,37,0,25,22,0,32,20,0,34,30,0,0,0,27,33,0,0,30,32,35,30,0,0,0,0;0,0,0,0,0,0,0,0,0,0,33,0,36,0,26,0,0,0,0,0,0,0,0,40,35,0,18,0,0,27;18,0,0,22,0,0,0,0,0,0,0,29,0,0,35,0,0,0,0,0,34,40,24,24,0,0,0,0,0,0;0,21,0,0,0,33,0,0,24,0,0,0,35,0,0,0,0,35,0,0,0,0,0,27,0,0,0,0,0,0
-23,16,0,0,0,0,0,-9,-31,0,30,0,0,0,0,0,0,0,12,-2,0,13,17,0,0,0,-41,0,18,0
------------- End of Scenario k = 5 -------
0,0,0,0,52,0,0,0,65,42,0,64,0,0,50,0,0,62,0,0,0,67,0,56,0,0,0,71,0,0;0,0,34,50,0,0,0,80,58,0,0,0,0,41,0,0,66,0,0,62,0,0,0,0,0,0,41,0,50,0;31,60,0,67,0,0,37,0,0,0,0,0,76,61,0,46,0,0,0,37,0,0,22,0,31,38,0,0,0,0;21,0,0,0,47,0,0,36,0,0,0,0,0,0,0,0,0,0,0,0,21,48,0,0,0,0,35,0,0,0;0,0,0,0,0,51,52,0,0,0,75,0,71,0,76,0,0,0,21,0,0,0,0,0,0,0,0,0,0,0;45,0,43,0,0,0,80,0,0,0,0,0,52,30,0,0,0,0,0,0,43,0,0,0,28,64,0,20,50,0;0,0,0,0,0,0,0,0,0,80,0,37,0,0,31,43,0,0,0,0,0,0,0,0,0,0,0,0,0,52;0,0,0,0,57,0,0,0,0,0,0,77,0,0,0,0,0,0,0,0,0,0,0,0,0,0,0,0,0,0;0,71,0,28,0,62,0,0,0,0,0,0,0,0,0,0,0,72,0,0,0,0,0,0,36,45,0,0,67,0;80,0,0,0,31,0,57,29,0,0,23,0,0,0,0,0,0,0,0,0,0,0,51,65,70,38,0,0,0,0;28,0,0,0,80,0,73,0,22,0,0,48,33,24,0,72,0,0,43,0,0,0,0,0,0,72,20,0,59,0;0,49,0,0,0,56,0,80,0,0,0,0,39,0,0,0,0,0,0,29,0,0,0,0,0,0,69,0,0,0;0,45,0,0,0,0,0,0,80,0,0,0,0,80,0,80,0,0,0,71,0,0,0,0,0,0,0,37,0,0;0,0,0,0,0,0,0,0,53,68,45,0,0,0,0,0,0,0,0,0,0,0,62,0,67,0,37,0,0,57;0,0,0,64,0,74,0,0,0,0,0,26,57,0,0,0,65,0,0,55,0,77,0,54,0,0,53,0,0,0;77,0,74,24,0,0,0,74,0,38,64,0,0,28,0,0,42,0,0,0,29,43,0,0,0,0,80,58,21,0;0,0,50,0,0,0,0,0,0,0,64,0,0,66,0,0,0,26,0,0,24,63,0,0,0,0,0,0,0,66;50,22,66,0,0,0,0,0,0,0,0,0,0,0,53,0,43,0,0,63,80,0,0,0,0,0,57,0,0,28;0,32,0,35,0,74,0,0,0,0,0,57,41,55,0,0,0,0,0,31,75,0,0,70,0,0,80,0,0,0;0,0,53,0,0,0,0,39,0,34,0,0,70,0,0,39,0,0,0,0,0,0,0,0,0,33,0,38,0,0;41,0,0,0,0,0,44,0,0,0,0,0,47,0,0,20,0,0,0,26,0,0,60,0,0,28,0,0,0,0;30,70,49,0,0,23,33,0,67,0,0,0,24,0,80,0,0,23,0,0,0,0,58,0,0,52,66,0,0,0;0,0,0,0,0,0,0,0,0,0,69,40,0,0,0,31,63,0,0,0,0,23,0,26,0,0,0,0,0,25;0,0,0,0,75,0,65,0,0,0,25,50,0,0,0,80,0,58,0,0,0,0,52,0,80,20,0,0,31,0;41,45,0,0,79,21,56,80,39,0,0,71,54,26,21,48,78,0,75,0,32,0,0,40,0,37,0,0,37,0;55,0,0,0,21,0,0,0,28,0,0,0,0,0,0,0,0,54,0,57,29,36,77,22,0,0,0,80,20,0;61,0,0,71,0,69,0,51,25,0,80,38,0,60,38,0,0,0,55,43,0,0,36,26,78,47,0,0,0,0;0,0,0,0,0,0,0,0,0,0,24,0,28,0,67,0,0,0,0,0,0,0,0,49,48,0,36,0,0,80;30,0,0,78,0,0,0,0,0,0,0,52,0,0,27,0,0,0,0,0,50,32,56,80,0,0,0,0,0,0;0,62,0,0,0,63,0,0,40,0,0,0,26,0,0,0,0,48,0,0,0,0,0,75,0,0,0,0,0,0
0,0,0,0,33,0,0,0,24,40,0,39,0,0,30,0,0,24,0,0,0,33,0,36,0,0,0,28,0,0;0,0,22,32,0,0,0,27,22,0,0,0,0,29,0,0,25,0,0,39,0,0,0,0,0,0,33,0,24,0;34,21,0,18,0,0,31,0,0,0,0,0,28,34,0,35,0,0,0,34,0,0,29,0,32,36,0,0,0,0;40,0,0,0,22,0,0,39,0,0,0,0,0,0,0,0,0,0,0,0,28,37,0,0,0,0,29,0,0,0;0,0,0,0,0,34,24,0,0,0,38,0,28,0,31,0,0,0,34,0,0,0,0,0,0,0,0,0,0,0;26,0,28,0,0,0,35,0,0,0,0,0,36,37,0,0,0,0,0,0,36,0,0,0,39,33,0,26,35,0;0,0,0,0,0,0,0,0,0,38,0,24,0,0,31,40,0,0,0,0,0,0,0,0,0,0,0,0,0,21;0,0,0,0,26,0,0,0,0,0,0,33,0,0,0,0,0,0,0,0,0,0,0,0,0,0,0,0,0,0;0,21,0,34,0,24,0,0,0,0,0,0,0,0,0,0,0,23,0,0,0,0,0,0,36,36,0,0,25,0;34,0,0,0,39,0,38,30,0,0,34,0,0,0,0,0,0,0,0,0,0,0,24,39,33,37,0,0,0,0;20,0,0,0,40,0,34,0,23,0,0,28,30,22,0,23,0,0,29,0,0,0,0,0,0,40,32,0,32,0;0,24,0,0,0,33,0,32,0,0,0,0,36,0,0,0,0,0,0,38,0,0,0,0,0,0,38,0,0,0;0,27,0,0,0,0,0,0,21,0,0,0,0,29,0,23,0,0,0,35,0,0,0,0,0,0,0,21,0,0;0,0,0,0,0,0,0,0,24,23,39,0,0,0,0,0,0,0,0,0,0,0,40,0,34,0,32,0,0,40;0,0,0,26,0,29,0,0,0,0,0,39,26,0,0,0,31,0,0,38,0,37,0,36,0,0,28,0,0,0;34,0,22,36,0,0,0,21,0,33,37,0,0,34,0,0,25,0,0,0,27,36,0,0,0,0,23,30,21,0;0,0,21,0,0,0,0,0,0,0,37,0,0,26,0,0,0,37,0,0,38,28,0,0,0,0,0,0,0,33;23,30,29,0,0,0,0,0,0,0,0,0,0,0,22,0,38,0,0,30,37,0,0,0,0,0,27,0,0,22;0,34,0,38,0,28,0,0,0,0,0,32,32,28,0,0,0,0,0,26,40,0,0,40,0,0,22,0,0,0;0,0,29,0,0,0,0,36,0,31,0,0,39,0,0,35,0,0,0,0,0,0,0,0,0,33,0,23,0,0;20,0,0,0,0,0,21,0,0,0,0,0,39,0,0,34,0,0,0,38,0,0,23,0,0,35,0,0,0,0;32,23,23,0,0,25,29,0,36,0,0,0,32,0,36,0,0,25,0,0,0,0,31,0,0,26,40,0,0,0;0,0,0,0,0,0,0,0,0,0,35,24,0,0,0,29,24,0,0,0,0,24,0,34,0,0,0,0,0,28;0,0,0,0,20,0,20,0,0,0,38,32,0,0,0,29,0,37,0,0,0,0,20,0,32,38,0,0,27,0;30,25,0,0,28,20,40,38,31,0,0,21,27,27,28,21,40,0,20,0,37,0,0,31,0,35,0,0,24,0;34,0,0,0,38,0,0,0,20,0,0,0,0,0,0,0,0,20,0,39,29,40,30,33,0,0,0,35,34,0;29,0,0,40,0,27,0,25,32,0,40,40,0,33,38,0,0,0,26,30,0,0,31,23,23,40,0,0,0,0;0,0,0,0,0,0,0,0,0,0,37,0,28,0,36,0,0,0,0,0,0,0,0,23,28,0,34,0,0,32;36,0,0,20,0,0,0,0,0,0,0,23,0,0,22,0,0,0,0,0,30,21,30,40,0,0,0,0,0,0;0,34,0,0,0,37,0,0,40,0,0,0,35,0,0,0,0,36,0,0,0,0,0,30,0,0,0,0,0,0
-55,17,0,0,0,0,0,-13,-12,0,22,0,0,0,0,0,0,0,17,-7,0,23,16,0,0,0,-38,0,30,0
------------- End of Scenario k = 6 -------
0,0,0,0,40,0,0,0,23,36,0,80,0,0,68,0,0,76,0,0,0,69,0,71,0,0,0,24,0,0;0,0,45,58,0,0,0,80,63,0,0,0,0,70,0,0,29,0,0,65,0,0,0,0,0,0,53,0,46,0;61,29,0,80,0,0,63,0,0,0,0,0,80,74,0,62,0,0,0,40,0,0,55,0,69,45,0,0,0,0;38,0,0,0,26,0,0,26,0,0,0,0,0,0,0,0,0,0,0,0,28,44,0,0,0,0,21,0,0,0;0,0,0,0,0,80,25,0,0,0,70,0,33,0,72,0,0,0,27,0,0,0,0,0,0,0,0,0,0,0;32,0,55,0,0,0,32,0,0,0,0,0,66,26,0,0,0,0,0,0,77,0,0,0,29,51,0,32,26,0;0,0,0,0,0,0,0,0,0,63,0,21,0,0,48,72,0,0,0,0,0,0,0,0,0,0,0,0,0,41;0,0,0,0,80,0,0,0,0,0,0,27,0,0,0,0,0,0,0,0,0,0,0,0,0,0,0,0,0,0;0,69,0,55,0,46,0,0,0,0,0,0,0,0,0,0,0,62,0,0,0,0,0,0,32,24,0,0,49,0;40,0,0,0,63,0,62,58,0,0,24,0,0,0,0,0,0,0,0,0,0,0,79,29,36,39,0,0,0,0;32,0,0,0,80,0,37,0,80,0,0,26,46,52,0,43,0,0,56,0,0,0,0,0,0,28,74,0,41,0;0,30,0,0,0,55,0,43,0,0,0,0,80,0,0,0,0,0,0,36,0,0,0,0,0,0,66,0,0,0;0,47,0,0,0,0,0,0,80,0,0,0,0,64,0,54,0,0,0,42,0,0,0,0,0,0,0,47,0,0;0,0,0,0,0,0,0,0,26,22,25,0,0,0,0,0,0,0,0,0,0,0,44,0,75,0,56,0,0,31;0,0,0,39,0,61,0,0,0,0,0,31,57,0,0,0,31,0,0,53,0,22,0,30,0,0,57,0,0,0;80,0,73,42,0,0,0,55,0,57,62,0,0,42,0,0,36,0,0,0,72,56,0,0,0,0,80,65,64,0;0,0,64,0,0,0,0,0,0,0,70,0,0,20,0,0,0,39,0,0,62,75,0,0,0,0,0,0,0,36;27,65,77,0,0,0,0,0,0,0,0,0,0,0,54,0,58,0,0,52,80,0,0,0,0,0,29,0,0,52;0,45,0,52,0,55,0,0,0,0,0,71,37,34,0,0,0,0,0,67,20,0,0,53,0,0,80,0,0,0;0,0,20,0,0,0,0,56,0,62,0,0,22,0,0,74,0,0,0,0,0,0,0,0,0,46,0,46,0,0;31,0,0,0,0,0,57,0,0,0,0,0,32,0,0,52,0,0,0,48,0,0,57,0,0,31,0,0,0,0;59,21,73,0,0,31,44,0,24,0,0,0,37,0,80,0,0,28,0,0,0,0,22,0,0,79,49,0,0,0;0,0,0,0,0,0,0,0,0,0,62,54,0,0,0,39,54,0,0,0,0,39,0,22,0,0,0,0,0,57;0,0,0,0,37,0,56,0,0,0,61,23,0,0,0,24,0,44,0,0,0,0,47,0,80,34,0,0,37,0;79,43,0,0,52,56,57,80,58,0,0,30,38,37,43,41,28,0,57,0,52,0,0,33,0,80,0,0,80,0;28,0,0,0,32,0,0,0,41,0,0,0,0,0,0,0,0,58,0,27,49,75,47,37,0,0,0,80,77,0;73,0,0,40,0,29,0,57,28,0,56,49,0,61,66,0,0,0,34,64,0,0,29,45,26,40,0,0,0,0;0,0,0,0,0,0,0,0,0,0,40,0,44,0,42,0,0,0,0,0,0,0,0,70,49,0,56,0,0,38;80,0,0,56,0,0,0,0,0,0,0,20,0,0,59,0,0,0,0,0,67,49,69,80,0,0,0,0,0,0;0,26,0,0,0,49,0,0,69,0,0,0,24,0,0,0,0,64,0,0,0,0,0,44,0,0,0,0,0,0
0,0,0,0,21,0,0,0,35,37,0,23,0,0,21,0,0,27,0,0,0,34,0,24,0,0,0,25,0,0;0,0,21,34,0,0,0,35,29,0,0,0,0,25,0,0,20,0,0,34,0,0,0,0,0,0,28,0,40,0;22,27,0,29,0,0,27,0,0,0,0,0,33,21,0,30,0,0,0,28,0,0,39,0,21,39,0,0,0,0;25,0,0,0,31,0,0,24,0,0,0,0,0,0,0,0,0,0,0,0,32,35,0,0,0,0,25,0,0,0;0,0,0,0,0,34,38,0,0,0,38,0,23,0,27,0,0,0,37,0,0,0,0,0,0,0,0,0,0,0;20,0,34,0,0,0,35,0,0,0,0,0,40,35,0,0,0,0,0,0,31,0,0,0,40,35,0,36,25,0;0,0,0,0,0,0,0,0,0,29,0,38,0,0,22,39,0,0,0,0,0,0,0,0,0,0,0,0,0,23;0,0,0,0,29,0,0,0,0,0,0,20,0,0,0,0,0,0,0,0,0,0,0,0,0,0,0,0,0,0;0,24,0,35,0,25,0,0,0,0,0,0,0,0,0,0,0,35,0,0,0,0,0,0,20,28,0,0,22,0;37,0,0,0,40,0,26,40,0,0,30,0,0,0,0,0,0,0,0,0,0,0,28,35,26,40,0,0,0,0;21,0,0,0,32,0,26,0,34,0,0,31,23,34,0,39,0,0,21,0,0,0,0,0,0,36,37,0,39,0;0,36,0,0,0,37,0,28,0,0,0,0,34,0,0,0,0,0,0,30,0,0,0,0,0,0,23,0,0,0;0,38,0,0,0,0,0,0,34,0,0,0,0,38,0,25,0,0,0,25,0,0,0,0,0,0,0,21,0,0;0,0,0,0,0,0,0,0,22,29,40,0,0,0,0,0,0,0,0,0,0,0,21,0,31,0,35,0,0,37;0,0,0,22,0,35,0,0,0,0,0,20,23,0,0,0,34,0,0,38,0,39,0,29,0,0,15,0,0,0;28,0,24,31,0,0,0,25,0,28,31,0,0,38,0,0,35,0,0,0,27,32,0,0,0,0,31,36,29,0;0,0,21,0,0,0,0,0,0,0,20,0,0,27,0,0,0,32,0,0,31,36,0,0,0,0,0,0,0,39;28,37,20,0,0,0,0,0,0,0,0,0,0,0,20,0,27,0,0,20,39,0,0,0,0,0,21,0,0,24;0,38,0,36,0,24,0,0,0,0,0,37,38,37,0,0,0,0,0,39,24,0,0,26,0,0,26,0,0,0;0,0,35,0,0,0,0,22,0,38,0,0,23,0,0,40,0,0,0,0,0,0,0,0,0,36,0,24,0,0;21,0,0,0,0,0,22,0,0,0,0,0,37,0,0,40,0,0,0,23,0,0,22,0,0,20,0,0,0,0;40,28,35,0,0,33,37,0,35,0,0,0,35,0,18,0,0,21,0,0,0,0,23,0,0,40,40,0,0,0;0,0,0,0,0,0,0,0,0,0,25,28,0,0,0,29,23,0,0,0,0,22,0,26,0,0,0,0,0,34;0,0,0,0,26,0,21,0,0,0,24,38,0,0,0,23,0,25,0,0,0,0,26,0,39,20,0,0,29,0;22,36,0,0,40,29,34,30,22,0,0,25,37,22,22,32,28,0,27,0,27,0,0,30,0,27,0,0,36,0;36,0,0,0,24,0,0,0,28,0,0,0,0,0,0,0,0,25,0,20,29,23,22,37,0,0,0,27,26,0;34,0,0,25,0,40,0,28,36,0,30,20,0,36,24,0,0,0,26,37,0,0,39,26,32,31,0,0,0,0;0,0,0,0,0,0,0,0,0,0,33,0,25,0,31,0,0,0,0,0,0,0,0,25,39,0,31,0,0,29;24,0,0,35,0,0,0,0,0,0,0,20,0,0,30,0,0,0,0,0,26,33,40,36,0,0,0,0,0,0;0,24,0,0,0,36,0,0,39,0,0,0,21,0,0,0,0,27,0,0,0,0,0,38,0,0,0,0,0,0
-47,19,0,0,0,0,0,-18,-15,0,24,0,0,0,0,0,0,0,21,-7,0,12,28,0,0,0,-39,0,22,0
------------- End of Scenario k = 7 -------
0,0,0,0,47,0,0,0,25,33,0,26,0,0,27,0,0,62,0,0,0,32,0,65,0,0,0,59,0,0;0,0,31,33,0,0,0,75,20,0,0,0,0,36,0,0,78,0,0,56,0,0,0,0,0,0,24,0,66,0;80,25,0,44,0,0,35,0,0,0,0,0,76,22,0,53,0,0,0,64,0,0,60,0,33,38,0,0,0,0;20,0,0,0,77,0,0,30,0,0,0,0,0,0,0,0,0,0,0,0,77,31,0,0,0,0,80,0,0,0;0,0,0,0,0,80,54,0,0,0,25,0,40,0,43,0,0,0,35,0,0,0,0,0,0,0,0,0,0,0;62,0,50,0,0,0,80,0,0,0,0,0,37,44,0,0,0,0,0,0,38,0,0,0,69,52,0,27,58,0;0,0,0,0,0,0,0,0,0,23,0,24,0,0,54,64,0,0,0,0,0,0,0,0,0,0,0,0,0,57;0,0,0,0,20,0,0,0,0,0,0,70,0,0,0,0,0,0,0,0,0,0,0,0,0,0,0,0,0,0;0,34,0,28,0,30,0,0,0,0,0,0,0,0,0,0,0,66,0,0,0,0,0,0,32,47,0,0,24,0;21,0,0,0,39,0,80,79,0,0,56,0,0,0,0,0,0,0,0,0,0,0,28,65,75,45,0,0,0,0;66,0,0,0,65,0,20,0,80,0,0,30,36,48,0,26,0,0,63,0,0,0,0,0,0,35,56,0,26,0;0,74,0,0,0,55,0,80,0,0,0,0,34,0,0,0,0,0,0,30,0,0,0,0,0,0,68,0,0,0;0,35,0,0,0,0,0,0,61,0,0,0,0,58,0,46,0,0,0,36,0,0,0,0,0,0,0,75,0,0;0,0,0,0,0,0,0,0,22,37,65,0,0,0,0,0,0,0,0,0,0,0,79,0,58,0,20,0,0,67;0,0,0,65,0,44,0,0,0,0,0,33,78,0,0,0,27,0,0,72,0,43,0,38,0,0,80,0,0,0;80,0,41,61,0,0,0,26,0,70,67,0,0,70,0,0,80,0,0,0,62,49,0,0,0,0,68,70,61,0;0,0,73,0,0,0,0,0,0,0,50,0,0,63,0,0,0,44,0,0,78,69,0,0,0,0,0,0,0,76;65,64,35,0,0,0,0,0,0,0,0,0,0,0,21,0,54,0,0,45,80,0,0,0,0,0,62,0,0,60;0,57,0,72,0,51,0,0,0,0,0,80,33,57,0,0,0,0,0,26,38,0,0,77,0,0,25,0,0,0;0,0,34,0,0,0,0,27,0,29,0,0,32,0,0,71,0,0,0,0,0,0,0,0,0,65,0,72,0,0;60,0,0,0,0,0,36,0,0,0,0,0,67,0,0,75,0,0,0,55,0,0,56,0,0,42,0,0,0,0;62,45,68,0,0,39,51,0,21,0,0,0,23,0,66,0,0,30,0,0,0,0,34,0,0,49,50,0,0,0;0,0,0,0,0,0,0,0,0,0,55,59,0,0,0,80,73,0,0,0,0,33,0,21,0,0,0,0,0,55;0,0,0,0,37,0,75,0,0,0,63,35,0,0,0,27,0,79,0,0,0,0,30,0,27,60,0,0,46,0;33,34,0,0,68,23,54,53,49,0,0,24,61,22,28,27,34,0,41,0,68,0,0,37,0,41,0,0,58,0;62,0,0,0,37,0,0,0,41,0,0,0,0,0,0,0,0,35,0,71,26,27,43,20,0,0,0,80,30,0;56,0,0,29,0,39,0,64,38,0,23,40,0,51,72,0,0,0,54,70,0,0,45,77,72,71,0,0,0,0;0,0,0,0,0,0,0,0,0,0,73,0,52,0,65,0,0,0,0,0,0,0,0,58,56,0,48,0,0,57;30,0,0,60,0,0,0,0,0,0,0,57,0,0,36,0,0,0,0,0,25,47,74,80,0,0,0,0,0,0;0,78,0,0,0,42,0,0,70,0,0,0,45,0,0,0,0,21,0,0,0,0,0,38,0,0,0,0,0,0
0,0,0,0,26,0,0,0,31,29,0,28,0,0,21,0,0,39,0,0,0,29,0,22,0,0,0,20,0,0;0,0,30,37,0,0,0,38,25,0,0,0,0,21,0,0,32,0,0,22,0,0,0,0,0,0,37,0,34,0;35,26,0,38,0,0,27,0,0,0,0,0,21,24,0,29,0,0,0,36,0,0,21,0,28,28,0,0,0,0;37,0,0,0,40,0,0,36,0,0,0,0,0,0,0,0,0,0,0,0,32,33,0,0,0,0,18,0,0,0;0,0,0,0,0,23,40,0,0,0,39,0,29,0,21,0,0,0,30,0,0,0,0,0,0,0,0,0,0,0;39,0,21,0,0,0,38,0,0,0,0,0,38,20,0,0,0,0,0,0,38,0,0,0,36,32,0,31,38,0;0,0,0,0,0,0,0,0,0,25,0,40,0,0,34,34,0,0,0,0,0,0,0,0,0,0,0,0,0,29;0,0,0,0,30,0,0,0,0,0,0,25,0,0,0,0,0,0,0,0,0,0,0,0,0,0,0,0,0,0;0,38,0,38,0,25,0,0,0,0,0,0,0,0,0,0,0,35,0,0,0,0,0,0,32,37,0,0,25,0;39,0,0,0,33,0,37,40,0,0,25,0,0,0,0,0,0,0,0,0,0,0,38,30,29,36,0,0,0,0;22,0,0,0,34,0,26,0,24,0,0,31,32,37,0,26,0,0,38,0,0,0,0,0,0,30,31,0,30,0;0,32,0,0,0,38,0,25,0,0,0,0,17,0,0,0,0,0,0,24,0,0,0,0,0,0,22,0,0,0;0,20,0,0,0,0,0,0,30,0,0,0,0,32,0,26,0,0,0,20,0,0,0,0,0,0,0,29,0,0;0,0,0,0,0,0,0,0,40,32,37,0,0,0,0,0,0,0,0,0,0,0,35,0,29,0,23,0,0,35;0,0,0,26,0,35,0,0,0,0,0,29,24,0,0,0,27,0,0,25,0,32,0,36,0,0,39,0,0,0;38,0,35,24,0,0,0,38,0,32,27,0,0,23,0,0,33,0,0,0,30,40,0,0,0,0,27,34,25,0;0,0,28,0,0,0,0,0,0,0,22,0,0,39,0,0,0,24,0,0,36,20,0,0,0,0,0,0,0,37;39,33,25,0,0,0,0,0,0,0,0,0,0,0,21,0,32,0,0,20,34,0,0,0,0,0,28,0,0,27;0,20,0,22,0,20,0,0,0,0,0,22,31,27,0,0,0,0,0,28,23,0,0,40,0,0,20,0,0,0;0,0,32,0,0,0,0,33,0,20,0,0,29,0,0,28,0,0,0,0,0,0,0,0,0,27,0,39,0,0;27,0,0,0,0,0,40,0,0,0,0,0,24,0,0,34,0,0,0,22,0,0,23,0,0,27,0,0,0,0;26,35,39,0,0,38,35,0,20,0,0,0,22,0,29,0,0,31,0,0,0,0,32,0,0,25,25,0,0,0;0,0,0,0,0,0,0,0,0,0,37,30,0,0,0,26,31,0,0,0,0,20,0,27,0,0,0,0,0,20;0,0,0,0,33,0,22,0,0,0,34,27,0,0,0,29,0,33,0,0,0,0,34,0,25,20,0,0,27,0;30,39,0,0,37,26,29,24,36,0,0,22,34,23,35,33,35,0,35,0,38,0,0,21,0,11,0,0,35,0;33,0,0,0,28,0,0,0,20,0,0,0,0,0,0,0,0,35,0,26,34,32,35,22,0,0,0,35,35,0;32,0,0,32,0,39,0,38,33,0,33,30,0,31,36,0,0,0,34,23,0,0,25,31,31,40,0,0,0,0;0,0,0,0,0,0,0,0,0,0,26,0,26,0,30,0,0,0,0,0,0,0,0,37,25,0,12,0,0,27;20,0,0,38,0,0,0,0,0,0,0,27,0,0,27,0,0,0,0,0,37,26,38,37,0,0,0,0,0,0;0,39,0,0,0,23,0,0,40,0,0,0,29,0,0,0,0,37,0,0,0,0,0,20,0,0,0,0,0,0
-10,17,0,0,0,0,0,-16,-20,0,23,0,0,0,0,0,0,0,15,-2,0,25,11,0,0,0,-54,0,11,0
------------- End of Scenario k = 8 -------
0,0,0,0,79,0,0,0,40,52,0,56,0,0,63,0,0,24,0,0,0,44,0,66,0,0,0,65,0,0;0,0,40,63,0,0,0,80,57,0,0,0,0,65,0,0,56,0,0,28,0,0,0,0,0,0,56,0,44,0;52,53,0,48,0,0,43,0,0,0,0,0,69,54,0,66,0,0,0,46,0,0,80,0,71,76,0,0,0,0;38,0,0,0,58,0,0,36,0,0,0,0,0,0,0,0,0,0,0,0,62,38,0,0,0,0,67,0,0,0;0,0,0,0,0,80,37,0,0,0,59,0,78,0,56,0,0,0,55,0,0,0,0,0,0,0,0,0,0,0;80,0,21,0,0,0,61,0,0,0,0,0,45,66,0,0,0,0,0,0,30,0,0,0,61,78,0,49,21,0;0,0,0,0,0,0,0,0,0,80,0,69,0,0,72,58,0,0,0,0,0,0,0,0,0,0,0,0,0,44;0,0,0,0,23,0,0,0,0,0,0,66,0,0,0,0,0,0,0,0,0,0,0,0,0,0,0,0,0,0;0,71,0,55,0,62,0,0,0,0,0,0,0,0,0,0,0,36,0,0,0,0,0,0,37,29,0,0,47,0;69,0,0,0,74,0,58,54,0,0,42,0,0,0,0,0,0,0,0,0,0,0,54,45,29,42,0,0,0,0;34,0,0,0,80,0,53,0,80,0,0,25,59,42,0,58,0,0,55,0,0,0,0,0,0,76,77,0,50,0;0,65,0,0,0,47,0,80,0,0,0,0,69,0,0,0,0,0,0,58,0,0,0,0,0,0,30,0,0,0;0,41,0,0,0,0,0,0,80,0,0,0,0,31,0,49,0,0,0,80,0,0,0,0,0,0,0,67,0,0;0,0,0,0,0,0,0,0,20,26,80,0,0,0,0,0,0,0,0,0,0,0,22,0,28,0,30,0,0,42;0,0,0,28,0,66,0,0,0,0,0,52,41,0,0,0,24,0,0,55,0,63,0,54,0,0,80,0,0,0;39,0,68,29,0,0,0,25,0,29,53,0,0,33,0,0,80,0,0,0,69,71,0,0,0,0,80,67,39,0;0,0,58,0,0,0,0,0,0,0,77,0,0,69,0,0,0,51,0,0,32,25,0,0,0,0,0,0,0,69;24,64,22,0,0,0,0,0,0,0,0,0,0,0,56,0,51,0,0,51,80,0,0,0,0,0,38,0,0,41;0,49,0,78,0,57,0,0,0,0,0,80,37,68,0,0,0,0,0,68,37,0,0,37,0,0,27,0,0,0;0,0,56,0,0,0,0,48,0,35,0,0,50,0,0,32,0,0,0,0,0,0,0,0,0,58,0,64,0,0;79,0,0,0,0,0,42,0,0,0,0,0,49,0,0,38,0,0,0,73,0,0,77,0,0,52,0,0,0,0;46,51,33,0,0,21,62,0,37,0,0,0,69,0,72,0,0,40,0,0,0,0,53,0,0,49,67,0,0,0;0,0,0,0,0,0,0,0,0,0,22,23,0,0,0,80,73,0,0,0,0,64,0,20,0,0,0,0,0,78;0,0,0,0,69,0,58,0,0,0,78,41,0,0,0,57,0,64,0,0,0,0,76,0,80,51,0,0,57,0;22,61,0,0,34,44,60,51,25,0,0,51,21,20,33,73,59,0,24,0,77,0,0,50,0,58,0,0,61,0;36,0,0,0,70,0,0,0,76,0,0,0,0,0,0,0,0,25,0,20,46,26,76,67,0,0,0,80,62,0;76,0,0,65,0,29,0,63,39,0,53,22,0,50,68,0,0,0,38,24,0,0,74,68,33,80,0,0,0,0;0,0,0,0,0,0,0,0,0,0,44,0,29,0,52,0,0,0,0,0,0,0,0,23,22,0,80,0,0,51;44,0,0,49,0,0,0,0,0,0,0,79,0,0,76,0,0,0,0,0,53,40,65,80,0,0,0,0,0,0;0,63,0,0,0,51,0,0,73,0,0,0,53,0,0,0,0,63,0,0,0,0,0,60,0,0,0,0,0,0
0,0,0,0,38,0,0,0,40,29,0,34,0,0,38,0,0,39,0,0,0,21,0,30,0,0,0,25,0,0;0,0,32,22,0,0,0,26,25,0,0,0,0,38,0,0,31,0,0,29,0,0,0,0,0,0,29,0,20,0;40,24,0,36,0,0,30,0,0,0,0,0,37,37,0,22,0,0,0,37,0,0,28,0,21,24,0,0,0,0;21,0,0,0,33,0,0,27,0,0,0,0,0,0,0,0,0,0,0,0,23,23,0,0,0,0,38,0,0,0;0,0,0,0,0,34,34,0,0,0,21,0,22,0,35,0,0,0,25,0,0,0,0,0,0,0,0,0,0,0;26,0,30,0,0,0,31,0,0,0,0,0,31,30,0,0,0,0,0,0,39,0,0,0,22,36,0,21,31,0;0,0,0,0,0,0,0,0,0,35,0,35,0,0,20,21,0,0,0,0,0,0,0,0,0,0,0,0,0,20;0,0,0,0,24,0,0,0,0,0,0,31,0,0,0,0,0,0,0,0,0,0,0,0,0,0,0,0,0,0;0,37,0,34,0,39,0,0,0,0,0,0,0,0,0,0,0,35,0,0,0,0,0,0,22,39,0,0,33,0;28,0,0,0,25,0,34,20,0,0,39,0,0,0,0,0,0,0,0,0,0,0,34,29,29,28,0,0,0,0;35,0,0,0,40,0,30,0,36,0,0,25,22,29,0,26,0,0,23,0,0,0,0,0,0,30,38,0,24,0;0,21,0,0,0,36,0,35,0,0,0,0,37,0,0,0,0,0,0,35,0,0,0,0,0,0,34,0,0,0;0,30,0,0,0,0,0,0,32,0,0,0,0,39,0,21,0,0,0,40,0,0,0,0,0,0,0,28,0,0;0,0,0,0,0,0,0,0,40,31,39,0,0,0,0,0,0,0,0,0,0,0,30,0,34,0,34,0,0,29;0,0,0,32,0,31,0,0,0,0,0,38,23,0,0,0,30,0,0,22,0,40,0,40,0,0,40,0,0,0;40,0,36,39,0,0,0,32,0,40,32,0,0,22,0,0,32,0,0,0,29,32,0,0,0,0,34,37,40,0;0,0,33,0,0,0,0,0,0,0,25,0,0,20,0,0,0,30,0,0,39,23,0,0,0,0,0,0,0,21;26,28,36,0,0,0,0,0,0,0,0,0,0,0,26,0,22,0,0,29,28,0,0,0,0,0,25,0,0,20;0,36,0,22,0,36,0,0,0,0,0,36,24,28,0,0,0,0,0,21,23,0,0,33,0,0,30,0,0,0;0,0,26,0,0,0,0,33,0,35,0,0,20,0,0,24,0,0,0,0,0,0,0,0,0,38,0,29,0,0;33,0,0,0,0,0,30,0,0,0,0,0,34,0,0,37,0,0,0,40,0,0,33,0,0,20,0,0,0,0;20,35,21,0,0,32,30,0,34,0,0,0,40,0,33,0,0,30,0,0,0,0,22,0,0,33,21,0,0,0;0,0,0,0,0,0,0,0,0,0,28,22,0,0,0,35,23,0,0,0,0,29,0,27,0,0,0,0,0,35;0,0,0,0,27,0,31,0,0,0,32,28,0,0,0,25,0,36,0,0,0,0,24,0,34,28,0,0,39,0;39,35,0,0,29,34,34,34,38,0,0,22,40,21,25,20,34,0,26,0,34,0,0,21,0,36,0,0,21,0;33,0,0,0,31,0,0,0,39,0,0,0,0,0,0,0,0,40,0,38,31,40,36,28,0,0,0,35,27,0;39,0,0,21,0,37,0,36,26,0,35,25,0,23,31,0,0,0,22,36,0,0,34,34,28,33,0,0,0,0;0,0,0,0,0,0,0,0,0,0,35,0,29,0,20,0,0,0,0,0,0,0,0,36,22,0,39,0,0,38;32,0,0,27,0,0,0,0,0,0,0,33,0,0,36,0,0,0,0,0,39,21,34,38,0,0,0,0,0,0;0,29,0,0,0,33,0,0,34,0,0,0,24,0,0,0,0,34,0,0,0,0,0,26,0,0,0,0,0,0
-20,23,0,0,0,0,0,-25,-30,0,26,0,0,0,0,0,0,0,30,-4,0,29,25,0,0,0,-84,0,30,0
------------- End of Scenario k = 9 -------
