/ -------------------------------------------------------------------------
An instance of the stochastic Fixed - charge Network Flow Problem using NETGEN.
/ -------------------------------------------------------------------------
Number of Nodes (no Dummy node is added), n
Graph Density, density
The fixed cost to variable cost ratio, f
Adjacency Matrix, A
Fixed Cost Matrix, c
Number of scenarios, K
Scenario Probabilities, p
----The following three rows will be repeated K times.----
Var Cost Matrix, d
Capacity, u
demand, b
/ -------------------------------------------------------------------------
+
30
0.3
200
0,0,0,0,1,0,0,0,1,0,0,0,0,1,0,0,0,0,1,0,0,1,0,0,1,0,1,0,1,1;0,0,1,1,0,0,0,1,0,0,1,0,1,0,0,1,1,0,0,0,0,1,0,1,1,0,0,1,0,0;0,0,0,0,1,1,0,0,0,0,0,1,0,1,0,0,0,0,0,1,0,0,0,0,0,1,0,0,0,0;1,0,1,0,1,0,0,0,0,0,0,1,1,0,1,1,0,0,0,0,0,1,0,0,1,0,1,0,1,0;1,0,0,1,0,0,0,0,0,1,0,1,0,0,1,0,0,0,1,0,0,0,1,1,0,0,0,0,1,0;0,1,0,0,1,0,0,0,1,0,0,0,1,0,0,1,0,0,1,0,0,1,0,0,0,0,1,0,1,0;0,0,0,0,0,0,0,1,0,0,0,0,0,0,0,0,1,1,0,1,0,0,0,0,0,1,1,0,1,1;0,0,0,0,0,0,0,0,1,0,0,0,1,0,0,1,0,0,0,0,0,0,0,1,0,1,1,1,0,1;0,1,0,1,0,1,0,1,0,1,0,0,1,0,0,0,0,0,1,0,0,0,0,1,0,1,0,0,1,1;1,0,1,0,0,1,0,0,0,0,0,1,1,0,1,0,0,0,0,0,1,1,0,0,0,0,0,1,1,0;0,0,1,0,0,0,0,0,0,0,0,0,1,1,0,0,0,0,0,1,1,0,0,1,0,0,0,0,0,0;0,0,0,0,0,1,1,1,0,0,0,0,0,0,1,0,0,0,0,1,1,0,0,0,0,0,0,1,1,0;0,0,0,1,0,0,0,0,0,1,0,1,0,1,0,0,0,0,1,1,0,0,0,0,0,0,0,0,0,0;0,1,0,0,1,0,0,0,0,1,1,0,0,0,0,1,0,0,1,0,0,0,0,1,1,0,0,0,0,0;1,0,0,0,1,1,0,0,1,1,0,0,0,1,0,0,0,1,0,0,1,0,0,0,0,0,0,0,1,0;1,1,0,1,0,0,0,0,0,1,0,1,0,0,0,0,1,0,1,1,0,1,1,0,0,0,0,0,1,0;0,0,0,0,0,1,0,0,0,1,0,0,0,0,1,1,0,1,0,0,0,0,1,0,1,0,1,0,1,0;0,0,1,0,1,0,0,0,0,0,0,0,1,0,1,0,1,0,1,0,0,0,0,0,1,0,0,1,0,0;0,0,0,0,0,1,1,0,0,0,0,0,1,0,0,0,0,0,0,0,1,0,1,0,0,1,1,0,0,0;1,1,0,0,0,0,0,1,0,1,1,1,0,0,0,1,1,1,1,0,0,0,0,1,0,0,0,0,0,0;0,0,0,0,0,0,0,1,0,0,0,0,1,0,1,0,1,0,0,0,0,1,0,0,1,0,0,0,0,0;1,1,0,0,1,1,1,0,0,0,0,0,0,0,0,0,0,1,0,0,0,0,1,0,0,0,0,1,1,0;1,0,0,0,0,1,0,0,0,1,1,1,0,0,1,1,1,0,0,0,0,0,0,1,1,0,0,0,0,0;0,0,0,0,0,0,0,1,1,0,0,0,0,1,0,0,0,0,0,0,0,1,0,0,0,1,0,0,1,0;0,0,0,1,1,1,0,1,0,1,0,1,0,0,1,0,1,0,0,0,0,0,1,0,0,1,1,1,1,0;1,0,0,0,0,1,0,0,0,0,0,0,0,0,0,0,0,0,0,1,1,1,0,0,0,0,0,1,0,1;0,1,0,1,0,1,1,1,0,1,0,0,0,0,0,0,0,0,0,1,0,1,0,0,0,0,0,0,0,0;0,0,0,0,1,0,1,0,1,1,1,0,1,1,0,1,1,0,0,0,0,0,1,0,0,0,1,0,0,0;0,1,0,1,0,0,0,0,1,0,1,0,0,0,0,1,0,0,0,1,0,0,0,1,0,1,0,0,0,0;0,0,0,0,1,0,1,0,0,0,1,1,0,0,0,0,0,1,0,0,1,0,1,0,1,0,0,0,0,0
0,0,0,0,9610,0,0,0,10970,0,0,0,0,9460,0,0,0,0,9950,0,0,11920,0,0,10780,0,10260,0,10840,8410;0,0,12730,9310,0,0,0,10480,0,0,10540,0,12540,0,0,11230,9150,0,0,0,0,9090,0,12490,9380,0,0,12400,0,0;0,0,0,0,9850,11690,0,0,0,0,0,11500,0,9690,0,0,0,0,0,12210,0,0,0,0,0,8950,0,0,0,0;10940,0,10420,0,11270,0,0,0,0,0,0,9510,9130,0,9820,9440,0,0,0,0,0,10240,0,0,10300,0,13590,0,10310,0;14200,0,0,13440,0,0,0,0,0,9150,0,9400,0,0,11240,0,0,0,9910,0,0,0,9530,13640,0,0,0,0,12440,0;0,10170,0,0,9080,0,0,0,11470,0,0,0,10330,0,0,9690,0,0,9760,0,0,9490,0,0,0,0,10730,0,10220,0;0,0,0,0,0,0,0,13490,0,0,0,0,0,0,0,0,10340,10060,0,10240,0,0,0,0,0,10070,12050,0,10230,10540;0,0,0,0,0,0,0,0,11030,0,0,0,13719,0,0,9110,0,0,0,0,0,0,0,13369,0,10290,12410,10630,0,11790;0,10410,0,12040,0,9840,0,8400,0,9640,0,0,11210,0,0,0,0,0,10240,0,0,0,0,10730,0,11490,0,0,10540,10790;11220,0,9690,0,0,11140,0,0,0,0,0,10190,10760,0,8940,0,0,0,0,0,9150,10260,0,0,0,0,0,10030,9140,0;0,0,10150,0,0,0,0,0,0,0,0,0,11940,12290,0,0,0,0,0,9250,10000,0,0,10070,0,0,0,0,0,0;0,0,0,0,0,13569,12900,10110,0,0,0,0,0,0,11030,0,0,0,0,10520,9330,0,0,0,0,0,0,13540,12960,0;0,0,0,9950,0,0,0,0,0,10780,0,9720,0,10270,0,0,0,0,9620,11460,0,0,0,0,0,0,0,0,0,0;0,9990,0,0,9790,0,0,0,0,10380,9480,0,0,0,0,12250,0,0,9730,0,0,0,0,9560,10190,0,0,0,0,0;10120,0,0,0,10420,9420,0,0,13340,12690,0,0,0,9880,0,0,0,9320,0,0,10790,0,0,0,0,0,0,0,8830,0;13140,10740,0,10930,0,0,0,0,0,9160,0,11050,0,0,0,0,13490,0,11790,10370,0,9610,9570,0,0,0,0,0,10080,0;0,0,0,0,0,8810,0,0,0,10750,0,0,0,0,10670,9650,0,11720,0,0,0,0,10040,0,9070,0,14140,0,10690,0;0,0,10450,0,10370,0,0,0,0,0,0,0,10930,0,9920,0,10610,0,12590,0,0,0,0,0,10150,0,0,8500,0,0;0,0,0,0,0,10660,12270,0,0,0,0,0,9510,0,0,0,0,0,0,0,13230,0,8800,0,0,9560,10270,0,0,0;11010,10620,0,0,0,0,0,9700,0,11250,13800,9660,0,0,0,9450,9000,10770,10350,0,0,0,0,12819,0,0,0,0,0,0;0,0,0,0,0,0,0,9240,0,0,0,0,8630,0,10370,0,8420,0,0,0,0,12260,0,0,10880,0,0,0,0,0;10830,10070,0,0,10100,9730,9830,0,0,0,0,0,0,0,0,0,0,9420,0,0,0,0,13419,0,0,0,0,8940,10310,0;9490,0,0,0,0,13969,0,0,0,11000,9100,11630,0,0,9460,10270,11830,0,0,0,0,0,0,9710,13240,0,0,0,0,0;0,0,0,0,0,0,0,10460,9130,0,0,0,0,10880,0,0,0,0,0,0,0,10070,0,0,0,9980,0,0,9210,0;0,0,0,8830,9670,10270,0,10550,0,10680,0,10330,0,0,10980,0,9390,0,0,0,0,0,10910,0,0,12400,10580,10950,13940,0;10020,0,0,0,0,9270,0,0,0,0,0,0,0,0,0,0,0,0,0,10720,9040,9680,0,0,0,0,0,13130,0,14530;0,10050,0,10640,0,8270,9640,10060,0,10960,0,0,0,0,0,0,0,0,0,9900,0,9360,0,0,0,0,0,0,0,0;0,0,0,0,10130,0,10040,0,11080,11210,10690,0,9740,9780,0,9780,9870,0,0,0,0,0,10590,0,0,0,10930,0,0,0;0,10950,0,10000,0,0,0,0,9020,0,9580,0,0,0,0,11080,0,0,0,10320,0,0,0,11070,0,10490,0,0,0,0;0,0,0,0,9580,0,10170,0,0,0,10030,10620,0,0,0,0,0,9670,0,0,9430,0,9480,0,8950,0,0,0,0,0
20
0.02,0.02,0.02,0.02,0.05,0.07,0.07,0.02,0.05,0.05,0.02,0.05,0.02,0.02,0.05,0.05,0.12,0.17,0.02,0.09
--Scenarios--
0,0,0,0,47,0,0,0,33,0,0,0,0,34,0,0,0,0,33,0,0,78,0,0,27,0,53,0,49,48;0,0,80,76,0,0,0,66,0,0,51,0,80,0,0,72,37,0,0,0,0,20,0,71,21,0,0,26,0,0;0,0,0,0,38,80,0,0,0,0,0,36,0,79,0,0,0,0,0,58,0,0,0,0,0,52,0,0,0,0;61,0,50,0,63,0,0,0,0,0,0,26,58,0,49,30,0,0,0,0,0,48,0,0,78,0,72,0,34,0;80,0,0,80,0,0,0,0,0,69,0,56,0,0,42,0,0,0,36,0,0,0,71,80,0,0,0,0,80,0;0,75,0,0,45,0,0,0,47,0,0,0,75,0,0,60,0,0,66,0,0,41,0,0,0,0,75,0,37,0;0,0,0,0,0,0,0,80,0,0,0,0,0,0,0,0,25,46,0,53,0,0,0,0,0,42,73,0,64,49;0,0,0,0,0,0,0,0,55,0,0,0,22,0,0,31,0,0,0,0,0,0,0,80,0,36,26,50,0,73;0,53,0,70,0,58,0,24,0,32,0,0,60,0,0,0,0,0,72,0,0,0,0,70,0,69,0,0,77,64;48,0,74,0,0,70,0,0,0,0,0,38,65,0,28,0,0,0,0,0,59,67,0,0,0,0,0,76,32,0;0,0,45,0,0,0,0,0,0,0,0,0,65,35,0,0,0,0,0,79,35,0,0,45,0,0,0,0,0,0;0,0,0,0,0,71,80,30,0,0,0,0,0,0,38,0,0,0,0,58,23,0,0,0,0,0,0,39,80,0;0,0,0,59,0,0,0,0,0,48,0,21,0,58,0,0,0,0,29,29,0,0,0,0,0,0,0,0,0,0;0,69,0,0,57,0,0,0,0,22,34,0,0,0,0,64,0,0,35,0,0,0,0,35,54,0,0,0,0,0;68,0,0,0,77,44,0,0,65,80,0,0,0,66,0,0,0,26,0,0,68,0,0,0,0,0,0,0,40,0;24,58,0,55,0,0,0,0,0,52,0,65,0,0,0,0,80,0,62,34,0,53,27,0,0,0,0,0,55,0;0,0,0,0,0,77,0,0,0,41,0,0,0,0,31,53,0,60,0,0,0,0,75,0,65,0,80,0,47,0;0,0,71,0,21,0,0,0,0,0,0,0,80,0,70,0,49,0,20,0,0,0,0,0,76,0,0,33,0,0;0,0,0,0,0,60,56,0,0,0,0,0,52,0,0,0,0,0,0,0,36,0,45,0,0,76,20,0,0,0;74,69,0,0,0,0,0,42,0,59,80,72,0,0,0,78,36,41,48,0,0,0,0,49,0,0,0,0,0,0;0,0,0,0,0,0,0,30,0,0,0,0,52,0,41,0,57,0,0,0,0,38,0,0,72,0,0,0,0,0;80,55,0,0,69,45,76,0,0,0,0,0,0,0,0,0,0,27,0,0,0,0,80,0,0,0,0,37,49,0;64,0,0,0,0,76,0,0,0,20,35,52,0,0,51,25,44,0,0,0,0,0,0,53,80,0,0,0,0,0;0,0,0,0,0,0,0,67,54,0,0,0,0,28,0,0,0,0,0,0,0,65,0,0,0,30,0,0,75,0;0,0,0,64,56,44,0,27,0,80,0,64,0,0,39,0,23,0,0,0,0,0,41,0,0,57,61,45,75,0;67,0,0,0,0,37,0,0,0,0,0,0,0,0,0,0,0,0,0,61,21,48,0,0,0,0,0,32,0,80;0,67,0,60,0,30,76,44,0,60,0,0,0,0,0,0,0,0,0,57,0,63,0,0,0,0,0,0,0,0;0,0,0,0,23,0,28,0,55,42,62,0,34,78,0,63,76,0,0,0,0,0,53,0,0,0,64,0,0,0;0,73,0,46,0,0,0,0,44,0,37,0,0,0,0,77,0,0,0,58,0,0,0,34,0,55,0,0,0,0;0,0,0,0,23,0,61,0,0,0,46,49,0,0,0,0,0,36,0,0,42,0,30,0,32,0,0,0,0,0
0,0,0,0,27,0,0,0,26,0,0,0,0,31,0,0,0,0,33,0,0,21,0,0,22,0,29,0,22,22;0,0,40,24,0,0,0,23,0,0,33,0,37,0,0,30,20,0,0,0,0,20,0,29,22,0,0,30,0,0;0,0,0,0,36,31,0,0,0,0,0,30,0,34,0,0,0,0,0,33,0,0,0,0,0,33,0,0,0,0;30,0,23,0,20,0,0,0,0,0,0,39,30,0,32,39,0,0,0,0,0,28,0,0,39,0,37,0,34,0;33,0,0,34,0,0,0,0,0,20,0,23,0,0,32,0,0,0,21,0,0,0,25,36,0,0,0,0,38,0;0,28,0,0,35,0,0,0,30,0,0,0,22,0,0,21,0,0,33,0,0,20,0,0,0,0,38,0,32,0;0,0,0,0,0,0,0,25,0,0,0,0,0,0,0,0,34,38,0,32,0,0,0,0,0,29,25,0,36,28;0,0,0,0,0,0,0,0,32,0,0,0,30,0,0,36,0,0,0,0,0,0,0,33,0,37,32,39,0,29;0,27,0,28,0,28,0,28,0,27,0,0,26,0,0,0,0,0,27,0,0,0,0,28,0,23,0,0,20,21;35,0,31,0,0,32,0,0,0,0,0,33,29,0,40,0,0,0,0,0,32,39,0,0,0,0,0,40,29,0;0,0,35,0,0,0,0,0,0,0,0,0,30,39,0,0,0,0,0,26,39,0,0,26,0,0,0,0,0,0;0,0,0,0,0,26,30,32,0,0,0,0,0,0,26,0,0,0,0,31,38,0,0,0,0,0,0,36,33,0;0,0,0,24,0,0,0,0,0,33,0,32,0,29,0,0,0,0,32,33,0,0,0,0,0,0,0,0,0,0;0,33,0,0,35,0,0,0,0,30,28,0,0,0,0,28,0,0,31,0,0,0,0,38,28,0,0,0,0,0;33,0,0,0,28,22,0,0,22,24,0,0,0,34,0,0,0,28,0,0,33,0,0,0,0,0,0,0,34,0;28,29,0,35,0,0,0,0,0,37,0,21,0,0,0,0,27,0,26,34,0,32,34,0,0,0,0,0,22,0;0,0,0,0,0,20,0,0,0,39,0,0,0,0,24,40,0,32,0,0,0,0,30,0,30,0,37,0,21,0;0,0,20,0,22,0,0,0,0,0,0,0,20,0,20,0,27,0,27,0,0,0,0,0,28,0,0,35,0,0;0,0,0,0,0,27,40,0,0,0,0,0,31,0,0,0,0,0,0,0,28,0,37,0,0,21,40,0,0,0;39,20,0,0,0,0,0,40,0,34,34,21,0,0,0,26,39,29,32,0,0,0,0,33,0,0,0,0,0,0;0,0,0,0,0,0,0,35,0,0,0,0,21,0,34,0,33,0,0,0,0,27,0,0,37,0,0,0,0,0;38,35,0,0,21,38,25,0,0,0,0,0,0,0,0,0,0,32,0,0,0,0,27,0,0,0,0,39,36,0;24,0,0,0,0,26,0,0,0,40,24,20,0,0,26,29,39,0,0,0,0,0,0,35,37,0,0,0,0,0;0,0,0,0,0,0,0,40,39,0,0,0,0,23,0,0,0,0,0,0,0,21,0,0,0,27,0,0,32,0;0,0,0,36,22,28,0,39,0,27,0,30,0,0,39,0,33,0,0,0,0,0,40,0,0,31,33,26,37,0;31,0,0,0,0,31,0,0,0,0,0,0,0,0,0,0,0,0,0,24,33,22,0,0,0,0,0,31,0,40;0,25,0,21,0,25,40,33,0,34,0,0,0,0,0,0,0,0,0,35,0,27,0,0,0,0,0,0,0,0;0,0,0,0,24,0,21,0,22,34,29,0,30,23,0,20,20,0,0,0,0,0,24,0,0,0,23,0,0,0;0,31,0,35,0,0,0,0,33,0,27,0,0,0,0,23,0,0,0,22,0,0,0,27,0,39,0,0,0,0;0,0,0,0,31,0,21,0,0,0,21,22,0,0,0,0,0,21,0,0,31,0,39,0,35,0,0,0,0,0
-2,29,0,0,30,-29,0,0,0,-19,0,25,-14,0,16,0,0,0,0,26,0,0,0,-19,0,0,-15,-8,-20,0
------------- End of Scenario k = 0 -------
0,0,0,0,78,0,0,0,58,0,0,0,0,26,0,0,0,0,80,0,0,66,0,0,48,0,75,0,73,60;0,0,28,62,0,0,0,24,0,0,50,0,67,0,0,23,53,0,0,0,0,74,0,41,35,0,0,34,0,0;0,0,0,0,33,49,0,0,0,0,0,68,0,48,0,0,0,0,0,37,0,0,0,0,0,21,0,0,0,0;45,0,71,0,60,0,0,0,0,0,0,72,32,0,40,43,0,0,0,0,0,80,0,0,20,0,80,0,47,0;80,0,0,80,0,0,0,0,0,51,0,51,0,0,66,0,0,0,26,0,0,0,46,48,0,0,0,0,66,0;0,59,0,0,25,0,0,0,63,0,0,0,25,0,0,41,0,0,63,0,0,31,0,0,0,0,24,0,68,0;0,0,0,0,0,0,0,80,0,0,0,0,0,0,0,0,25,62,0,80,0,0,0,0,0,63,76,0,20,38;0,0,0,0,0,0,0,0,20,0,0,0,80,0,0,41,0,0,0,0,0,0,0,80,0,51,80,46,0,77;0,26,0,65,0,60,0,32,0,22,0,0,48,0,0,0,0,0,28,0,0,0,0,34,0,78,0,0,54,53;79,0,26,0,0,75,0,0,0,0,0,32,73,0,28,0,0,0,0,0,54,75,0,0,0,0,0,71,23,0;0,0,58,0,0,0,0,0,0,0,0,0,80,36,0,0,0,0,0,41,65,0,0,23,0,0,0,0,0,0;0,0,0,0,0,80,43,46,0,0,0,0,0,0,60,0,0,0,0,26,49,0,0,0,0,0,0,80,80,0;0,0,0,65,0,0,0,0,0,38,0,61,0,35,0,0,0,0,50,33,0,0,0,0,0,0,0,0,0,0;0,51,0,0,28,0,0,0,0,39,56,0,0,0,0,80,0,0,20,0,0,0,0,68,35,0,0,0,0,0;34,0,0,0,53,26,0,0,80,80,0,0,0,77,0,0,0,22,0,0,43,0,0,0,0,0,0,0,20,0;80,35,0,57,0,0,0,0,0,55,0,77,0,0,0,0,80,0,68,40,0,46,62,0,0,0,0,0,66,0;0,0,0,0,0,30,0,0,0,28,0,0,0,0,80,23,0,80,0,0,0,0,21,0,52,0,80,0,39,0;0,0,78,0,80,0,0,0,0,0,0,0,29,0,65,0,41,0,51,0,0,0,0,0,46,0,0,49,0,0;0,0,0,0,0,50,61,0,0,0,0,0,39,0,0,0,0,0,0,0,51,0,27,0,0,79,45,0,0,0;62,67,0,0,0,0,0,33,0,26,80,31,0,0,0,22,22,38,47,0,0,0,0,66,0,0,0,0,0,0;0,0,0,0,0,0,0,59,0,0,0,0,53,0,75,0,25,0,0,0,0,80,0,0,48,0,0,0,0,0;46,47,0,0,26,21,47,0,0,0,0,0,0,0,0,0,0,51,0,0,0,0,80,0,0,0,0,31,63,0;29,0,0,0,0,80,0,0,0,31,29,40,0,0,77,57,58,0,0,0,0,0,0,48,35,0,0,0,0,0;0,0,0,0,0,0,0,74,37,0,0,0,0,28,0,0,0,0,0,0,0,39,0,0,0,65,0,0,30,0;0,0,0,47,34,53,0,67,0,71,0,55,0,0,31,0,24,0,0,0,0,0,22,0,0,35,25,55,80,0;44,0,0,0,0,28,0,0,0,0,0,0,0,0,0,0,0,0,0,30,39,39,0,0,0,0,0,80,0,79;0,53,0,71,0,41,70,50,0,34,0,0,0,0,0,0,0,0,0,54,0,78,0,0,0,0,0,0,0,0;0,0,0,0,23,0,80,0,70,22,70,0,38,21,0,39,57,0,0,0,0,0,45,0,0,0,50,0,0,0;0,35,0,36,0,0,0,0,23,0,31,0,0,0,0,77,0,0,0,66,0,0,0,66,0,43,0,0,0,0;0,0,0,0,25,0,53,0,0,0,65,70,0,0,0,0,0,79,0,0,27,0,46,0,56,0,0,0,0,0
0,0,0,0,32,0,0,0,25,0,0,0,0,30,0,0,0,0,23,0,0,32,0,0,24,0,32,0,37,27;0,0,32,37,0,0,0,34,0,0,31,0,32,0,0,21,31,0,0,0,0,26,0,38,23,0,0,40,0,0;0,0,0,0,31,37,0,0,0,0,0,20,0,22,0,0,0,0,0,30,0,0,0,0,0,23,0,0,0,0;39,0,21,0,37,0,0,0,0,0,0,38,24,0,24,36,0,0,0,0,0,40,0,0,28,0,38,0,38,0;38,0,0,29,0,0,0,0,0,38,0,21,0,0,33,0,0,0,38,0,0,0,21,30,0,0,0,0,36,0;0,40,0,0,34,0,0,0,37,0,0,0,37,0,0,24,0,0,26,0,0,25,0,0,0,0,24,0,29,0;0,0,0,0,0,0,0,39,0,0,0,0,0,0,0,0,24,20,0,20,0,0,0,0,0,34,20,0,30,40;0,0,0,0,0,0,0,0,33,0,0,0,38,0,0,36,0,0,0,0,0,0,0,37,0,32,29,29,0,35;0,21,0,21,0,36,0,28,0,21,0,0,31,0,0,0,0,0,31,0,0,0,0,29,0,28,0,0,33,27;21,0,31,0,0,21,0,0,0,0,0,39,32,0,26,0,0,0,0,0,28,38,0,0,0,0,0,25,30,0;0,0,37,0,0,0,0,0,0,0,0,0,12,20,0,0,0,0,0,31,25,0,0,30,0,0,0,0,0,0;0,0,0,0,0,26,29,32,0,0,0,0,0,0,29,0,0,0,0,35,31,0,0,0,0,0,0,40,31,0;0,0,0,25,0,0,0,0,0,22,0,20,0,26,0,0,0,0,30,30,0,0,0,0,0,0,0,0,0,0;0,35,0,0,32,0,0,0,0,33,38,0,0,0,0,35,0,0,37,0,0,0,0,35,33,0,0,0,0,0;31,0,0,0,30,22,0,0,22,39,0,0,0,21,0,0,0,28,0,0,37,0,0,0,0,0,0,0,39,0;40,20,0,20,0,0,0,0,0,26,0,34,0,0,0,0,24,0,33,28,0,32,28,0,0,0,0,0,23,0;0,0,0,0,0,22,0,0,0,39,0,0,0,0,37,28,0,23,0,0,0,0,36,0,34,0,36,0,32,0;0,0,34,0,23,0,0,0,0,0,0,0,30,0,27,0,29,0,33,0,0,0,0,0,30,0,0,39,0,0;0,0,0,0,0,22,38,0,0,0,0,0,24,0,0,0,0,0,0,0,16,0,34,0,0,26,25,0,0,0;23,32,0,0,0,0,0,32,0,27,37,34,0,0,0,28,24,28,39,0,0,0,0,38,0,0,0,0,0,0;0,0,0,0,0,0,0,37,0,0,0,0,29,0,35,0,36,0,0,0,0,35,0,0,39,0,0,0,0,0;36,26,0,0,38,27,24,0,0,0,0,0,0,0,0,0,0,32,0,0,0,0,24,0,0,0,0,39,33,0;39,0,0,0,0,32,0,0,0,26,40,27,0,0,25,36,39,0,0,0,0,0,0,26,38,0,0,0,0,0;0,0,0,0,0,0,0,33,25,0,0,0,0,40,0,0,0,0,0,0,0,21,0,0,0,33,0,0,38,0;0,0,0,31,32,33,0,25,0,29,0,23,0,0,25,0,35,0,0,0,0,0,40,0,0,33,25,21,13,0;27,0,0,0,0,37,0,0,0,0,0,0,0,0,0,0,0,0,0,30,22,27,0,0,0,0,0,24,0,38;0,37,0,39,0,39,28,20,0,21,0,0,0,0,0,0,0,0,0,39,0,37,0,0,0,0,0,0,0,0;0,0,0,0,21,0,36,0,25,22,37,0,37,36,0,25,30,0,0,0,0,0,24,0,0,0,34,0,0,0;0,24,0,39,0,0,0,0,38,0,25,0,0,0,0,26,0,0,0,23,0,0,0,24,0,21,0,0,0,0;0,0,0,0,36,0,39,0,0,0,22,21,0,0,0,0,0,24,0,0,29,0,30,0,39,0,0,0,0,0
-6,28,0,0,15,-10,0,0,0,-14,0,26,-5,0,13,0,0,0,0,12,0,0,0,-12,0,0,-14,-29,-4,0
------------- End of Scenario k = 1 -------
0,0,0,0,23,0,0,0,59,0,0,0,0,23,0,0,0,0,76,0,0,74,0,0,30,0,53,0,64,40;0,0,80,29,0,0,0,58,0,0,39,0,47,0,0,69,46,0,0,0,0,42,0,43,73,0,0,80,0,0;0,0,0,0,71,46,0,0,0,0,0,59,0,61,0,0,0,0,0,75,0,0,0,0,0,72,0,0,0,0;45,0,72,0,21,0,0,0,0,0,0,34,30,0,47,23,0,0,0,0,0,46,0,0,46,0,80,0,75,0;80,0,0,80,0,0,0,0,0,34,0,22,0,0,33,0,0,0,80,0,0,0,74,80,0,0,0,0,26,0;0,53,0,0,44,0,0,0,59,0,0,0,39,0,0,27,0,0,24,0,0,29,0,0,0,0,76,0,40,0;0,0,0,0,0,0,0,80,0,0,0,0,0,0,0,0,46,76,0,29,0,0,0,0,0,62,41,0,79,46;0,0,0,0,0,0,0,0,75,0,0,0,25,0,0,65,0,0,0,0,0,0,0,57,0,39,80,57,0,34;0,20,0,52,0,41,0,32,0,77,0,0,80,0,0,0,0,0,45,0,0,0,0,70,0,73,0,0,74,67;79,0,27,0,0,46,0,0,0,0,0,23,75,0,29,0,0,0,0,0,58,69,0,0,0,0,0,41,28,0;0,0,37,0,0,0,0,0,0,0,0,0,22,80,0,0,0,0,0,62,25,0,0,50,0,0,0,0,0,0;0,0,0,0,0,51,80,39,0,0,0,0,0,0,80,0,0,0,0,74,66,0,0,0,0,0,0,80,70,0;0,0,0,63,0,0,0,0,0,45,0,32,0,75,0,0,0,0,69,80,0,0,0,0,0,0,0,0,0,0;0,26,0,0,25,0,0,0,0,38,65,0,0,0,0,80,0,0,80,0,0,0,0,46,44,0,0,0,0,0;37,0,0,0,77,44,0,0,47,80,0,0,0,58,0,0,0,56,0,0,38,0,0,0,0,0,0,0,73,0;26,55,0,58,0,0,0,0,0,26,0,72,0,0,0,0,80,0,76,42,0,29,38,0,0,0,0,0,48,0;0,0,0,0,0,24,0,0,0,79,0,0,0,0,53,36,0,33,0,0,0,0,70,0,33,0,60,0,79,0;0,0,57,0,52,0,0,0,0,0,0,0,20,0,33,0,43,0,80,0,0,0,0,0,21,0,0,35,0,0;0,0,0,0,0,32,54,0,0,0,0,0,37,0,0,0,0,0,0,0,68,0,23,0,0,53,80,0,0,0;80,60,0,0,0,0,0,69,0,80,68,37,0,0,0,54,32,29,52,0,0,0,0,60,0,0,0,0,0,0;0,0,0,0,0,0,0,70,0,0,0,0,50,0,52,0,27,0,0,0,0,46,0,0,64,0,0,0,0,0;30,66,0,0,72,35,49,0,0,0,0,0,0,0,0,0,0,33,0,0,0,0,32,0,0,0,0,48,43,0;55,0,0,0,0,80,0,0,0,53,64,79,0,0,57,64,32,0,0,0,0,0,0,46,80,0,0,0,0,0;0,0,0,0,0,0,0,68,38,0,0,0,0,72,0,0,0,0,0,0,0,57,0,0,0,46,0,0,39,0;0,0,0,48,48,39,0,64,0,54,0,21,0,0,48,0,37,0,0,0,0,0,54,0,0,80,46,70,80,0;49,0,0,0,0,63,0,0,0,0,0,0,0,0,0,0,0,0,0,40,33,55,0,0,0,0,0,80,0,80;0,27,0,51,0,37,72,64,0,67,0,0,0,0,0,0,0,0,0,67,0,54,0,0,0,0,0,0,0,0;0,0,0,0,69,0,73,0,75,39,33,0,39,57,0,80,42,0,0,0,0,0,48,0,0,0,24,0,0,0;0,47,0,36,0,0,0,0,43,0,32,0,0,0,0,63,0,0,0,49,0,0,0,47,0,77,0,0,0,0;0,0,0,0,54,0,64,0,0,0,47,64,0,0,0,0,0,50,0,0,35,0,76,0,32,0,0,0,0,0
0,0,0,0,31,0,0,0,36,0,0,0,0,21,0,0,0,0,39,0,0,31,0,0,21,0,40,0,25,25;0,0,20,29,0,0,0,36,0,0,26,0,25,0,0,23,28,0,0,0,0,29,0,35,20,0,0,22,0,0;0,0,0,0,37,33,0,0,0,0,0,35,0,37,0,0,0,0,0,25,0,0,0,0,0,21,0,0,0,0;23,0,39,0,32,0,0,0,0,0,0,21,21,0,34,22,0,0,0,0,0,24,0,0,39,0,34,0,29,0;35,0,0,36,0,0,0,0,0,30,0,37,0,0,22,0,0,0,36,0,0,0,34,21,0,0,0,0,25,0;0,27,0,0,23,0,0,0,24,0,0,0,34,0,0,38,0,0,28,0,0,24,0,0,0,0,22,0,29,0;0,0,0,0,0,0,0,30,0,0,0,0,0,0,0,0,29,25,0,35,0,0,0,0,0,39,20,0,37,40;0,0,0,0,0,0,0,0,40,0,0,0,30,0,0,40,0,0,0,0,0,0,0,36,0,22,31,32,0,25;0,32,0,36,0,24,0,36,0,34,0,0,27,0,0,0,0,0,33,0,0,0,0,39,0,28,0,0,24,39;21,0,26,0,0,29,0,0,0,0,0,34,22,0,26,0,0,0,0,0,25,38,0,0,0,0,0,38,32,0;0,0,24,0,0,0,0,0,0,0,0,0,23,31,0,0,0,0,0,38,21,0,0,34,0,0,0,0,0,0;0,0,0,0,0,34,33,40,0,0,0,0,0,0,21,0,0,0,0,39,34,0,0,0,0,0,0,36,33,0;0,0,0,29,0,0,0,0,0,30,0,21,0,31,0,0,0,0,28,25,0,0,0,0,0,0,0,0,0,0;0,33,0,0,36,0,0,0,0,40,22,0,0,0,0,15,0,0,20,0,0,0,0,31,24,0,0,0,0,0;36,0,0,0,38,22,0,0,22,40,0,0,0,33,0,0,0,33,0,0,35,0,0,0,0,0,0,0,21,0;18,30,0,21,0,0,0,0,0,26,0,28,0,0,0,0,29,0,25,22,0,21,38,0,0,0,0,0,39,0;0,0,0,0,0,31,0,0,0,26,0,0,0,0,28,24,0,32,0,0,0,0,40,0,33,0,19,0,21,0;0,0,27,0,25,0,0,0,0,0,0,0,30,0,20,0,37,0,24,0,0,0,0,0,33,0,0,22,0,0;0,0,0,0,0,25,27,0,0,0,0,0,26,0,0,0,0,0,0,0,28,0,28,0,0,25,25,0,0,0;35,30,0,0,0,0,0,32,0,17,30,33,0,0,0,21,34,30,35,0,0,0,0,13,0,0,0,0,0,0;0,0,0,0,0,0,0,34,0,0,0,0,20,0,20,0,26,0,0,0,0,30,0,0,38,0,0,0,0,0;22,23,0,0,26,22,24,0,0,0,0,0,0,0,0,0,0,30,0,0,0,0,34,0,0,0,0,33,27,0;38,0,0,0,0,25,0,0,0,22,38,34,0,0,20,38,39,0,0,0,0,0,0,24,29,0,0,0,0,0;0,0,0,0,0,0,0,38,32,0,0,0,0,28,0,0,0,0,0,0,0,40,0,0,0,22,0,0,35,0;0,0,0,27,33,28,0,39,0,33,0,24,0,0,27,0,28,0,0,0,0,0,35,0,0,14,21,35,34,0;30,0,0,0,0,38,0,0,0,0,0,0,0,0,0,0,0,0,0,20,35,34,0,0,0,0,0,38,0,22;0,31,0,32,0,31,28,38,0,27,0,0,0,0,0,0,0,0,0,29,0,27,0,0,0,0,0,0,0,0;0,0,0,0,35,0,24,0,33,29,33,0,29,25,0,22,37,0,0,0,0,0,32,0,0,0,24,0,0,0;0,39,0,39,0,0,0,0,25,0,32,0,0,0,0,27,0,0,0,26,0,0,0,39,0,22,0,0,0,0;0,0,0,0,38,0,39,0,0,0,40,34,0,0,0,0,0,27,0,0,28,0,20,0,29,0,0,0,0,0
-2,18,0,0,18,-5,0,0,0,-18,0,30,-9,0,17,0,0,0,0,12,0,0,0,-21,0,0,-12,-16,-12,0
------------- End of Scenario k = 2 -------
0,0,0,0,47,0,0,0,68,0,0,0,0,46,0,0,0,0,20,0,0,67,0,0,28,0,62,0,78,35;0,0,80,63,0,0,0,70,0,0,29,0,80,0,0,70,61,0,0,0,0,46,0,80,41,0,0,80,0,0;0,0,0,0,61,80,0,0,0,0,0,75,0,70,0,0,0,0,0,37,0,0,0,0,0,27,0,0,0,0;71,0,24,0,66,0,0,0,0,0,0,37,27,0,46,60,0,0,0,0,0,43,0,0,73,0,47,0,59,0;80,0,0,80,0,0,0,0,0,29,0,59,0,0,75,0,0,0,39,0,0,0,77,80,0,0,0,0,43,0;0,71,0,0,66,0,0,0,74,0,0,0,36,0,0,76,0,0,44,0,0,56,0,0,0,0,56,0,64,0;0,0,0,0,0,0,0,80,0,0,0,0,0,0,0,0,35,59,0,48,0,0,0,0,0,32,70,0,28,56;0,0,0,0,0,0,0,0,80,0,0,0,42,0,0,66,0,0,0,0,0,0,0,29,0,36,80,30,0,67;0,33,0,57,0,55,0,46,0,75,0,0,30,0,0,0,0,0,79,0,0,0,0,38,0,56,0,0,48,63;45,0,58,0,0,55,0,0,0,0,0,45,80,0,34,0,0,0,0,0,54,67,0,0,0,0,0,47,67,0;0,0,68,0,0,0,0,0,0,0,0,0,53,54,0,0,0,0,0,27,67,0,0,20,0,0,0,0,0,0;0,0,0,0,0,80,80,75,0,0,0,0,0,0,31,0,0,0,0,75,33,0,0,0,0,0,0,80,80,0;0,0,0,77,0,0,0,0,0,78,0,80,0,80,0,0,0,0,34,77,0,0,0,0,0,0,0,0,0,0;0,38,0,0,28,0,0,0,0,58,38,0,0,0,0,80,0,0,31,0,0,0,0,22,37,0,0,0,0,0;42,0,0,0,31,22,0,0,34,20,0,0,0,29,0,0,0,39,0,0,49,0,0,0,0,0,0,0,20,0;80,79,0,28,0,0,0,0,0,39,0,78,0,0,0,0,80,0,65,28,0,73,38,0,0,0,0,0,62,0;0,0,0,0,0,70,0,0,0,38,0,0,0,0,76,33,0,80,0,0,0,0,59,0,37,0,80,0,23,0;0,0,47,0,36,0,0,0,0,0,0,0,43,0,64,0,40,0,25,0,0,0,0,0,44,0,0,34,0,0;0,0,0,0,0,39,38,0,0,0,0,0,30,0,0,0,0,0,0,0,35,0,74,0,0,34,45,0,0,0;45,58,0,0,0,0,0,43,0,33,80,68,0,0,0,33,33,63,67,0,0,0,0,62,0,0,0,0,0,0;0,0,0,0,0,0,0,45,0,0,0,0,28,0,75,0,47,0,0,0,0,79,0,0,64,0,0,0,0,0;60,41,0,0,46,63,76,0,0,0,0,0,0,0,0,0,0,54,0,0,0,0,80,0,0,0,0,66,28,0;20,0,0,0,0,60,0,0,0,69,57,40,0,0,74,45,73,0,0,0,0,0,0,24,80,0,0,0,0,0;0,0,0,0,0,0,0,54,23,0,0,0,0,71,0,0,0,0,0,0,0,33,0,0,0,65,0,0,62,0;0,0,0,40,47,47,0,22,0,29,0,68,0,0,77,0,27,0,0,0,0,0,77,0,0,72,75,65,75,0;57,0,0,0,0,64,0,0,0,0,0,0,0,0,0,0,0,0,0,54,47,35,0,0,0,0,0,80,0,21;0,72,0,58,0,24,48,69,0,56,0,0,0,0,0,0,0,0,0,25,0,69,0,0,0,0,0,0,0,0;0,0,0,0,44,0,57,0,67,45,40,0,39,24,0,38,38,0,0,0,0,0,77,0,0,0,74,0,0,0;0,65,0,62,0,0,0,0,41,0,50,0,0,0,0,30,0,0,0,74,0,0,0,73,0,38,0,0,0,0;0,0,0,0,58,0,46,0,0,0,30,71,0,0,0,0,0,58,0,0,54,0,55,0,37,0,0,0,0,0
0,0,0,0,27,0,0,0,25,0,0,0,0,37,0,0,0,0,27,0,0,37,0,0,40,0,37,0,24,40;0,0,37,22,0,0,0,29,0,0,28,0,31,0,0,26,32,0,0,0,0,32,0,38,39,0,0,32,0,0;0,0,0,0,22,35,0,0,0,0,0,39,0,27,0,0,0,0,0,23,0,0,0,0,0,27,0,0,0,0;37,0,34,0,37,0,0,0,0,0,0,30,21,0,35,36,0,0,0,0,0,32,0,0,30,0,40,0,31,0;33,0,0,38,0,0,0,0,0,35,0,27,0,0,37,0,0,0,30,0,0,0,27,36,0,0,0,0,39,0;0,22,0,0,28,0,0,0,35,0,0,0,33,0,0,38,0,0,39,0,0,33,0,0,0,0,24,0,32,0;0,0,0,0,0,0,0,32,0,0,0,0,0,0,0,0,22,38,0,30,0,0,0,0,0,30,36,0,30,34;0,0,0,0,0,0,0,0,26,0,0,0,40,0,0,31,0,0,0,0,0,0,0,33,0,32,38,23,0,22;0,25,0,31,0,31,0,40,0,23,0,0,31,0,0,0,0,0,31,0,0,0,0,30,0,39,0,0,23,33;30,0,35,0,0,32,0,0,0,0,0,39,20,0,21,0,0,0,0,0,28,22,0,0,0,0,0,23,39,0;0,0,22,0,0,0,0,0,0,0,0,0,35,38,0,0,0,0,0,28,21,0,0,36,0,0,0,0,0,0;0,0,0,0,0,37,39,35,0,0,0,0,0,0,24,0,0,0,0,34,30,0,0,0,0,0,0,39,32,0;0,0,0,26,0,0,0,0,0,21,0,30,0,34,0,0,0,0,29,33,0,0,0,0,0,0,0,0,0,0;0,37,0,0,40,0,0,0,0,26,34,0,0,0,0,25,0,0,21,0,0,0,0,28,37,0,0,0,0,0;27,0,0,0,21,29,0,0,30,22,0,0,0,21,0,0,0,35,0,0,32,0,0,0,0,0,0,0,20,0;25,36,0,22,0,0,0,0,0,29,0,31,0,0,0,0,23,0,21,31,0,36,29,0,0,0,0,0,38,0;0,0,0,0,0,20,0,0,0,37,0,0,0,0,26,30,0,23,0,0,0,0,20,0,21,0,36,0,34,0;0,0,40,0,35,0,0,0,0,0,0,0,39,0,39,0,24,0,36,0,0,0,0,0,35,0,0,29,0,0;0,0,0,0,0,21,32,0,0,0,0,0,32,0,0,0,0,0,0,0,35,0,27,0,0,33,22,0,0,0;29,33,0,0,0,0,0,34,0,32,25,37,0,0,0,22,20,21,36,0,0,0,0,34,0,0,0,0,0,0;0,0,0,0,0,0,0,33,0,0,0,0,25,0,25,0,28,0,0,0,0,40,0,0,22,0,0,0,0,0;34,29,0,0,21,29,38,0,0,0,0,0,0,0,0,0,0,34,0,0,0,0,31,0,0,0,0,37,35,0;38,0,0,0,0,23,0,0,0,34,34,30,0,0,37,27,28,0,0,0,0,0,0,24,30,0,0,0,0,0;0,0,0,0,0,0,0,36,23,0,0,0,0,23,0,0,0,0,0,0,0,22,0,0,0,32,0,0,23,0;0,0,0,35,24,24,0,23,0,22,0,27,0,0,37,0,23,0,0,0,0,0,37,0,0,37,23,37,38,0;34,0,0,0,0,23,0,0,0,0,0,0,0,0,0,0,0,0,0,22,35,32,0,0,0,0,0,26,0,26;0,34,0,40,0,24,30,31,0,36,0,0,0,0,0,0,0,0,0,22,0,34,0,0,0,0,0,0,0,0;0,0,0,0,35,0,38,0,34,20,21,0,20,23,0,20,28,0,0,0,0,0,40,0,0,0,21,0,0,0;0,31,0,22,0,0,0,0,36,0,22,0,0,0,0,21,0,0,0,33,0,0,0,20,0,28,0,0,0,0;0,0,0,0,40,0,29,0,0,0,36,20,0,0,0,0,0,26,0,0,31,0,30,0,23,0,0,0,0,0
-10,29,0,0,26,-5,0,0,0,-14,0,28,-15,0,13,0,0,0,0,22,0,0,0,-22,0,0,-8,-29,-15,0
------------- End of Scenario k = 3 -------
0,0,0,0,52,0,0,0,43,0,0,0,0,29,0,0,0,0,67,0,0,42,0,0,69,0,63,0,46,59;0,0,44,59,0,0,0,29,0,0,48,0,35,0,0,66,26,0,0,0,0,72,0,20,61,0,0,67,0,0;0,0,0,0,54,23,0,0,0,0,0,66,0,28,0,0,0,0,0,74,0,0,0,0,0,61,0,0,0,0;73,0,20,0,62,0,0,0,0,0,0,60,74,0,59,34,0,0,0,0,0,29,0,0,57,0,80,0,71,0;80,0,0,80,0,0,0,0,0,62,0,42,0,0,32,0,0,0,47,0,0,0,30,44,0,0,0,0,80,0;0,29,0,0,38,0,0,0,28,0,0,0,71,0,0,53,0,0,31,0,0,48,0,0,0,0,73,0,20,0;0,0,0,0,0,0,0,28,0,0,0,0,0,0,0,0,67,23,0,72,0,0,0,0,0,64,45,0,34,21;0,0,0,0,0,0,0,0,45,0,0,0,80,0,0,68,0,0,0,0,0,0,0,70,0,65,39,59,0,67;0,53,0,71,0,33,0,80,0,34,0,0,62,0,0,0,0,0,54,0,0,0,0,77,0,60,0,0,30,63;78,0,68,0,0,64,0,0,0,0,0,47,39,0,37,0,0,0,0,0,27,74,0,0,0,0,0,50,28,0;0,0,36,0,0,0,0,0,0,0,0,0,49,49,0,0,0,0,0,22,64,0,0,24,0,0,0,0,0,0;0,0,0,0,0,75,80,78,0,0,0,0,0,0,34,0,0,0,0,49,23,0,0,0,0,0,0,80,80,0;0,0,0,62,0,0,0,0,0,64,0,26,0,41,0,0,0,0,27,69,0,0,0,0,0,0,0,0,0,0;0,59,0,0,59,0,0,0,0,55,22,0,0,0,0,27,0,0,48,0,0,0,0,38,78,0,0,0,0,0;24,0,0,0,53,51,0,0,68,80,0,0,0,29,0,0,0,25,0,0,51,0,0,0,0,0,0,0,51,0;80,52,0,44,0,0,0,0,0,65,0,38,0,0,0,0,37,0,59,37,0,56,25,0,0,0,0,0,29,0;0,0,0,0,0,23,0,0,0,38,0,0,0,0,41,77,0,80,0,0,0,0,69,0,34,0,80,0,75,0;0,0,25,0,53,0,0,0,0,0,0,0,58,0,47,0,23,0,80,0,0,0,0,0,54,0,0,30,0,0;0,0,0,0,0,41,44,0,0,0,0,0,64,0,0,0,0,0,0,0,80,0,44,0,0,55,62,0,0,0;37,75,0,0,0,0,0,39,0,37,80,80,0,0,0,21,25,77,49,0,0,0,0,69,0,0,0,0,0,0;0,0,0,0,0,0,0,54,0,0,0,0,65,0,42,0,37,0,0,0,0,31,0,0,35,0,0,0,0,0;72,69,0,0,48,29,46,0,0,0,0,0,0,0,0,0,0,22,0,0,0,0,80,0,0,0,0,36,51,0;43,0,0,0,0,80,0,0,0,62,64,43,0,0,26,46,74,0,0,0,0,0,0,72,80,0,0,0,0,0;0,0,0,0,0,0,0,63,40,0,0,0,0,58,0,0,0,0,0,0,0,30,0,0,0,58,0,0,66,0;0,0,0,37,29,76,0,71,0,31,0,74,0,0,40,0,21,0,0,0,0,0,48,0,0,80,49,58,41,0;25,0,0,0,0,34,0,0,0,0,0,0,0,0,0,0,0,0,0,78,29,40,0,0,0,0,0,52,0,80;0,20,0,50,0,29,76,25,0,51,0,0,0,0,0,0,0,0,0,71,0,46,0,0,0,0,0,0,0,0;0,0,0,0,21,0,66,0,78,65,67,0,44,64,0,80,70,0,0,0,0,0,49,0,0,0,42,0,0,0;0,46,0,31,0,0,0,0,20,0,23,0,0,0,0,80,0,0,0,71,0,0,0,33,0,28,0,0,0,0;0,0,0,0,22,0,60,0,0,0,62,71,0,0,0,0,0,21,0,0,63,0,53,0,43,0,0,0,0,0
0,0,0,0,33,0,0,0,40,0,0,0,0,36,0,0,0,0,22,0,0,21,0,0,39,0,31,0,22,36;0,0,31,40,0,0,0,32,0,0,26,0,32,0,0,23,22,0,0,0,0,28,0,14,24,0,0,35,0,0;0,0,0,0,34,28,0,0,0,0,0,32,0,40,0,0,0,0,0,34,0,0,0,0,0,24,0,0,0,0;40,0,40,0,32,0,0,0,0,0,0,40,39,0,24,23,0,0,0,0,0,37,0,0,39,0,24,0,24,0;39,0,0,25,0,0,0,0,0,26,0,24,0,0,24,0,0,0,28,0,0,0,33,30,0,0,0,0,37,0;0,31,0,0,39,0,0,0,25,0,0,0,30,0,0,27,0,0,34,0,0,31,0,0,0,0,22,0,28,0;0,0,0,0,0,0,0,16,0,0,0,0,0,0,0,0,35,27,0,37,0,0,0,0,0,29,26,0,32,29;0,0,0,0,0,0,0,0,35,0,0,0,23,0,0,40,0,0,0,0,0,0,0,17,0,32,29,39,0,24;0,29,0,31,0,20,0,27,0,30,0,0,22,0,0,0,0,0,35,0,0,0,0,37,0,21,0,0,40,32;21,0,24,0,0,31,0,0,0,0,0,22,26,0,39,0,0,0,0,0,27,39,0,0,0,0,0,23,32,0;0,0,37,0,0,0,0,0,0,0,0,0,30,38,0,0,0,0,0,31,34,0,0,35,0,0,0,0,0,0;0,0,0,0,0,20,24,25,0,0,0,0,0,0,31,0,0,0,0,37,37,0,0,0,0,0,0,32,21,0;0,0,0,24,0,0,0,0,0,31,0,24,0,29,0,0,0,0,35,33,0,0,0,0,0,0,0,0,0,0;0,30,0,0,24,0,0,0,0,20,37,0,0,0,0,30,0,0,20,0,0,0,0,22,29,0,0,0,0,0;33,0,0,0,39,23,0,0,38,37,0,0,0,22,0,0,0,30,0,0,36,0,0,0,0,0,0,0,26,0;35,34,0,26,0,0,0,0,0,20,0,24,0,0,0,0,35,0,34,38,0,38,28,0,0,0,0,0,20,0;0,0,0,0,0,36,0,0,0,21,0,0,0,0,33,23,0,35,0,0,0,0,27,0,38,0,37,0,34,0;0,0,27,0,40,0,0,0,0,0,0,0,38,0,26,0,36,0,38,0,0,0,0,0,21,0,0,24,0,0;0,0,0,0,0,22,34,0,0,0,0,0,40,0,0,0,0,0,0,0,40,0,23,0,0,39,39,0,0,0;37,34,0,0,0,0,0,34,0,38,31,24,0,0,0,40,37,26,31,0,0,0,0,30,0,0,0,0,0,0;0,0,0,0,0,0,0,21,0,0,0,0,30,0,33,0,34,0,0,0,0,35,0,0,39,0,0,0,0,0;26,33,0,0,32,40,28,0,0,0,0,0,0,0,0,0,0,25,0,0,0,0,38,0,0,0,0,30,36,0;23,0,0,0,0,39,0,0,0,34,24,31,0,0,29,27,23,0,0,0,0,0,0,37,34,0,0,0,0,0;0,0,0,0,0,0,0,30,34,0,0,0,0,26,0,0,0,0,0,0,0,23,0,0,0,25,0,0,27,0;0,0,0,28,33,40,0,34,0,35,0,24,0,0,24,0,27,0,0,0,0,0,27,0,0,36,31,25,38,0;37,0,0,0,0,26,0,0,0,0,0,0,0,0,0,0,0,0,0,24,33,20,0,0,0,0,0,35,0,35;0,32,0,31,0,29,33,40,0,24,0,0,0,0,0,0,0,0,0,32,0,40,0,0,0,0,0,0,0,0;0,0,0,0,33,0,24,0,31,27,36,0,20,31,0,36,39,0,0,0,0,0,23,0,0,0,22,0,0,0;0,33,0,31,0,0,0,0,32,0,26,0,0,0,0,26,0,0,0,30,0,0,0,22,0,23,0,0,0,0;0,0,0,0,26,0,21,0,0,0,23,29,0,0,0,0,0,28,0,0,35,0,27,0,23,0,0,0,0,0
-4,12,0,0,24,-7,0,0,0,-27,0,16,-5,0,26,0,0,0,0,30,0,0,0,-17,0,0,-20,-16,-12,0
------------- End of Scenario k = 4 -------
0,0,0,0,62,0,0,0,71,0,0,0,0,26,0,0,0,0,54,0,0,72,0,0,35,0,66,0,80,31;0,0,80,72,0,0,0,37,0,0,37,0,80,0,0,73,37,0,0,0,0,25,0,80,41,0,0,38,0,0;0,0,0,0,59,80,0,0,0,0,0,78,0,75,0,0,0,0,0,53,0,0,0,0,0,61,0,0,0,0;44,0,72,0,80,0,0,0,0,0,0,47,24,0,66,56,0,0,0,0,0,50,0,0,79,0,80,0,50,0;80,0,0,80,0,0,0,0,0,72,0,45,0,0,66,0,0,0,75,0,0,0,51,74,0,0,0,0,80,0;0,22,0,0,28,0,0,0,49,0,0,0,67,0,0,62,0,0,40,0,0,66,0,0,0,0,64,0,26,0;0,0,0,0,0,0,0,80,0,0,0,0,0,0,0,0,25,42,0,22,0,0,0,0,0,46,33,0,51,56;0,0,0,0,0,0,0,0,45,0,0,0,80,0,0,65,0,0,0,0,0,0,0,80,0,74,53,45,0,64;0,68,0,74,0,52,0,58,0,64,0,0,70,0,0,0,0,0,32,0,0,0,0,30,0,31,0,0,72,27;76,0,36,0,0,66,0,0,0,0,0,62,78,0,65,0,0,0,0,0,33,57,0,0,0,0,0,25,75,0;0,0,45,0,0,0,0,0,0,0,0,0,50,80,0,0,0,0,0,46,57,0,0,52,0,0,0,0,0,0;0,0,0,0,0,59,80,35,0,0,0,0,0,0,77,0,0,0,0,20,69,0,0,0,0,0,0,79,80,0;0,0,0,53,0,0,0,0,0,44,0,32,0,25,0,0,0,0,52,80,0,0,0,0,0,0,0,0,0,0;0,51,0,0,67,0,0,0,0,33,51,0,0,0,0,43,0,0,75,0,0,0,0,33,33,0,0,0,0,0;78,0,0,0,20,43,0,0,80,41,0,0,0,21,0,0,0,51,0,0,70,0,0,0,0,0,0,0,32,0;54,30,0,48,0,0,0,0,0,44,0,79,0,0,0,0,52,0,47,76,0,37,63,0,0,0,0,0,51,0;0,0,0,0,0,44,0,0,0,38,0,0,0,0,36,63,0,25,0,0,0,0,28,0,52,0,80,0,68,0;0,0,72,0,61,0,0,0,0,0,0,0,61,0,68,0,60,0,46,0,0,0,0,0,65,0,0,69,0,0;0,0,0,0,0,71,46,0,0,0,0,0,50,0,0,0,0,0,0,0,80,0,67,0,0,77,24,0,0,0;79,79,0,0,0,0,0,25,0,80,80,31,0,0,0,30,29,39,62,0,0,0,0,80,0,0,0,0,0,0;0,0,0,0,0,0,0,54,0,0,0,0,38,0,46,0,56,0,0,0,0,80,0,0,26,0,0,0,0,0;58,80,0,0,72,65,42,0,0,0,0,0,0,0,0,0,0,61,0,0,0,0,73,0,0,0,0,43,48,0;61,0,0,0,0,80,0,0,0,74,36,78,0,0,36,70,76,0,0,0,0,0,0,79,80,0,0,0,0,0;0,0,0,0,0,0,0,64,24,0,0,0,0,29,0,0,0,0,0,0,0,41,0,0,0,50,0,0,69,0;0,0,0,74,27,52,0,34,0,49,0,40,0,0,29,0,56,0,0,0,0,0,39,0,0,65,45,34,80,0;63,0,0,0,0,25,0,0,0,0,0,0,0,0,0,0,0,0,0,44,69,28,0,0,0,0,0,63,0,80;0,54,0,50,0,41,25,59,0,40,0,0,0,0,0,0,0,0,0,40,0,57,0,0,0,0,0,0,0,0;0,0,0,0,21,0,32,0,74,63,25,0,69,61,0,51,47,0,0,0,0,0,55,0,0,0,66,0,0,0;0,44,0,40,0,0,0,0,36,0,24,0,0,0,0,56,0,0,0,42,0,0,0,36,0,34,0,0,0,0;0,0,0,0,38,0,64,0,0,0,40,59,0,0,0,0,0,34,0,0,28,0,36,0,20,0,0,0,0,0
0,0,0,0,23,0,0,0,23,0,0,0,0,30,0,0,0,0,39,0,0,40,0,0,31,0,28,0,39,24;0,0,27,29,0,0,0,22,0,0,23,0,20,0,0,39,39,0,0,0,0,37,0,30,34,0,0,34,0,0;0,0,0,0,27,21,0,0,0,0,0,34,0,39,0,0,0,0,0,30,0,0,0,0,0,30,0,0,0,0;20,0,36,0,33,0,0,0,0,0,0,31,33,0,36,33,0,0,0,0,0,21,0,0,30,0,28,0,38,0;21,0,0,37,0,0,0,0,0,29,0,26,0,0,24,0,0,0,26,0,0,0,35,34,0,0,0,0,27,0;0,28,0,0,40,0,0,0,36,0,0,0,37,0,0,36,0,0,36,0,0,21,0,0,0,0,20,0,24,0;0,0,0,0,0,0,0,34,0,0,0,0,0,0,0,0,25,31,0,35,0,0,0,0,0,22,37,0,36,28;0,0,0,0,0,0,0,0,39,0,0,0,22,0,0,29,0,0,0,0,0,0,0,25,0,23,14,32,0,37;0,27,0,24,0,25,0,28,0,26,0,0,30,0,0,0,0,0,21,0,0,0,0,22,0,29,0,0,34,33;32,0,35,0,0,22,0,0,0,0,0,38,27,0,37,0,0,0,0,0,29,22,0,0,0,0,0,27,34,0;0,0,35,0,0,0,0,0,0,0,0,0,29,35,0,0,0,0,0,22,35,0,0,30,0,0,0,0,0,0;0,0,0,0,0,11,18,32,0,0,0,0,0,0,38,0,0,0,0,24,37,0,0,0,0,0,0,17,27,0;0,0,0,39,0,0,0,0,0,36,0,26,0,33,0,0,0,0,39,34,0,0,0,0,0,0,0,0,0,0;0,39,0,0,38,0,0,0,0,30,20,0,0,0,0,33,0,0,39,0,0,0,0,26,26,0,0,0,0,0;36,0,0,0,34,26,0,0,38,33,0,0,0,37,0,0,0,28,0,0,25,0,0,0,0,0,0,0,24,0;34,35,0,26,0,0,0,0,0,20,0,30,0,0,0,0,26,0,33,28,0,38,36,0,0,0,0,0,37,0;0,0,0,0,0,31,0,0,0,23,0,0,0,0,39,32,0,36,0,0,0,0,40,0,22,0,38,0,28,0;0,0,24,0,38,0,0,0,0,0,0,0,29,0,37,0,37,0,30,0,0,0,0,0,29,0,0,21,0,0;0,0,0,0,0,37,29,0,0,0,0,0,33,0,0,0,0,0,0,0,26,0,24,0,0,37,33,0,0,0;40,40,0,0,0,0,0,24,0,26,28,32,0,0,0,34,38,25,38,0,0,0,0,40,0,0,0,0,0,0;0,0,0,0,0,0,0,38,0,0,0,0,25,0,22,0,31,0,0,0,0,35,0,0,40,0,0,0,0,0;36,39,0,0,25,35,32,0,0,0,0,0,0,0,0,0,0,32,0,0,0,0,40,0,0,0,0,28,22,0;20,0,0,0,0,26,0,0,0,23,29,27,0,0,25,27,25,0,0,0,0,0,0,33,36,0,0,0,0,0;0,0,0,0,0,0,0,37,32,0,0,0,0,22,0,0,0,0,0,0,0,29,0,0,0,27,0,0,26,0;0,0,0,32,20,40,0,40,0,21,0,31,0,0,21,0,30,0,0,0,0,0,20,0,0,34,40,30,38,0;20,0,0,0,0,30,0,0,0,0,0,0,0,0,0,0,0,0,0,29,27,20,0,0,0,0,0,38,0,36;0,25,0,37,0,20,24,36,0,31,0,0,0,0,0,0,0,0,0,29,0,28,0,0,0,0,0,0,0,0;0,0,0,0,33,0,24,0,36,38,40,0,40,30,0,21,25,0,0,0,0,0,22,0,0,0,37,0,0,0;0,27,0,32,0,0,0,0,34,0,21,0,0,0,0,24,0,0,0,36,0,0,0,25,0,36,0,0,0,0;0,0,0,0,34,0,26,0,0,0,26,40,0,0,0,0,0,24,0,0,36,0,29,0,24,0,0,0,0,0
-10,19,0,0,18,-6,0,0,0,-24,0,11,-10,0,22,0,0,0,0,26,0,0,0,-17,0,0,-11,-7,-11,0
------------- End of Scenario k = 5 -------
0,0,0,0,28,0,0,0,23,0,0,0,0,71,0,0,0,0,25,0,0,75,0,0,38,0,43,0,24,54;0,0,54,52,0,0,0,76,0,0,64,0,80,0,0,56,64,0,0,0,0,26,0,80,74,0,0,24,0,0;0,0,0,0,52,33,0,0,0,0,0,41,0,47,0,0,0,0,0,68,0,0,0,0,0,43,0,0,0,0;76,0,58,0,51,0,0,0,0,0,0,33,45,0,73,35,0,0,0,0,0,27,0,0,80,0,49,0,69,0;80,0,0,37,0,0,0,0,0,73,0,62,0,0,52,0,0,0,49,0,0,0,26,80,0,0,0,0,80,0;0,58,0,0,31,0,0,0,63,0,0,0,40,0,0,47,0,0,20,0,0,41,0,0,0,0,43,0,74,0;0,0,0,0,0,0,0,80,0,0,0,0,0,0,0,0,63,50,0,50,0,0,0,0,0,33,36,0,41,63;0,0,0,0,0,0,0,0,79,0,0,0,54,0,0,48,0,0,0,0,0,0,0,80,0,43,80,68,0,67;0,77,0,57,0,62,0,52,0,41,0,0,78,0,0,0,0,0,37,0,0,0,0,33,0,30,0,0,67,78;73,0,48,0,0,78,0,0,0,0,0,39,65,0,71,0,0,0,0,0,28,73,0,0,0,0,0,39,21,0;0,0,37,0,0,0,0,0,0,0,0,0,43,80,0,0,0,0,0,26,80,0,0,73,0,0,0,0,0,0;0,0,0,0,0,80,44,40,0,0,0,0,0,0,72,0,0,0,0,46,35,0,0,0,0,0,0,80,59,0;0,0,0,77,0,0,0,0,0,72,0,66,0,48,0,0,0,0,62,69,0,0,0,0,0,0,0,0,0,0;0,73,0,0,21,0,0,0,0,73,33,0,0,0,0,42,0,0,24,0,0,0,0,57,20,0,0,0,0,0;28,0,0,0,74,68,0,0,42,61,0,0,0,39,0,0,0,30,0,0,29,0,0,0,0,0,0,0,79,0;57,76,0,80,0,0,0,0,0,44,0,67,0,0,0,0,80,0,62,27,0,54,54,0,0,0,0,0,63,0;0,0,0,0,0,20,0,0,0,57,0,0,0,0,31,37,0,36,0,0,0,0,45,0,53,0,55,0,78,0;0,0,77,0,22,0,0,0,0,0,0,0,54,0,34,0,63,0,25,0,0,0,0,0,69,0,0,48,0,0;0,0,0,0,0,59,55,0,0,0,0,0,32,0,0,0,0,0,0,0,80,0,31,0,0,46,73,0,0,0;40,27,0,0,0,0,0,70,0,80,80,64,0,0,0,73,50,36,35,0,0,0,0,80,0,0,0,0,0,0;0,0,0,0,0,0,0,72,0,0,0,0,22,0,37,0,35,0,0,0,0,80,0,0,54,0,0,0,0,0;38,75,0,0,77,42,49,0,0,0,0,0,0,0,0,0,0,65,0,0,0,0,67,0,0,0,0,49,32,0;38,0,0,0,0,40,0,0,0,63,26,37,0,0,46,74,63,0,0,0,0,0,0,23,80,0,0,0,0,0;0,0,0,0,0,0,0,32,41,0,0,0,0,53,0,0,0,0,0,0,0,52,0,0,0,39,0,0,22,0;0,0,0,28,43,76,0,20,0,71,0,70,0,0,29,0,41,0,0,0,0,0,72,0,0,69,60,28,80,0;39,0,0,0,0,45,0,0,0,0,0,0,0,0,0,0,0,0,0,54,56,49,0,0,0,0,0,44,0,80;0,39,0,29,0,53,47,25,0,80,0,0,0,0,0,0,0,0,0,20,0,26,0,0,0,0,0,0,0,0;0,0,0,0,58,0,27,0,30,50,24,0,76,35,0,30,33,0,0,0,0,0,30,0,0,0,56,0,0,0;0,79,0,58,0,0,0,0,64,0,35,0,0,0,0,41,0,0,0,48,0,0,0,69,0,79,0,0,0,0;0,0,0,0,20,0,27,0,0,0,57,30,0,0,0,0,0,30,0,0,80,0,73,0,20,0,0,0,0,0
0,0,0,0,27,0,0,0,20,0,0,0,0,25,0,0,0,0,32,0,0,36,0,0,21,0,40,0,36,38;0,0,34,22,0,0,0,33,0,0,21,0,35,0,0,39,29,0,0,0,0,35,0,35,28,0,0,40,0,0;0,0,0,0,27,14,0,0,0,0,0,23,0,28,0,0,0,0,0,33,0,0,0,0,0,38,0,0,0,0;24,0,40,0,25,0,0,0,0,0,0,22,22,0,25,28,0,0,0,0,0,23,0,0,39,0,25,0,39,0;27,0,0,29,0,0,0,0,0,33,0,38,0,0,37,0,0,0,38,0,0,0,23,37,0,0,0,0,30,0;0,22,0,0,38,0,0,0,35,0,0,0,23,0,0,34,0,0,22,0,0,34,0,0,0,0,24,0,31,0;0,0,0,0,0,0,0,30,0,0,0,0,0,0,0,0,38,26,0,31,0,0,0,0,0,36,32,0,23,21;0,0,0,0,0,0,0,0,29,0,0,0,18,0,0,37,0,0,0,0,0,0,0,34,0,32,23,37,0,36;0,29,0,36,0,23,0,21,0,25,0,0,38,0,0,0,0,0,37,0,0,0,0,37,0,28,0,0,23,35;22,0,33,0,0,35,0,0,0,0,0,26,35,0,31,0,0,0,0,0,25,23,0,0,0,0,0,38,28,0;0,0,29,0,0,0,0,0,0,0,0,0,22,31,0,0,0,0,0,30,35,0,0,32,0,0,0,0,0,0;0,0,0,0,0,35,22,27,0,0,0,0,0,0,23,0,0,0,0,20,39,0,0,0,0,0,0,37,16,0;0,0,0,32,0,0,0,0,0,25,0,27,0,34,0,0,0,0,36,31,0,0,0,0,0,0,0,0,0,0;0,36,0,0,29,0,0,0,0,25,38,0,0,0,0,36,0,0,26,0,0,0,0,27,23,0,0,0,0,0;24,0,0,0,27,39,0,0,19,21,0,0,0,26,0,0,0,30,0,0,23,0,0,0,0,0,0,0,32,0;35,25,0,22,0,0,0,0,0,30,0,32,0,0,0,0,24,0,39,35,0,22,22,0,0,0,0,0,36,0;0,0,0,0,0,34,0,0,0,22,0,0,0,0,20,20,0,40,0,0,0,0,37,0,32,0,39,0,26,0;0,0,24,0,28,0,0,0,0,0,0,0,23,0,35,0,25,0,34,0,0,0,0,0,31,0,0,30,0,0;0,0,0,0,0,20,31,0,0,0,0,0,23,0,0,0,0,0,0,0,32,0,20,0,0,38,30,0,0,0;30,27,0,0,0,0,0,39,0,18,35,21,0,0,0,25,40,29,20,0,0,0,0,38,0,0,0,0,0,0;0,0,0,0,0,0,0,37,0,0,0,0,39,0,40,0,38,0,0,0,0,22,0,0,27,0,0,0,0,0;32,36,0,0,33,39,33,0,0,0,0,0,0,0,0,0,0,21,0,0,0,0,15,0,0,0,0,38,36,0;28,0,0,0,0,32,0,0,0,26,26,22,0,0,20,35,24,0,0,0,0,0,0,31,17,0,0,0,0,0;0,0,0,0,0,0,0,23,30,0,0,0,0,31,0,0,0,0,0,0,0,39,0,0,0,31,0,0,27,0;0,0,0,38,36,23,0,37,0,27,0,37,0,0,26,0,34,0,0,0,0,0,33,0,0,15,24,20,21,0;29,0,0,0,0,20,0,0,0,0,0,0,0,0,0,0,0,0,0,32,38,24,0,0,0,0,0,39,0,26;0,23,0,38,0,40,26,20,0,26,0,0,0,0,0,0,0,0,0,36,0,27,0,0,0,0,0,0,0,0;0,0,0,0,29,0,30,0,40,24,39,0,29,34,0,40,28,0,0,0,0,0,31,0,0,0,29,0,0,0;0,40,0,25,0,0,0,0,35,0,23,0,0,0,0,37,0,0,0,40,0,0,0,32,0,37,0,0,0,0;0,0,0,0,32,0,34,0,0,0,37,34,0,0,0,0,0,39,0,0,38,0,37,0,28,0,0,0,0,0
-7,14,0,0,23,-12,0,0,0,-18,0,16,-5,0,16,0,0,0,0,15,0,0,0,-22,0,0,-8,-5,-7,0
------------- End of Scenario k = 6 -------
0,0,0,0,34,0,0,0,45,0,0,0,0,74,0,0,0,0,33,0,0,58,0,0,80,0,57,0,67,39;0,0,65,23,0,0,0,30,0,0,69,0,42,0,0,54,25,0,0,0,0,73,0,46,20,0,0,48,0,0;0,0,0,0,39,80,0,0,0,0,0,42,0,75,0,0,0,0,0,79,0,0,0,0,0,29,0,0,0,0;59,0,76,0,60,0,0,0,0,0,0,46,78,0,49,56,0,0,0,0,0,25,0,0,62,0,78,0,36,0;80,0,0,80,0,0,0,0,0,22,0,29,0,0,33,0,0,0,60,0,0,0,22,80,0,0,0,0,80,0;0,33,0,0,74,0,0,0,73,0,0,0,74,0,0,41,0,0,80,0,0,71,0,0,0,0,60,0,75,0;0,0,0,0,0,0,0,47,0,0,0,0,0,0,0,0,45,60,0,67,0,0,0,0,0,75,69,0,78,21;0,0,0,0,0,0,0,0,33,0,0,0,80,0,0,30,0,0,0,0,0,0,0,80,0,70,80,30,0,72;0,46,0,65,0,40,0,62,0,43,0,0,37,0,0,0,0,0,43,0,0,0,0,50,0,62,0,0,63,61;51,0,46,0,0,80,0,0,0,0,0,53,24,0,24,0,0,0,0,0,27,55,0,0,0,0,0,34,64,0;0,0,50,0,0,0,0,0,0,0,0,0,57,80,0,0,0,0,0,54,34,0,0,47,0,0,0,0,0,0;0,0,0,0,0,80,46,54,0,0,0,0,0,0,68,0,0,0,0,55,66,0,0,0,0,0,0,44,80,0;0,0,0,66,0,0,0,0,0,76,0,63,0,62,0,0,0,0,58,40,0,0,0,0,0,0,0,0,0,0;0,44,0,0,62,0,0,0,0,52,22,0,0,0,0,25,0,0,71,0,0,0,0,25,74,0,0,0,0,0;58,0,0,0,77,66,0,0,56,44,0,0,0,37,0,0,0,69,0,0,28,0,0,0,0,0,0,0,30,0;72,67,0,31,0,0,0,0,0,27,0,67,0,0,0,0,36,0,56,73,0,80,35,0,0,0,0,0,21,0;0,0,0,0,0,41,0,0,0,61,0,0,0,0,53,33,0,80,0,0,0,0,25,0,69,0,54,0,54,0;0,0,28,0,33,0,0,0,0,0,0,0,33,0,32,0,65,0,77,0,0,0,0,0,67,0,0,41,0,0;0,0,0,0,0,39,79,0,0,0,0,0,36,0,0,0,0,0,0,0,58,0,24,0,0,48,45,0,0,0;70,61,0,0,0,0,0,39,0,58,59,30,0,0,0,44,58,64,80,0,0,0,0,80,0,0,0,0,0,0;0,0,0,0,0,0,0,67,0,0,0,0,24,0,58,0,45,0,0,0,0,50,0,0,39,0,0,0,0,0;43,34,0,0,58,47,52,0,0,0,0,0,0,0,0,0,0,47,0,0,0,0,58,0,0,0,0,47,58,0;32,0,0,0,0,56,0,0,0,57,35,79,0,0,64,45,75,0,0,0,0,0,0,31,75,0,0,0,0,0;0,0,0,0,0,0,0,31,32,0,0,0,0,58,0,0,0,0,0,0,0,68,0,0,0,55,0,0,27,0;0,0,0,41,72,37,0,68,0,38,0,42,0,0,57,0,37,0,0,0,0,0,75,0,0,80,52,55,80,0;69,0,0,0,0,69,0,0,0,0,0,0,0,0,0,0,0,0,0,50,31,79,0,0,0,0,0,45,0,79;0,24,0,72,0,44,55,41,0,69,0,0,0,0,0,0,0,0,0,28,0,26,0,0,0,0,0,0,0,0;0,0,0,0,64,0,46,0,42,80,33,0,57,60,0,63,73,0,0,0,0,0,75,0,0,0,59,0,0,0;0,31,0,37,0,0,0,0,36,0,77,0,0,0,0,76,0,0,0,23,0,0,0,64,0,57,0,0,0,0;0,0,0,0,80,0,48,0,0,0,67,75,0,0,0,0,0,51,0,0,43,0,41,0,72,0,0,0,0,0
0,0,0,0,38,0,0,0,23,0,0,0,0,32,0,0,0,0,20,0,0,31,0,0,26,0,24,0,24,24;0,0,33,24,0,0,0,22,0,0,24,0,28,0,0,33,33,0,0,0,0,38,0,38,28,0,0,34,0,0;0,0,0,0,36,31,0,0,0,0,0,35,0,33,0,0,0,0,0,31,0,0,0,0,0,39,0,0,0,0;29,0,23,0,36,0,0,0,0,0,0,23,24,0,28,26,0,0,0,0,0,24,0,0,20,0,31,0,28,0;31,0,0,40,0,0,0,0,0,30,0,27,0,0,34,0,0,0,20,0,0,0,40,30,0,0,0,0,35,0;0,30,0,0,29,0,0,0,34,0,0,0,25,0,0,20,0,0,40,0,0,33,0,0,0,0,30,0,26,0;0,0,0,0,0,0,0,32,0,0,0,0,0,0,0,0,23,26,0,36,0,0,0,0,0,39,39,0,31,28;0,0,0,0,0,0,0,0,24,0,0,0,40,0,0,33,0,0,0,0,0,0,0,19,0,20,32,36,0,23;0,23,0,24,0,24,0,22,0,26,0,0,25,0,0,0,0,0,35,0,0,0,0,25,0,33,0,0,29,30;33,0,23,0,0,29,0,0,0,0,0,28,23,0,30,0,0,0,0,0,25,35,0,0,0,0,0,33,27,0;0,0,23,0,0,0,0,0,0,0,0,0,33,31,0,0,0,0,0,22,21,0,0,22,0,0,0,0,0,0;0,0,0,0,0,27,18,36,0,0,0,0,0,0,26,0,0,0,0,30,24,0,0,0,0,0,0,27,19,0;0,0,0,31,0,0,0,0,0,22,0,33,0,31,0,0,0,0,36,37,0,0,0,0,0,0,0,0,0,0;0,25,0,0,40,0,0,0,0,38,29,0,0,0,0,25,0,0,21,0,0,0,0,40,32,0,0,0,0,0;22,0,0,0,32,35,0,0,29,32,0,0,0,39,0,0,0,38,0,0,36,0,0,0,0,0,0,0,25,0;31,25,0,33,0,0,0,0,0,39,0,29,0,0,0,0,40,0,31,40,0,33,30,0,0,0,0,0,31,0;0,0,0,0,0,26,0,0,0,40,0,0,0,0,24,27,0,28,0,0,0,0,34,0,36,0,23,0,38,0;0,0,36,0,37,0,0,0,0,0,0,0,29,0,27,0,39,0,30,0,0,0,0,0,31,0,0,39,0,0;0,0,0,0,0,21,38,0,0,0,0,0,30,0,0,0,0,0,0,0,23,0,38,0,0,20,26,0,0,0;32,29,0,0,0,0,0,40,0,29,32,33,0,0,0,38,22,23,25,0,0,0,0,35,0,0,0,0,0,0;0,0,0,0,0,0,0,40,0,0,0,0,26,0,40,0,35,0,0,0,0,25,0,0,38,0,0,0,0,0;33,24,0,0,39,35,24,0,0,0,0,0,0,0,0,0,0,20,0,0,0,0,29,0,0,0,0,39,28,0;35,0,0,0,0,32,0,0,0,30,36,20,0,0,34,39,21,0,0,0,0,0,0,34,30,0,0,0,0,0;0,0,0,0,0,0,0,32,40,0,0,0,0,21,0,0,0,0,0,0,0,34,0,0,0,26,0,0,38,0;0,0,0,37,24,28,0,38,0,37,0,28,0,0,33,0,25,0,0,0,0,0,30,0,0,31,26,35,27,0;27,0,0,0,0,35,0,0,0,0,0,0,0,0,0,0,0,0,0,38,28,30,0,0,0,0,0,28,0,29;0,40,0,24,0,28,32,28,0,36,0,0,0,0,0,0,0,0,0,36,0,32,0,0,0,0,0,0,0,0;0,0,0,0,30,0,31,0,32,40,25,0,38,35,0,39,32,0,0,0,0,0,20,0,0,0,28,0,0,0;0,38,0,31,0,0,0,0,25,0,34,0,0,0,0,31,0,0,0,33,0,0,0,32,0,20,0,0,0,0;0,0,0,0,28,0,31,0,0,0,21,32,0,0,0,0,0,37,0,0,28,0,35,0,21,0,0,0,0,0
-2,27,0,0,30,-5,0,0,0,-31,0,12,-9,0,29,0,0,0,0,23,0,0,0,-25,0,0,-2,-26,-21,0
------------- End of Scenario k = 7 -------
0,0,0,0,75,0,0,0,26,0,0,0,0,45,0,0,0,0,33,0,0,68,0,0,28,0,25,0,47,21;0,0,80,50,0,0,0,47,0,0,79,0,41,0,0,77,59,0,0,0,0,78,0,72,49,0,0,77,0,0;0,0,0,0,45,80,0,0,0,0,0,57,0,73,0,0,0,0,0,71,0,0,0,0,0,45,0,0,0,0;62,0,37,0,77,0,0,0,0,0,0,53,25,0,20,55,0,0,0,0,0,65,0,0,35,0,80,0,58,0;80,0,0,80,0,0,0,0,0,33,0,78,0,0,67,0,0,0,71,0,0,0,49,80,0,0,0,0,80,0;0,45,0,0,24,0,0,0,31,0,0,0,58,0,0,41,0,0,35,0,0,43,0,0,0,0,68,0,49,0;0,0,0,0,0,0,0,80,0,0,0,0,0,0,0,0,67,41,0,66,0,0,0,0,0,28,79,0,76,65;0,0,0,0,0,0,0,0,78,0,0,0,75,0,0,39,0,0,0,0,0,0,0,80,0,43,20,75,0,44;0,62,0,40,0,28,0,37,0,65,0,0,45,0,0,0,0,0,41,0,0,0,0,47,0,48,0,0,36,80;40,0,45,0,0,21,0,0,0,0,0,46,62,0,35,0,0,0,0,0,37,30,0,0,0,0,0,45,39,0;0,0,62,0,0,0,0,0,0,0,0,0,69,61,0,0,0,0,0,48,32,0,0,21,0,0,0,0,0,0;0,0,0,0,0,60,44,75,0,0,0,0,0,0,41,0,0,0,0,44,51,0,0,0,0,0,0,57,80,0;0,0,0,64,0,0,0,0,0,23,0,27,0,55,0,0,0,0,65,51,0,0,0,0,0,0,0,0,0,0;0,69,0,0,29,0,0,0,0,43,43,0,0,0,0,65,0,0,34,0,0,0,0,48,47,0,0,0,0,0;71,0,0,0,31,74,0,0,80,80,0,0,0,55,0,0,0,76,0,0,57,0,0,0,0,0,0,0,29,0;80,49,0,56,0,0,0,0,0,71,0,59,0,0,0,0,22,0,52,67,0,32,37,0,0,0,0,0,27,0;0,0,0,0,0,23,0,0,0,44,0,0,0,0,58,25,0,80,0,0,0,0,43,0,31,0,68,0,65,0;0,0,72,0,65,0,0,0,0,0,0,0,63,0,53,0,42,0,80,0,0,0,0,0,56,0,0,24,0,0;0,0,0,0,0,52,76,0,0,0,0,0,55,0,0,0,0,0,0,0,80,0,35,0,0,29,66,0,0,0;54,43,0,0,0,0,0,76,0,38,49,39,0,0,0,71,28,72,34,0,0,0,0,80,0,0,0,0,0,0;0,0,0,0,0,0,0,33,0,0,0,0,62,0,78,0,36,0,0,0,0,52,0,0,74,0,0,0,0,0;42,25,0,0,47,75,57,0,0,0,0,0,0,0,0,0,0,43,0,0,0,0,77,0,0,0,0,49,71,0;80,0,0,0,0,80,0,0,0,43,33,74,0,0,38,30,76,0,0,0,0,0,0,27,66,0,0,0,0,0;0,0,0,0,0,0,0,66,78,0,0,0,0,50,0,0,0,0,0,0,0,66,0,0,0,72,0,0,20,0;0,0,0,37,70,38,0,80,0,63,0,41,0,0,66,0,38,0,0,0,0,0,31,0,0,80,54,76,80,0;59,0,0,0,0,56,0,0,0,0,0,0,0,0,0,0,0,0,0,51,47,23,0,0,0,0,0,66,0,41;0,39,0,49,0,56,35,64,0,73,0,0,0,0,0,0,0,0,0,20,0,60,0,0,0,0,0,0,0,0;0,0,0,0,62,0,70,0,43,42,64,0,47,57,0,39,59,0,0,0,0,0,52,0,0,0,52,0,0,0;0,64,0,80,0,0,0,0,74,0,45,0,0,0,0,20,0,0,0,44,0,0,0,56,0,77,0,0,0,0;0,0,0,0,56,0,62,0,0,0,20,53,0,0,0,0,0,75,0,0,77,0,39,0,45,0,0,0,0,0
0,0,0,0,28,0,0,0,24,0,0,0,0,28,0,0,0,0,26,0,0,40,0,0,20,0,33,0,26,29;0,0,34,24,0,0,0,23,0,0,34,0,30,0,0,30,32,0,0,0,0,35,0,33,38,0,0,28,0,0;0,0,0,0,30,31,0,0,0,0,0,40,0,24,0,0,0,0,0,37,0,0,0,0,0,20,0,0,0,0;23,0,20,0,30,0,0,0,0,0,0,22,23,0,28,29,0,0,0,0,0,32,0,0,21,0,24,0,31,0;17,0,0,27,0,0,0,0,0,37,0,29,0,0,28,0,0,0,40,0,0,0,23,37,0,0,0,0,34,0;0,40,0,0,39,0,0,0,39,0,0,0,32,0,0,32,0,0,40,0,0,22,0,0,0,0,25,0,39,0;0,0,0,0,0,0,0,38,0,0,0,0,0,0,0,0,40,27,0,29,0,0,0,0,0,40,35,0,30,23;0,0,0,0,0,0,0,0,20,0,0,0,37,0,0,34,0,0,0,0,0,0,0,35,0,28,31,29,0,39;0,32,0,32,0,33,0,22,0,36,0,0,30,0,0,0,0,0,36,0,0,0,0,40,0,22,0,0,29,31;20,0,28,0,0,23,0,0,0,0,0,34,24,0,21,0,0,0,0,0,38,31,0,0,0,0,0,25,24,0;0,0,33,0,0,0,0,0,0,0,0,0,19,35,0,0,0,0,0,29,21,0,0,38,0,0,0,0,0,0;0,0,0,0,0,31,40,39,0,0,0,0,0,0,24,0,0,0,0,39,26,0,0,0,0,0,0,30,31,0;0,0,0,29,0,0,0,0,0,22,0,30,0,32,0,0,0,0,22,32,0,0,0,0,0,0,0,0,0,0;0,38,0,0,37,0,0,0,0,28,28,0,0,0,0,12,0,0,32,0,0,0,0,25,22,0,0,0,0,0;23,0,0,0,20,37,0,0,19,32,0,0,0,20,0,0,0,21,0,0,38,0,0,0,0,0,0,0,26,0;24,28,0,36,0,0,0,0,0,31,0,22,0,0,0,0,18,0,22,26,0,32,37,0,0,0,0,0,32,0;0,0,0,0,0,37,0,0,0,28,0,0,0,0,23,26,0,38,0,0,0,0,35,0,35,0,37,0,28,0;0,0,31,0,28,0,0,0,0,0,0,0,28,0,30,0,32,0,11,0,0,0,0,0,36,0,0,22,0,0;0,0,0,0,0,28,37,0,0,0,0,0,25,0,0,0,0,0,0,0,21,0,33,0,0,22,36,0,0,0;23,29,0,0,0,0,0,28,0,13,32,28,0,0,0,29,21,22,32,0,0,0,0,20,0,0,0,0,0,0;0,0,0,0,0,0,0,27,0,0,0,0,29,0,39,0,32,0,0,0,0,33,0,0,21,0,0,0,0,0;21,22,0,0,25,31,23,0,0,0,0,0,0,0,0,0,0,22,0,0,0,0,31,0,0,0,0,22,24,0;25,0,0,0,0,13,0,0,0,37,38,23,0,0,25,36,40,0,0,0,0,0,0,21,26,0,0,0,0,0;0,0,0,0,0,0,0,33,39,0,0,0,0,31,0,0,0,0,0,0,0,32,0,0,0,30,0,0,32,0;0,0,0,33,27,27,0,35,0,28,0,23,0,0,24,0,28,0,0,0,0,0,38,0,0,37,23,39,23,0;33,0,0,0,0,21,0,0,0,0,0,0,0,0,0,0,0,0,0,24,27,27,0,0,0,0,0,34,0,31;0,36,0,31,0,34,29,20,0,39,0,0,0,0,0,0,0,0,0,35,0,33,0,0,0,0,0,0,0,0;0,0,0,0,36,0,36,0,40,24,33,0,35,27,0,21,31,0,0,0,0,0,37,0,0,0,25,0,0,0;0,33,0,39,0,0,0,0,35,0,27,0,0,0,0,39,0,0,0,32,0,0,0,27,0,20,0,0,0,0;0,0,0,0,27,0,27,0,0,0,24,35,0,0,0,0,0,40,0,0,24,0,37,0,20,0,0,0,0,0
-10,27,0,0,14,-14,0,0,0,-16,0,30,-15,0,15,0,0,0,0,11,0,0,0,-17,0,0,-11,-8,-6,0
------------- End of Scenario k = 8 -------
0,0,0,0,28,0,0,0,78,0,0,0,0,26,0,0,0,0,58,0,0,72,0,0,42,0,62,0,71,27;0,0,80,25,0,0,0,29,0,0,78,0,44,0,0,38,65,0,0,0,0,67,0,80,40,0,0,80,0,0;0,0,0,0,25,22,0,0,0,0,0,35,0,21,0,0,0,0,0,49,0,0,0,0,0,71,0,0,0,0;60,0,47,0,20,0,0,0,0,0,0,49,70,0,23,56,0,0,0,0,0,26,0,0,69,0,80,0,40,0;24,0,0,25,0,0,0,0,0,30,0,40,0,0,28,0,0,0,43,0,0,0,56,41,0,0,0,0,56,0;0,62,0,0,43,0,0,0,65,0,0,0,73,0,0,26,0,0,58,0,0,65,0,0,0,0,69,0,74,0;0,0,0,0,0,0,0,56,0,0,0,0,0,0,0,0,75,23,0,67,0,0,0,0,0,72,80,0,62,62;0,0,0,0,0,0,0,0,76,0,0,0,80,0,0,51,0,0,0,0,0,0,0,80,0,75,80,72,0,41;0,35,0,75,0,49,0,30,0,80,0,0,60,0,0,0,0,0,49,0,0,0,0,25,0,61,0,0,77,34;67,0,34,0,0,64,0,0,0,0,0,66,42,0,68,0,0,0,0,0,61,68,0,0,0,0,0,45,61,0;0,0,36,0,0,0,0,0,0,0,0,0,80,74,0,0,0,0,0,71,76,0,0,47,0,0,0,0,0,0;0,0,0,0,0,35,22,61,0,0,0,0,0,0,31,0,0,0,0,60,61,0,0,0,0,0,0,80,52,0;0,0,0,42,0,0,0,0,0,39,0,60,0,55,0,0,0,0,31,57,0,0,0,0,0,0,0,0,0,0;0,39,0,0,50,0,0,0,0,66,40,0,0,0,0,45,0,0,77,0,0,0,0,34,57,0,0,0,0,0;71,0,0,0,54,38,0,0,66,80,0,0,0,77,0,0,0,58,0,0,70,0,0,0,0,0,0,0,34,0;80,34,0,42,0,0,0,0,0,30,0,63,0,0,0,0,74,0,73,72,0,20,35,0,0,0,0,0,66,0;0,0,0,0,0,32,0,0,0,49,0,0,0,0,33,34,0,26,0,0,0,0,63,0,77,0,80,0,63,0;0,0,44,0,43,0,0,0,0,0,0,0,63,0,34,0,63,0,80,0,0,0,0,0,38,0,0,47,0,0;0,0,0,0,0,54,61,0,0,0,0,0,59,0,0,0,0,0,0,0,80,0,72,0,0,50,28,0,0,0;50,26,0,0,0,0,0,79,0,55,80,50,0,0,0,51,80,36,74,0,0,0,0,66,0,0,0,0,0,0;0,0,0,0,0,0,0,57,0,0,0,0,72,0,37,0,29,0,0,0,0,54,0,0,60,0,0,0,0,0;29,72,0,0,37,42,22,0,0,0,0,0,0,0,0,0,0,33,0,0,0,0,80,0,0,0,0,65,73,0;70,0,0,0,0,42,0,0,0,57,69,69,0,0,30,79,58,0,0,0,0,0,0,53,54,0,0,0,0,0;0,0,0,0,0,0,0,24,54,0,0,0,0,49,0,0,0,0,0,0,0,34,0,0,0,71,0,0,56,0;0,0,0,35,32,31,0,76,0,52,0,66,0,0,56,0,77,0,0,0,0,0,66,0,0,80,29,64,54,0;65,0,0,0,0,59,0,0,0,0,0,0,0,0,0,0,0,0,0,43,28,50,0,0,0,0,0,72,0,80;0,73,0,23,0,53,26,38,0,66,0,0,0,0,0,0,0,0,0,51,0,27,0,0,0,0,0,0,0,0;0,0,0,0,56,0,50,0,73,47,73,0,60,22,0,41,26,0,0,0,0,0,56,0,0,0,54,0,0,0;0,49,0,58,0,0,0,0,38,0,57,0,0,0,0,68,0,0,0,66,0,0,0,55,0,77,0,0,0,0;0,0,0,0,74,0,33,0,0,0,59,70,0,0,0,0,0,25,0,0,21,0,71,0,59,0,0,0,0,0
0,0,0,0,21,0,0,0,39,0,0,0,0,20,0,0,0,0,36,0,0,28,0,0,34,0,23,0,28,38;0,0,24,35,0,0,0,32,0,0,30,0,31,0,0,38,27,0,0,0,0,20,0,20,22,0,0,25,0,0;0,0,0,0,22,34,0,0,0,0,0,22,0,23,0,0,0,0,0,27,0,0,0,0,0,31,0,0,0,0;39,0,22,0,32,0,0,0,0,0,0,27,22,0,38,22,0,0,0,0,0,34,0,0,27,0,30,0,38,0;30,0,0,35,0,0,0,0,0,23,0,39,0,0,25,0,0,0,25,0,0,0,25,32,0,0,0,0,30,0;0,34,0,0,34,0,0,0,24,0,0,0,34,0,0,22,0,0,28,0,0,40,0,0,0,0,37,0,24,0;0,0,0,0,0,0,0,15,0,0,0,0,0,0,0,0,21,28,0,24,0,0,0,0,0,22,25,0,28,35;0,0,0,0,0,0,0,0,28,0,0,0,33,0,0,32,0,0,0,0,0,0,0,13,0,24,14,24,0,29;0,37,0,31,0,34,0,37,0,26,0,0,39,0,0,0,0,0,23,0,0,0,0,37,0,32,0,0,34,34;40,0,28,0,0,38,0,0,0,0,0,36,27,0,25,0,0,0,0,0,24,21,0,0,0,0,0,31,20,0;0,0,36,0,0,0,0,0,0,0,0,0,38,20,0,0,0,0,0,40,28,0,0,40,0,0,0,0,0,0;0,0,0,0,0,17,21,30,0,0,0,0,0,0,21,0,0,0,0,20,23,0,0,0,0,0,0,24,19,0;0,0,0,37,0,0,0,0,0,32,0,27,0,29,0,0,0,0,24,40,0,0,0,0,0,0,0,0,0,0;0,31,0,0,36,0,0,0,0,31,24,0,0,0,0,34,0,0,25,0,0,0,0,25,32,0,0,0,0,0;29,0,0,0,29,26,0,0,26,22,0,0,0,20,0,0,0,34,0,0,31,0,0,0,0,0,0,0,32,0;29,30,0,24,0,0,0,0,0,23,0,35,0,0,0,0,21,0,37,22,0,30,34,0,0,0,0,0,29,0;0,0,0,0,0,26,0,0,0,28,0,0,0,0,22,35,0,40,0,0,0,0,34,0,32,0,29,0,24,0;0,0,28,0,35,0,0,0,0,0,0,0,29,0,24,0,27,0,26,0,0,0,0,0,39,0,0,36,0,0;0,0,0,0,0,30,31,0,0,0,0,0,22,0,0,0,0,0,0,0,18,0,32,0,0,29,38,0,0,0;25,34,0,0,0,0,0,25,0,23,24,36,0,0,0,37,28,21,23,0,0,0,0,33,0,0,0,0,0,0;0,0,0,0,0,0,0,25,0,0,0,0,25,0,37,0,30,0,0,0,0,18,0,0,35,0,0,0,0,0;28,40,0,0,30,39,31,0,0,0,0,0,0,0,0,0,0,40,0,0,0,0,18,0,0,0,0,26,40,0;40,0,0,0,0,19,0,0,0,33,22,35,0,0,20,39,34,0,0,0,0,0,0,27,32,0,0,0,0,0;0,0,0,0,0,0,0,22,40,0,0,0,0,24,0,0,0,0,0,0,0,24,0,0,0,37,0,0,22,0;0,0,0,33,32,29,0,22,0,25,0,25,0,0,25,0,31,0,0,0,0,0,20,0,0,33,23,33,24,0;22,0,0,0,0,20,0,0,0,0,0,0,0,0,0,0,0,0,0,40,29,38,0,0,0,0,0,32,0,31;0,22,0,39,0,27,34,27,0,38,0,0,0,0,0,0,0,0,0,26,0,35,0,0,0,0,0,0,0,0;0,0,0,0,28,0,35,0,29,35,21,0,33,30,0,28,21,0,0,0,0,0,26,0,0,0,40,0,0,0;0,31,0,33,0,0,0,0,21,0,28,0,0,0,0,26,0,0,0,30,0,0,0,22,0,28,0,0,0,0;0,0,0,0,40,0,29,0,0,0,22,23,0,0,0,0,0,31,0,0,34,0,22,0,22,0,0,0,0,0
-9,19,0,0,27,-3,0,0,0,-22,0,12,-7,0,21,0,0,0,0,18,0,0,0,-19,0,0,-9,-9,-19,0
------------- End of Scenario k = 9 -------
0,0,0,0,55,0,0,0,53,0,0,0,0,77,0,0,0,0,32,0,0,78,0,0,76,0,20,0,60,27;0,0,55,46,0,0,0,36,0,0,76,0,80,0,0,40,34,0,0,0,0,32,0,80,20,0,0,80,0,0;0,0,0,0,76,61,0,0,0,0,0,52,0,66,0,0,0,0,0,71,0,0,0,0,0,47,0,0,0,0;37,0,51,0,58,0,0,0,0,0,0,63,47,0,29,38,0,0,0,0,0,51,0,0,26,0,80,0,77,0;49,0,0,74,0,0,0,0,0,40,0,47,0,0,61,0,0,0,21,0,0,0,34,80,0,0,0,0,24,0;0,20,0,0,39,0,0,0,69,0,0,0,23,0,0,38,0,0,48,0,0,61,0,0,0,0,58,0,64,0;0,0,0,0,0,0,0,80,0,0,0,0,0,0,0,0,78,78,0,26,0,0,0,0,0,79,72,0,24,59;0,0,0,0,0,0,0,0,27,0,0,0,80,0,0,63,0,0,0,0,0,0,0,27,0,58,80,56,0,46;0,77,0,33,0,58,0,29,0,79,0,0,54,0,0,0,0,0,77,0,0,0,0,71,0,62,0,0,75,60;80,0,24,0,0,79,0,0,0,0,0,80,79,0,50,0,0,0,0,0,20,47,0,0,0,0,0,72,26,0;0,0,66,0,0,0,0,0,0,0,0,0,70,80,0,0,0,0,0,38,23,0,0,62,0,0,0,0,0,0;0,0,0,0,0,60,29,30,0,0,0,0,0,0,65,0,0,0,0,55,79,0,0,0,0,0,0,29,56,0;0,0,0,26,0,0,0,0,0,55,0,68,0,55,0,0,0,0,22,76,0,0,0,0,0,0,0,0,0,0;0,29,0,0,21,0,0,0,0,63,65,0,0,0,0,80,0,0,46,0,0,0,0,36,28,0,0,0,0,0;72,0,0,0,77,48,0,0,80,80,0,0,0,21,0,0,0,74,0,0,52,0,0,0,0,0,0,0,42,0;80,60,0,61,0,0,0,0,0,56,0,56,0,0,0,0,54,0,67,75,0,69,43,0,0,0,0,0,79,0;0,0,0,0,0,55,0,0,0,80,0,0,0,0,35,79,0,50,0,0,0,0,76,0,44,0,80,0,47,0;0,0,51,0,20,0,0,0,0,0,0,0,54,0,68,0,65,0,80,0,0,0,0,0,61,0,0,74,0,0;0,0,0,0,0,55,64,0,0,0,0,0,36,0,0,0,0,0,0,0,60,0,22,0,0,41,65,0,0,0;29,71,0,0,0,0,0,38,0,28,80,75,0,0,0,79,51,52,22,0,0,0,0,24,0,0,0,0,0,0;0,0,0,0,0,0,0,54,0,0,0,0,21,0,32,0,22,0,0,0,0,80,0,0,54,0,0,0,0,0;67,49,0,0,51,52,51,0,0,0,0,0,0,0,0,0,0,71,0,0,0,0,80,0,0,0,0,73,60,0;34,0,0,0,0,80,0,0,0,63,23,53,0,0,71,46,26,0,0,0,0,0,0,35,31,0,0,0,0,0;0,0,0,0,0,0,0,37,56,0,0,0,0,54,0,0,0,0,0,0,0,47,0,0,0,62,0,0,67,0;0,0,0,22,59,65,0,59,0,46,0,33,0,0,78,0,29,0,0,0,0,0,78,0,0,80,33,70,50,0;30,0,0,0,0,25,0,0,0,0,0,0,0,0,0,0,0,0,0,44,36,52,0,0,0,0,0,80,0,80;0,66,0,77,0,25,46,51,0,77,0,0,0,0,0,0,0,0,0,28,0,21,0,0,0,0,0,0,0,0;0,0,0,0,76,0,35,0,38,57,46,0,52,73,0,41,80,0,0,0,0,0,73,0,0,0,66,0,0,0;0,28,0,39,0,0,0,0,61,0,71,0,0,0,0,44,0,0,0,59,0,0,0,41,0,29,0,0,0,0;0,0,0,0,43,0,20,0,0,0,62,45,0,0,0,0,0,41,0,0,26,0,41,0,46,0,0,0,0,0
0,0,0,0,34,0,0,0,22,0,0,0,0,29,0,0,0,0,29,0,0,20,0,0,37,0,34,0,29,28;0,0,15,32,0,0,0,27,0,0,36,0,28,0,0,32,36,0,0,0,0,38,0,16,34,0,0,24,0,0;0,0,0,0,35,28,0,0,0,0,0,27,0,29,0,0,0,0,0,26,0,0,0,0,0,32,0,0,0,0;28,0,36,0,22,0,0,0,0,0,0,28,39,0,40,38,0,0,0,0,0,33,0,0,33,0,26,0,26,0;39,0,0,27,0,0,0,0,0,33,0,27,0,0,26,0,0,0,38,0,0,0,27,24,0,0,0,0,39,0;0,36,0,0,22,0,0,0,35,0,0,0,38,0,0,32,0,0,22,0,0,26,0,0,0,0,24,0,27,0;0,0,0,0,0,0,0,33,0,0,0,0,0,0,0,0,38,27,0,24,0,0,0,0,0,29,33,0,39,21;0,0,0,0,0,0,0,0,24,0,0,0,34,0,0,23,0,0,0,0,0,0,0,38,0,31,34,36,0,29;0,30,0,27,0,33,0,37,0,34,0,0,30,0,0,0,0,0,25,0,0,0,0,35,0,28,0,0,21,29;32,0,38,0,0,28,0,0,0,0,0,21,38,0,33,0,0,0,0,0,29,30,0,0,0,0,0,40,22,0;0,0,28,0,0,0,0,0,0,0,0,0,40,38,0,0,0,0,0,30,40,0,0,28,0,0,0,0,0,0;0,0,0,0,0,27,36,38,0,0,0,0,0,0,24,0,0,0,0,29,34,0,0,0,0,0,0,26,34,0;0,0,0,32,0,0,0,0,0,39,0,28,0,27,0,0,0,0,21,34,0,0,0,0,0,0,0,0,0,0;0,36,0,0,22,0,0,0,0,27,25,0,0,0,0,18,0,0,23,0,0,0,0,35,39,0,0,0,0,0;26,0,0,0,32,35,0,0,19,20,0,0,0,34,0,0,0,37,0,0,27,0,0,0,0,0,0,0,28,0;19,21,0,23,0,0,0,0,0,24,0,23,0,0,0,0,14,0,25,26,0,29,31,0,0,0,0,0,25,0;0,0,0,0,0,23,0,0,0,34,0,0,0,0,25,20,0,25,0,0,0,0,37,0,33,0,19,0,40,0;0,0,37,0,29,0,0,0,0,0,0,0,22,0,38,0,31,0,14,0,0,0,0,0,35,0,0,35,0,0;0,0,0,0,0,28,25,0,0,0,0,0,33,0,0,0,0,0,0,0,34,0,26,0,0,30,24,0,0,0;37,26,0,0,0,0,0,29,0,14,34,33,0,0,0,27,26,33,21,0,0,0,0,32,0,0,0,0,0,0;0,0,0,0,0,0,0,26,0,0,0,0,37,0,24,0,21,0,0,0,0,37,0,0,29,0,0,0,0,0;22,30,0,0,36,39,36,0,0,0,0,0,0,0,0,0,0,36,0,0,0,0,28,0,0,0,0,21,40,0;24,0,0,0,0,26,0,0,0,29,39,20,0,0,23,38,23,0,0,0,0,0,0,30,38,0,0,0,0,0;0,0,0,0,0,0,0,39,23,0,0,0,0,30,0,0,0,0,0,0,0,26,0,0,0,29,0,0,31,0;0,0,0,37,26,31,0,37,0,28,0,26,0,0,36,0,37,0,0,0,0,0,39,0,0,23,40,34,40,0;40,0,0,0,0,23,0,0,0,0,0,0,0,0,0,0,0,0,0,25,32,34,0,0,0,0,0,31,0,29;0,26,0,21,0,34,20,34,0,32,0,0,0,0,0,0,0,0,0,21,0,23,0,0,0,0,0,0,0,0;0,0,0,0,33,0,29,0,33,29,27,0,28,20,0,25,34,0,0,0,0,0,26,0,0,0,20,0,0,0;0,31,0,31,0,0,0,0,33,0,23,0,0,0,0,30,0,0,0,21,0,0,0,31,0,23,0,0,0,0;0,0,0,0,26,0,40,0,0,0,34,24,0,0,0,0,0,37,0,0,20,0,35,0,39,0,0,0,0,0
-4,13,0,0,23,-13,0,0,0,-14,0,25,-4,0,13,0,0,0,0,14,0,0,0,-15,0,0,-20,-6,-12,0
------------- End of Scenario k = 10 -------
0,0,0,0,68,0,0,0,59,0,0,0,0,40,0,0,0,0,63,0,0,37,0,0,48,0,35,0,76,41;0,0,80,31,0,0,0,74,0,0,38,0,80,0,0,54,62,0,0,0,0,50,0,80,63,0,0,20,0,0;0,0,0,0,69,80,0,0,0,0,0,77,0,48,0,0,0,0,0,40,0,0,0,0,0,29,0,0,0,0;52,0,23,0,25,0,0,0,0,0,0,28,45,0,37,53,0,0,0,0,0,63,0,0,28,0,34,0,40,0;23,0,0,48,0,0,0,0,0,58,0,68,0,0,36,0,0,0,68,0,0,0,64,80,0,0,0,0,47,0;0,60,0,0,42,0,0,0,78,0,0,0,27,0,0,30,0,0,42,0,0,30,0,0,0,0,73,0,75,0;0,0,0,0,0,0,0,62,0,0,0,0,0,0,0,0,22,50,0,20,0,0,0,0,0,21,37,0,22,68;0,0,0,0,0,0,0,0,76,0,0,0,48,0,0,28,0,0,0,0,0,0,0,80,0,62,74,22,0,54;0,25,0,58,0,79,0,29,0,21,0,0,54,0,0,0,0,0,37,0,0,0,0,70,0,65,0,0,25,25;37,0,46,0,0,28,0,0,0,0,0,27,25,0,78,0,0,0,0,0,44,50,0,0,0,0,0,45,62,0;0,0,41,0,0,0,0,0,0,0,0,0,80,80,0,0,0,0,0,57,47,0,0,32,0,0,0,0,0,0;0,0,0,0,0,80,80,28,0,0,0,0,0,0,20,0,0,0,0,73,25,0,0,0,0,0,0,80,73,0;0,0,0,28,0,0,0,0,0,58,0,43,0,49,0,0,0,0,42,50,0,0,0,0,0,0,0,0,0,0;0,48,0,0,67,0,0,0,0,43,76,0,0,0,0,80,0,0,74,0,0,0,0,33,62,0,0,0,0,0;50,0,0,0,70,21,0,0,68,40,0,0,0,78,0,0,0,45,0,0,68,0,0,0,0,0,0,0,37,0;80,59,0,79,0,0,0,0,0,33,0,26,0,0,0,0,80,0,40,42,0,38,64,0,0,0,0,0,57,0;0,0,0,0,0,63,0,0,0,66,0,0,0,0,61,60,0,55,0,0,0,0,50,0,26,0,73,0,74,0;0,0,56,0,78,0,0,0,0,0,0,0,74,0,31,0,29,0,67,0,0,0,0,0,39,0,0,22,0,0;0,0,0,0,0,53,79,0,0,0,0,0,38,0,0,0,0,0,0,0,80,0,47,0,0,22,66,0,0,0;33,33,0,0,0,0,0,60,0,80,80,21,0,0,0,24,74,56,40,0,0,0,0,80,0,0,0,0,0,0;0,0,0,0,0,0,0,34,0,0,0,0,66,0,31,0,26,0,0,0,0,80,0,0,72,0,0,0,0,0;53,33,0,0,22,30,66,0,0,0,0,0,0,0,0,0,0,28,0,0,0,0,80,0,0,0,0,49,48,0;54,0,0,0,0,80,0,0,0,53,59,63,0,0,31,62,57,0,0,0,0,0,0,59,52,0,0,0,0,0;0,0,0,0,0,0,0,23,80,0,0,0,0,44,0,0,0,0,0,0,0,64,0,0,0,48,0,0,31,0;0,0,0,28,70,41,0,55,0,55,0,72,0,0,71,0,49,0,0,0,0,0,27,0,0,80,39,62,35,0;39,0,0,0,0,46,0,0,0,0,0,0,0,0,0,0,0,0,0,74,66,23,0,0,0,0,0,48,0,80;0,53,0,67,0,46,51,59,0,42,0,0,0,0,0,0,0,0,0,52,0,49,0,0,0,0,0,0,0,0;0,0,0,0,59,0,57,0,70,54,53,0,36,33,0,41,53,0,0,0,0,0,80,0,0,0,52,0,0,0;0,76,0,65,0,0,0,0,27,0,58,0,0,0,0,79,0,0,0,45,0,0,0,57,0,78,0,0,0,0;0,0,0,0,69,0,44,0,0,0,52,24,0,0,0,0,0,34,0,0,68,0,43,0,58,0,0,0,0,0
0,0,0,0,29,0,0,0,34,0,0,0,0,24,0,0,0,0,29,0,0,40,0,0,29,0,32,0,35,31;0,0,32,34,0,0,0,24,0,0,32,0,40,0,0,29,29,0,0,0,0,27,0,32,28,0,0,35,0,0;0,0,0,0,36,36,0,0,0,0,0,39,0,30,0,0,0,0,0,24,0,0,0,0,0,37,0,0,0,0;39,0,22,0,39,0,0,0,0,0,0,31,29,0,29,31,0,0,0,0,0,32,0,0,20,0,34,0,37,0;33,0,0,36,0,0,0,0,0,20,0,25,0,0,37,0,0,0,30,0,0,0,23,33,0,0,0,0,40,0;0,23,0,0,24,0,0,0,20,0,0,0,21,0,0,30,0,0,37,0,0,36,0,0,0,0,29,0,21,0;0,0,0,0,0,0,0,26,0,0,0,0,0,0,0,0,21,27,0,40,0,0,0,0,0,20,27,0,32,25;0,0,0,0,0,0,0,0,32,0,0,0,18,0,0,23,0,0,0,0,0,0,0,30,0,27,31,27,0,32;0,32,0,21,0,36,0,28,0,37,0,0,22,0,0,0,0,0,21,0,0,0,0,28,0,34,0,0,21,38;20,0,33,0,0,27,0,0,0,0,0,26,38,0,34,0,0,0,0,0,34,34,0,0,0,0,0,30,39,0;0,0,29,0,0,0,0,0,0,0,0,0,21,29,0,0,0,0,0,31,39,0,0,22,0,0,0,0,0,0;0,0,0,0,0,35,37,39,0,0,0,0,0,0,32,0,0,0,0,22,34,0,0,0,0,0,0,33,31,0;0,0,0,40,0,0,0,0,0,27,0,24,0,24,0,0,0,0,25,21,0,0,0,0,0,0,0,0,0,0;0,21,0,0,25,0,0,0,0,33,29,0,0,0,0,37,0,0,32,0,0,0,0,29,22,0,0,0,0,0;35,0,0,0,39,22,0,0,32,32,0,0,0,40,0,0,0,26,0,0,38,0,0,0,0,0,0,0,35,0;27,22,0,31,0,0,0,0,0,21,0,21,0,0,0,0,39,0,30,33,0,36,31,0,0,0,0,0,35,0;0,0,0,0,0,23,0,0,0,24,0,0,0,0,20,31,0,26,0,0,0,0,26,0,28,0,27,0,27,0;0,0,27,0,21,0,0,0,0,0,0,0,35,0,21,0,20,0,16,0,0,0,0,0,34,0,0,23,0,0;0,0,0,0,0,31,29,0,0,0,0,0,33,0,0,0,0,0,0,0,25,0,34,0,0,30,31,0,0,0;31,29,0,0,0,0,0,38,0,28,25,23,0,0,0,24,34,26,29,0,0,0,0,32,0,0,0,0,0,0;0,0,0,0,0,0,0,23,0,0,0,0,33,0,26,0,36,0,0,0,0,24,0,0,40,0,0,0,0,0;33,21,0,0,25,29,20,0,0,0,0,0,0,0,0,0,0,32,0,0,0,0,19,0,0,0,0,25,23,0;24,0,0,0,0,26,0,0,0,29,25,25,0,0,37,29,27,0,0,0,0,0,0,33,28,0,0,0,0,0;0,0,0,0,0,0,0,37,25,0,0,0,0,23,0,0,0,0,0,0,0,27,0,0,0,40,0,0,22,0;0,0,0,39,26,27,0,23,0,37,0,28,0,0,24,0,27,0,0,0,0,0,32,0,0,23,25,24,37,0;25,0,0,0,0,27,0,0,0,0,0,0,0,0,0,0,0,0,0,36,26,35,0,0,0,0,0,34,0,38;0,22,0,24,0,37,24,20,0,36,0,0,0,0,0,0,0,0,0,32,0,35,0,0,0,0,0,0,0,0;0,0,0,0,36,0,31,0,34,29,23,0,37,36,0,28,21,0,0,0,0,0,28,0,0,0,28,0,0,0;0,33,0,27,0,0,0,0,23,0,27,0,0,0,0,26,0,0,0,20,0,0,0,34,0,22,0,0,0,0;0,0,0,0,31,0,40,0,0,0,24,33,0,0,0,0,0,35,0,0,28,0,34,0,32,0,0,0,0,0
-1,26,0,0,30,-12,0,0,0,-24,0,18,-7,0,22,0,0,0,0,16,0,0,0,-26,0,0,-21,-9,-12,0
------------- End of Scenario k = 11 -------
0,0,0,0,25,0,0,0,55,0,0,0,0,31,0,0,0,0,33,0,0,55,0,0,72,0,31,0,46,42;0,0,47,54,0,0,0,71,0,0,38,0,80,0,0,59,22,0,0,0,0,38,0,53,62,0,0,80,0,0;0,0,0,0,38,80,0,0,0,0,0,67,0,33,0,0,0,0,0,71,0,0,0,0,0,38,0,0,0,0;48,0,74,0,70,0,0,0,0,0,0,31,20,0,58,38,0,0,0,0,0,49,0,0,69,0,80,0,80,0;80,0,0,61,0,0,0,0,0,37,0,33,0,0,49,0,0,0,79,0,0,0,20,39,0,0,0,0,80,0;0,80,0,0,51,0,0,0,45,0,0,0,26,0,0,28,0,0,72,0,0,35,0,0,0,0,46,0,35,0;0,0,0,0,0,0,0,80,0,0,0,0,0,0,0,0,36,42,0,43,0,0,0,0,0,25,76,0,59,79;0,0,0,0,0,0,0,0,45,0,0,0,80,0,0,43,0,0,0,0,0,0,0,80,0,33,43,40,0,57;0,36,0,65,0,25,0,54,0,39,0,0,63,0,0,0,0,0,61,0,0,0,0,71,0,78,0,0,39,80;75,0,46,0,0,50,0,0,0,0,0,37,45,0,41,0,0,0,0,0,72,35,0,0,0,0,0,57,31,0;0,0,35,0,0,0,0,0,0,0,0,0,30,49,0,0,0,0,0,57,34,0,0,76,0,0,0,0,0,0;0,0,0,0,0,69,47,33,0,0,0,0,0,0,61,0,0,0,0,32,38,0,0,0,0,0,0,80,80,0;0,0,0,22,0,0,0,0,0,31,0,56,0,28,0,0,0,0,52,52,0,0,0,0,0,0,0,0,0,0;0,63,0,0,32,0,0,0,0,70,60,0,0,0,0,80,0,0,35,0,0,0,0,58,75,0,0,0,0,0;53,0,0,0,39,28,0,0,71,80,0,0,0,50,0,0,0,30,0,0,21,0,0,0,0,0,0,0,43,0;80,32,0,44,0,0,0,0,0,57,0,68,0,0,0,0,68,0,46,69,0,56,51,0,0,0,0,0,75,0;0,0,0,0,0,37,0,0,0,65,0,0,0,0,73,74,0,72,0,0,0,0,72,0,40,0,80,0,44,0;0,0,63,0,77,0,0,0,0,0,0,0,32,0,73,0,52,0,29,0,0,0,0,0,45,0,0,22,0,0;0,0,0,0,0,45,57,0,0,0,0,0,74,0,0,0,0,0,0,0,80,0,58,0,0,52,66,0,0,0;39,25,0,0,0,0,0,41,0,28,80,20,0,0,0,71,78,79,69,0,0,0,0,80,0,0,0,0,0,0;0,0,0,0,0,0,0,62,0,0,0,0,54,0,75,0,66,0,0,0,0,61,0,0,63,0,0,0,0,0;72,33,0,0,74,50,26,0,0,0,0,0,0,0,0,0,0,33,0,0,0,0,80,0,0,0,0,59,59,0;68,0,0,0,0,62,0,0,0,38,79,31,0,0,28,78,54,0,0,0,0,0,0,41,80,0,0,0,0,0;0,0,0,0,0,0,0,33,34,0,0,0,0,75,0,0,0,0,0,0,0,31,0,0,0,25,0,0,21,0;0,0,0,65,35,69,0,48,0,45,0,50,0,0,72,0,53,0,0,0,0,0,75,0,0,31,68,28,63,0;75,0,0,0,0,25,0,0,0,0,0,0,0,0,0,0,0,0,0,40,23,56,0,0,0,0,0,71,0,80;0,72,0,43,0,30,49,60,0,44,0,0,0,0,0,0,0,0,0,66,0,63,0,0,0,0,0,0,0,0;0,0,0,0,40,0,75,0,49,69,80,0,68,30,0,71,35,0,0,0,0,0,38,0,0,0,79,0,0,0;0,28,0,26,0,0,0,0,29,0,48,0,0,0,0,40,0,0,0,28,0,0,0,78,0,21,0,0,0,0;0,0,0,0,40,0,51,0,0,0,32,42,0,0,0,0,0,34,0,0,22,0,28,0,36,0,0,0,0,0
0,0,0,0,32,0,0,0,20,0,0,0,0,23,0,0,0,0,20,0,0,29,0,0,31,0,36,0,22,36;0,0,35,26,0,0,0,23,0,0,32,0,30,0,0,25,23,0,0,0,0,21,0,31,40,0,0,26,0,0;0,0,0,0,36,33,0,0,0,0,0,23,0,23,0,0,0,0,0,29,0,0,0,0,0,22,0,0,0,0;28,0,37,0,34,0,0,0,0,0,0,29,20,0,30,22,0,0,0,0,0,40,0,0,21,0,17,0,38,0;40,0,0,37,0,0,0,0,0,39,0,26,0,0,29,0,0,0,37,0,0,0,39,19,0,0,0,0,34,0;0,34,0,0,37,0,0,0,35,0,0,0,23,0,0,36,0,0,40,0,0,33,0,0,0,0,32,0,40,0;0,0,0,0,0,0,0,34,0,0,0,0,0,0,0,0,24,33,0,30,0,0,0,0,0,21,29,0,31,20;0,0,0,0,0,0,0,0,22,0,0,0,32,0,0,22,0,0,0,0,0,0,0,38,0,22,35,29,0,25;0,31,0,35,0,29,0,20,0,24,0,0,36,0,0,0,0,0,24,0,0,0,0,25,0,31,0,0,25,21;36,0,32,0,0,39,0,0,0,0,0,40,20,0,28,0,0,0,0,0,40,36,0,0,0,0,0,37,23,0;0,0,32,0,0,0,0,0,0,0,0,0,38,33,0,0,0,0,0,20,35,0,0,39,0,0,0,0,0,0;0,0,0,0,0,39,34,26,0,0,0,0,0,0,23,0,0,0,0,30,25,0,0,0,0,0,0,35,40,0;0,0,0,23,0,0,0,0,0,29,0,37,0,26,0,0,0,0,35,27,0,0,0,0,0,0,0,0,0,0;0,34,0,0,36,0,0,0,0,35,32,0,0,0,0,32,0,0,22,0,0,0,0,25,39,0,0,0,0,0;24,0,0,0,40,20,0,0,29,33,0,0,0,37,0,0,0,26,0,0,37,0,0,0,0,0,0,0,36,0;29,37,0,39,0,0,0,0,0,27,0,20,0,0,0,0,33,0,37,34,0,35,21,0,0,0,0,0,36,0;0,0,0,0,0,31,0,0,0,40,0,0,0,0,34,38,0,26,0,0,0,0,29,0,32,0,37,0,32,0;0,0,39,0,25,0,0,0,0,0,0,0,26,0,38,0,26,0,39,0,0,0,0,0,27,0,0,34,0,0;0,0,0,0,0,30,30,0,0,0,0,0,25,0,0,0,0,0,0,0,32,0,27,0,0,30,29,0,0,0;39,28,0,0,0,0,0,35,0,25,38,35,0,0,0,32,25,32,35,0,0,0,0,35,0,0,0,0,0,0;0,0,0,0,0,0,0,23,0,0,0,0,31,0,32,0,40,0,0,0,0,40,0,0,23,0,0,0,0,0;25,26,0,0,28,39,32,0,0,0,0,0,0,0,0,0,0,24,0,0,0,0,33,0,0,0,0,29,26,0;34,0,0,0,0,26,0,0,0,38,27,24,0,0,36,31,35,0,0,0,0,0,0,30,38,0,0,0,0,0;0,0,0,0,0,0,0,29,30,0,0,0,0,27,0,0,0,0,0,0,0,36,0,0,0,39,0,0,37,0;0,0,0,30,25,26,0,29,0,29,0,26,0,0,33,0,21,0,0,0,0,0,22,0,0,38,32,22,28,0;38,0,0,0,0,23,0,0,0,0,0,0,0,0,0,0,0,0,0,40,24,38,0,0,0,0,0,28,0,35;0,35,0,39,0,29,27,39,0,40,0,0,0,0,0,0,0,0,0,27,0,29,0,0,0,0,0,0,0,0;0,0,0,0,28,0,26,0,21,25,23,0,37,35,0,40,28,0,0,0,0,0,40,0,0,0,27,0,0,0;0,20,0,28,0,0,0,0,24,0,32,0,0,0,0,38,0,0,0,22,0,0,0,31,0,34,0,0,0,0;0,0,0,0,28,0,23,0,0,0,24,22,0,0,0,0,0,38,0,0,26,0,30,0,38,0,0,0,0,0
-8,23,0,0,12,-13,0,0,0,-29,0,28,-10,0,22,0,0,0,0,23,0,0,0,-10,0,0,-11,-16,-11,0
------------- End of Scenario k = 12 -------
0,0,0,0,35,0,0,0,59,0,0,0,0,74,0,0,0,0,67,0,0,65,0,0,66,0,58,0,51,23;0,0,58,35,0,0,0,53,0,0,79,0,80,0,0,36,22,0,0,0,0,41,0,43,67,0,0,80,0,0;0,0,0,0,57,48,0,0,0,0,0,28,0,46,0,0,0,0,0,69,0,0,0,0,0,55,0,0,0,0;49,0,56,0,34,0,0,0,0,0,0,46,23,0,73,23,0,0,0,0,0,78,0,0,37,0,52,0,29,0;80,0,0,37,0,0,0,0,0,60,0,46,0,0,70,0,0,0,64,0,0,0,31,80,0,0,0,0,77,0;0,29,0,0,48,0,0,0,49,0,0,0,56,0,0,26,0,0,28,0,0,52,0,0,0,0,36,0,36,0;0,0,0,0,0,0,0,34,0,0,0,0,0,0,0,0,69,24,0,66,0,0,0,0,0,68,34,0,20,50;0,0,0,0,0,0,0,0,44,0,0,0,73,0,0,38,0,0,0,0,0,0,0,80,0,53,80,79,0,44;0,57,0,61,0,60,0,40,0,25,0,0,21,0,0,0,0,0,49,0,0,0,0,79,0,46,0,0,68,21;42,0,76,0,0,49,0,0,0,0,0,74,25,0,59,0,0,0,0,0,46,36,0,0,0,0,0,26,35,0;0,0,69,0,0,0,0,0,0,0,0,0,80,25,0,0,0,0,0,62,34,0,0,80,0,0,0,0,0,0;0,0,0,0,0,80,80,66,0,0,0,0,0,0,70,0,0,0,0,77,36,0,0,0,0,0,0,74,43,0;0,0,0,21,0,0,0,0,0,70,0,63,0,61,0,0,0,0,76,66,0,0,0,0,0,0,0,0,0,0;0,70,0,0,28,0,0,0,0,47,60,0,0,0,0,80,0,0,68,0,0,0,0,78,72,0,0,0,0,0;53,0,0,0,40,34,0,0,80,39,0,0,0,26,0,0,0,20,0,0,55,0,0,0,0,0,0,0,35,0;69,65,0,72,0,0,0,0,0,69,0,42,0,0,0,0,80,0,67,45,0,30,42,0,0,0,0,0,35,0;0,0,0,0,0,40,0,0,0,27,0,0,0,0,60,34,0,80,0,0,0,0,29,0,38,0,80,0,46,0;0,0,21,0,71,0,0,0,0,0,0,0,63,0,45,0,48,0,80,0,0,0,0,0,46,0,0,75,0,0;0,0,0,0,0,63,74,0,0,0,0,0,66,0,0,0,0,0,0,0,80,0,53,0,0,22,70,0,0,0;66,31,0,0,0,0,0,23,0,25,80,24,0,0,0,44,76,44,27,0,0,0,0,80,0,0,0,0,0,0;0,0,0,0,0,0,0,21,0,0,0,0,21,0,72,0,24,0,0,0,0,52,0,0,60,0,0,0,0,0;31,24,0,0,26,35,27,0,0,0,0,0,0,0,0,0,0,70,0,0,0,0,41,0,0,0,0,22,29,0;33,0,0,0,0,70,0,0,0,61,31,78,0,0,38,69,75,0,0,0,0,0,0,57,80,0,0,0,0,0;0,0,0,0,0,0,0,34,29,0,0,0,0,56,0,0,0,0,0,0,0,57,0,0,0,44,0,0,68,0;0,0,0,21,67,64,0,34,0,71,0,65,0,0,80,0,51,0,0,0,0,0,43,0,0,80,57,65,74,0;34,0,0,0,0,52,0,0,0,0,0,0,0,0,0,0,0,0,0,24,20,79,0,0,0,0,0,50,0,54;0,63,0,75,0,51,48,41,0,65,0,0,0,0,0,0,0,0,0,80,0,21,0,0,0,0,0,0,0,0;0,0,0,0,63,0,69,0,36,75,26,0,64,33,0,30,71,0,0,0,0,0,35,0,0,0,61,0,0,0;0,69,0,23,0,0,0,0,59,0,23,0,0,0,0,29,0,0,0,45,0,0,0,51,0,65,0,0,0,0;0,0,0,0,78,0,69,0,0,0,65,22,0,0,0,0,0,54,0,0,46,0,21,0,63,0,0,0,0,0
0,0,0,0,23,0,0,0,36,0,0,0,0,29,0,0,0,0,27,0,0,28,0,0,38,0,36,0,20,38;0,0,31,24,0,0,0,40,0,0,22,0,26,0,0,33,29,0,0,0,0,25,0,32,25,0,0,21,0,0;0,0,0,0,21,22,0,0,0,0,0,23,0,33,0,0,0,0,0,28,0,0,0,0,0,21,0,0,0,0;35,0,24,0,21,0,0,0,0,0,0,38,32,0,40,36,0,0,0,0,0,27,0,0,24,0,36,0,26,0;16,0,0,35,0,0,0,0,0,29,0,39,0,0,29,0,0,0,27,0,0,0,25,28,0,0,0,0,38,0;0,40,0,0,32,0,0,0,33,0,0,0,23,0,0,30,0,0,28,0,0,39,0,0,0,0,20,0,29,0;0,0,0,0,0,0,0,34,0,0,0,0,0,0,0,0,24,30,0,34,0,0,0,0,0,24,39,0,40,39;0,0,0,0,0,0,0,0,29,0,0,0,32,0,0,22,0,0,0,0,0,0,0,35,0,22,32,25,0,23;0,29,0,36,0,25,0,37,0,23,0,0,25,0,0,0,0,0,40,0,0,0,0,28,0,32,0,0,29,32;23,0,33,0,0,37,0,0,0,0,0,40,29,0,27,0,0,0,0,0,40,28,0,0,0,0,0,21,38,0;0,0,30,0,0,0,0,0,0,0,0,0,37,34,0,0,0,0,0,38,37,0,0,35,0,0,0,0,0,0;0,0,0,0,0,30,33,23,0,0,0,0,0,0,20,0,0,0,0,37,20,0,0,0,0,0,0,40,32,0;0,0,0,32,0,0,0,0,0,27,0,31,0,29,0,0,0,0,33,40,0,0,0,0,0,0,0,0,0,0;0,26,0,0,20,0,0,0,0,28,25,0,0,0,0,31,0,0,26,0,0,0,0,24,23,0,0,0,0,0;20,0,0,0,36,30,0,0,40,30,0,0,0,27,0,0,0,40,0,0,36,0,0,0,0,0,0,0,38,0;28,20,0,21,0,0,0,0,0,37,0,22,0,0,0,0,33,0,25,23,0,33,22,0,0,0,0,0,30,0;0,0,0,0,0,35,0,0,0,27,0,0,0,0,21,21,0,36,0,0,0,0,31,0,26,0,31,0,31,0;0,0,22,0,39,0,0,0,0,0,0,0,25,0,26,0,32,0,26,0,0,0,0,0,36,0,0,31,0,0;0,0,0,0,0,33,34,0,0,0,0,0,27,0,0,0,0,0,0,0,36,0,20,0,0,25,37,0,0,0;32,27,0,0,0,0,0,28,0,29,40,24,0,0,0,20,31,29,26,0,0,0,0,38,0,0,0,0,0,0;0,0,0,0,0,0,0,36,0,0,0,0,23,0,32,0,26,0,0,0,0,27,0,0,30,0,0,0,0,0;30,30,0,0,28,36,35,0,0,0,0,0,0,0,0,0,0,23,0,0,0,0,26,0,0,0,0,22,38,0;37,0,0,0,0,28,0,0,0,40,37,34,0,0,36,36,33,0,0,0,0,0,0,22,33,0,0,0,0,0;0,0,0,0,0,0,0,33,28,0,0,0,0,33,0,0,0,0,0,0,0,31,0,0,0,35,0,0,30,0;0,0,0,34,20,38,0,20,0,28,0,28,0,0,37,0,38,0,0,0,0,0,21,0,0,26,34,30,39,0;40,0,0,0,0,24,0,0,0,0,0,0,0,0,0,0,0,0,0,28,20,23,0,0,0,0,0,25,0,31;0,29,0,29,0,37,22,24,0,33,0,0,0,0,0,0,0,0,0,34,0,30,0,0,0,0,0,0,0,0;0,0,0,0,31,0,28,0,22,38,31,0,27,24,0,25,28,0,0,0,0,0,26,0,0,0,28,0,0,0;0,29,0,22,0,0,0,0,27,0,37,0,0,0,0,27,0,0,0,22,0,0,0,32,0,39,0,0,0,0;0,0,0,0,33,0,26,0,0,0,37,23,0,0,0,0,0,31,0,0,35,0,28,0,27,0,0,0,0,0
-6,11,0,0,10,-11,0,0,0,-40,0,25,-3,0,30,0,0,0,0,25,0,0,0,-13,0,0,-8,-10,-10,0
------------- End of Scenario k = 13 -------
0,0,0,0,57,0,0,0,61,0,0,0,0,78,0,0,0,0,64,0,0,32,0,0,71,0,40,0,32,63;0,0,80,62,0,0,0,51,0,0,21,0,80,0,0,73,23,0,0,0,0,32,0,25,35,0,0,80,0,0;0,0,0,0,34,36,0,0,0,0,0,58,0,20,0,0,0,0,0,53,0,0,0,0,0,20,0,0,0,0;42,0,78,0,46,0,0,0,0,0,0,24,31,0,32,57,0,0,0,0,0,33,0,0,21,0,80,0,30,0;80,0,0,80,0,0,0,0,0,32,0,71,0,0,75,0,0,0,22,0,0,0,44,80,0,0,0,0,80,0;0,73,0,0,57,0,0,0,42,0,0,0,56,0,0,77,0,0,65,0,0,77,0,0,0,0,38,0,42,0;0,0,0,0,0,0,0,80,0,0,0,0,0,0,0,0,74,33,0,56,0,0,0,0,0,50,48,0,77,69;0,0,0,0,0,0,0,0,32,0,0,0,80,0,0,63,0,0,0,0,0,0,0,80,0,30,39,36,0,66;0,65,0,68,0,75,0,37,0,33,0,0,76,0,0,0,0,0,71,0,0,0,0,74,0,76,0,0,39,74;44,0,40,0,0,56,0,0,0,0,0,21,62,0,21,0,0,0,0,0,41,78,0,0,0,0,0,27,65,0;0,0,73,0,0,0,0,0,0,0,0,0,80,75,0,0,0,0,0,26,60,0,0,68,0,0,0,0,0,0;0,0,0,0,0,80,80,22,0,0,0,0,0,0,68,0,0,0,0,52,25,0,0,0,0,0,0,80,49,0;0,0,0,23,0,0,0,0,0,44,0,73,0,49,0,0,0,0,32,40,0,0,0,0,0,0,0,0,0,0;0,37,0,0,69,0,0,0,0,66,69,0,0,0,0,77,0,0,35,0,0,0,0,49,24,0,0,0,0,0;30,0,0,0,36,67,0,0,80,80,0,0,0,46,0,0,0,70,0,0,80,0,0,0,0,0,0,0,74,0;22,40,0,32,0,0,0,0,0,32,0,22,0,0,0,0,46,0,34,53,0,40,48,0,0,0,0,0,34,0;0,0,0,0,0,64,0,0,0,69,0,0,0,0,50,76,0,20,0,0,0,0,43,0,22,0,44,0,79,0;0,0,53,0,44,0,0,0,0,0,0,0,79,0,30,0,25,0,80,0,0,0,0,0,79,0,0,75,0,0;0,0,0,0,0,72,70,0,0,0,0,0,27,0,0,0,0,0,0,0,47,0,44,0,0,50,59,0,0,0;79,64,0,0,0,0,0,49,0,76,78,65,0,0,0,46,74,80,40,0,0,0,0,44,0,0,0,0,0,0;0,0,0,0,0,0,0,23,0,0,0,0,35,0,50,0,78,0,0,0,0,78,0,0,44,0,0,0,0,0;57,49,0,0,59,42,71,0,0,0,0,0,0,0,0,0,0,73,0,0,0,0,54,0,0,0,0,34,25,0;25,0,0,0,0,80,0,0,0,38,30,55,0,0,55,33,51,0,0,0,0,0,0,29,26,0,0,0,0,0;0,0,0,0,0,0,0,33,36,0,0,0,0,65,0,0,0,0,0,0,0,66,0,0,0,47,0,0,78,0;0,0,0,26,66,29,0,65,0,79,0,20,0,0,59,0,57,0,0,0,0,0,64,0,0,80,73,35,80,0;32,0,0,0,0,39,0,0,0,0,0,0,0,0,0,0,0,0,0,62,65,58,0,0,0,0,0,70,0,80;0,35,0,25,0,55,36,36,0,39,0,0,0,0,0,0,0,0,0,80,0,21,0,0,0,0,0,0,0,0;0,0,0,0,31,0,51,0,43,51,63,0,43,34,0,42,78,0,0,0,0,0,35,0,0,0,24,0,0,0;0,40,0,32,0,0,0,0,61,0,72,0,0,0,0,33,0,0,0,30,0,0,0,39,0,44,0,0,0,0;0,0,0,0,37,0,70,0,0,0,20,53,0,0,0,0,0,64,0,0,47,0,20,0,73,0,0,0,0,0
0,0,0,0,21,0,0,0,23,0,0,0,0,28,0,0,0,0,32,0,0,34,0,0,22,0,35,0,28,25;0,0,32,25,0,0,0,28,0,0,28,0,39,0,0,34,32,0,0,0,0,25,0,28,38,0,0,34,0,0;0,0,0,0,24,34,0,0,0,0,0,24,0,25,0,0,0,0,0,23,0,0,0,0,0,38,0,0,0,0;27,0,34,0,23,0,0,0,0,0,0,33,21,0,38,20,0,0,0,0,0,40,0,0,30,0,29,0,29,0;31,0,0,28,0,0,0,0,0,35,0,32,0,0,32,0,0,0,28,0,0,0,21,30,0,0,0,0,24,0;0,32,0,0,33,0,0,0,22,0,0,0,24,0,0,40,0,0,36,0,0,25,0,0,0,0,22,0,30,0;0,0,0,0,0,0,0,28,0,0,0,0,0,0,0,0,31,39,0,36,0,0,0,0,0,23,27,0,31,20;0,0,0,0,0,0,0,0,32,0,0,0,37,0,0,27,0,0,0,0,0,0,0,40,0,20,37,40,0,34;0,36,0,24,0,21,0,34,0,33,0,0,27,0,0,0,0,0,31,0,0,0,0,21,0,21,0,0,28,26;34,0,39,0,0,23,0,0,0,0,0,25,20,0,34,0,0,0,0,0,24,36,0,0,0,0,0,20,29,0;0,0,26,0,0,0,0,0,0,0,0,0,36,40,0,0,0,0,0,39,28,0,0,32,0,0,0,0,0,0;0,0,0,0,0,32,39,25,0,0,0,0,0,0,33,0,0,0,0,20,22,0,0,0,0,0,0,34,35,0;0,0,0,32,0,0,0,0,0,36,0,30,0,29,0,0,0,0,36,22,0,0,0,0,0,0,0,0,0,0;0,27,0,0,32,0,0,0,0,35,33,0,0,0,0,30,0,0,22,0,0,0,0,36,25,0,0,0,0,0;40,0,0,0,21,31,0,0,19,20,0,0,0,28,0,0,0,37,0,0,34,0,0,0,0,0,0,0,22,0;28,26,0,35,0,0,0,0,0,21,0,25,0,0,0,0,28,0,33,21,0,40,39,0,0,0,0,0,20,0;0,0,0,0,0,40,0,0,0,34,0,0,0,0,36,22,0,30,0,0,0,0,20,0,37,0,28,0,34,0;0,0,30,0,40,0,0,0,0,0,0,0,38,0,21,0,36,0,39,0,0,0,0,0,35,0,0,21,0,0;0,0,0,0,0,33,25,0,0,0,0,0,32,0,0,0,0,0,0,0,35,0,28,0,0,28,39,0,0,0;30,35,0,0,0,0,0,22,0,36,33,33,0,0,0,24,34,21,30,0,0,0,0,28,0,0,0,0,0,0;0,0,0,0,0,0,0,35,0,0,0,0,26,0,32,0,25,0,0,0,0,30,0,0,37,0,0,0,0,0;36,21,0,0,20,28,34,0,0,0,0,0,0,0,0,0,0,40,0,0,0,0,28,0,0,0,0,31,28,0;23,0,0,0,0,34,0,0,0,21,33,24,0,0,40,29,27,0,0,0,0,0,0,40,28,0,0,0,0,0;0,0,0,0,0,0,0,32,21,0,0,0,0,34,0,0,0,0,0,0,0,31,0,0,0,40,0,0,33,0;0,0,0,28,33,36,0,24,0,29,0,29,0,0,28,0,22,0,0,0,0,0,38,0,0,35,40,36,37,0;29,0,0,0,0,31,0,0,0,0,0,0,0,0,0,0,0,0,0,38,31,35,0,0,0,0,0,35,0,28;0,39,0,34,0,29,20,25,0,21,0,0,0,0,0,0,0,0,0,40,0,28,0,0,0,0,0,0,0,0;0,0,0,0,21,0,25,0,21,38,33,0,32,22,0,32,23,0,0,0,0,0,20,0,0,0,37,0,0,0;0,28,0,29,0,0,0,0,22,0,38,0,0,0,0,29,0,0,0,29,0,0,0,23,0,24,0,0,0,0;0,0,0,0,36,0,33,0,0,0,27,25,0,0,0,0,0,20,0,0,23,0,35,0,31,0,0,0,0,0
-14,28,0,0,15,-3,0,0,0,-16,0,28,-19,0,14,0,0,0,0,28,0,0,0,-21,0,0,-14,-16,-10,0
------------- End of Scenario k = 14 -------
0,0,0,0,61,0,0,0,57,0,0,0,0,42,0,0,0,0,41,0,0,45,0,0,52,0,55,0,55,28;0,0,22,27,0,0,0,43,0,0,76,0,69,0,0,51,49,0,0,0,0,26,0,80,74,0,0,29,0,0;0,0,0,0,49,80,0,0,0,0,0,70,0,22,0,0,0,0,0,34,0,0,0,0,0,22,0,0,0,0;78,0,69,0,71,0,0,0,0,0,0,62,24,0,60,66,0,0,0,0,0,77,0,0,42,0,80,0,41,0;64,0,0,42,0,0,0,0,0,29,0,25,0,0,80,0,0,0,71,0,0,0,31,27,0,0,0,0,25,0;0,72,0,0,31,0,0,0,60,0,0,0,56,0,0,64,0,0,74,0,0,30,0,0,0,0,49,0,78,0;0,0,0,0,0,0,0,47,0,0,0,0,0,0,0,0,44,29,0,50,0,0,0,0,0,28,66,0,79,38;0,0,0,0,0,0,0,0,80,0,0,0,80,0,0,21,0,0,0,0,0,0,0,28,0,58,80,75,0,44;0,62,0,28,0,34,0,33,0,33,0,0,55,0,0,0,0,0,42,0,0,0,0,52,0,26,0,0,24,22;43,0,58,0,0,45,0,0,0,0,0,40,32,0,39,0,0,0,0,0,25,27,0,0,0,0,0,65,52,0;0,0,68,0,0,0,0,0,0,0,0,0,38,25,0,0,0,0,0,32,65,0,0,70,0,0,0,0,0,0;0,0,0,0,0,56,80,77,0,0,0,0,0,0,79,0,0,0,0,61,52,0,0,0,0,0,0,66,80,0;0,0,0,42,0,0,0,0,0,58,0,20,0,42,0,0,0,0,49,42,0,0,0,0,0,0,0,0,0,0;0,45,0,0,58,0,0,0,0,75,22,0,0,0,0,24,0,0,20,0,0,0,0,35,69,0,0,0,0,0;25,0,0,0,48,61,0,0,35,80,0,0,0,20,0,0,0,41,0,0,58,0,0,0,0,0,0,0,45,0;61,47,0,63,0,0,0,0,0,36,0,39,0,0,0,0,80,0,75,74,0,58,54,0,0,0,0,0,71,0;0,0,0,0,0,63,0,0,0,27,0,0,0,0,80,55,0,80,0,0,0,0,50,0,37,0,80,0,31,0;0,0,44,0,35,0,0,0,0,0,0,0,40,0,46,0,49,0,80,0,0,0,0,0,61,0,0,42,0,0;0,0,0,0,0,31,60,0,0,0,0,0,72,0,0,0,0,0,0,0,51,0,50,0,0,55,33,0,0,0;56,46,0,0,0,0,0,54,0,80,21,46,0,0,0,65,32,72,79,0,0,0,0,37,0,0,0,0,0,0;0,0,0,0,0,0,0,27,0,0,0,0,35,0,43,0,76,0,0,0,0,32,0,0,24,0,0,0,0,0;67,38,0,0,30,66,43,0,0,0,0,0,0,0,0,0,0,39,0,0,0,0,56,0,0,0,0,24,60,0;48,0,0,0,0,80,0,0,0,50,30,40,0,0,41,56,78,0,0,0,0,0,0,56,33,0,0,0,0,0;0,0,0,0,0,0,0,50,62,0,0,0,0,54,0,0,0,0,0,0,0,49,0,0,0,38,0,0,25,0;0,0,0,56,52,53,0,27,0,76,0,60,0,0,67,0,78,0,0,0,0,0,67,0,0,32,67,40,80,0;58,0,0,0,0,50,0,0,0,0,0,0,0,0,0,0,0,0,0,27,72,60,0,0,0,0,0,62,0,80;0,44,0,42,0,30,23,41,0,30,0,0,0,0,0,0,0,0,0,39,0,41,0,0,0,0,0,0,0,0;0,0,0,0,78,0,40,0,76,77,75,0,27,57,0,37,24,0,0,0,0,0,26,0,0,0,61,0,0,0;0,55,0,73,0,0,0,0,42,0,24,0,0,0,0,53,0,0,0,23,0,0,0,63,0,57,0,0,0,0;0,0,0,0,45,0,75,0,0,0,67,55,0,0,0,0,0,44,0,0,71,0,50,0,32,0,0,0,0,0
0,0,0,0,32,0,0,0,26,0,0,0,0,38,0,0,0,0,38,0,0,40,0,0,32,0,27,0,28,27;0,0,36,39,0,0,0,26,0,0,28,0,29,0,0,35,39,0,0,0,0,39,0,17,32,0,0,19,0,0;0,0,0,0,29,39,0,0,0,0,0,36,0,20,0,0,0,0,0,32,0,0,0,0,0,27,0,0,0,0;27,0,33,0,40,0,0,0,0,0,0,31,32,0,37,35,0,0,0,0,0,26,0,0,20,0,28,0,21,0;26,0,0,27,0,0,0,0,0,24,0,23,0,0,20,0,0,0,34,0,0,0,40,32,0,0,0,0,26,0;0,26,0,0,33,0,0,0,28,0,0,0,30,0,0,34,0,0,38,0,0,30,0,0,0,0,37,0,37,0;0,0,0,0,0,0,0,40,0,0,0,0,0,0,0,0,37,21,0,31,0,0,0,0,0,26,35,0,35,33;0,0,0,0,0,0,0,0,30,0,0,0,24,0,0,39,0,0,0,0,0,0,0,14,0,30,21,35,0,34;0,32,0,28,0,20,0,27,0,32,0,0,28,0,0,0,0,0,34,0,0,0,0,28,0,22,0,0,39,36;39,0,21,0,0,29,0,0,0,0,0,39,36,0,33,0,0,0,0,0,20,40,0,0,0,0,0,33,26,0;0,0,34,0,0,0,0,0,0,0,0,0,18,38,0,0,0,0,0,25,38,0,0,39,0,0,0,0,0,0;0,0,0,0,0,30,22,30,0,0,0,0,0,0,39,0,0,0,0,25,39,0,0,0,0,0,0,35,34,0;0,0,0,26,0,0,0,0,0,24,0,33,0,35,0,0,0,0,23,30,0,0,0,0,0,0,0,0,0,0;0,35,0,0,30,0,0,0,0,23,26,0,0,0,0,33,0,0,31,0,0,0,0,22,20,0,0,0,0,0;36,0,0,0,28,30,0,0,31,39,0,0,0,21,0,0,0,35,0,0,31,0,0,0,0,0,0,0,31,0;33,34,0,31,0,0,0,0,0,32,0,24,0,0,0,0,21,0,28,32,0,35,29,0,0,0,0,0,33,0;0,0,0,0,0,37,0,0,0,28,0,0,0,0,31,37,0,29,0,0,0,0,20,0,39,0,29,0,30,0;0,0,24,0,36,0,0,0,0,0,0,0,28,0,33,0,33,0,36,0,0,0,0,0,26,0,0,40,0,0;0,0,0,0,0,27,40,0,0,0,0,0,20,0,0,0,0,0,0,0,12,0,29,0,0,35,23,0,0,0;23,31,0,0,0,0,0,35,0,31,12,33,0,0,0,29,23,26,32,0,0,0,0,40,0,0,0,0,0,0;0,0,0,0,0,0,0,34,0,0,0,0,36,0,27,0,28,0,0,0,0,17,0,0,24,0,0,0,0,0;25,21,0,0,33,27,21,0,0,0,0,0,0,0,0,0,0,26,0,0,0,0,14,0,0,0,0,28,39,0;31,0,0,0,0,17,0,0,0,37,32,33,0,0,40,27,23,0,0,0,0,0,0,26,27,0,0,0,0,0;0,0,0,0,0,0,0,31,27,0,0,0,0,32,0,0,0,0,0,0,0,40,0,0,0,27,0,0,29,0;0,0,0,21,36,36,0,22,0,30,0,39,0,0,20,0,25,0,0,0,0,0,35,0,0,17,28,29,40,0;39,0,0,0,0,22,0,0,0,0,0,0,0,0,0,0,0,0,0,23,39,36,0,0,0,0,0,16,0,12;0,27,0,40,0,23,40,20,0,30,0,0,0,0,0,0,0,0,0,20,0,27,0,0,0,0,0,0,0,0;0,0,0,0,27,0,40,0,25,23,28,0,20,34,0,36,28,0,0,0,0,0,37,0,0,0,38,0,0,0;0,25,0,37,0,0,0,0,21,0,28,0,0,0,0,31,0,0,0,30,0,0,0,25,0,23,0,0,0,0;0,0,0,0,25,0,36,0,0,0,39,24,0,0,0,0,0,25,0,0,25,0,26,0,22,0,0,0,0,0
-9,13,0,0,26,-11,0,0,0,-27,0,14,-6,0,26,0,0,0,0,12,0,0,0,-12,0,0,-10,-10,-6,0
------------- End of Scenario k = 15 -------
0,0,0,0,26,0,0,0,73,0,0,0,0,62,0,0,0,0,28,0,0,62,0,0,78,0,55,0,27,32;0,0,80,33,0,0,0,59,0,0,73,0,20,0,0,44,71,0,0,0,0,45,0,80,38,0,0,80,0,0;0,0,0,0,61,24,0,0,0,0,0,73,0,41,0,0,0,0,0,79,0,0,0,0,0,65,0,0,0,0;65,0,27,0,52,0,0,0,0,0,0,44,64,0,29,55,0,0,0,0,0,45,0,0,73,0,45,0,50,0;60,0,0,80,0,0,0,0,0,33,0,31,0,0,52,0,0,0,32,0,0,0,49,51,0,0,0,0,40,0;0,77,0,0,47,0,0,0,65,0,0,0,25,0,0,62,0,0,79,0,0,51,0,0,0,0,48,0,65,0;0,0,0,0,0,0,0,51,0,0,0,0,0,0,0,0,75,63,0,77,0,0,0,0,0,29,79,0,47,74;0,0,0,0,0,0,0,0,58,0,0,0,73,0,0,31,0,0,0,0,0,0,0,28,0,25,34,63,0,68;0,73,0,76,0,71,0,25,0,45,0,0,64,0,0,0,0,0,62,0,0,0,0,28,0,25,0,0,20,26;28,0,75,0,0,49,0,0,0,0,0,76,59,0,43,0,0,0,0,0,29,49,0,0,0,0,0,67,65,0;0,0,54,0,0,0,0,0,0,0,0,0,80,33,0,0,0,0,0,39,30,0,0,68,0,0,0,0,0,0;0,0,0,0,0,78,80,69,0,0,0,0,0,0,79,0,0,0,0,55,60,0,0,0,0,0,0,80,21,0;0,0,0,60,0,0,0,0,0,67,0,46,0,28,0,0,0,0,41,51,0,0,0,0,0,0,0,0,0,0;0,70,0,0,66,0,0,0,0,77,36,0,0,0,0,52,0,0,30,0,0,0,0,62,76,0,0,0,0,0;51,0,0,0,48,23,0,0,80,62,0,0,0,76,0,0,0,24,0,0,50,0,0,0,0,0,0,0,63,0;64,56,0,50,0,0,0,0,0,38,0,42,0,0,0,0,80,0,59,32,0,26,75,0,0,0,0,0,34,0;0,0,0,0,0,61,0,0,0,79,0,0,0,0,57,48,0,47,0,0,0,0,48,0,27,0,80,0,23,0;0,0,40,0,53,0,0,0,0,0,0,0,69,0,74,0,77,0,80,0,0,0,0,0,21,0,0,27,0,0;0,0,0,0,0,80,61,0,0,0,0,0,71,0,0,0,0,0,0,0,80,0,26,0,0,49,52,0,0,0;78,43,0,0,0,0,0,24,0,80,80,45,0,0,0,24,37,40,61,0,0,0,0,80,0,0,0,0,0,0;0,0,0,0,0,0,0,43,0,0,0,0,31,0,61,0,30,0,0,0,0,80,0,0,46,0,0,0,0,0;80,61,0,0,73,68,39,0,0,0,0,0,0,0,0,0,0,50,0,0,0,0,80,0,0,0,0,49,76,0;73,0,0,0,0,80,0,0,0,43,64,70,0,0,34,22,55,0,0,0,0,0,0,80,80,0,0,0,0,0;0,0,0,0,0,0,0,80,68,0,0,0,0,65,0,0,0,0,0,0,0,79,0,0,0,20,0,0,36,0;0,0,0,71,53,40,0,46,0,26,0,64,0,0,45,0,71,0,0,0,0,0,52,0,0,32,24,79,80,0;31,0,0,0,0,79,0,0,0,0,0,0,0,0,0,0,0,0,0,75,41,35,0,0,0,0,0,80,0,80;0,42,0,30,0,59,22,60,0,55,0,0,0,0,0,0,0,0,0,60,0,57,0,0,0,0,0,0,0,0;0,0,0,0,27,0,73,0,54,36,80,0,53,64,0,50,22,0,0,0,0,0,43,0,0,0,65,0,0,0;0,75,0,76,0,0,0,0,58,0,75,0,0,0,0,77,0,0,0,69,0,0,0,69,0,45,0,0,0,0;0,0,0,0,51,0,25,0,0,0,72,38,0,0,0,0,0,64,0,0,24,0,34,0,51,0,0,0,0,0
0,0,0,0,39,0,0,0,37,0,0,0,0,24,0,0,0,0,26,0,0,36,0,0,22,0,35,0,27,28;0,0,20,40,0,0,0,22,0,0,28,0,35,0,0,35,34,0,0,0,0,35,0,20,22,0,0,18,0,0;0,0,0,0,33,23,0,0,0,0,0,35,0,23,0,0,0,0,0,27,0,0,0,0,0,25,0,0,0,0;25,0,33,0,30,0,0,0,0,0,0,23,32,0,24,37,0,0,0,0,0,21,0,0,39,0,26,0,21,0;29,0,0,37,0,0,0,0,0,27,0,32,0,0,28,0,0,0,23,0,0,0,25,27,0,0,0,0,30,0;0,27,0,0,40,0,0,0,23,0,0,0,35,0,0,21,0,0,32,0,0,37,0,0,0,0,39,0,39,0;0,0,0,0,0,0,0,25,0,0,0,0,0,0,0,0,27,28,0,26,0,0,0,0,0,23,26,0,40,21;0,0,0,0,0,0,0,0,33,0,0,0,40,0,0,27,0,0,0,0,0,0,0,22,0,26,20,35,0,30;0,38,0,23,0,24,0,33,0,39,0,0,37,0,0,0,0,0,36,0,0,0,0,39,0,27,0,0,36,38;21,0,34,0,0,34,0,0,0,0,0,32,29,0,37,0,0,0,0,0,39,26,0,0,0,0,0,20,33,0;0,0,37,0,0,0,0,0,0,0,0,0,20,24,0,0,0,0,0,38,38,0,0,20,0,0,0,0,0,0;0,0,0,0,0,27,35,21,0,0,0,0,0,0,21,0,0,0,0,36,33,0,0,0,0,0,0,35,22,0;0,0,0,29,0,0,0,0,0,37,0,32,0,36,0,0,0,0,28,25,0,0,0,0,0,0,0,0,0,0;0,22,0,0,31,0,0,0,0,30,21,0,0,0,0,31,0,0,30,0,0,0,0,32,22,0,0,0,0,0;36,0,0,0,33,20,0,0,32,39,0,0,0,36,0,0,0,35,0,0,36,0,0,0,0,0,0,0,21,0;25,21,0,34,0,0,0,0,0,37,0,21,0,0,0,0,25,0,33,38,0,37,32,0,0,0,0,0,38,0;0,0,0,0,0,21,0,0,0,38,0,0,0,0,36,22,0,23,0,0,0,0,35,0,27,0,26,0,38,0;0,0,28,0,33,0,0,0,0,0,0,0,34,0,33,0,25,0,30,0,0,0,0,0,20,0,0,38,0,0;0,0,0,0,0,31,28,0,0,0,0,0,25,0,0,0,0,0,0,0,36,0,29,0,0,39,36,0,0,0;39,31,0,0,0,0,0,39,0,32,21,36,0,0,0,37,40,23,23,0,0,0,0,23,0,0,0,0,0,0;0,0,0,0,0,0,0,33,0,0,0,0,32,0,35,0,37,0,0,0,0,40,0,0,40,0,0,0,0,0;34,38,0,0,33,34,21,0,0,0,0,0,0,0,0,0,0,40,0,0,0,0,31,0,0,0,0,28,27,0;33,0,0,0,0,31,0,0,0,27,22,37,0,0,38,21,22,0,0,0,0,0,0,24,21,0,0,0,0,0;0,0,0,0,0,0,0,31,26,0,0,0,0,33,0,0,0,0,0,0,0,23,0,0,0,23,0,0,39,0;0,0,0,40,38,22,0,23,0,24,0,37,0,0,30,0,23,0,0,0,0,0,32,0,0,24,35,20,39,0;37,0,0,0,0,34,0,0,0,0,0,0,0,0,0,0,0,0,0,28,40,23,0,0,0,0,0,21,0,24;0,27,0,36,0,33,27,29,0,32,0,0,0,0,0,0,0,0,0,39,0,37,0,0,0,0,0,0,0,0;0,0,0,0,34,0,25,0,26,26,35,0,23,32,0,40,39,0,0,0,0,0,22,0,0,0,34,0,0,0;0,25,0,39,0,0,0,0,33,0,30,0,0,0,0,39,0,0,0,33,0,0,0,32,0,33,0,0,0,0;0,0,0,0,38,0,34,0,0,0,23,27,0,0,0,0,0,24,0,0,39,0,38,0,38,0,0,0,0,0
-4,18,0,0,23,-11,0,0,0,-12,0,18,-11,0,11,0,0,0,0,20,0,0,0,-18,0,0,-18,-7,-9,0
------------- End of Scenario k = 16 -------
0,0,0,0,30,0,0,0,67,0,0,0,0,29,0,0,0,0,53,0,0,39,0,0,76,0,25,0,63,58;0,0,76,26,0,0,0,77,0,0,68,0,57,0,0,70,44,0,0,0,0,58,0,57,39,0,0,77,0,0;0,0,0,0,42,53,0,0,0,0,0,76,0,67,0,0,0,0,0,67,0,0,0,0,0,24,0,0,0,0;56,0,30,0,64,0,0,0,0,0,0,64,51,0,66,51,0,0,0,0,0,78,0,0,56,0,80,0,52,0;80,0,0,80,0,0,0,0,0,52,0,26,0,0,64,0,0,0,39,0,0,0,69,80,0,0,0,0,80,0;0,25,0,0,65,0,0,0,43,0,0,0,57,0,0,29,0,0,51,0,0,55,0,0,0,0,26,0,38,0;0,0,0,0,0,0,0,80,0,0,0,0,0,0,0,0,54,67,0,32,0,0,0,0,0,76,76,0,61,25;0,0,0,0,0,0,0,0,63,0,0,0,80,0,0,20,0,0,0,0,0,0,0,80,0,79,80,56,0,54;0,57,0,63,0,22,0,28,0,55,0,0,64,0,0,0,0,0,74,0,0,0,0,59,0,71,0,0,45,70;44,0,52,0,0,35,0,0,0,0,0,69,56,0,57,0,0,0,0,0,66,22,0,0,0,0,0,74,45,0;0,0,53,0,0,0,0,0,0,0,0,0,80,73,0,0,0,0,0,48,66,0,0,31,0,0,0,0,0,0;0,0,0,0,0,80,80,71,0,0,0,0,0,0,27,0,0,0,0,29,68,0,0,0,0,0,0,25,80,0;0,0,0,41,0,0,0,0,0,46,0,44,0,78,0,0,0,0,46,67,0,0,0,0,0,0,0,0,0,0;0,21,0,0,80,0,0,0,0,31,36,0,0,0,0,80,0,0,63,0,0,0,0,76,25,0,0,0,0,0;79,0,0,0,23,35,0,0,80,33,0,0,0,48,0,0,0,64,0,0,73,0,0,0,0,0,0,0,20,0;65,35,0,61,0,0,0,0,0,39,0,75,0,0,0,0,80,0,45,59,0,56,53,0,0,0,0,0,25,0;0,0,0,0,0,55,0,0,0,67,0,0,0,0,27,52,0,80,0,0,0,0,35,0,76,0,51,0,52,0;0,0,57,0,53,0,0,0,0,0,0,0,64,0,46,0,77,0,67,0,0,0,0,0,39,0,0,40,0,0;0,0,0,0,0,65,72,0,0,0,0,0,56,0,0,0,0,0,0,0,71,0,20,0,0,43,48,0,0,0;55,80,0,0,0,0,0,69,0,22,52,64,0,0,0,46,24,72,71,0,0,0,0,49,0,0,0,0,0,0;0,0,0,0,0,0,0,34,0,0,0,0,22,0,22,0,53,0,0,0,0,80,0,0,63,0,0,0,0,0;53,47,0,0,61,66,47,0,0,0,0,0,0,0,0,0,0,61,0,0,0,0,60,0,0,0,0,30,49,0;44,0,0,0,0,31,0,0,0,77,39,74,0,0,29,61,33,0,0,0,0,0,0,44,72,0,0,0,0,0;0,0,0,0,0,0,0,76,57,0,0,0,0,78,0,0,0,0,0,0,0,28,0,0,0,77,0,0,27,0;0,0,0,29,34,60,0,76,0,68,0,29,0,0,38,0,56,0,0,0,0,0,35,0,0,26,79,62,80,0;59,0,0,0,0,63,0,0,0,0,0,0,0,0,0,0,0,0,0,80,65,54,0,0,0,0,0,80,0,59;0,65,0,74,0,47,58,80,0,75,0,0,0,0,0,0,0,0,0,51,0,41,0,0,0,0,0,0,0,0;0,0,0,0,72,0,21,0,38,77,69,0,33,45,0,41,36,0,0,0,0,0,69,0,0,0,33,0,0,0;0,75,0,73,0,0,0,0,20,0,62,0,0,0,0,52,0,0,0,76,0,0,0,67,0,47,0,0,0,0;0,0,0,0,49,0,74,0,0,0,37,70,0,0,0,0,0,78,0,0,32,0,51,0,64,0,0,0,0,0
0,0,0,0,38,0,0,0,30,0,0,0,0,28,0,0,0,0,35,0,0,20,0,0,34,0,20,0,20,33;0,0,40,23,0,0,0,36,0,0,23,0,39,0,0,20,21,0,0,0,0,31,0,40,35,0,0,40,0,0;0,0,0,0,26,24,0,0,0,0,0,39,0,26,0,0,0,0,0,30,0,0,0,0,0,37,0,0,0,0;22,0,37,0,27,0,0,0,0,0,0,25,21,0,40,34,0,0,0,0,0,22,0,0,25,0,38,0,33,0;34,0,0,28,0,0,0,0,0,37,0,28,0,0,37,0,0,0,26,0,0,0,23,37,0,0,0,0,26,0;0,32,0,0,39,0,0,0,30,0,0,0,36,0,0,20,0,0,37,0,0,23,0,0,0,0,22,0,33,0;0,0,0,0,0,0,0,30,0,0,0,0,0,0,0,0,25,34,0,29,0,0,0,0,0,39,36,0,20,38;0,0,0,0,0,0,0,0,24,0,0,0,35,0,0,25,0,0,0,0,0,0,0,31,0,32,39,34,0,23;0,39,0,38,0,25,0,34,0,33,0,0,29,0,0,0,0,0,34,0,0,0,0,26,0,22,0,0,37,37;20,0,21,0,0,34,0,0,0,0,0,24,37,0,20,0,0,0,0,0,23,26,0,0,0,0,0,27,39,0;0,0,27,0,0,0,0,0,0,0,0,0,30,34,0,0,0,0,0,34,21,0,0,26,0,0,0,0,0,0;0,0,0,0,0,29,30,20,0,0,0,0,0,0,34,0,0,0,0,30,21,0,0,0,0,0,0,34,31,0;0,0,0,36,0,0,0,0,0,22,0,24,0,37,0,0,0,0,26,26,0,0,0,0,0,0,0,0,0,0;0,23,0,0,34,0,0,0,0,30,31,0,0,0,0,26,0,0,29,0,0,0,0,34,33,0,0,0,0,0;32,0,0,0,23,36,0,0,22,33,0,0,0,29,0,0,0,40,0,0,36,0,0,0,0,0,0,0,22,0;35,33,0,24,0,0,0,0,0,23,0,40,0,0,0,0,38,0,38,30,0,22,38,0,0,0,0,0,36,0;0,0,0,0,0,30,0,0,0,40,0,0,0,0,31,37,0,35,0,0,0,0,39,0,22,0,35,0,28,0;0,0,40,0,40,0,0,0,0,0,0,0,21,0,25,0,23,0,27,0,0,0,0,0,22,0,0,40,0,0;0,0,0,0,0,39,29,0,0,0,0,0,23,0,0,0,0,0,0,0,35,0,35,0,0,35,29,0,0,0;30,36,0,0,0,0,0,20,0,27,27,36,0,0,0,21,22,39,34,0,0,0,0,35,0,0,0,0,0,0;0,0,0,0,0,0,0,26,0,0,0,0,27,0,40,0,28,0,0,0,0,32,0,0,38,0,0,0,0,0;26,39,0,0,32,31,36,0,0,0,0,0,0,0,0,0,0,36,0,0,0,0,38,0,0,0,0,37,31,0;36,0,0,0,0,34,0,0,0,36,35,32,0,0,39,21,24,0,0,0,0,0,0,22,40,0,0,0,0,0;0,0,0,0,0,0,0,29,24,0,0,0,0,29,0,0,0,0,0,0,0,36,0,0,0,35,0,0,38,0;0,0,0,34,29,38,0,30,0,32,0,30,0,0,24,0,24,0,0,0,0,0,33,0,0,31,32,20,29,0;33,0,0,0,0,34,0,0,0,0,0,0,0,0,0,0,0,0,0,32,36,23,0,0,0,0,0,33,0,30;0,39,0,21,0,37,39,39,0,31,0,0,0,0,0,0,0,0,0,25,0,32,0,0,0,0,0,0,0,0;0,0,0,0,32,0,23,0,21,26,34,0,36,21,0,36,25,0,0,0,0,0,33,0,0,0,33,0,0,0;0,23,0,22,0,0,0,0,36,0,28,0,0,0,0,34,0,0,0,32,0,0,0,27,0,25,0,0,0,0;0,0,0,0,37,0,35,0,0,0,32,21,0,0,0,0,0,21,0,0,29,0,38,0,20,0,0,0,0,0
-1,22,0,0,21,-21,0,0,0,-24,0,24,-5,0,22,0,0,0,0,25,0,0,0,-29,0,0,-18,-8,-8,0
------------- End of Scenario k = 17 -------
0,0,0,0,70,0,0,0,32,0,0,0,0,80,0,0,0,0,58,0,0,36,0,0,66,0,78,0,45,80;0,0,80,61,0,0,0,61,0,0,21,0,32,0,0,26,57,0,0,0,0,36,0,80,45,0,0,80,0,0;0,0,0,0,30,80,0,0,0,0,0,38,0,21,0,0,0,0,0,77,0,0,0,0,0,36,0,0,0,0;40,0,63,0,71,0,0,0,0,0,0,67,74,0,64,59,0,0,0,0,0,46,0,0,38,0,46,0,64,0;80,0,0,74,0,0,0,0,0,52,0,77,0,0,70,0,0,0,25,0,0,0,45,80,0,0,0,0,80,0;0,50,0,0,63,0,0,0,80,0,0,0,76,0,0,79,0,0,23,0,0,33,0,0,0,0,54,0,27,0;0,0,0,0,0,0,0,76,0,0,0,0,0,0,0,0,64,76,0,59,0,0,0,0,0,79,35,0,57,39;0,0,0,0,0,0,0,0,37,0,0,0,80,0,0,76,0,0,0,0,0,0,0,69,0,51,42,78,0,64;0,59,0,70,0,57,0,65,0,63,0,0,60,0,0,0,0,0,41,0,0,0,0,49,0,65,0,0,43,64;71,0,55,0,0,41,0,0,0,0,0,67,29,0,37,0,0,0,0,0,60,23,0,0,0,0,0,76,62,0;0,0,61,0,0,0,0,0,0,0,0,0,22,80,0,0,0,0,0,57,72,0,0,63,0,0,0,0,0,0;0,0,0,0,0,25,80,34,0,0,0,0,0,0,76,0,0,0,0,73,47,0,0,0,0,0,0,61,20,0;0,0,0,57,0,0,0,0,0,55,0,63,0,33,0,0,0,0,71,71,0,0,0,0,0,0,0,0,0,0;0,73,0,0,77,0,0,0,0,41,78,0,0,0,0,80,0,0,43,0,0,0,0,43,78,0,0,0,0,0;50,0,0,0,41,70,0,0,62,49,0,0,0,67,0,0,0,67,0,0,52,0,0,0,0,0,0,0,56,0;80,67,0,72,0,0,0,0,0,76,0,42,0,0,0,0,80,0,66,38,0,49,73,0,0,0,0,0,45,0;0,0,0,0,0,32,0,0,0,74,0,0,0,0,65,44,0,69,0,0,0,0,34,0,61,0,49,0,32,0;0,0,69,0,62,0,0,0,0,0,0,0,77,0,44,0,72,0,52,0,0,0,0,0,67,0,0,33,0,0;0,0,0,0,0,80,80,0,0,0,0,0,36,0,0,0,0,0,0,0,46,0,78,0,0,50,21,0,0,0;24,62,0,0,0,0,0,21,0,80,26,41,0,0,0,25,21,20,37,0,0,0,0,36,0,0,0,0,0,0;0,0,0,0,0,0,0,41,0,0,0,0,70,0,66,0,34,0,0,0,0,47,0,0,56,0,0,0,0,0;32,34,0,0,34,44,41,0,0,0,0,0,0,0,0,0,0,34,0,0,0,0,80,0,0,0,0,28,55,0;54,0,0,0,0,80,0,0,0,68,58,62,0,0,47,26,53,0,0,0,0,0,0,66,80,0,0,0,0,0;0,0,0,0,0,0,0,78,26,0,0,0,0,67,0,0,0,0,0,0,0,33,0,0,0,34,0,0,68,0;0,0,0,49,38,43,0,54,0,40,0,62,0,0,78,0,57,0,0,0,0,0,64,0,0,80,55,67,47,0;33,0,0,0,0,43,0,0,0,0,0,0,0,0,0,0,0,0,0,61,40,69,0,0,0,0,0,78,0,80;0,71,0,75,0,38,29,42,0,53,0,0,0,0,0,0,0,0,0,55,0,41,0,0,0,0,0,0,0,0;0,0,0,0,70,0,23,0,47,62,58,0,65,51,0,54,22,0,0,0,0,0,77,0,0,0,76,0,0,0;0,40,0,38,0,0,0,0,74,0,80,0,0,0,0,56,0,0,0,72,0,0,0,33,0,35,0,0,0,0;0,0,0,0,26,0,31,0,0,0,60,65,0,0,0,0,0,60,0,0,80,0,76,0,24,0,0,0,0,0
0,0,0,0,29,0,0,0,32,0,0,0,0,22,0,0,0,0,20,0,0,30,0,0,39,0,31,0,36,21;0,0,35,24,0,0,0,38,0,0,23,0,29,0,0,24,30,0,0,0,0,25,0,26,37,0,0,31,0,0;0,0,0,0,24,36,0,0,0,0,0,28,0,27,0,0,0,0,0,34,0,0,0,0,0,29,0,0,0,0;28,0,40,0,30,0,0,0,0,0,0,40,37,0,37,31,0,0,0,0,0,40,0,0,20,0,32,0,31,0;40,0,0,31,0,0,0,0,0,22,0,38,0,0,26,0,0,0,25,0,0,0,39,36,0,0,0,0,32,0;0,38,0,0,38,0,0,0,30,0,0,0,27,0,0,31,0,0,24,0,0,22,0,0,0,0,34,0,22,0;0,0,0,0,0,0,0,35,0,0,0,0,0,0,0,0,24,24,0,22,0,0,0,0,0,37,32,0,27,36;0,0,0,0,0,0,0,0,22,0,0,0,27,0,0,29,0,0,0,0,0,0,0,27,0,29,32,38,0,23;0,23,0,29,0,40,0,39,0,29,0,0,24,0,0,0,0,0,28,0,0,0,0,36,0,28,0,0,38,25;27,0,23,0,0,34,0,0,0,0,0,30,38,0,33,0,0,0,0,0,34,31,0,0,0,0,0,38,28,0;0,0,23,0,0,0,0,0,0,0,0,0,30,23,0,0,0,0,0,22,35,0,0,32,0,0,0,0,0,0;0,0,0,0,0,31,38,36,0,0,0,0,0,0,39,0,0,0,0,25,36,0,0,0,0,0,0,29,34,0;0,0,0,26,0,0,0,0,0,25,0,31,0,29,0,0,0,0,32,27,0,0,0,0,0,0,0,0,0,0;0,26,0,0,40,0,0,0,0,40,31,0,0,0,0,35,0,0,22,0,0,0,0,25,21,0,0,0,0,0;31,0,0,0,25,34,0,0,34,35,0,0,0,31,0,0,0,33,0,0,24,0,0,0,0,0,0,0,39,0;23,33,0,22,0,0,0,0,0,31,0,36,0,0,0,0,26,0,28,36,0,28,35,0,0,0,0,0,33,0;0,0,0,0,0,24,0,0,0,36,0,0,0,0,32,30,0,27,0,0,0,0,25,0,23,0,32,0,20,0;0,0,37,0,29,0,0,0,0,0,0,0,29,0,24,0,20,0,26,0,0,0,0,0,22,0,0,27,0,0;0,0,0,0,0,27,35,0,0,0,0,0,36,0,0,0,0,0,0,0,19,0,35,0,0,23,35,0,0,0;32,34,0,0,0,0,0,25,0,37,26,21,0,0,0,37,23,32,30,0,0,0,0,21,0,0,0,0,0,0;0,0,0,0,0,0,0,25,0,0,0,0,21,0,24,0,28,0,0,0,0,22,0,0,36,0,0,0,0,0;38,31,0,0,24,30,26,0,0,0,0,0,0,0,0,0,0,22,0,0,0,0,15,0,0,0,0,22,25,0;22,0,0,0,0,28,0,0,0,30,23,32,0,0,33,28,37,0,0,0,0,0,0,30,14,0,0,0,0,0;0,0,0,0,0,0,0,31,38,0,0,0,0,39,0,0,0,0,0,0,0,40,0,0,0,35,0,0,30,0;0,0,0,36,32,20,0,20,0,36,0,22,0,0,32,0,35,0,0,0,0,0,34,0,0,31,30,36,19,0;39,0,0,0,0,23,0,0,0,0,0,0,0,0,0,0,0,0,0,29,23,34,0,0,0,0,0,39,0,25;0,36,0,38,0,20,25,20,0,28,0,0,0,0,0,0,0,0,0,22,0,38,0,0,0,0,0,0,0,0;0,0,0,0,28,0,29,0,22,20,24,0,35,29,0,38,28,0,0,0,0,0,31,0,0,0,31,0,0,0;0,23,0,24,0,0,0,0,22,0,39,0,0,0,0,20,0,0,0,26,0,0,0,36,0,31,0,0,0,0;0,0,0,0,30,0,20,0,0,0,21,40,0,0,0,0,0,20,0,0,23,0,23,0,30,0,0,0,0,0
-10,26,0,0,30,-8,0,0,0,-23,0,27,-8,0,22,0,0,0,0,11,0,0,0,-17,0,0,-21,-20,-9,0
------------- End of Scenario k = 18 -------
0,0,0,0,60,0,0,0,77,0,0,0,0,33,0,0,0,0,77,0,0,71,0,0,48,0,70,0,30,33;0,0,24,45,0,0,0,57,0,0,20,0,80,0,0,72,58,0,0,0,0,28,0,58,40,0,0,80,0,0;0,0,0,0,52,54,0,0,0,0,0,54,0,28,0,0,0,0,0,59,0,0,0,0,0,77,0,0,0,0;31,0,44,0,76,0,0,0,0,0,0,65,71,0,62,56,0,0,0,0,0,65,0,0,41,0,56,0,29,0;80,0,0,66,0,0,0,0,0,47,0,32,0,0,73,0,0,0,44,0,0,0,64,80,0,0,0,0,40,0;0,24,0,0,47,0,0,0,64,0,0,0,73,0,0,62,0,0,33,0,0,34,0,0,0,0,37,0,35,0;0,0,0,0,0,0,0,68,0,0,0,0,0,0,0,0,45,62,0,41,0,0,0,0,0,35,80,0,44,76;0,0,0,0,0,0,0,0,55,0,0,0,80,0,0,24,0,0,0,0,0,0,0,69,0,48,71,26,0,76;0,57,0,56,0,25,0,47,0,38,0,0,40,0,0,0,0,0,30,0,0,0,0,46,0,67,0,0,78,47;22,0,35,0,0,63,0,0,0,0,0,77,61,0,50,0,0,0,0,0,74,24,0,0,0,0,0,21,33,0;0,0,21,0,0,0,0,0,0,0,0,0,66,80,0,0,0,0,0,33,34,0,0,55,0,0,0,0,0,0;0,0,0,0,0,78,55,48,0,0,0,0,0,0,26,0,0,0,0,38,27,0,0,0,0,0,0,80,53,0;0,0,0,47,0,0,0,0,0,67,0,28,0,70,0,0,0,0,54,46,0,0,0,0,0,0,0,0,0,0;0,24,0,0,55,0,0,0,0,46,42,0,0,0,0,41,0,0,64,0,0,0,0,80,31,0,0,0,0,0;38,0,0,0,73,79,0,0,80,80,0,0,0,68,0,0,0,45,0,0,67,0,0,0,0,0,0,0,60,0;80,78,0,60,0,0,0,0,0,27,0,28,0,0,0,0,80,0,60,54,0,59,40,0,0,0,0,0,65,0;0,0,0,0,0,27,0,0,0,48,0,0,0,0,67,29,0,39,0,0,0,0,69,0,33,0,80,0,50,0;0,0,20,0,78,0,0,0,0,0,0,0,37,0,35,0,78,0,80,0,0,0,0,0,21,0,0,30,0,0;0,0,0,0,0,25,40,0,0,0,0,0,21,0,0,0,0,0,0,0,80,0,40,0,0,25,59,0,0,0;51,42,0,0,0,0,0,76,0,80,67,63,0,0,0,44,40,67,41,0,0,0,0,80,0,0,0,0,0,0;0,0,0,0,0,0,0,44,0,0,0,0,42,0,44,0,39,0,0,0,0,46,0,0,70,0,0,0,0,0;73,75,0,0,28,56,56,0,0,0,0,0,0,0,0,0,0,47,0,0,0,0,24,0,0,0,0,55,54,0;24,0,0,0,0,80,0,0,0,80,49,46,0,0,73,39,72,0,0,0,0,0,0,48,80,0,0,0,0,0;0,0,0,0,0,0,0,59,44,0,0,0,0,34,0,0,0,0,0,0,0,68,0,0,0,52,0,0,34,0;0,0,0,65,35,70,0,62,0,24,0,37,0,0,38,0,57,0,0,0,0,0,61,0,0,21,67,37,80,0;74,0,0,0,0,25,0,0,0,0,0,0,0,0,0,0,0,0,0,80,76,36,0,0,0,0,0,80,0,80;0,26,0,43,0,38,72,57,0,20,0,0,0,0,0,0,0,0,0,46,0,75,0,0,0,0,0,0,0,0;0,0,0,0,56,0,31,0,50,68,28,0,30,79,0,47,45,0,0,0,0,0,43,0,0,0,35,0,0,0;0,76,0,71,0,0,0,0,52,0,34,0,0,0,0,57,0,0,0,44,0,0,0,76,0,63,0,0,0,0;0,0,0,0,70,0,40,0,0,0,43,36,0,0,0,0,0,35,0,0,57,0,64,0,32,0,0,0,0,0
0,0,0,0,27,0,0,0,27,0,0,0,0,28,0,0,0,0,20,0,0,37,0,0,28,0,37,0,26,21;0,0,34,21,0,0,0,29,0,0,31,0,36,0,0,26,34,0,0,0,0,22,0,29,33,0,0,33,0,0;0,0,0,0,40,28,0,0,0,0,0,28,0,33,0,0,0,0,0,35,0,0,0,0,0,31,0,0,0,0;31,0,30,0,39,0,0,0,0,0,0,26,37,0,23,21,0,0,0,0,0,26,0,0,27,0,31,0,38,0;22,0,0,39,0,0,0,0,0,27,0,23,0,0,29,0,0,0,40,0,0,0,40,39,0,0,0,0,40,0;0,33,0,0,36,0,0,0,28,0,0,0,29,0,0,24,0,0,30,0,0,39,0,0,0,0,39,0,37,0;0,0,0,0,0,0,0,40,0,0,0,0,0,0,0,0,26,40,0,36,0,0,0,0,0,25,39,0,27,32;0,0,0,0,0,0,0,0,38,0,0,0,31,0,0,38,0,0,0,0,0,0,0,34,0,27,36,29,0,20;0,26,0,21,0,20,0,30,0,39,0,0,29,0,0,0,0,0,21,0,0,0,0,27,0,38,0,0,30,31;37,0,39,0,0,26,0,0,0,0,0,33,28,0,40,0,0,0,0,0,30,39,0,0,0,0,0,37,20,0;0,0,25,0,0,0,0,0,0,0,0,0,19,25,0,0,0,0,0,37,32,0,0,25,0,0,0,0,0,0;0,0,0,0,0,38,36,31,0,0,0,0,0,0,28,0,0,0,0,40,25,0,0,0,0,0,0,35,31,0;0,0,0,25,0,0,0,0,0,37,0,24,0,21,0,0,0,0,20,26,0,0,0,0,0,0,0,0,0,0;0,24,0,0,36,0,0,0,0,32,38,0,0,0,0,18,0,0,22,0,0,0,0,36,31,0,0,0,0,0;24,0,0,0,35,25,0,0,39,34,0,0,0,25,0,0,0,20,0,0,20,0,0,0,0,0,0,0,23,0;40,30,0,33,0,0,0,0,0,40,0,33,0,0,0,0,19,0,21,35,0,27,33,0,0,0,0,0,20,0;0,0,0,0,0,39,0,0,0,37,0,0,0,0,40,23,0,32,0,0,0,0,23,0,20,0,24,0,23,0;0,0,36,0,36,0,0,0,0,0,0,0,37,0,21,0,31,0,27,0,0,0,0,0,36,0,0,38,0,0;0,0,0,0,0,29,39,0,0,0,0,0,31,0,0,0,0,0,0,0,22,0,36,0,0,38,32,0,0,0;28,20,0,0,0,0,0,31,0,31,30,30,0,0,0,32,32,37,37,0,0,0,0,27,0,0,0,0,0,0;0,0,0,0,0,0,0,34,0,0,0,0,32,0,26,0,30,0,0,0,0,28,0,0,40,0,0,0,0,0;37,38,0,0,29,24,20,0,0,0,0,0,0,0,0,0,0,37,0,0,0,0,22,0,0,0,0,39,25,0;32,0,0,0,0,37,0,0,0,32,21,28,0,0,34,23,20,0,0,0,0,0,0,28,24,0,0,0,0,0;0,0,0,0,0,0,0,20,28,0,0,0,0,22,0,0,0,0,0,0,0,25,0,0,0,29,0,0,33,0;0,0,0,30,34,38,0,38,0,29,0,26,0,0,20,0,25,0,0,0,0,0,33,0,0,28,22,24,29,0;25,0,0,0,0,37,0,0,0,0,0,0,0,0,0,0,0,0,0,34,25,38,0,0,0,0,0,20,0,20;0,27,0,39,0,36,38,29,0,32,0,0,0,0,0,0,0,0,0,28,0,33,0,0,0,0,0,0,0,0;0,0,0,0,24,0,36,0,38,40,39,0,28,40,0,30,22,0,0,0,0,0,39,0,0,0,26,0,0,0;0,22,0,34,0,0,0,0,31,0,21,0,0,0,0,25,0,0,0,35,0,0,0,28,0,28,0,0,0,0;0,0,0,0,28,0,36,0,0,0,32,32,0,0,0,0,0,22,0,0,37,0,38,0,30,0,0,0,0,0
-1,15,0,0,17,-10,0,0,0,-30,0,30,-9,0,28,0,0,0,0,16,0,0,0,-11,0,0,-5,-15,-25,0
------------- End of Scenario k = 19 -------
