/ -------------------------------------------------------------------------
An instance of the stochastic Fixed - charge Network Flow Problem using NETGEN.
/ -------------------------------------------------------------------------
Number of Nodes (no Dummy node is added), n
Graph Density, density
The fixed cost to variable cost ratio, f
Adjacency Matrix, A
Fixed Cost Matrix, c
Number of scenarios, K
Scenario Probabilities, p
----The following three rows will be repeated K times.----
Var Cost Matrix, d
Capacity, u
demand, b
/ -------------------------------------------------------------------------
+
30
0.3
200
0,0,1,0,0,0,0,0,1,0,0,1,0,0,0,0,0,0,1,0,0,0,0,1,0,1,1,0,0,0;1,0,1,0,0,0,0,1,0,0,0,0,1,1,0,0,0,1,1,1,0,0,1,0,0,1,0,0,0,1;0,1,0,1,0,1,1,1,0,0,1,1,0,1,1,0,0,0,1,1,1,0,0,1,0,0,0,1,0,1;1,0,0,0,0,0,0,1,0,1,1,0,0,0,1,0,0,1,1,1,0,0,0,1,1,0,0,1,0,0;0,1,0,0,0,0,1,1,0,0,0,1,1,1,0,0,1,0,0,1,0,0,1,0,0,1,1,0,0,1;0,0,1,0,1,0,0,0,0,0,0,1,0,0,0,0,0,0,0,0,0,0,0,0,0,0,0,0,0,1;0,1,1,0,0,0,0,0,0,0,0,0,1,0,0,0,0,1,0,1,0,0,0,0,0,0,0,0,0,0;1,1,0,0,0,0,0,0,1,0,0,1,0,0,1,0,0,1,0,0,0,0,0,1,0,0,0,1,0,0;0,1,0,0,0,1,0,1,0,0,0,0,1,0,0,1,1,0,1,1,0,0,0,1,0,0,1,0,1,1;0,0,1,1,0,0,0,1,0,0,0,1,0,0,1,0,0,0,0,1,0,0,0,0,0,0,1,0,0,0;0,0,0,0,0,0,0,0,0,0,0,0,0,0,0,0,0,0,0,0,0,0,0,1,0,1,0,0,1,0;1,0,0,0,0,0,0,0,0,0,1,0,0,0,1,0,0,1,0,1,0,1,0,0,0,0,1,0,0,0;0,0,0,0,0,0,0,0,0,1,1,1,0,1,1,0,0,1,1,1,1,0,0,0,0,0,0,0,1,0;0,0,0,1,0,0,1,0,1,0,0,1,0,0,0,0,0,1,0,0,1,0,1,0,0,0,1,1,0,0;0,0,0,1,0,1,0,1,0,0,1,1,0,0,0,0,0,1,0,0,1,0,1,0,0,0,0,0,0,0;0,0,0,1,1,1,0,1,0,0,0,0,1,0,0,0,0,0,0,0,1,0,0,1,1,0,0,1,0,0;1,0,0,1,0,1,0,0,0,1,0,1,1,0,0,0,0,0,1,0,0,0,1,0,1,0,0,1,0,0;0,1,0,1,1,0,1,1,0,0,1,1,0,0,1,0,1,0,0,1,0,0,1,0,1,0,0,0,0,0;0,0,0,1,1,0,0,0,0,0,0,0,0,0,0,0,0,1,0,0,1,0,0,0,0,0,1,1,0,1;0,0,0,1,0,0,0,0,0,0,0,0,0,0,0,0,0,0,0,0,0,0,0,0,1,0,0,0,1,1;0,0,0,1,1,1,1,0,1,1,0,0,0,0,0,1,1,0,1,1,0,0,0,1,0,1,1,0,0,0;1,0,0,0,1,0,0,0,0,1,0,1,1,0,0,1,0,1,0,1,0,0,0,1,1,0,0,1,0,1;1,1,0,0,0,0,1,1,0,0,0,0,0,1,1,0,1,1,0,1,0,0,0,0,0,0,0,0,1,0;1,1,0,0,1,0,0,0,0,0,1,1,0,0,1,0,1,0,1,0,0,0,0,0,0,0,0,1,0,0;0,0,0,0,0,1,0,0,0,1,0,1,1,0,0,0,0,1,0,0,1,1,0,0,0,0,0,0,0,1;0,0,0,0,0,1,0,0,0,0,0,0,1,1,0,0,1,1,1,0,0,0,1,0,0,0,0,1,0,0;1,0,1,0,0,0,0,0,1,1,0,0,0,1,1,0,0,0,0,1,0,0,0,1,1,0,0,0,1,0;1,0,0,0,0,1,0,1,0,0,0,1,0,0,0,0,1,0,0,0,0,0,0,0,1,0,0,0,0,0;1,0,0,1,0,0,0,1,1,0,0,1,0,0,1,0,0,0,0,0,0,0,0,0,0,0,0,0,0,0;0,0,0,1,0,0,1,0,1,1,0,0,0,0,0,0,0,0,0,1,0,0,0,1,1,0,0,0,1,0
0,0,10920,0,0,0,0,0,10080,0,0,10420,0,0,0,0,0,0,10040,0,0,0,0,9600,0,10940,9580,0,0,0;9300,0,14340,0,0,0,0,8720,0,0,0,0,12300,9040,0,0,0,10760,10440,11360,0,0,9160,0,0,9020,0,0,0,14040;0,7820,0,13160,0,15240,9920,10980,0,0,8900,13380,0,8460,9120,0,0,0,9740,8320,10660,0,0,12720,0,0,0,14200,0,8200;7580,0,0,0,0,0,0,10540,0,8080,10260,0,0,0,8600,0,0,10580,9240,10980,0,0,0,9520,9420,0,0,10780,0,0;0,8240,0,0,0,0,11700,10420,0,0,0,11040,11120,9000,0,0,9680,0,0,8320,0,0,9900,0,0,11220,12520,0,0,12320;0,0,12180,0,9880,0,0,0,0,0,0,8720,0,0,0,0,0,0,0,0,0,0,0,0,0,0,0,0,0,8960;0,9060,10920,0,0,0,0,0,0,0,0,0,12480,0,0,0,0,9640,0,11720,0,0,0,0,0,0,0,0,0,0;13960,10240,0,0,0,0,0,0,8420,0,0,10840,0,0,12020,0,0,10340,0,0,0,0,0,8440,0,0,0,11080,0,0;0,10820,0,0,0,9720,0,10240,0,0,0,0,13300,0,0,8640,10080,0,8940,12280,0,0,0,13180,0,0,11000,0,10960,14040;0,0,9740,14240,0,0,0,12520,0,0,0,12780,0,0,12320,0,0,0,0,14500,0,0,0,0,0,0,10060,0,0,0;0,0,0,0,0,0,0,0,0,0,0,0,0,0,0,0,0,0,0,0,0,0,0,9260,0,11380,0,0,10360,0;10480,0,0,0,0,0,0,0,0,0,12400,0,0,0,9480,0,0,10080,0,10540,0,10680,0,0,0,0,11680,0,0,0;0,0,0,0,0,0,0,0,0,9380,12060,9640,0,9100,7759,0,0,10880,10460,8840,8860,0,0,0,0,0,0,0,11260,0;0,0,0,14460,0,0,8440,0,12340,0,0,13140,0,0,0,0,0,8680,0,0,7880,0,9360,0,0,0,6959,13640,0,0;0,0,0,14719,0,8860,0,8200,0,0,11360,9140,0,0,0,0,0,10380,0,0,10740,0,10960,0,0,0,0,0,0,0;0,0,0,13119,11500,13219,0,11220,0,0,0,0,8960,0,0,0,0,0,0,0,8800,0,0,10040,10960,0,0,14719,0,0;9780,0,0,13119,0,11360,0,0,0,9520,0,9780,11120,0,0,0,0,0,11140,0,0,0,10640,0,9600,0,0,12940,0,0;0,8600,0,10260,9580,0,10680,11280,0,0,9820,7600,0,0,9920,0,10480,0,0,11420,0,0,10380,0,8720,0,0,0,0,0;0,0,0,10740,9300,0,0,0,0,0,0,0,0,0,0,0,0,8580,0,0,11920,0,0,0,0,0,9800,7440,0,12180;0,0,0,9400,0,0,0,0,0,0,0,0,0,0,0,0,0,0,0,0,0,0,0,0,10120,0,0,0,10180,10440;0,0,0,11480,12320,10840,10560,0,10140,10780,0,0,0,0,0,14419,11060,0,9820,11900,0,0,0,8940,0,7859,13800,0,0,0;13619,0,0,0,9620,0,0,0,0,10600,0,8420,13080,0,0,12360,0,10320,0,13019,0,0,0,13719,11560,0,0,10020,0,13740;12520,10580,0,0,0,0,8860,12780,0,0,0,0,0,10460,11720,0,12040,10840,0,10160,0,0,0,0,0,0,0,0,9600,0;9840,9580,0,0,9260,0,0,0,0,0,8200,11280,0,0,10700,0,9500,0,10620,0,0,0,0,0,0,0,0,11400,0,0;0,0,0,0,0,10040,0,0,0,7620,0,10680,10360,0,0,0,0,14200,0,0,10960,7959,0,0,0,0,0,0,0,9860;0,0,0,0,0,7240,0,0,0,0,0,0,10020,10860,0,0,9460,10040,11640,0,0,0,11520,0,0,0,0,13700,0,0;9380,0,9200,0,0,0,0,0,10880,8760,0,0,0,10860,11860,0,0,0,0,10160,0,0,0,12260,10060,0,0,0,10900,0;10700,0,0,0,0,10240,0,10700,0,0,0,10120,0,0,0,0,9880,0,0,0,0,0,0,0,9180,0,0,0,0,0;15000,0,0,10940,0,0,0,9120,10340,0,0,10940,0,0,8980,0,0,0,0,0,0,0,0,0,0,0,0,0,0,0;0,0,0,9680,0,0,9680,0,10420,9220,0,0,0,0,0,0,0,0,0,8900,0,0,0,9840,11500,0,0,0,8760,0
10
0.15,0.05,0.05,0.1,0.1,0.05,0.3,0.05,0.05,0.1
--Scenarios--
0,0,66,0,0,0,0,0,56,0,0,71,0,0,0,0,0,0,60,0,0,0,0,54,0,61,42,0,0,0;78,0,64,0,0,0,0,30,0,0,0,0,46,25,0,0,0,23,56,29,0,0,49,0,0,36,0,0,0,75;0,30,0,56,0,80,79,28,0,0,50,80,0,52,21,0,0,0,78,55,21,0,0,61,0,0,0,77,0,35;51,0,0,0,0,0,0,42,0,28,20,0,0,0,42,0,0,46,22,61,0,0,0,73,34,0,0,48,0,0;0,24,0,0,0,0,80,55,0,0,0,64,42,35,0,0,37,0,0,22,0,0,32,0,0,38,25,0,0,38;0,0,72,0,21,0,0,0,0,0,0,34,0,0,0,0,0,0,0,0,0,0,0,0,0,0,0,0,0,25;0,25,39,0,0,0,0,0,0,0,0,0,37,0,0,0,0,62,0,80,0,0,0,0,0,0,0,0,0,0;80,34,0,0,0,0,0,0,28,0,0,21,0,0,58,0,0,61,0,0,0,0,0,26,0,0,0,58,0,0;0,80,0,0,0,33,0,28,0,0,0,0,80,0,0,69,70,0,24,50,0,0,0,80,0,0,36,0,63,59;0,0,52,36,0,0,0,80,0,0,0,80,0,0,66,0,0,0,0,80,0,0,0,0,0,0,70,0,0,0;0,0,0,0,0,0,0,0,0,0,0,0,0,0,0,0,0,0,0,0,0,0,0,49,0,61,0,0,67,0;30,0,0,0,0,0,0,0,0,0,61,0,0,0,68,0,0,50,0,74,0,80,0,0,0,0,59,0,0,0;0,0,0,0,0,0,0,0,0,52,48,27,0,71,43,0,0,57,43,21,32,0,0,0,0,0,0,0,32,0;0,0,0,80,0,0,42,0,40,0,0,40,0,0,0,0,0,48,0,0,35,0,73,0,0,0,41,80,0,0;0,0,0,80,0,41,0,22,0,0,34,44,0,0,0,0,0,69,0,0,50,0,61,0,0,0,0,0,0,0;0,0,0,71,53,73,0,78,0,0,0,0,70,0,0,0,0,0,0,0,41,0,0,42,78,0,0,80,0,0;34,0,0,80,0,72,0,0,0,20,0,77,78,0,0,0,0,0,46,0,0,0,76,0,25,0,0,76,0,0;0,59,0,23,77,0,70,78,0,0,32,42,0,0,45,0,51,0,0,30,0,0,70,0,43,0,0,0,0,0;0,0,0,61,23,0,0,0,0,0,0,0,0,0,0,0,0,21,0,0,73,0,0,0,0,0,28,36,0,80;0,0,0,45,0,0,0,0,0,0,0,0,0,0,0,0,0,0,0,0,0,0,0,0,28,0,0,0,66,46;0,0,0,46,80,30,63,0,79,69,0,0,0,0,0,78,21,0,56,65,0,0,0,65,0,39,80,0,0,0;53,0,0,0,48,0,0,0,0,70,0,33,61,0,0,80,0,46,0,26,0,0,0,80,50,0,0,69,0,80;80,69,0,0,0,0,21,72,0,0,0,0,0,30,65,0,80,43,0,30,0,0,0,0,0,0,0,0,37,0;25,56,0,0,75,0,0,0,0,0,47,77,0,0,75,0,29,0,43,0,0,0,0,0,0,0,0,54,0,0;0,0,0,0,0,79,0,0,0,40,0,22,33,0,0,0,0,77,0,0,45,41,0,0,0,0,0,0,0,73;0,0,0,0,0,34,0,0,0,0,0,0,26,67,0,0,40,64,79,0,0,0,55,0,0,0,0,80,0,0;72,0,36,0,0,0,0,0,25,27,0,0,0,50,54,0,0,0,0,33,0,0,0,42,20,0,0,0,24,0;30,0,0,0,0,76,0,64,0,0,0,77,0,0,0,0,75,0,0,0,0,0,0,0,70,0,0,0,0,0;80,0,0,35,0,0,0,52,76,0,0,56,0,0,25,0,0,0,0,0,0,0,0,0,0,0,0,0,0,0;0,0,0,37,0,0,72,0,21,77,0,0,0,0,0,0,0,0,0,23,0,0,0,32,55,0,0,0,45,0
0,0,36,0,0,0,0,0,39,0,0,37,0,0,0,0,0,0,36,0,0,0,0,22,0,26,39,0,0,0;26,0,19,0,0,0,0,40,0,0,0,0,14,22,0,0,0,24,36,34,0,0,28,0,0,36,0,0,0,14;0,28,0,33,0,26,40,26,0,0,21,13,0,32,27,0,0,0,26,39,30,0,0,37,0,0,0,11,0,31;37,0,0,0,0,0,0,37,0,34,32,0,0,0,30,0,0,40,23,35,0,0,0,32,39,0,0,21,0,0;0,31,0,0,0,0,27,33,0,0,0,27,40,21,0,0,24,0,0,28,0,0,32,0,0,25,32,0,0,38;0,0,39,0,30,0,0,0,0,0,0,38,0,0,0,0,0,0,0,0,0,0,0,0,0,0,0,0,0,21;0,26,29,0,0,0,0,0,0,0,0,0,38,0,0,0,0,39,0,38,0,0,0,0,0,0,0,0,0,0;38,21,0,0,0,0,0,0,35,0,0,28,0,0,20,0,0,36,0,0,0,0,0,27,0,0,0,17,0,0;0,23,0,0,0,35,0,39,0,0,0,0,35,0,0,40,21,0,34,34,0,0,0,32,0,0,22,0,31,40;0,0,38,28,0,0,0,18,0,0,0,39,0,0,38,0,0,0,0,32,0,0,0,0,0,0,33,0,0,0;0,0,0,0,0,0,0,0,0,0,0,0,0,0,0,0,0,0,0,0,0,0,0,30,0,38,0,0,37,0;32,0,0,0,0,0,0,0,0,0,24,0,0,0,21,0,0,25,0,37,0,21,0,0,0,0,27,0,0,0;0,0,0,0,0,0,0,0,0,32,36,22,0,39,33,0,0,21,20,38,24,0,0,0,0,0,0,0,28,0;0,0,0,29,0,0,30,0,38,0,0,30,0,0,0,0,0,20,0,0,36,0,26,0,0,0,35,37,0,0;0,0,0,35,0,27,0,30,0,0,40,36,0,0,0,0,0,20,0,0,29,0,40,0,0,0,0,0,0,0;0,0,0,37,39,18,0,20,0,0,0,0,22,0,0,0,0,0,0,0,38,0,0,35,39,0,0,29,0,0;30,0,0,29,0,23,0,0,0,34,0,32,22,0,0,0,0,0,32,0,0,0,23,0,20,0,0,23,0,0;0,32,0,23,22,0,33,37,0,0,33,20,0,0,27,0,23,0,0,22,0,0,28,0,23,0,0,0,0,0;0,0,0,34,22,0,0,0,0,0,0,0,0,0,0,0,0,21,0,0,36,0,0,0,0,0,37,35,0,35;0,0,0,25,0,0,0,0,0,0,0,0,0,0,0,0,0,0,0,0,0,0,0,0,24,0,0,0,26,24;0,0,0,39,33,34,27,0,20,23,0,0,0,0,0,24,30,0,37,40,0,0,0,33,0,21,18,0,0,0;38,0,0,0,30,0,0,0,0,21,0,30,29,0,0,28,0,31,0,35,0,0,0,27,25,0,0,36,0,21;26,25,0,0,0,0,22,29,0,0,0,0,0,32,36,0,19,40,0,34,0,0,0,0,0,0,0,0,21,0;33,35,0,0,21,0,0,0,0,0,40,24,0,0,31,0,38,0,29,0,0,0,0,0,0,0,0,21,0,0;0,0,0,0,0,37,0,0,0,28,0,37,24,0,0,0,0,39,0,0,37,34,0,0,0,0,0,0,0,34;0,0,0,0,0,25,0,0,0,0,0,0,21,35,0,0,32,32,32,0,0,0,40,0,0,0,0,24,0,0;38,0,29,0,0,0,0,0,20,24,0,0,0,23,20,0,0,0,0,31,0,0,0,37,24,0,0,0,25,0;31,0,0,0,0,34,0,34,0,0,0,39,0,0,0,0,36,0,0,0,0,0,0,0,37,0,0,0,0,0;18,0,0,29,0,0,0,23,26,0,0,23,0,0,38,0,0,0,0,0,0,0,0,0,0,0,0,0,0,0;0,0,0,38,0,0,32,0,22,40,0,0,0,0,0,0,0,0,0,34,0,0,0,39,32,0,0,0,28,0
-20,11,0,-43,24,-4,0,0,0,17,0,-8,-22,23,27,0,0,0,0,-34,0,18,19,-9,16,15,0,-7,0,-23
------------- End of Scenario k = 0 -------
0,0,44,0,0,0,0,0,69,0,0,40,0,0,0,0,0,0,73,0,0,0,0,33,0,40,27,0,0,0;39,0,80,0,0,0,0,47,0,0,0,0,76,62,0,0,0,38,50,60,0,0,30,0,0,59,0,0,0,80;0,38,0,39,0,80,67,80,0,0,34,28,0,33,22,0,0,0,67,37,73,0,0,23,0,0,0,80,0,67;41,0,0,0,0,0,0,29,0,36,36,0,0,0,77,0,0,33,67,67,0,0,0,40,59,0,0,38,0,0;0,48,0,0,0,0,41,37,0,0,0,47,48,70,0,0,25,0,0,65,0,0,77,0,0,62,75,0,0,76;0,0,51,0,46,0,0,0,0,0,0,57,0,0,0,0,0,0,0,0,0,0,0,0,0,0,0,0,0,79;0,55,75,0,0,0,0,0,0,0,0,0,51,0,0,0,0,77,0,80,0,0,0,0,0,0,0,0,0,0;80,55,0,0,0,0,0,0,55,0,0,44,0,0,78,0,0,63,0,0,0,0,0,26,0,0,0,41,0,0;0,72,0,0,0,24,0,39,0,0,0,0,80,0,0,25,52,0,56,29,0,0,0,66,0,0,71,0,52,80;0,0,60,80,0,0,0,80,0,0,0,20,0,0,70,0,0,0,0,80,0,0,0,0,0,0,67,0,0,0;0,0,0,0,0,0,0,0,0,0,0,0,0,0,0,0,0,0,0,0,0,0,0,32,0,66,0,0,30,0;32,0,0,0,0,0,0,0,0,0,64,0,0,0,23,0,0,36,0,70,0,45,0,0,0,0,80,0,0,0;0,0,0,0,0,0,0,0,0,28,50,21,0,37,39,0,0,43,69,47,59,0,0,0,0,0,0,0,72,0;0,0,0,80,0,0,22,0,80,0,0,80,0,0,0,0,0,38,0,0,29,0,54,0,0,0,24,72,0,0;0,0,0,80,0,48,0,23,0,0,80,79,0,0,0,0,0,64,0,0,30,0,58,0,0,0,0,0,0,0;0,0,0,80,37,80,0,58,0,0,0,0,44,0,0,0,0,0,0,0,26,0,0,24,24,0,0,80,0,0;79,0,0,24,0,73,0,0,0,58,0,24,60,0,0,0,0,0,57,0,0,0,77,0,26,0,0,69,0,0;0,34,0,25,47,0,43,71,0,0,23,45,0,0,51,0,41,0,0,40,0,0,35,0,39,0,0,0,0,0;0,0,0,69,32,0,0,0,0,0,0,0,0,0,0,0,0,36,0,0,74,0,0,0,0,0,71,42,0,24;0,0,0,59,0,0,0,0,0,0,0,0,0,0,0,0,0,0,0,0,0,0,0,0,53,0,0,0,63,30;0,0,0,54,46,39,77,0,69,62,0,0,0,0,0,71,66,0,47,52,0,0,0,53,0,39,53,0,0,0;80,0,0,0,48,0,0,0,0,45,0,30,80,0,0,49,0,63,0,30,0,0,0,79,42,0,0,41,0,70;80,78,0,0,0,0,73,73,0,0,0,0,0,63,63,0,80,57,0,67,0,0,0,0,0,0,0,0,37,0;44,47,0,0,57,0,0,0,0,0,60,42,0,0,31,0,52,0,50,0,0,0,0,0,0,0,0,42,0,0;0,0,0,0,0,65,0,0,0,52,0,68,28,0,0,0,0,80,0,0,51,20,0,0,0,0,0,0,0,50;0,0,0,0,0,46,0,0,0,0,0,0,25,52,0,0,71,54,59,0,0,0,73,0,0,0,0,80,0,0;46,0,51,0,0,0,0,0,31,48,0,0,0,28,67,0,0,0,0,57,0,0,0,55,62,0,0,0,48,0;44,0,0,0,0,24,0,58,0,0,0,73,0,0,0,0,41,0,0,0,0,0,0,0,44,0,0,0,0,0;80,0,0,76,0,0,0,75,47,0,0,75,0,0,80,0,0,0,0,0,0,0,0,0,0,0,0,0,0,0;0,0,0,44,0,0,41,0,73,57,0,0,0,0,0,0,0,0,0,60,0,0,0,66,72,0,0,0,57,0
0,0,36,0,0,0,0,0,33,0,0,36,0,0,0,0,0,0,40,0,0,0,0,30,0,30,20,0,0,0;33,0,29,0,0,0,0,40,0,0,0,0,36,39,0,0,0,27,38,28,0,0,27,0,0,33,0,0,0,36;0,28,0,17,0,22,21,34,0,0,24,31,0,23,32,0,0,0,39,22,35,0,0,11,0,0,0,19,0,40;31,0,0,0,0,0,0,23,0,28,21,0,0,0,40,0,0,25,40,25,0,0,0,24,22,0,0,22,0,0;0,22,0,0,0,0,28,40,0,0,0,21,27,31,0,0,26,0,0,29,0,0,25,0,0,20,33,0,0,34;0,0,34,0,36,0,0,0,0,0,0,30,0,0,0,0,0,0,0,0,0,0,0,0,0,0,0,0,0,36;0,39,20,0,0,0,0,0,0,0,0,0,24,0,0,0,0,21,0,35,0,0,0,0,0,0,0,0,0,0;25,22,0,0,0,0,0,0,35,0,0,26,0,0,26,0,0,38,0,0,0,0,0,30,0,0,0,34,0,0;0,39,0,0,0,26,0,23,0,0,0,0,23,0,0,32,36,0,20,30,0,0,0,35,0,0,33,0,37,27;0,0,20,25,0,0,0,40,0,0,0,27,0,0,26,0,0,0,0,26,0,0,0,0,0,0,26,0,0,0;0,0,0,0,0,0,0,0,0,0,0,0,0,0,0,0,0,0,0,0,0,0,0,32,0,24,0,0,29,0;38,0,0,0,0,0,0,0,0,0,25,0,0,0,23,0,0,40,0,32,0,30,0,0,0,0,35,0,0,0;0,0,0,0,0,0,0,0,0,32,36,37,0,37,32,0,0,37,40,33,25,0,0,0,0,0,0,0,21,0;0,0,0,37,0,0,30,0,22,0,0,32,0,0,0,0,0,25,0,0,23,0,21,0,0,0,38,26,0,0;0,0,0,34,0,22,0,34,0,0,32,22,0,0,0,0,0,37,0,0,29,0,36,0,0,0,0,0,0,0;0,0,0,16,37,17,0,33,0,0,0,0,26,0,0,0,0,0,0,0,39,0,0,28,28,0,0,24,0,0;23,0,0,23,0,25,0,0,0,31,0,22,30,0,0,0,0,0,26,0,0,0,27,0,32,0,0,39,0,0;0,38,0,25,31,0,34,20,0,0,39,35,0,0,32,0,23,0,0,34,0,0,22,0,37,0,0,0,0,0;0,0,0,34,36,0,0,0,0,0,0,0,0,0,0,0,0,23,0,0,26,0,0,0,0,0,38,27,0,40;0,0,0,23,0,0,0,0,0,0,0,0,0,0,0,0,0,0,0,0,0,0,0,0,40,0,0,0,37,25;0,0,0,37,24,33,39,0,26,34,0,0,0,0,0,34,24,0,24,23,0,0,0,28,0,35,24,0,0,0;20,0,0,0,32,0,0,0,0,40,0,29,39,0,0,33,0,21,0,36,0,0,0,35,39,0,0,33,0,40;26,21,0,0,0,0,39,32,0,0,0,0,0,38,38,0,32,37,0,40,0,0,0,0,0,0,0,0,27,0;36,29,0,0,31,0,0,0,0,0,33,27,0,0,35,0,25,0,36,0,0,0,0,0,0,0,0,24,0,0;0,0,0,0,0,20,0,0,0,33,0,28,31,0,0,0,0,38,0,0,38,37,0,0,0,0,0,0,0,27;0,0,0,0,0,37,0,0,0,0,0,0,32,36,0,0,24,35,32,0,0,0,37,0,0,0,0,31,0,0;24,0,24,0,0,0,0,0,29,35,0,0,0,36,21,0,0,0,0,33,0,0,0,23,37,0,0,0,22,0;39,0,0,0,0,24,0,27,0,0,0,27,0,0,0,0,23,0,0,0,0,0,0,0,34,0,0,0,0,0;39,0,0,24,0,0,0,25,36,0,0,25,0,0,34,0,0,0,0,0,0,0,0,0,0,0,0,0,0,0;0,0,0,20,0,0,39,0,28,33,0,0,0,0,0,0,0,0,0,28,0,0,0,30,28,0,0,0,35,0
-20,10,0,-43,13,-6,0,0,0,23,0,-12,-15,20,27,0,0,0,0,-40,0,14,21,-8,22,22,0,-13,0,-15
------------- End of Scenario k = 1 -------
0,0,22,0,0,0,0,0,42,0,0,68,0,0,0,0,0,0,24,0,0,0,0,69,0,80,40,0,0,0;50,0,80,0,0,0,0,56,0,0,0,0,80,43,0,0,0,60,38,39,0,0,29,0,0,31,0,0,0,80;0,32,0,71,0,80,31,47,0,0,76,30,0,79,52,0,0,0,37,52,23,0,0,64,0,0,0,74,0,20;74,0,0,0,0,0,0,65,0,43,31,0,0,0,24,0,0,69,44,78,0,0,0,33,24,0,0,32,0,0;0,38,0,0,0,0,22,28,0,0,0,25,63,57,0,0,49,0,0,41,0,0,46,0,0,66,73,0,0,33;0,0,77,0,33,0,0,0,0,0,0,36,0,0,0,0,0,0,0,0,0,0,0,0,0,0,0,0,0,21;0,22,57,0,0,0,0,0,0,0,0,0,54,0,0,0,0,71,0,56,0,0,0,0,0,0,0,0,0,0;73,64,0,0,0,0,0,0,32,0,0,58,0,0,64,0,0,56,0,0,0,0,0,23,0,0,0,30,0,0;0,53,0,0,0,31,0,20,0,0,0,0,74,0,0,44,56,0,57,80,0,0,0,33,0,0,38,0,44,80;0,0,71,76,0,0,0,80,0,0,0,80,0,0,78,0,0,0,0,67,0,0,0,0,0,0,40,0,0,0;0,0,0,0,0,0,0,0,0,0,0,0,0,0,0,0,0,0,0,0,0,0,0,57,0,70,0,0,47,0;79,0,0,0,0,0,0,0,0,0,51,0,0,0,20,0,0,68,0,21,0,48,0,0,0,0,68,0,0,0;0,0,0,0,0,0,0,0,0,58,64,57,0,20,51,0,0,74,35,40,26,0,0,0,0,0,0,0,52,0;0,0,0,21,0,0,36,0,72,0,0,29,0,0,0,0,0,44,0,0,29,0,69,0,0,0,33,54,0,0;0,0,0,68,0,44,0,27,0,0,73,20,0,0,0,0,0,42,0,0,47,0,36,0,0,0,0,0,0,0;0,0,0,80,74,80,0,63,0,0,0,0,33,0,0,0,0,0,0,0,40,0,0,60,78,0,0,57,0,0;66,0,0,80,0,28,0,0,0,25,0,61,40,0,0,0,0,0,27,0,0,0,53,0,77,0,0,64,0,0;0,66,0,79,49,0,26,40,0,0,28,20,0,0,64,0,44,0,0,50,0,0,40,0,36,0,0,0,0,0;0,0,0,47,43,0,0,0,0,0,0,0,0,0,0,0,0,47,0,0,30,0,0,0,0,0,29,43,0,80;0,0,0,73,0,0,0,0,0,0,0,0,0,0,0,0,0,0,0,0,0,0,0,0,57,0,0,0,76,58;0,0,0,72,76,59,20,0,72,45,0,0,0,0,0,63,69,0,36,80,0,0,0,28,0,20,80,0,0,0;68,0,0,0,32,0,0,0,0,52,0,28,40,0,0,80,0,29,0,70,0,0,0,80,45,0,0,65,0,80;55,35,0,0,0,0,36,79,0,0,0,0,0,49,62,0,80,27,0,71,0,0,0,0,0,0,0,0,61,0;41,41,0,0,65,0,0,0,0,0,23,49,0,0,74,0,68,0,60,0,0,0,0,0,0,0,0,33,0,0;0,0,0,0,0,41,0,0,0,61,0,49,73,0,0,0,0,55,0,0,80,23,0,0,0,0,0,0,0,43;0,0,0,0,0,56,0,0,0,0,0,0,56,22,0,0,46,75,55,0,0,0,74,0,0,0,0,80,0,0;53,0,27,0,0,0,0,0,73,66,0,0,0,78,61,0,0,0,0,43,0,0,0,42,77,0,0,0,32,0;39,0,0,0,0,34,0,79,0,0,0,21,0,0,0,0,20,0,0,0,0,0,0,0,60,0,0,0,0,0;80,0,0,69,0,0,0,57,52,0,0,78,0,0,42,0,0,0,0,0,0,0,0,0,0,0,0,0,0,0;0,0,0,58,0,0,49,0,32,63,0,0,0,0,0,0,0,0,0,42,0,0,0,22,61,0,0,0,60,0
0,0,32,0,0,0,0,0,22,0,0,28,0,0,0,0,0,0,21,0,0,0,0,20,0,29,26,0,0,0;33,0,27,0,0,0,0,40,0,0,0,0,24,30,0,0,0,23,36,39,0,0,37,0,0,27,0,0,0,30;0,35,0,39,0,40,20,33,0,0,36,31,0,27,23,0,0,0,23,20,25,0,0,19,0,0,0,30,0,36;30,0,0,0,0,0,0,28,0,38,34,0,0,0,38,0,0,21,37,23,0,0,0,23,28,0,0,30,0,0;0,24,0,0,0,0,38,33,0,0,0,22,36,32,0,0,29,0,0,20,0,0,23,0,0,24,34,0,0,29;0,0,28,0,28,0,0,0,0,0,0,32,0,0,0,0,0,0,0,0,0,0,0,0,0,0,0,0,0,21;0,26,25,0,0,0,0,0,0,0,0,0,39,0,0,0,0,34,0,30,0,0,0,0,0,0,0,0,0,0;32,35,0,0,0,0,0,0,24,0,0,27,0,0,38,0,0,29,0,0,0,0,0,25,0,0,0,39,0,0;0,36,0,0,0,31,0,24,0,0,0,0,17,0,0,31,39,0,39,34,0,0,0,26,0,0,29,0,34,22;0,0,29,23,0,0,0,18,0,0,0,27,0,0,26,0,0,0,0,40,0,0,0,0,0,0,26,0,0,0;0,0,0,0,0,0,0,0,0,0,0,0,0,0,0,0,0,0,0,0,0,0,0,33,0,33,0,0,37,0;23,0,0,0,0,0,0,0,0,0,29,0,0,0,20,0,0,30,0,40,0,23,0,0,0,0,23,0,0,0;0,0,0,0,0,0,0,0,0,37,31,23,0,23,39,0,0,25,30,35,26,0,0,0,0,0,0,0,29,0;0,0,0,30,0,0,27,0,32,0,0,23,0,0,0,0,0,25,0,0,21,0,21,0,0,0,34,27,0,0;0,0,0,15,0,37,0,23,0,0,37,39,0,0,0,0,0,38,0,0,37,0,29,0,0,0,0,0,0,0;0,0,0,38,39,31,0,21,0,0,0,0,30,0,0,0,0,0,0,0,22,0,0,31,31,0,0,35,0,0;35,0,0,30,0,36,0,0,0,38,0,30,30,0,0,0,0,0,22,0,0,0,20,0,40,0,0,24,0,0;0,30,0,28,23,0,24,39,0,0,22,40,0,0,21,0,31,0,0,26,0,0,21,0,38,0,0,0,0,0;0,0,0,21,25,0,0,0,0,0,0,0,0,0,0,0,0,26,0,0,29,0,0,0,0,0,20,25,0,38;0,0,0,20,0,0,0,0,0,0,0,0,0,0,0,0,0,0,0,0,0,0,0,0,21,0,0,0,35,22;0,0,0,23,40,31,30,0,21,27,0,0,0,0,0,40,22,0,22,29,0,0,0,28,0,26,39,0,0,0;38,0,0,0,30,0,0,0,0,40,0,36,39,0,0,39,0,25,0,33,0,0,0,37,30,0,0,37,0,35;38,33,0,0,0,0,36,23,0,0,0,0,0,35,27,0,33,39,0,34,0,0,0,0,0,0,0,0,34,0;33,35,0,0,22,0,0,0,0,0,25,35,0,0,34,0,26,0,38,0,0,0,0,0,0,0,0,29,0,0;0,0,0,0,0,36,0,0,0,31,0,25,40,0,0,0,0,30,0,0,39,28,0,0,0,0,0,0,0,36;0,0,0,0,0,34,0,0,0,0,0,0,27,34,0,0,39,25,34,0,0,0,32,0,0,0,0,23,0,0;34,0,25,0,0,0,0,0,20,23,0,0,0,32,34,0,0,0,0,24,0,0,0,35,34,0,0,0,38,0;20,0,0,0,0,37,0,28,0,0,0,27,0,0,0,0,33,0,0,0,0,0,0,0,20,0,0,0,0,0;30,0,0,28,0,0,0,33,22,0,0,28,0,0,25,0,0,0,0,0,0,0,0,0,0,0,0,0,0,0;0,0,0,30,0,0,34,0,30,26,0,0,0,0,0,0,0,0,0,21,0,0,0,26,21,0,0,0,38,0
-43,18,0,-26,28,-5,0,0,0,16,0,-5,-18,17,10,0,0,0,0,-58,0,30,29,-7,24,22,0,-21,0,-11
------------- End of Scenario k = 2 -------
0,0,66,0,0,0,0,0,56,0,0,60,0,0,0,0,0,0,26,0,0,0,0,27,0,51,75,0,0,0;29,0,80,0,0,0,0,20,0,0,0,0,43,70,0,0,0,78,23,80,0,0,39,0,0,51,0,0,0,80;0,52,0,60,0,80,70,78,0,0,30,80,0,25,57,0,0,0,50,24,79,0,0,76,0,0,0,38,0,55;22,0,0,0,0,0,0,72,0,59,40,0,0,0,31,0,0,52,30,58,0,0,0,68,63,0,0,77,0,0;0,36,0,0,0,0,80,57,0,0,0,75,53,20,0,0,58,0,0,24,0,0,32,0,0,47,63,0,0,44;0,0,63,0,66,0,0,0,0,0,0,32,0,0,0,0,0,0,0,0,0,0,0,0,0,0,0,0,0,23;0,54,41,0,0,0,0,0,0,0,0,0,49,0,0,0,0,28,0,58,0,0,0,0,0,0,0,0,0,0;80,78,0,0,0,0,0,0,55,0,0,66,0,0,77,0,0,31,0,0,0,0,0,46,0,0,0,80,0,0;0,72,0,0,0,80,0,67,0,0,0,0,80,0,0,30,33,0,38,37,0,0,0,45,0,0,77,0,71,62;0,0,23,80,0,0,0,21,0,0,0,48,0,0,56,0,0,0,0,80,0,0,0,0,0,0,32,0,0,0;0,0,0,0,0,0,0,0,0,0,0,0,0,0,0,0,0,0,0,0,0,0,0,58,0,77,0,0,52,0;61,0,0,0,0,0,0,0,0,0,71,0,0,0,69,0,0,27,0,53,0,50,0,0,0,0,33,0,0,0;0,0,0,0,0,0,0,0,0,27,50,63,0,25,44,0,0,23,40,24,20,0,0,0,0,0,0,0,60,0;0,0,0,80,0,0,45,0,80,0,0,80,0,0,0,0,0,48,0,0,20,0,29,0,0,0,69,80,0,0;0,0,0,39,0,59,0,67,0,0,80,38,0,0,0,0,0,52,0,0,70,0,62,0,0,0,0,0,0,0;0,0,0,41,50,58,0,35,0,0,0,0,46,0,0,0,0,0,0,0,30,0,0,26,34,0,0,80,0,0;57,0,0,24,0,71,0,0,0,39,0,39,56,0,0,0,0,0,54,0,0,0,30,0,60,0,0,75,0,0;0,62,0,63,22,0,49,59,0,0,21,21,0,0,37,0,61,0,0,68,0,0,71,0,29,0,0,0,0,0;0,0,0,61,39,0,0,0,0,0,0,0,0,0,0,0,0,28,0,0,80,0,0,0,0,0,44,77,0,24;0,0,0,21,0,0,0,0,0,0,0,0,0,0,0,0,0,0,0,0,0,0,0,0,58,0,0,0,33,23;0,0,0,40,45,77,61,0,20,57,0,0,0,0,0,69,52,0,20,52,0,0,0,47,0,30,80,0,0,0;80,0,0,0,57,0,0,0,0,24,0,31,80,0,0,32,0,80,0,76,0,0,0,80,64,0,0,51,0,80;80,60,0,0,0,0,61,71,0,0,0,0,0,74,64,0,60,28,0,35,0,0,0,0,0,0,0,0,31,0;75,46,0,0,31,0,0,0,0,0,78,78,0,0,30,0,80,0,21,0,0,0,0,0,0,0,0,30,0,0;0,0,0,0,0,63,0,0,0,36,0,65,72,0,0,0,0,80,0,0,25,42,0,0,0,0,0,0,0,36;0,0,0,0,0,25,0,0,0,0,0,0,58,54,0,0,50,76,50,0,0,0,41,0,0,0,0,40,0,0;29,0,74,0,0,0,0,0,71,27,0,0,0,58,53,0,0,0,0,40,0,0,0,80,59,0,0,0,56,0;25,0,0,0,0,46,0,43,0,0,0,56,0,0,0,0,60,0,0,0,0,0,0,0,61,0,0,0,0,0;80,0,0,70,0,0,0,21,56,0,0,49,0,0,23,0,0,0,0,0,0,0,0,0,0,0,0,0,0,0;0,0,0,31,0,0,32,0,75,36,0,0,0,0,0,0,0,0,0,29,0,0,0,41,80,0,0,0,42,0
0,0,20,0,0,0,0,0,36,0,0,30,0,0,0,0,0,0,34,0,0,0,0,20,0,22,22,0,0,0;29,0,15,0,0,0,0,23,0,0,0,0,20,28,0,0,0,32,32,40,0,0,21,0,0,24,0,0,0,31;0,23,0,38,0,22,20,28,0,0,20,26,0,33,34,0,0,0,26,28,20,0,0,40,0,0,0,20,0,26;34,0,0,0,0,0,0,40,0,38,25,0,0,0,37,0,0,23,34,37,0,0,0,31,25,0,0,34,0,0;0,23,0,0,0,0,32,33,0,0,0,28,30,30,0,0,28,0,0,30,0,0,20,0,0,38,31,0,0,31;0,0,20,0,36,0,0,0,0,0,0,32,0,0,0,0,0,0,0,0,0,0,0,0,0,0,0,0,0,30;0,32,33,0,0,0,0,0,0,0,0,0,20,0,0,0,0,28,0,19,0,0,0,0,0,0,0,0,0,0;38,35,0,0,0,0,0,0,33,0,0,33,0,0,27,0,0,38,0,0,0,0,0,31,0,0,0,28,0,0;0,33,0,0,0,37,0,25,0,0,0,0,35,0,0,40,25,0,26,31,0,0,0,22,0,0,28,0,34,22;0,0,38,31,0,0,0,36,0,0,0,40,0,0,32,0,0,0,0,38,0,0,0,0,0,0,21,0,0,0;0,0,0,0,0,0,0,0,0,0,0,0,0,0,0,0,0,0,0,0,0,0,0,25,0,25,0,0,23,0;37,0,0,0,0,0,0,0,0,0,24,0,0,0,29,0,0,40,0,39,0,33,0,0,0,0,28,0,0,0;0,0,0,0,0,0,0,0,0,20,38,34,0,32,25,0,0,23,38,23,21,0,0,0,0,0,0,0,35,0;0,0,0,36,0,0,39,0,25,0,0,24,0,0,0,0,0,21,0,0,39,0,29,0,0,0,32,30,0,0;0,0,0,39,0,26,0,20,0,0,38,39,0,0,0,0,0,33,0,0,28,0,24,0,0,0,0,0,0,0;0,0,0,37,33,37,0,36,0,0,0,0,28,0,0,0,0,0,0,0,30,0,0,29,33,0,0,32,0,0;29,0,0,30,0,29,0,0,0,39,0,40,34,0,0,0,0,0,32,0,0,0,20,0,25,0,0,34,0,0;0,24,0,28,21,0,22,20,0,0,30,36,0,0,29,0,26,0,0,29,0,0,27,0,31,0,0,0,0,0;0,0,0,21,21,0,0,0,0,0,0,0,0,0,0,0,0,40,0,0,29,0,0,0,0,0,32,38,0,23;0,0,0,28,0,0,0,0,0,0,0,0,0,0,0,0,0,0,0,0,0,0,0,0,25,0,0,0,33,24;0,0,0,20,20,24,21,0,27,32,0,0,0,0,0,26,35,0,21,38,0,0,0,21,0,33,14,0,0,0;36,0,0,0,24,0,0,0,0,20,0,26,30,0,0,26,0,34,0,35,0,0,0,26,37,0,0,36,0,31;23,31,0,0,0,0,21,35,0,0,0,0,0,28,30,0,14,32,0,27,0,0,0,0,0,0,0,0,29,0;40,37,0,0,37,0,0,0,0,0,34,21,0,0,29,0,35,0,36,0,0,0,0,0,0,0,0,36,0,0;0,0,0,0,0,29,0,0,0,32,0,29,36,0,0,0,0,32,0,0,36,36,0,0,0,0,0,0,0,40;0,0,0,0,0,32,0,0,0,0,0,0,30,28,0,0,37,23,37,0,0,0,40,0,0,0,0,13,0,0;37,0,35,0,0,0,0,0,24,29,0,0,0,39,29,0,0,0,0,26,0,0,0,36,39,0,0,0,21,0;39,0,0,0,0,29,0,26,0,0,0,22,0,0,0,0,22,0,0,0,0,0,0,0,25,0,0,0,0,0;16,0,0,34,0,0,0,35,28,0,0,37,0,0,40,0,0,0,0,0,0,0,0,0,0,0,0,0,0,0;0,0,0,22,0,0,28,0,40,37,0,0,0,0,0,0,0,0,0,30,0,0,0,24,25,0,0,0,20,0
-30,14,0,-30,15,-4,0,0,0,28,0,-5,-20,16,22,0,0,0,0,-38,0,26,14,-6,21,13,0,-20,0,-16
------------- End of Scenario k = 3 -------
0,0,73,0,0,0,0,0,35,0,0,66,0,0,0,0,0,0,77,0,0,0,0,44,0,47,38,0,0,0;65,0,80,0,0,0,0,76,0,0,0,0,58,54,0,0,0,35,61,20,0,0,77,0,0,50,0,0,0,52;0,29,0,80,0,80,53,70,0,0,69,80,0,43,24,0,0,0,44,37,57,0,0,80,0,0,0,75,0,46;49,0,0,0,0,0,0,58,0,68,76,0,0,0,31,0,0,57,40,21,0,0,0,59,53,0,0,59,0,0;0,66,0,0,0,0,48,60,0,0,0,74,37,35,0,0,69,0,0,23,0,0,39,0,0,32,70,0,0,80;0,0,30,0,21,0,0,0,0,0,0,67,0,0,0,0,0,0,0,0,0,0,0,0,0,0,0,0,0,46;0,77,63,0,0,0,0,0,0,0,0,0,80,0,0,0,0,53,0,38,0,0,0,0,0,0,0,0,0,0;44,73,0,0,0,0,0,0,46,0,0,46,0,0,53,0,0,52,0,0,0,0,0,72,0,0,0,80,0,0;0,34,0,0,0,80,0,54,0,0,0,0,29,0,0,78,49,0,53,73,0,0,0,55,0,0,64,0,54,80;0,0,51,80,0,0,0,43,0,0,0,42,0,0,69,0,0,0,0,78,0,0,0,0,0,0,34,0,0,0;0,0,0,0,0,0,0,0,0,0,0,0,0,0,0,0,0,0,0,0,0,0,0,39,0,44,0,0,42,0;22,0,0,0,0,0,0,0,0,0,41,0,0,0,26,0,0,41,0,46,0,34,0,0,0,0,79,0,0,0;0,0,0,0,0,0,0,0,0,49,63,52,0,27,33,0,0,69,39,57,41,0,0,0,0,0,0,0,73,0;0,0,0,76,0,0,48,0,80,0,0,80,0,0,0,0,0,67,0,0,21,0,24,0,0,0,55,70,0,0;0,0,0,80,0,31,0,53,0,0,62,36,0,0,0,0,0,59,0,0,45,0,73,0,0,0,0,0,0,0;0,0,0,70,68,60,0,74,0,0,0,0,38,0,0,0,0,0,0,0,49,0,0,59,45,0,0,80,0,0;35,0,0,78,0,21,0,0,0,51,0,20,28,0,0,0,0,0,62,0,0,0,34,0,42,0,0,67,0,0;0,30,0,72,67,0,74,69,0,0,77,57,0,0,55,0,64,0,0,46,0,0,54,0,27,0,0,0,0,0;0,0,0,64,61,0,0,0,0,0,0,0,0,0,0,0,0,45,0,0,80,0,0,0,0,0,64,21,0,45;0,0,0,54,0,0,0,0,0,0,0,0,0,0,0,0,0,0,0,0,0,0,0,0,50,0,0,0,41,29;0,0,0,71,80,79,43,0,43,49,0,0,0,0,0,78,28,0,80,70,0,0,0,56,0,26,31,0,0,0;30,0,0,0,65,0,0,0,0,63,0,24,48,0,0,80,0,73,0,80,0,0,0,80,64,0,0,40,0,80;21,28,0,0,0,0,24,35,0,0,0,0,0,65,77,0,57,22,0,65,0,0,0,0,0,0,0,0,29,0;78,49,0,0,30,0,0,0,0,0,30,53,0,0,35,0,37,0,69,0,0,0,0,0,0,0,0,62,0,0;0,0,0,0,0,48,0,0,0,24,0,53,35,0,0,0,0,80,0,0,52,41,0,0,0,0,0,0,0,68;0,0,0,0,0,27,0,0,0,0,0,0,64,61,0,0,25,22,35,0,0,0,72,0,0,0,0,47,0,0;73,0,74,0,0,0,0,0,60,53,0,0,0,68,77,0,0,0,0,55,0,0,0,51,67,0,0,0,71,0;78,0,0,0,0,60,0,45,0,0,0,29,0,0,0,0,33,0,0,0,0,0,0,0,20,0,0,0,0,0;58,0,0,62,0,0,0,31,21,0,0,66,0,0,51,0,0,0,0,0,0,0,0,0,0,0,0,0,0,0;0,0,0,75,0,0,76,0,52,35,0,0,0,0,0,0,0,0,0,46,0,0,0,43,48,0,0,0,33,0
0,0,20,0,0,0,0,0,20,0,0,22,0,0,0,0,0,0,21,0,0,0,0,23,0,29,35,0,0,0;22,0,27,0,0,0,0,40,0,0,0,0,27,37,0,0,0,26,20,25,0,0,40,0,0,36,0,0,0,21;0,27,0,33,0,20,23,32,0,0,38,21,0,32,40,0,0,0,20,39,24,0,0,36,0,0,0,39,0,27;28,0,0,0,0,0,0,34,0,31,32,0,0,0,34,0,0,39,29,32,0,0,0,34,23,0,0,35,0,0;0,26,0,0,0,0,17,29,0,0,0,29,37,40,0,0,20,0,0,34,0,0,25,0,0,21,34,0,0,30;0,0,20,0,24,0,0,0,0,0,0,35,0,0,0,0,0,0,0,0,0,0,0,0,0,0,0,0,0,38;0,32,38,0,0,0,0,0,0,0,0,0,26,0,0,0,0,20,0,36,0,0,0,0,0,0,0,0,0,0;39,24,0,0,0,0,0,0,39,0,0,28,0,0,23,0,0,26,0,0,0,0,0,27,0,0,0,40,0,0;0,26,0,0,0,40,0,35,0,0,0,0,39,0,0,20,30,0,34,27,0,0,0,31,0,0,38,0,25,29;0,0,38,31,0,0,0,23,0,0,0,34,0,0,26,0,0,0,0,18,0,0,0,0,0,0,20,0,0,0;0,0,0,0,0,0,0,0,0,0,0,0,0,0,0,0,0,0,0,0,0,0,0,34,0,40,0,0,37,0;28,0,0,0,0,0,0,0,0,0,31,0,0,0,28,0,0,31,0,31,0,26,0,0,0,0,26,0,0,0;0,0,0,0,0,0,0,0,0,22,27,35,0,36,37,0,0,30,36,31,34,0,0,0,0,0,0,0,39,0;0,0,0,30,0,0,32,0,35,0,0,31,0,0,0,0,0,29,0,0,20,0,38,0,0,0,20,39,0,0;0,0,0,28,0,39,0,30,0,0,37,35,0,0,0,0,0,30,0,0,21,0,27,0,0,0,0,0,0,0;0,0,0,29,27,35,0,26,0,0,0,0,22,0,0,0,0,0,0,0,37,0,0,35,27,0,0,37,0,0;32,0,0,18,0,38,0,0,0,37,0,23,21,0,0,0,0,0,30,0,0,0,36,0,34,0,0,40,0,0;0,24,0,33,26,0,32,35,0,0,29,34,0,0,26,0,39,0,0,28,0,0,25,0,33,0,0,0,0,0;0,0,0,36,37,0,0,0,0,0,0,0,0,0,0,0,0,30,0,0,40,0,0,0,0,0,20,38,0,33;0,0,0,34,0,0,0,0,0,0,0,0,0,0,0,0,0,0,0,0,0,0,0,0,40,0,0,0,22,31;0,0,0,21,32,34,34,0,29,21,0,0,0,0,0,33,35,0,28,38,0,0,0,31,0,33,35,0,0,0;17,0,0,0,30,0,0,0,0,39,0,37,14,0,0,24,0,30,0,16,0,0,0,23,26,0,0,27,0,31;28,20,0,0,0,0,39,22,0,0,0,0,0,31,20,0,33,20,0,25,0,0,0,0,0,0,0,0,24,0;37,26,0,0,31,0,0,0,0,0,26,31,0,0,36,0,22,0,23,0,0,0,0,0,0,0,0,22,0,0;0,0,0,0,0,26,0,0,0,25,0,35,26,0,0,0,0,24,0,0,30,38,0,0,0,0,0,0,0,34;0,0,0,0,0,33,0,0,0,0,0,0,39,22,0,0,27,28,29,0,0,0,36,0,0,0,0,24,0,0;34,0,35,0,0,0,0,0,30,36,0,0,0,28,22,0,0,0,0,21,0,0,0,27,24,0,0,0,36,0;20,0,0,0,0,40,0,38,0,0,0,24,0,0,0,0,35,0,0,0,0,0,0,0,36,0,0,0,0,0;39,0,0,23,0,0,0,33,33,0,0,21,0,0,39,0,0,0,0,0,0,0,0,0,0,0,0,0,0,0;0,0,0,24,0,0,26,0,31,26,0,0,0,0,0,0,0,0,0,37,0,0,0,20,25,0,0,0,36,0
-16,20,0,-41,11,-4,0,0,0,17,0,-10,-26,26,27,0,0,0,0,-38,0,13,15,-7,22,20,0,-12,0,-17
------------- End of Scenario k = 4 -------
0,0,75,0,0,0,0,0,54,0,0,62,0,0,0,0,0,0,66,0,0,0,0,57,0,37,35,0,0,0;59,0,23,0,0,0,0,30,0,0,0,0,41,39,0,0,0,43,37,80,0,0,44,0,0,41,0,0,0,80;0,44,0,80,0,68,31,41,0,0,21,80,0,25,60,0,0,0,74,38,40,0,0,80,0,0,0,80,0,21;23,0,0,0,0,0,0,63,0,29,71,0,0,0,26,0,0,74,54,51,0,0,0,32,63,0,0,32,0,0;0,21,0,0,0,0,80,35,0,0,0,38,79,29,0,0,71,0,0,26,0,0,79,0,0,57,72,0,0,42;0,0,69,0,61,0,0,0,0,0,0,24,0,0,0,0,0,0,0,0,0,0,0,0,0,0,0,0,0,80;0,24,22,0,0,0,0,0,0,0,0,0,50,0,0,0,0,43,0,73,0,0,0,0,0,0,0,0,0,0;30,53,0,0,0,0,0,0,46,0,0,65,0,0,80,0,0,56,0,0,0,0,0,20,0,0,0,59,0,0;0,61,0,0,0,28,0,55,0,0,0,0,80,0,0,29,34,0,67,77,0,0,0,79,0,0,61,0,54,24;0,0,33,42,0,0,0,80,0,0,0,69,0,0,60,0,0,0,0,79,0,0,0,0,0,0,80,0,0,0;0,0,0,0,0,0,0,0,0,0,0,0,0,0,0,0,0,0,0,0,0,0,0,44,0,27,0,0,63,0;54,0,0,0,0,0,0,0,0,0,79,0,0,0,46,0,0,41,0,53,0,37,0,0,0,0,55,0,0,0;0,0,0,0,0,0,0,0,0,79,70,68,0,59,32,0,0,59,54,59,31,0,0,0,0,0,0,0,79,0;0,0,0,80,0,0,27,0,47,0,0,47,0,0,0,0,0,31,0,0,31,0,46,0,0,0,24,80,0,0;0,0,0,80,0,51,0,63,0,0,33,28,0,0,0,0,0,43,0,0,78,0,66,0,0,0,0,0,0,0;0,0,0,80,24,80,0,78,0,0,0,0,61,0,0,0,0,0,0,0,66,0,0,48,28,0,0,80,0,0;75,0,0,80,0,55,0,0,0,75,0,48,80,0,0,0,0,0,40,0,0,0,36,0,33,0,0,74,0,0;0,25,0,40,33,0,47,35,0,0,77,64,0,0,30,0,80,0,0,52,0,0,52,0,47,0,0,0,0,0;0,0,0,42,62,0,0,0,0,0,0,0,0,0,0,0,0,61,0,0,22,0,0,0,0,0,49,31,0,70;0,0,0,74,0,0,0,0,0,0,0,0,0,0,0,0,0,0,0,0,0,0,0,0,21,0,0,0,36,64;0,0,0,72,49,42,56,0,23,24,0,0,0,0,0,69,67,0,33,43,0,0,0,68,0,34,73,0,0,0;80,0,0,0,63,0,0,0,0,57,0,60,80,0,0,80,0,63,0,49,0,0,0,80,63,0,0,37,0,56;77,61,0,0,0,0,63,79,0,0,0,0,0,79,31,0,80,66,0,32,0,0,0,0,0,0,0,0,77,0;35,26,0,0,45,0,0,0,0,0,55,47,0,0,42,0,24,0,48,0,0,0,0,0,0,0,0,58,0,0;0,0,0,0,0,25,0,0,0,27,0,56,44,0,0,0,0,80,0,0,66,30,0,0,0,0,0,0,0,55;0,0,0,0,0,29,0,0,0,0,0,0,51,34,0,0,58,54,80,0,0,0,35,0,0,0,0,80,0,0;26,0,29,0,0,0,0,0,32,37,0,0,0,41,56,0,0,0,0,22,0,0,0,80,74,0,0,0,80,0;62,0,0,0,0,79,0,24,0,0,0,27,0,0,0,0,76,0,0,0,0,0,0,0,28,0,0,0,0,0;80,0,0,25,0,0,0,61,29,0,0,42,0,0,33,0,0,0,0,0,0,0,0,0,0,0,0,0,0,0;0,0,0,34,0,0,62,0,64,43,0,0,0,0,0,0,0,0,0,41,0,0,0,48,53,0,0,0,29,0
0,0,23,0,0,0,0,0,39,0,0,25,0,0,0,0,0,0,29,0,0,0,0,36,0,29,26,0,0,0;36,0,39,0,0,0,0,29,0,0,0,0,29,29,0,0,0,21,34,26,0,0,23,0,0,37,0,0,0,31;0,29,0,27,0,27,28,26,0,0,29,39,0,28,20,0,0,0,40,39,20,0,0,36,0,0,0,33,0,24;25,0,0,0,0,0,0,28,0,26,39,0,0,0,40,0,0,26,21,34,0,0,0,40,34,0,0,34,0,0;0,40,0,0,0,0,31,36,0,0,0,26,39,30,0,0,38,0,0,34,0,0,40,0,0,21,35,0,0,21;0,0,40,0,30,0,0,0,0,0,0,23,0,0,0,0,0,0,0,0,0,0,0,0,0,0,0,0,0,39;0,20,31,0,0,0,0,0,0,0,0,0,15,0,0,0,0,39,0,38,0,0,0,0,0,0,0,0,0,0;39,40,0,0,0,0,0,0,24,0,0,30,0,0,22,0,0,22,0,0,0,0,0,34,0,0,0,38,0,0;0,33,0,0,0,34,0,25,0,0,0,0,40,0,0,24,34,0,35,30,0,0,0,36,0,0,36,0,22,38;0,0,34,27,0,0,0,31,0,0,0,29,0,0,28,0,0,0,0,39,0,0,0,0,0,0,25,0,0,0;0,0,0,0,0,0,0,0,0,0,0,0,0,0,0,0,0,0,0,0,0,0,0,34,0,28,0,0,25,0;29,0,0,0,0,0,0,0,0,0,27,0,0,0,40,0,0,30,0,38,0,23,0,0,0,0,33,0,0,0;0,0,0,0,0,0,0,0,0,36,22,31,0,28,26,0,0,20,29,24,24,0,0,0,0,0,0,0,28,0;0,0,0,23,0,0,29,0,37,0,0,39,0,0,0,0,0,31,0,0,33,0,23,0,0,0,34,22,0,0;0,0,0,35,0,37,0,39,0,0,31,40,0,0,0,0,0,24,0,0,38,0,22,0,0,0,0,0,0,0;0,0,0,23,34,22,0,38,0,0,0,0,29,0,0,0,0,0,0,0,26,0,0,33,29,0,0,35,0,0;40,0,0,30,0,20,0,0,0,39,0,27,37,0,0,0,0,0,30,0,0,0,20,0,37,0,0,25,0,0;0,22,0,20,32,0,24,38,0,0,28,24,0,0,30,0,30,0,0,33,0,0,25,0,33,0,0,0,0,0;0,0,0,31,36,0,0,0,0,0,0,0,0,0,0,0,0,35,0,0,32,0,0,0,0,0,36,30,0,28;0,0,0,33,0,0,0,0,0,0,0,0,0,0,0,0,0,0,0,0,0,0,0,0,38,0,0,0,29,35;0,0,0,35,24,20,39,0,21,31,0,0,0,0,0,24,38,0,38,26,0,0,0,39,0,25,26,0,0,0;40,0,0,0,35,0,0,0,0,29,0,24,28,0,0,39,0,36,0,22,0,0,0,34,23,0,0,33,0,30;30,35,0,0,0,0,22,28,0,0,0,0,0,24,27,0,36,40,0,37,0,0,0,0,0,0,0,0,20,0;32,27,0,0,23,0,0,0,0,0,39,36,0,0,33,0,20,0,35,0,0,0,0,0,0,0,0,29,0,0;0,0,0,0,0,36,0,0,0,37,0,27,34,0,0,0,0,17,0,0,27,37,0,0,0,0,0,0,0,23;0,0,0,0,0,39,0,0,0,0,0,0,21,22,0,0,35,25,31,0,0,0,36,0,0,0,0,28,0,0;39,0,21,0,0,0,0,0,23,39,0,0,0,23,20,0,0,0,0,26,0,0,0,30,33,0,0,0,39,0;38,0,0,0,0,26,0,28,0,0,0,23,0,0,0,0,37,0,0,0,0,0,0,0,39,0,0,0,0,0;32,0,0,32,0,0,0,33,35,0,0,21,0,0,40,0,0,0,0,0,0,0,0,0,0,0,0,0,0,0;0,0,0,29,0,0,20,0,21,33,0,0,0,0,0,0,0,0,0,40,0,0,0,28,28,0,0,0,21,0
-20,24,0,-64,15,-5,0,0,0,12,0,-9,-16,18,26,0,0,0,0,-25,0,22,27,-12,10,23,0,-14,0,-12
------------- End of Scenario k = 5 -------
0,0,41,0,0,0,0,0,56,0,0,42,0,0,0,0,0,0,67,0,0,0,0,59,0,80,50,0,0,0;23,0,80,0,0,0,0,74,0,0,0,0,70,31,0,0,0,52,73,27,0,0,28,0,0,66,0,0,0,70;0,29,0,33,0,65,68,39,0,0,32,80,0,23,27,0,0,0,50,68,39,0,0,80,0,0,0,77,0,70;24,0,0,0,0,0,0,43,0,30,51,0,0,0,78,0,0,78,21,35,0,0,0,63,71,0,0,65,0,0;0,27,0,0,0,0,80,62,0,0,0,70,76,64,0,0,65,0,0,61,0,0,64,0,0,71,68,0,0,63;0,0,58,0,78,0,0,0,0,0,0,54,0,0,0,0,0,0,0,0,0,0,0,0,0,0,0,0,0,28;0,31,62,0,0,0,0,0,0,0,0,0,63,0,0,0,0,50,0,24,0,0,0,0,0,0,0,0,0,0;71,23,0,0,0,0,0,0,22,0,0,31,0,0,22,0,0,57,0,0,0,0,0,40,0,0,0,80,0,0;0,35,0,0,0,48,0,66,0,0,0,0,26,0,0,28,74,0,30,64,0,0,0,80,0,0,48,0,66,80;0,0,40,80,0,0,0,29,0,0,0,80,0,0,45,0,0,0,0,66,0,0,0,0,0,0,62,0,0,0;0,0,0,0,0,0,0,0,0,0,0,0,0,0,0,0,0,0,0,0,0,0,0,49,0,71,0,0,24,0;74,0,0,0,0,0,0,0,0,0,80,0,0,0,57,0,0,35,0,55,0,79,0,0,0,0,52,0,0,0;0,0,0,0,0,0,0,0,0,80,71,41,0,41,22,0,0,42,64,61,72,0,0,0,0,0,0,0,60,0;0,0,0,80,0,0,73,0,61,0,0,61,0,0,0,0,0,45,0,0,31,0,59,0,0,0,28,61,0,0;0,0,0,80,0,42,0,63,0,0,39,73,0,0,0,0,0,62,0,0,45,0,27,0,0,0,0,0,0,0;0,0,0,80,45,30,0,55,0,0,0,0,26,0,0,0,0,0,0,0,50,0,0,35,78,0,0,80,0,0;35,0,0,80,0,60,0,0,0,56,0,52,23,0,0,0,0,0,68,0,0,0,76,0,49,0,0,68,0,0;0,54,0,32,30,0,79,22,0,0,79,23,0,0,41,0,48,0,0,71,0,0,23,0,66,0,0,0,0,0;0,0,0,40,61,0,0,0,0,0,0,0,0,0,0,0,0,29,0,0,46,0,0,0,0,0,54,20,0,80;0,0,0,35,0,0,0,0,0,0,0,0,0,0,0,0,0,0,0,0,0,0,0,0,75,0,0,0,60,79;0,0,0,53,69,35,33,0,50,75,0,0,0,0,0,74,64,0,74,39,0,0,0,48,0,53,58,0,0,0;80,0,0,0,25,0,0,0,0,35,0,64,80,0,0,30,0,62,0,80,0,0,0,35,51,0,0,33,0,80;30,67,0,0,0,0,68,70,0,0,0,0,0,52,60,0,80,79,0,55,0,0,0,0,0,0,0,0,69,0;41,36,0,0,21,0,0,0,0,0,22,57,0,0,73,0,66,0,73,0,0,0,0,0,0,0,0,70,0,0;0,0,0,0,0,43,0,0,0,38,0,73,59,0,0,0,0,42,0,0,44,60,0,0,0,0,0,0,0,42;0,0,0,0,0,35,0,0,0,0,0,0,69,56,0,0,55,46,22,0,0,0,61,0,0,0,0,53,0,0;26,0,26,0,0,0,0,0,56,53,0,0,0,67,49,0,0,0,0,78,0,0,0,38,27,0,0,0,80,0;76,0,0,0,0,22,0,65,0,0,0,58,0,0,0,0,44,0,0,0,0,0,0,0,56,0,0,0,0,0;52,0,0,52,0,0,0,54,66,0,0,35,0,0,40,0,0,0,0,0,0,0,0,0,0,0,0,0,0,0;0,0,0,69,0,0,32,0,25,22,0,0,0,0,0,0,0,0,0,68,0,0,0,69,35,0,0,0,49,0
0,0,37,0,0,0,0,0,25,0,0,23,0,0,0,0,0,0,37,0,0,0,0,29,0,40,39,0,0,0;37,0,23,0,0,0,0,38,0,0,0,0,26,37,0,0,0,22,22,25,0,0,21,0,0,40,0,0,0,23;0,34,0,18,0,30,22,22,0,0,21,30,0,27,35,0,0,0,39,36,37,0,0,31,0,0,0,27,0,39;24,0,0,0,0,0,0,36,0,29,28,0,0,0,26,0,0,35,26,33,0,0,0,35,33,0,0,32,0,0;0,20,0,0,0,0,37,32,0,0,0,22,40,39,0,0,22,0,0,33,0,0,35,0,0,37,38,0,0,23;0,0,23,0,23,0,0,0,0,0,0,31,0,0,0,0,0,0,0,0,0,0,0,0,0,0,0,0,0,30;0,20,22,0,0,0,0,0,0,0,0,0,30,0,0,0,0,34,0,26,0,0,0,0,0,0,0,0,0,0;29,23,0,0,0,0,0,0,25,0,0,36,0,0,36,0,0,20,0,0,0,0,0,21,0,0,0,26,0,0;0,34,0,0,0,33,0,40,0,0,0,0,22,0,0,35,26,0,30,30,0,0,0,27,0,0,32,0,32,40;0,0,20,31,0,0,0,26,0,0,0,20,0,0,30,0,0,0,0,15,0,0,0,0,0,0,22,0,0,0;0,0,0,0,0,0,0,0,0,0,0,0,0,0,0,0,0,0,0,0,0,0,0,35,0,20,0,0,40,0;20,0,0,0,0,0,0,0,0,0,25,0,0,0,29,0,0,40,0,25,0,22,0,0,0,0,38,0,0,0;0,0,0,0,0,0,0,0,0,39,40,36,0,22,36,0,0,23,27,34,37,0,0,0,0,0,0,0,33,0;0,0,0,36,0,0,36,0,26,0,0,40,0,0,0,0,0,36,0,0,28,0,40,0,0,0,31,34,0,0;0,0,0,39,0,40,0,39,0,0,31,33,0,0,0,0,0,33,0,0,24,0,25,0,0,0,0,0,0,0;0,0,0,27,40,27,0,26,0,0,0,0,23,0,0,0,0,0,0,0,27,0,0,34,40,0,0,29,0,0;28,0,0,27,0,38,0,0,0,21,0,35,28,0,0,0,0,0,24,0,0,0,24,0,30,0,0,40,0,0;0,34,0,26,35,0,36,32,0,0,31,38,0,0,35,0,37,0,0,13,0,0,20,0,24,0,0,0,0,0;0,0,0,30,29,0,0,0,0,0,0,0,0,0,0,0,0,27,0,0,12,0,0,0,0,0,27,33,0,33;0,0,0,24,0,0,0,0,0,0,0,0,0,0,0,0,0,0,0,0,0,0,0,0,35,0,0,0,25,25;0,0,0,38,34,35,32,0,33,20,0,0,0,0,0,36,32,0,26,39,0,0,0,25,0,30,33,0,0,0;38,0,0,0,31,0,0,0,0,26,0,39,34,0,0,32,0,33,0,33,0,0,0,37,35,0,0,31,0,34;35,34,0,0,0,0,24,37,0,0,0,0,0,36,38,0,37,31,0,39,0,0,0,0,0,0,0,0,31,0;40,40,0,0,33,0,0,0,0,0,22,34,0,0,27,0,32,0,30,0,0,0,0,0,0,0,0,21,0,0;0,0,0,0,0,26,0,0,0,25,0,23,28,0,0,0,0,20,0,0,28,23,0,0,0,0,0,0,0,38;0,0,0,0,0,36,0,0,0,0,0,0,32,33,0,0,25,31,36,0,0,0,25,0,0,0,0,22,0,0;33,0,30,0,0,0,0,0,31,21,0,0,0,21,32,0,0,0,0,36,0,0,0,12,35,0,0,0,21,0;35,0,0,0,0,40,0,21,0,0,0,36,0,0,0,0,30,0,0,0,0,0,0,0,37,0,0,0,0,0;11,0,0,32,0,0,0,27,24,0,0,27,0,0,25,0,0,0,0,0,0,0,0,0,0,0,0,0,0,0;0,0,0,22,0,0,28,0,25,37,0,0,0,0,0,0,0,0,0,28,0,0,0,25,29,0,0,0,24,0
-26,13,0,-36,16,-10,0,0,0,13,0,-7,-11,22,24,0,0,0,0,-34,0,23,23,-18,11,10,0,-4,0,-9
------------- End of Scenario k = 6 -------
0,0,59,0,0,0,0,0,43,0,0,35,0,0,0,0,0,0,22,0,0,0,0,60,0,38,59,0,0,0;29,0,70,0,0,0,0,41,0,0,0,0,80,64,0,0,0,76,43,80,0,0,69,0,0,48,0,0,0,50;0,39,0,80,0,80,41,70,0,0,22,80,0,50,80,0,0,0,22,27,61,0,0,80,0,0,0,80,0,33;44,0,0,0,0,0,0,54,0,42,69,0,0,0,37,0,0,46,78,46,0,0,0,29,24,0,0,67,0,0;0,31,0,0,0,0,42,75,0,0,0,56,80,67,0,0,60,0,0,28,0,0,23,0,0,73,67,0,0,80;0,0,65,0,44,0,0,0,0,0,0,65,0,0,0,0,0,0,0,0,0,0,0,0,0,0,0,0,0,51;0,67,65,0,0,0,0,0,0,0,0,0,80,0,0,0,0,28,0,32,0,0,0,0,0,0,0,0,0,0;80,52,0,0,0,0,0,0,56,0,0,80,0,0,64,0,0,51,0,0,0,0,0,30,0,0,0,24,0,0;0,51,0,0,0,34,0,55,0,0,0,0,56,0,0,57,45,0,40,75,0,0,0,80,0,0,63,0,43,80;0,0,34,80,0,0,0,80,0,0,0,80,0,0,52,0,0,0,0,60,0,0,0,0,0,0,66,0,0,0;0,0,0,0,0,0,0,0,0,0,0,0,0,0,0,0,0,0,0,0,0,0,0,47,0,20,0,0,62,0;62,0,0,0,0,0,0,0,0,0,71,0,0,0,29,0,0,57,0,65,0,55,0,0,0,0,36,0,0,0;0,0,0,0,0,0,0,0,0,21,68,53,0,39,62,0,0,62,76,29,53,0,0,0,0,0,0,0,38,0;0,0,0,80,0,0,21,0,59,0,0,80,0,0,0,0,0,35,0,0,53,0,42,0,0,0,24,39,0,0;0,0,0,80,0,63,0,31,0,0,43,54,0,0,0,0,0,45,0,0,44,0,41,0,0,0,0,0,0,0;0,0,0,80,74,40,0,38,0,0,0,0,65,0,0,0,0,0,0,0,79,0,0,76,46,0,0,80,0,0;35,0,0,50,0,64,0,0,0,69,0,45,57,0,0,0,0,0,62,0,0,0,22,0,61,0,0,30,0,0;0,45,0,67,57,0,56,45,0,0,64,37,0,0,51,0,75,0,0,54,0,0,41,0,58,0,0,0,0,0;0,0,0,35,43,0,0,0,0,0,0,0,0,0,0,0,0,61,0,0,73,0,0,0,0,0,29,26,0,46;0,0,0,37,0,0,0,0,0,0,0,0,0,0,0,0,0,0,0,0,0,0,0,0,60,0,0,0,41,74;0,0,0,55,26,77,75,0,60,57,0,0,0,0,0,62,75,0,34,35,0,0,0,20,0,50,77,0,0,0;80,0,0,0,34,0,0,0,0,31,0,73,80,0,0,80,0,30,0,80,0,0,0,50,61,0,0,48,0,80;80,54,0,0,0,0,47,59,0,0,0,0,0,22,54,0,31,73,0,51,0,0,0,0,0,0,0,0,59,0;48,37,0,0,40,0,0,0,0,0,36,35,0,0,31,0,30,0,56,0,0,0,0,0,0,0,0,65,0,0;0,0,0,0,0,56,0,0,0,54,0,78,27,0,0,0,0,74,0,0,61,57,0,0,0,0,0,0,0,24;0,0,0,0,0,52,0,0,0,0,0,0,55,64,0,0,45,28,80,0,0,0,47,0,0,0,0,65,0,0;24,0,63,0,0,0,0,0,74,28,0,0,0,40,72,0,0,0,0,54,0,0,0,80,51,0,0,0,39,0;62,0,0,0,0,65,0,59,0,0,0,23,0,0,0,0,59,0,0,0,0,0,0,0,56,0,0,0,0,0;80,0,0,66,0,0,0,22,57,0,0,51,0,0,60,0,0,0,0,0,0,0,0,0,0,0,0,0,0,0;0,0,0,49,0,0,26,0,52,37,0,0,0,0,0,0,0,0,0,28,0,0,0,71,50,0,0,0,79,0
0,0,35,0,0,0,0,0,36,0,0,21,0,0,0,0,0,0,25,0,0,0,0,20,0,20,36,0,0,0;24,0,38,0,0,0,0,29,0,0,0,0,34,32,0,0,0,30,35,38,0,0,21,0,0,32,0,0,0,28;0,37,0,36,0,31,40,40,0,0,23,35,0,27,36,0,0,0,37,33,38,0,0,32,0,0,0,37,0,29;32,0,0,0,0,0,0,21,0,28,20,0,0,0,32,0,0,38,36,29,0,0,0,21,32,0,0,27,0,0;0,35,0,0,0,0,31,25,0,0,0,23,38,30,0,0,24,0,0,22,0,0,38,0,0,35,25,0,0,28;0,0,27,0,20,0,0,0,0,0,0,36,0,0,0,0,0,0,0,0,0,0,0,0,0,0,0,0,0,31;0,37,20,0,0,0,0,0,0,0,0,0,39,0,0,0,0,39,0,27,0,0,0,0,0,0,0,0,0,0;32,24,0,0,0,0,0,0,23,0,0,38,0,0,20,0,0,32,0,0,0,0,0,28,0,0,0,35,0,0;0,39,0,0,0,37,0,22,0,0,0,0,29,0,0,38,32,0,39,39,0,0,0,38,0,0,36,0,39,31;0,0,37,31,0,0,0,34,0,0,0,30,0,0,35,0,0,0,0,39,0,0,0,0,0,0,29,0,0,0;0,0,0,0,0,0,0,0,0,0,0,0,0,0,0,0,0,0,0,0,0,0,0,25,0,40,0,0,20,0;35,0,0,0,0,0,0,0,0,0,23,0,0,0,29,0,0,22,0,39,0,39,0,0,0,0,30,0,0,0;0,0,0,0,0,0,0,0,0,30,28,37,0,22,25,0,0,31,37,30,30,0,0,0,0,0,0,0,22,0;0,0,0,39,0,0,26,0,35,0,0,38,0,0,0,0,0,26,0,0,30,0,30,0,0,0,30,34,0,0;0,0,0,17,0,33,0,32,0,0,20,29,0,0,0,0,0,27,0,0,22,0,35,0,0,0,0,0,0,0;0,0,0,36,32,31,0,38,0,0,0,0,32,0,0,0,0,0,0,0,40,0,0,22,36,0,0,34,0,0;35,0,0,36,0,27,0,0,0,40,0,33,27,0,0,0,0,0,33,0,0,0,35,0,38,0,0,25,0,0;0,38,0,34,36,0,35,32,0,0,26,29,0,0,23,0,23,0,0,33,0,0,38,0,34,0,0,0,0,0;0,0,0,25,25,0,0,0,0,0,0,0,0,0,0,0,0,31,0,0,20,0,0,0,0,0,39,37,0,19;0,0,0,39,0,0,0,0,0,0,0,0,0,0,0,0,0,0,0,0,0,0,0,0,29,0,0,0,27,21;0,0,0,20,28,28,20,0,21,23,0,0,0,0,0,25,33,0,39,19,0,0,0,34,0,35,19,0,0,0;33,0,0,0,38,0,0,0,0,26,0,27,34,0,0,34,0,37,0,33,0,0,0,39,21,0,0,37,0,33;28,21,0,0,0,0,28,40,0,0,0,0,0,20,20,0,36,35,0,40,0,0,0,0,0,0,0,0,26,0;30,35,0,0,27,0,0,0,0,0,36,27,0,0,22,0,31,0,25,0,0,0,0,0,0,0,0,30,0,0;0,0,0,0,0,23,0,0,0,31,0,21,35,0,0,0,0,30,0,0,25,22,0,0,0,0,0,0,0,26;0,0,0,0,0,38,0,0,0,0,0,0,28,24,0,0,38,20,39,0,0,0,32,0,0,0,0,31,0,0;30,0,35,0,0,0,0,0,39,28,0,0,0,21,29,0,0,0,0,25,0,0,0,40,26,0,0,0,20,0;34,0,0,0,0,24,0,25,0,0,0,38,0,0,0,0,27,0,0,0,0,0,0,0,36,0,0,0,0,0;37,0,0,28,0,0,0,40,36,0,0,30,0,0,35,0,0,0,0,0,0,0,0,0,0,0,0,0,0,0;0,0,0,34,0,0,23,0,30,27,0,0,0,0,0,0,0,0,0,37,0,0,0,34,23,0,0,0,34,0
-25,26,0,-44,20,-6,0,0,0,28,0,-8,-38,29,17,0,0,0,0,-50,0,28,21,-15,26,19,0,-10,0,-18
------------- End of Scenario k = 7 -------
0,0,47,0,0,0,0,0,41,0,0,27,0,0,0,0,0,0,67,0,0,0,0,25,0,65,53,0,0,0;55,0,80,0,0,0,0,34,0,0,0,0,41,43,0,0,0,70,64,73,0,0,69,0,0,32,0,0,0,70;0,62,0,79,0,80,36,45,0,0,36,80,0,23,35,0,0,0,43,31,75,0,0,45,0,0,0,80,0,22;20,0,0,0,0,0,0,44,0,32,79,0,0,0,51,0,0,27,31,66,0,0,0,56,20,0,0,72,0,0;0,75,0,0,0,0,80,74,0,0,0,76,33,50,0,0,27,0,0,48,0,0,55,0,0,77,36,0,0,80;0,0,79,0,61,0,0,0,0,0,0,20,0,0,0,0,0,0,0,0,0,0,0,0,0,0,0,0,0,32;0,44,43,0,0,0,0,0,0,0,0,0,80,0,0,0,0,32,0,65,0,0,0,0,0,0,0,0,0,0;80,53,0,0,0,0,0,0,59,0,0,51,0,0,60,0,0,20,0,0,0,0,0,71,0,0,0,22,0,0;0,57,0,0,0,80,0,80,0,0,0,0,80,0,0,41,36,0,27,70,0,0,0,80,0,0,24,0,43,77;0,0,59,80,0,0,0,80,0,0,0,80,0,0,70,0,0,0,0,55,0,0,0,0,0,0,30,0,0,0;0,0,0,0,0,0,0,0,0,0,0,0,0,0,0,0,0,0,0,0,0,0,0,39,0,55,0,0,63,0;53,0,0,0,0,0,0,0,0,0,77,0,0,0,74,0,0,74,0,69,0,40,0,0,0,0,67,0,0,0;0,0,0,0,0,0,0,0,0,27,48,48,0,63,40,0,0,36,54,37,32,0,0,0,0,0,0,0,61,0;0,0,0,80,0,0,77,0,75,0,0,80,0,0,0,0,0,52,0,0,70,0,42,0,0,0,28,66,0,0;0,0,0,69,0,40,0,33,0,0,51,43,0,0,0,0,0,37,0,0,62,0,55,0,0,0,0,0,0,0;0,0,0,42,72,80,0,47,0,0,0,0,41,0,0,0,0,0,0,0,24,0,0,70,79,0,0,80,0,0;27,0,0,80,0,50,0,0,0,51,0,52,54,0,0,0,0,0,76,0,0,0,54,0,40,0,0,63,0,0;0,29,0,53,24,0,48,78,0,0,66,33,0,0,71,0,29,0,0,80,0,0,66,0,42,0,0,0,0,0;0,0,0,50,26,0,0,0,0,0,0,0,0,0,0,0,0,60,0,0,80,0,0,0,0,0,48,53,0,80;0,0,0,38,0,0,0,0,0,0,0,0,0,0,0,0,0,0,0,0,0,0,0,0,68,0,0,0,67,50;0,0,0,64,76,33,42,0,69,43,0,0,0,0,0,77,78,0,49,80,0,0,0,34,0,64,78,0,0,0;50,0,0,0,30,0,0,0,0,74,0,35,80,0,0,80,0,47,0,80,0,0,0,42,63,0,0,48,0,56;43,49,0,0,0,0,30,78,0,0,0,0,0,62,39,0,33,68,0,29,0,0,0,0,0,0,0,0,55,0;61,61,0,0,42,0,0,0,0,0,30,78,0,0,70,0,38,0,56,0,0,0,0,0,0,0,0,78,0,0;0,0,0,0,0,27,0,0,0,26,0,35,71,0,0,0,0,80,0,0,58,48,0,0,0,0,0,0,0,63;0,0,0,0,0,20,0,0,0,0,0,0,69,66,0,0,41,59,80,0,0,0,78,0,0,0,0,80,0,0;58,0,33,0,0,0,0,0,80,23,0,0,0,55,29,0,0,0,0,53,0,0,0,65,39,0,0,0,80,0;57,0,0,0,0,29,0,24,0,0,0,75,0,0,0,0,62,0,0,0,0,0,0,0,29,0,0,0,0,0;80,0,0,62,0,0,0,48,34,0,0,21,0,0,26,0,0,0,0,0,0,0,0,0,0,0,0,0,0,0;0,0,0,41,0,0,28,0,77,42,0,0,0,0,0,0,0,0,0,66,0,0,0,54,57,0,0,0,21,0
0,0,32,0,0,0,0,0,38,0,0,35,0,0,0,0,0,0,25,0,0,0,0,28,0,23,39,0,0,0;32,0,33,0,0,0,0,22,0,0,0,0,30,40,0,0,0,37,31,26,0,0,33,0,0,32,0,0,0,24;0,37,0,15,0,21,35,35,0,0,27,30,0,24,30,0,0,0,33,25,29,0,0,34,0,0,0,37,0,22;24,0,0,0,0,0,0,34,0,29,20,0,0,0,29,0,0,34,27,38,0,0,0,39,36,0,0,36,0,0;0,34,0,0,0,0,30,27,0,0,0,34,33,28,0,0,31,0,0,21,0,0,27,0,0,26,28,0,0,22;0,0,23,0,27,0,0,0,0,0,0,37,0,0,0,0,0,0,0,0,0,0,0,0,0,0,0,0,0,22;0,37,34,0,0,0,0,0,0,0,0,0,37,0,0,0,0,32,0,27,0,0,0,0,0,0,0,0,0,0;33,28,0,0,0,0,0,0,27,0,0,29,0,0,35,0,0,28,0,0,0,0,0,22,0,0,0,31,0,0;0,26,0,0,0,37,0,40,0,0,0,0,33,0,0,30,22,0,26,21,0,0,0,29,0,0,30,0,38,37;0,0,25,36,0,0,0,32,0,0,0,40,0,0,38,0,0,0,0,33,0,0,0,0,0,0,34,0,0,0;0,0,0,0,0,0,0,0,0,0,0,0,0,0,0,0,0,0,0,0,0,0,0,36,0,22,0,0,40,0;26,0,0,0,0,0,0,0,0,0,28,0,0,0,26,0,0,39,0,36,0,28,0,0,0,0,20,0,0,0;0,0,0,0,0,0,0,0,0,22,20,24,0,32,31,0,0,40,22,37,37,0,0,0,0,0,0,0,30,0;0,0,0,23,0,0,20,0,23,0,0,34,0,0,0,0,0,23,0,0,27,0,23,0,0,0,24,21,0,0;0,0,0,30,0,24,0,21,0,0,32,27,0,0,0,0,0,33,0,0,40,0,23,0,0,0,0,0,0,0;0,0,0,40,30,32,0,30,0,0,0,0,26,0,0,0,0,0,0,0,31,0,0,31,30,0,0,38,0,0;21,0,0,28,0,30,0,0,0,35,0,37,23,0,0,0,0,0,21,0,0,0,29,0,26,0,0,37,0,0;0,35,0,24,22,0,29,28,0,0,38,29,0,0,36,0,21,0,0,24,0,0,27,0,36,0,0,0,0,0;0,0,0,34,39,0,0,0,0,0,0,0,0,0,0,0,0,35,0,0,28,0,0,0,0,0,38,25,0,32;0,0,0,24,0,0,0,0,0,0,0,0,0,0,0,0,0,0,0,0,0,0,0,0,36,0,0,0,37,20;0,0,0,20,40,32,27,0,37,33,0,0,0,0,0,37,36,0,32,36,0,0,0,31,0,34,38,0,0,0;40,0,0,0,21,0,0,0,0,37,0,24,34,0,0,32,0,33,0,39,0,0,0,40,32,0,0,21,0,36;23,27,0,0,0,0,27,31,0,0,0,0,0,30,36,0,23,40,0,37,0,0,0,0,0,0,0,0,23,0;26,34,0,0,29,0,0,0,0,0,31,40,0,0,22,0,21,0,35,0,0,0,0,0,0,0,0,35,0,0;0,0,0,0,0,24,0,0,0,24,0,24,22,0,0,0,0,28,0,0,33,22,0,0,0,0,0,0,0,32;0,0,0,0,0,21,0,0,0,0,0,0,24,22,0,0,21,31,36,0,0,0,22,0,0,0,0,25,0,0;20,0,31,0,0,0,0,0,23,22,0,0,0,40,34,0,0,0,0,21,0,0,0,25,35,0,0,0,26,0;30,0,0,0,0,23,0,38,0,0,0,40,0,0,0,0,31,0,0,0,0,0,0,0,21,0,0,0,0,0;36,0,0,39,0,0,0,27,20,0,0,26,0,0,24,0,0,0,0,0,0,0,0,0,0,0,0,0,0,0;0,0,0,30,0,0,31,0,39,26,0,0,0,0,0,0,0,0,0,32,0,0,0,40,40,0,0,0,33,0
-24,14,0,-52,17,-5,0,0,0,29,0,-10,-30,15,30,0,0,0,0,-25,0,30,14,-8,13,24,0,-21,0,-11
------------- End of Scenario k = 8 -------
0,0,53,0,0,0,0,0,52,0,0,50,0,0,0,0,0,0,20,0,0,0,0,52,0,48,60,0,0,0;38,0,80,0,0,0,0,28,0,0,0,0,80,21,0,0,0,63,77,80,0,0,24,0,0,37,0,0,0,65;0,36,0,80,0,69,20,51,0,0,75,51,0,70,78,0,0,0,22,47,65,0,0,47,0,0,0,49,0,41;31,0,0,0,0,0,0,57,0,37,40,0,0,0,33,0,0,47,75,66,0,0,0,23,60,0,0,49,0,0;0,46,0,0,0,0,32,38,0,0,0,27,45,23,0,0,23,0,0,78,0,0,48,0,0,38,77,0,0,80;0,0,45,0,63,0,0,0,0,0,0,47,0,0,0,0,0,0,0,0,0,0,0,0,0,0,0,0,0,63;0,54,79,0,0,0,0,0,0,0,0,0,80,0,0,0,0,38,0,80,0,0,0,0,0,0,0,0,0,0;80,27,0,0,0,0,0,0,22,0,0,80,0,0,45,0,0,70,0,0,0,0,0,68,0,0,0,80,0,0;0,26,0,0,0,48,0,48,0,0,0,0,80,0,0,31,55,0,55,59,0,0,0,61,0,0,68,0,58,80;0,0,64,78,0,0,0,53,0,0,0,60,0,0,50,0,0,0,0,80,0,0,0,0,0,0,22,0,0,0;0,0,0,0,0,0,0,0,0,0,0,0,0,0,0,0,0,0,0,0,0,0,0,49,0,78,0,0,68,0;57,0,0,0,0,0,0,0,0,0,25,0,0,0,62,0,0,75,0,21,0,66,0,0,0,0,55,0,0,0;0,0,0,0,0,0,0,0,0,48,71,52,0,73,22,0,0,79,49,67,77,0,0,0,0,0,0,0,36,0;0,0,0,66,0,0,31,0,23,0,0,80,0,0,0,0,0,26,0,0,75,0,30,0,0,0,22,80,0,0;0,0,0,80,0,24,0,28,0,0,73,42,0,0,0,0,0,46,0,0,66,0,69,0,0,0,0,0,0,0;0,0,0,32,78,80,0,35,0,0,0,0,24,0,0,0,0,0,0,0,35,0,0,62,58,0,0,39,0,0;46,0,0,80,0,74,0,0,0,32,0,71,80,0,0,0,0,0,65,0,0,0,74,0,67,0,0,61,0,0;0,26,0,59,73,0,42,67,0,0,24,38,0,0,51,0,31,0,0,80,0,0,67,0,49,0,0,0,0,0;0,0,0,68,75,0,0,0,0,0,0,0,0,0,0,0,0,41,0,0,38,0,0,0,0,0,74,23,0,80;0,0,0,34,0,0,0,0,0,0,0,0,0,0,0,0,0,0,0,0,0,0,0,0,36,0,0,0,26,69;0,0,0,47,69,71,58,0,22,58,0,0,0,0,0,80,33,0,62,79,0,0,0,28,0,38,80,0,0,0;80,0,0,0,79,0,0,0,0,79,0,43,25,0,0,27,0,23,0,80,0,0,0,80,75,0,0,69,0,25;80,28,0,0,0,0,20,23,0,0,0,0,0,27,71,0,21,79,0,73,0,0,0,0,0,0,0,0,25,0;44,80,0,0,57,0,0,0,0,0,29,48,0,0,74,0,51,0,55,0,0,0,0,0,0,0,0,78,0,0;0,0,0,0,0,55,0,0,0,23,0,35,76,0,0,0,0,62,0,0,66,36,0,0,0,0,0,0,0,39;0,0,0,0,0,38,0,0,0,0,0,0,28,67,0,0,42,24,42,0,0,0,40,0,0,0,0,80,0,0;62,0,47,0,0,0,0,0,42,76,0,0,0,58,75,0,0,0,0,73,0,0,0,80,27,0,0,0,35,0;62,0,0,0,0,77,0,74,0,0,0,67,0,0,0,0,24,0,0,0,0,0,0,0,35,0,0,0,0,0;80,0,0,30,0,0,0,35,79,0,0,74,0,0,69,0,0,0,0,0,0,0,0,0,0,0,0,0,0,0;0,0,0,46,0,0,66,0,50,49,0,0,0,0,0,0,0,0,0,42,0,0,0,46,64,0,0,0,23,0
0,0,37,0,0,0,0,0,38,0,0,35,0,0,0,0,0,0,28,0,0,0,0,34,0,30,36,0,0,0;29,0,26,0,0,0,0,37,0,0,0,0,31,36,0,0,0,36,37,29,0,0,40,0,0,39,0,0,0,35;0,26,0,37,0,32,20,37,0,0,21,35,0,31,31,0,0,0,28,40,34,0,0,31,0,0,0,37,0,39;25,0,0,0,0,0,0,37,0,28,32,0,0,0,20,0,0,23,20,33,0,0,0,25,35,0,0,25,0,0;0,34,0,0,0,0,28,21,0,0,0,22,21,22,0,0,29,0,0,22,0,0,34,0,0,39,27,0,0,19;0,0,29,0,37,0,0,0,0,0,0,40,0,0,0,0,0,0,0,0,0,0,0,0,0,0,0,0,0,21;0,20,37,0,0,0,0,0,0,0,0,0,35,0,0,0,0,30,0,24,0,0,0,0,0,0,0,0,0,0;38,39,0,0,0,0,0,0,31,0,0,39,0,0,37,0,0,32,0,0,0,0,0,37,0,0,0,36,0,0;0,25,0,0,0,25,0,25,0,0,0,0,30,0,0,21,39,0,28,21,0,0,0,25,0,0,31,0,20,24;0,0,38,17,0,0,0,40,0,0,0,26,0,0,30,0,0,0,0,21,0,0,0,0,0,0,26,0,0,0;0,0,0,0,0,0,0,0,0,0,0,0,0,0,0,0,0,0,0,0,0,0,0,24,0,23,0,0,22,0;30,0,0,0,0,0,0,0,0,0,25,0,0,0,40,0,0,22,0,38,0,28,0,0,0,0,39,0,0,0;0,0,0,0,0,0,0,0,0,35,32,27,0,35,27,0,0,35,24,29,37,0,0,0,0,0,0,0,25,0;0,0,0,36,0,0,23,0,27,0,0,23,0,0,0,0,0,33,0,0,33,0,33,0,0,0,23,21,0,0;0,0,0,37,0,29,0,26,0,0,33,32,0,0,0,0,0,29,0,0,40,0,30,0,0,0,0,0,0,0;0,0,0,28,34,33,0,38,0,0,0,0,28,0,0,0,0,0,0,0,26,0,0,29,27,0,0,33,0,0;32,0,0,22,0,24,0,0,0,40,0,20,27,0,0,0,0,0,38,0,0,0,20,0,36,0,0,36,0,0;0,40,0,35,40,0,28,33,0,0,24,22,0,0,36,0,32,0,0,37,0,0,23,0,25,0,0,0,0,0;0,0,0,30,33,0,0,0,0,0,0,0,0,0,0,0,0,36,0,0,21,0,0,0,0,0,31,24,0,40;0,0,0,35,0,0,0,0,0,0,0,0,0,0,0,0,0,0,0,0,0,0,0,0,21,0,0,0,37,27;0,0,0,36,35,20,23,0,27,26,0,0,0,0,0,40,31,0,33,20,0,0,0,37,0,38,24,0,0,0;39,0,0,0,34,0,0,0,0,22,0,37,17,0,0,35,0,21,0,38,0,0,0,23,25,0,0,20,0,36;21,38,0,0,0,0,35,20,0,0,0,0,0,25,23,0,26,31,0,37,0,0,0,0,0,0,0,0,27,0;25,29,0,0,38,0,0,0,0,0,32,27,0,0,34,0,40,0,40,0,0,0,0,0,0,0,0,37,0,0;0,0,0,0,0,27,0,0,0,27,0,32,35,0,0,0,0,32,0,0,29,25,0,0,0,0,0,0,0,30;0,0,0,0,0,22,0,0,0,0,0,0,39,23,0,0,29,25,27,0,0,0,29,0,0,0,0,27,0,0;34,0,21,0,0,0,0,0,35,37,0,0,0,32,33,0,0,0,0,32,0,0,0,18,28,0,0,0,39,0;31,0,0,0,0,38,0,24,0,0,0,38,0,0,0,0,35,0,0,0,0,0,0,0,25,0,0,0,0,0;18,0,0,34,0,0,0,27,40,0,0,34,0,0,39,0,0,0,0,0,0,0,0,0,0,0,0,0,0,0;0,0,0,40,0,0,24,0,31,25,0,0,0,0,0,0,0,0,0,20,0,0,0,30,28,0,0,0,30,0
-21,26,0,-40,15,-6,0,0,0,17,0,-7,-16,20,27,0,0,0,0,-27,0,16,13,-11,11,18,0,-15,0,-20
------------- End of Scenario k = 9 -------
