/ -------------------------------------------------------------------------
An instance of the stochastic Fixed - charge Network Flow Problem using NETGEN.
/ -------------------------------------------------------------------------
Number of Nodes (no Dummy node is added), n
Graph Density, density
The fixed cost to variable cost ratio, f
Adjacency Matrix, A
Fixed Cost Matrix, c
Number of scenarios, K
Scenario Probabilities, p
----The following three rows will be repeated K times.----
Var Cost Matrix, d
Capacity, u
demand, b
/ -------------------------------------------------------------------------
+
10
0.3
200
0,0,1,0,0,0,0,1,0,0;1,0,1,0,0,1,1,1,1,1;1,0,0,1,0,0,0,0,0,0;0,1,0,0,1,1,0,0,0,0;0,0,0,0,0,0,0,0,0,0;0,0,0,1,1,0,1,1,1,0;1,0,0,0,1,0,0,1,0,0;0,0,0,0,0,1,0,0,0,1;0,0,1,0,0,0,0,0,0,0;0,0,0,1,0,0,1,0,0,0
0,0,10586,0,0,0,0,10353,0,0;10080,0,13180,0,0,9720,9033,9200,10060,9726;12433,0,0,13013,0,0,0,0,0,0;0,10406,0,0,8800,12873,0,0,0,0;0,0,0,0,0,0,0,0,0,0;0,0,0,11186,12313,0,11466,10353,10060,0;9140,0,0,0,10213,0,0,12800,0,0;0,0,0,0,0,9660,0,0,0,13513;0,0,10893,0,0,0,0,0,0,0;0,0,0,10086,0,0,9106,0,0,0
30
0.01,0.01,0.01,0.03,0.01,0.03,0.01,0.01,0.03,0.03,0.03,0.01,0.01,0.01,0.01,0.03,0.03,0.06,0.05,0.03,0.01,0.01,0.05,0.05,0.03,0.08,0.08,0.01,0.06,0.17
--Scenarios--
0,0,70,0,0,0,0,70,0,0;34,0,79,0,0,59,54,28,79,23;63,0,0,80,0,0,0,0,0,0;0,76,0,0,67,78,0,0,0,0;0,0,0,0,0,0,0,0,0,0;0,0,0,67,80,0,80,23,38,0;54,0,0,0,35,0,0,66,0,0;0,0,0,0,0,39,0,0,0,69;0,0,80,0,0,0,0,0,0,0;0,0,0,70,0,0,73,0,0,0
0,0,36,0,0,0,0,23,0,0;20,0,39,0,0,39,38,30,25,28;29,0,0,38,0,0,0,0,0,0;0,20,0,0,32,33,0,0,0,0;0,0,0,0,0,0,0,0,0,0;0,0,0,33,33,0,38,20,25,0;28,0,0,0,23,0,0,31,0,0;0,0,0,0,0,35,0,0,0,39;0,0,34,0,0,0,0,0,0,0;0,0,0,35,0,0,23,0,0,0
-7,27,0,0,-20,0,0,0,0,0
------------- End of Scenario k = 0 -------
0,0,44,0,0,0,0,78,0,0;39,0,61,0,0,52,62,45,60,59;39,0,0,80,0,0,0,0,0,0;0,68,0,0,52,80,0,0,0,0;0,0,0,0,0,0,0,0,0,0;0,0,0,58,64,0,56,69,20,0;41,0,0,0,68,0,0,40,0,0;0,0,0,0,0,53,0,0,0,80;0,0,31,0,0,0,0,0,0,0;0,0,0,55,0,0,45,0,0,0
0,0,21,0,0,0,0,20,0,0;23,0,16,0,0,23,23,25,38,24;32,0,0,35,0,0,0,0,0,0;0,22,0,0,28,22,0,0,0,0;0,0,0,0,0,0,0,0,0,0;0,0,0,21,38,0,16,23,30,0;36,0,0,0,33,0,0,40,0,0;0,0,0,0,0,33,0,0,0,35;0,0,36,0,0,0,0,0,0,0;0,0,0,30,0,0,31,0,0,0
-10,14,0,0,-4,0,0,0,0,0
------------- End of Scenario k = 1 -------
0,0,50,0,0,0,0,44,0,0;22,0,80,0,0,21,67,41,59,30;64,0,0,80,0,0,0,0,0,0;0,57,0,0,80,80,0,0,0,0;0,0,0,0,0,0,0,0,0,0;0,0,0,63,62,0,78,77,63,0;21,0,0,0,70,0,0,57,0,0;0,0,0,0,0,26,0,0,0,80;0,0,57,0,0,0,0,0,0,0;0,0,0,21,0,0,30,0,0,0
0,0,20,0,0,0,0,32,0,0;23,0,23,0,0,30,24,39,25,29;22,0,0,24,0,0,0,0,0,0;0,22,0,0,39,32,0,0,0,0;0,0,0,0,0,0,0,0,0,0;0,0,0,30,17,0,38,34,34,0;40,0,0,0,21,0,0,23,0,0;0,0,0,0,0,26,0,0,0,35;0,0,33,0,0,0,0,0,0,0;0,0,0,39,0,0,24,0,0,0
-9,14,0,0,-5,0,0,0,0,0
------------- End of Scenario k = 2 -------
0,0,39,0,0,0,0,56,0,0;34,0,80,0,0,61,24,72,30,61;80,0,0,80,0,0,0,0,0,0;0,61,0,0,38,67,0,0,0,0;0,0,0,0,0,0,0,0,0,0;0,0,0,38,62,0,41,67,62,0;51,0,0,0,33,0,0,80,0,0;0,0,0,0,0,30,0,0,0,80;0,0,56,0,0,0,0,0,0,0;0,0,0,26,0,0,31,0,0,0
0,0,25,0,0,0,0,31,0,0;36,0,19,0,0,28,32,26,20,21;17,0,0,26,0,0,0,0,0,0;0,39,0,0,21,28,0,0,0,0;0,0,0,0,0,0,0,0,0,0;0,0,0,40,39,0,38,29,21,0;25,0,0,0,22,0,0,21,0,0;0,0,0,0,0,35,0,0,0,31;0,0,34,0,0,0,0,0,0,0;0,0,0,22,0,0,27,0,0,0
-1,13,0,0,-12,0,0,0,0,0
------------- End of Scenario k = 3 -------
0,0,74,0,0,0,0,33,0,0;38,0,80,0,0,33,21,32,38,54;41,0,0,80,0,0,0,0,0,0;0,60,0,0,23,42,0,0,0,0;0,0,0,0,0,0,0,0,0,0;0,0,0,43,30,0,27,71,57,0;62,0,0,0,70,0,0,78,0,0;0,0,0,0,0,72,0,0,0,80;0,0,60,0,0,0,0,0,0,0;0,0,0,63,0,0,59,0,0,0
0,0,38,0,0,0,0,24,0,0;20,0,27,0,0,20,21,23,26,28;19,0,0,35,0,0,0,0,0,0;0,34,0,0,40,39,0,0,0,0;0,0,0,0,0,0,0,0,0,0;0,0,0,38,16,0,10,31,21,0;36,0,0,0,32,0,0,18,0,0;0,0,0,0,0,21,0,0,0,22;0,0,26,0,0,0,0,0,0,0;0,0,0,35,0,0,28,0,0,0
-6,10,0,0,-4,0,0,0,0,0
------------- End of Scenario k = 4 -------
0,0,71,0,0,0,0,71,0,0;69,0,49,0,0,49,20,48,37,70;42,0,0,67,0,0,0,0,0,0;0,29,0,0,51,80,0,0,0,0;0,0,0,0,0,0,0,0,0,0;0,0,0,53,35,0,70,38,42,0;62,0,0,0,79,0,0,80,0,0;0,0,0,0,0,49,0,0,0,24;0,0,77,0,0,0,0,0,0,0;0,0,0,50,0,0,54,0,0,0
0,0,25,0,0,0,0,28,0,0;20,0,34,0,0,34,36,28,29,35;13,0,0,29,0,0,0,0,0,0;0,29,0,0,28,27,0,0,0,0;0,0,0,0,0,0,0,0,0,0;0,0,0,21,28,0,12,40,37,0;32,0,0,0,40,0,0,37,0,0;0,0,0,0,0,37,0,0,0,30;0,0,25,0,0,0,0,0,0,0;0,0,0,27,0,0,37,0,0,0
-10,11,0,0,-1,0,0,0,0,0
------------- End of Scenario k = 5 -------
0,0,20,0,0,0,0,41,0,0;20,0,80,0,0,32,41,21,58,37;80,0,0,23,0,0,0,0,0,0;0,79,0,0,23,59,0,0,0,0;0,0,0,0,0,0,0,0,0,0;0,0,0,24,80,0,80,80,47,0;25,0,0,0,41,0,0,31,0,0;0,0,0,0,0,76,0,0,0,71;0,0,48,0,0,0,0,0,0,0;0,0,0,29,0,0,31,0,0,0
0,0,27,0,0,0,0,31,0,0;35,0,29,0,0,27,30,39,38,28;39,0,0,23,0,0,0,0,0,0;0,23,0,0,21,30,0,0,0,0;0,0,0,0,0,0,0,0,0,0;0,0,0,27,31,0,21,25,21,0;32,0,0,0,40,0,0,33,0,0;0,0,0,0,0,34,0,0,0,24;0,0,36,0,0,0,0,0,0,0;0,0,0,22,0,0,32,0,0,0
-16,18,0,0,-2,0,0,0,0,0
------------- End of Scenario k = 6 -------
0,0,76,0,0,0,0,60,0,0;37,0,80,0,0,43,61,24,74,51;48,0,0,28,0,0,0,0,0,0;0,66,0,0,43,80,0,0,0,0;0,0,0,0,0,0,0,0,0,0;0,0,0,79,80,0,62,54,45,0;41,0,0,0,30,0,0,66,0,0;0,0,0,0,0,56,0,0,0,50;0,0,49,0,0,0,0,0,0,0;0,0,0,68,0,0,71,0,0,0
0,0,32,0,0,0,0,38,0,0;36,0,29,0,0,38,25,24,30,36;29,0,0,34,0,0,0,0,0,0;0,34,0,0,34,31,0,0,0,0;0,0,0,0,0,0,0,0,0,0;0,0,0,28,35,0,37,27,29,0;30,0,0,0,30,0,0,35,0,0;0,0,0,0,0,33,0,0,0,29;0,0,32,0,0,0,0,0,0,0;0,0,0,24,0,0,24,0,0,0
-19,29,0,0,-10,0,0,0,0,0
------------- End of Scenario k = 7 -------
0,0,53,0,0,0,0,53,0,0;74,0,23,0,0,67,31,79,44,34;80,0,0,51,0,0,0,0,0,0;0,79,0,0,20,80,0,0,0,0;0,0,0,0,0,0,0,0,0,0;0,0,0,65,80,0,22,33,79,0;27,0,0,0,30,0,0,80,0,0;0,0,0,0,0,67,0,0,0,80;0,0,54,0,0,0,0,0,0,0;0,0,0,66,0,0,42,0,0,0
0,0,35,0,0,0,0,25,0,0;28,0,26,0,0,26,31,22,36,20;20,0,0,32,0,0,0,0,0,0;0,26,0,0,40,39,0,0,0,0;0,0,0,0,0,0,0,0,0,0;0,0,0,24,29,0,39,26,35,0;20,0,0,0,31,0,0,32,0,0;0,0,0,0,0,40,0,0,0,40;0,0,25,0,0,0,0,0,0,0;0,0,0,31,0,0,29,0,0,0
-5,20,0,0,-15,0,0,0,0,0
------------- End of Scenario k = 8 -------
0,0,75,0,0,0,0,40,0,0;45,0,61,0,0,20,50,37,40,70;80,0,0,80,0,0,0,0,0,0;0,24,0,0,30,80,0,0,0,0;0,0,0,0,0,0,0,0,0,0;0,0,0,69,80,0,20,70,43,0;39,0,0,0,63,0,0,80,0,0;0,0,0,0,0,62,0,0,0,80;0,0,38,0,0,0,0,0,0,0;0,0,0,69,0,0,61,0,0,0
0,0,20,0,0,0,0,27,0,0;27,0,40,0,0,20,30,38,30,35;37,0,0,38,0,0,0,0,0,0;0,36,0,0,25,30,0,0,0,0;0,0,0,0,0,0,0,0,0,0;0,0,0,29,26,0,31,23,40,0;25,0,0,0,23,0,0,35,0,0;0,0,0,0,0,28,0,0,0,36;0,0,31,0,0,0,0,0,0,0;0,0,0,30,0,0,38,0,0,0
-19,25,0,0,-6,0,0,0,0,0
------------- End of Scenario k = 9 -------
0,0,30,0,0,0,0,59,0,0;23,0,58,0,0,71,49,44,35,30;80,0,0,80,0,0,0,0,0,0;0,50,0,0,63,43,0,0,0,0;0,0,0,0,0,0,0,0,0,0;0,0,0,62,32,0,58,77,75,0;23,0,0,0,73,0,0,56,0,0;0,0,0,0,0,34,0,0,0,75;0,0,74,0,0,0,0,0,0,0;0,0,0,50,0,0,62,0,0,0
0,0,29,0,0,0,0,30,0,0;23,0,27,0,0,35,26,29,23,29;32,0,0,40,0,0,0,0,0,0;0,22,0,0,37,33,0,0,0,0;0,0,0,0,0,0,0,0,0,0;0,0,0,24,39,0,36,39,25,0;28,0,0,0,30,0,0,34,0,0;0,0,0,0,0,27,0,0,0,36;0,0,37,0,0,0,0,0,0,0;0,0,0,37,0,0,35,0,0,0
-4,26,0,0,-22,0,0,0,0,0
------------- End of Scenario k = 10 -------
0,0,55,0,0,0,0,72,0,0;73,0,53,0,0,38,71,61,49,25;80,0,0,80,0,0,0,0,0,0;0,43,0,0,25,80,0,0,0,0;0,0,0,0,0,0,0,0,0,0;0,0,0,65,80,0,51,31,80,0;32,0,0,0,45,0,0,50,0,0;0,0,0,0,0,28,0,0,0,68;0,0,69,0,0,0,0,0,0,0;0,0,0,28,0,0,22,0,0,0
0,0,25,0,0,0,0,36,0,0;35,0,23,0,0,20,32,35,33,21;31,0,0,34,0,0,0,0,0,0;0,20,0,0,36,28,0,0,0,0;0,0,0,0,0,0,0,0,0,0;0,0,0,27,18,0,29,22,39,0;33,0,0,0,32,0,0,22,0,0;0,0,0,0,0,31,0,0,0,14;0,0,22,0,0,0,0,0,0,0;0,0,0,33,0,0,27,0,0,0
-12,13,0,0,-1,0,0,0,0,0
------------- End of Scenario k = 11 -------
0,0,62,0,0,0,0,37,0,0;67,0,80,0,0,53,66,43,20,80;33,0,0,80,0,0,0,0,0,0;0,68,0,0,21,35,0,0,0,0;0,0,0,0,0,0,0,0,0,0;0,0,0,52,58,0,50,59,72,0;26,0,0,0,37,0,0,58,0,0;0,0,0,0,0,65,0,0,0,80;0,0,25,0,0,0,0,0,0,0;0,0,0,34,0,0,22,0,0,0
0,0,26,0,0,0,0,33,0,0;29,0,26,0,0,35,28,30,37,40;17,0,0,30,0,0,0,0,0,0;0,23,0,0,30,40,0,0,0,0;0,0,0,0,0,0,0,0,0,0;0,0,0,35,18,0,26,40,40,0;34,0,0,0,37,0,0,27,0,0;0,0,0,0,0,29,0,0,0,35;0,0,35,0,0,0,0,0,0,0;0,0,0,39,0,0,25,0,0,0
-9,16,0,0,-7,0,0,0,0,0
------------- End of Scenario k = 12 -------
0,0,80,0,0,0,0,31,0,0;52,0,42,0,0,57,27,61,69,37;80,0,0,80,0,0,0,0,0,0;0,77,0,0,28,80,0,0,0,0;0,0,0,0,0,0,0,0,0,0;0,0,0,52,43,0,47,33,26,0;70,0,0,0,29,0,0,30,0,0;0,0,0,0,0,32,0,0,0,39;0,0,79,0,0,0,0,0,0,0;0,0,0,50,0,0,23,0,0,0
0,0,31,0,0,0,0,36,0,0;36,0,26,0,0,39,20,24,38,39;33,0,0,31,0,0,0,0,0,0;0,26,0,0,27,39,0,0,0,0;0,0,0,0,0,0,0,0,0,0;0,0,0,39,32,0,29,32,22,0;28,0,0,0,34,0,0,32,0,0;0,0,0,0,0,34,0,0,0,32;0,0,22,0,0,0,0,0,0,0;0,0,0,37,0,0,21,0,0,0
-7,26,0,0,-19,0,0,0,0,0
------------- End of Scenario k = 13 -------
0,0,54,0,0,0,0,60,0,0;36,0,57,0,0,62,80,22,66,79;66,0,0,22,0,0,0,0,0,0;0,29,0,0,28,80,0,0,0,0;0,0,0,0,0,0,0,0,0,0;0,0,0,46,62,0,66,73,78,0;40,0,0,0,21,0,0,68,0,0;0,0,0,0,0,69,0,0,0,80;0,0,39,0,0,0,0,0,0,0;0,0,0,28,0,0,40,0,0,0
0,0,25,0,0,0,0,35,0,0;36,0,40,0,0,37,28,40,21,26;38,0,0,26,0,0,0,0,0,0;0,31,0,0,26,26,0,0,0,0;0,0,0,0,0,0,0,0,0,0;0,0,0,34,33,0,35,25,29,0;22,0,0,0,38,0,0,27,0,0;0,0,0,0,0,30,0,0,0,32;0,0,39,0,0,0,0,0,0,0;0,0,0,40,0,0,22,0,0,0
-22,23,0,0,-1,0,0,0,0,0
------------- End of Scenario k = 14 -------
0,0,74,0,0,0,0,70,0,0;34,0,80,0,0,67,36,41,61,48;37,0,0,45,0,0,0,0,0,0;0,21,0,0,67,36,0,0,0,0;0,0,0,0,0,0,0,0,0,0;0,0,0,69,80,0,41,41,33,0;57,0,0,0,40,0,0,80,0,0;0,0,0,0,0,30,0,0,0,80;0,0,34,0,0,0,0,0,0,0;0,0,0,76,0,0,43,0,0,0
0,0,25,0,0,0,0,22,0,0;34,0,31,0,0,27,32,21,33,31;36,0,0,38,0,0,0,0,0,0;0,25,0,0,31,40,0,0,0,0;0,0,0,0,0,0,0,0,0,0;0,0,0,37,32,0,35,33,24,0;34,0,0,0,29,0,0,30,0,0;0,0,0,0,0,28,0,0,0,36;0,0,32,0,0,0,0,0,0,0;0,0,0,22,0,0,38,0,0,0
-15,30,0,0,-15,0,0,0,0,0
------------- End of Scenario k = 15 -------
0,0,66,0,0,0,0,51,0,0;24,0,80,0,0,27,59,37,72,66;80,0,0,79,0,0,0,0,0,0;0,54,0,0,55,80,0,0,0,0;0,0,0,0,0,0,0,0,0,0;0,0,0,79,31,0,80,61,44,0;38,0,0,0,71,0,0,80,0,0;0,0,0,0,0,60,0,0,0,41;0,0,77,0,0,0,0,0,0,0;0,0,0,63,0,0,33,0,0,0
0,0,40,0,0,0,0,31,0,0;28,0,32,0,0,29,34,32,27,35;27,0,0,38,0,0,0,0,0,0;0,40,0,0,27,31,0,0,0,0;0,0,0,0,0,0,0,0,0,0;0,0,0,40,35,0,40,28,39,0;22,0,0,0,40,0,0,30,0,0;0,0,0,0,0,32,0,0,0,27;0,0,33,0,0,0,0,0,0,0;0,0,0,33,0,0,30,0,0,0
-6,26,0,0,-20,0,0,0,0,0
------------- End of Scenario k = 16 -------
0,0,40,0,0,0,0,54,0,0;79,0,80,0,0,30,41,32,30,70;80,0,0,40,0,0,0,0,0,0;0,20,0,0,61,80,0,0,0,0;0,0,0,0,0,0,0,0,0,0;0,0,0,80,80,0,40,54,57,0;44,0,0,0,51,0,0,80,0,0;0,0,0,0,0,30,0,0,0,80;0,0,32,0,0,0,0,0,0,0;0,0,0,65,0,0,51,0,0,0
0,0,34,0,0,0,0,36,0,0;40,0,34,0,0,39,38,36,20,34;30,0,0,35,0,0,0,0,0,0;0,20,0,0,28,37,0,0,0,0;0,0,0,0,0,0,0,0,0,0;0,0,0,35,37,0,38,36,40,0;22,0,0,0,37,0,0,37,0,0;0,0,0,0,0,34,0,0,0,32;0,0,27,0,0,0,0,0,0,0;0,0,0,29,0,0,23,0,0,0
-20,30,0,0,-10,0,0,0,0,0
------------- End of Scenario k = 17 -------
0,0,25,0,0,0,0,65,0,0;35,0,59,0,0,62,33,43,29,40;36,0,0,80,0,0,0,0,0,0;0,36,0,0,26,24,0,0,0,0;0,0,0,0,0,0,0,0,0,0;0,0,0,38,80,0,29,49,32,0;68,0,0,0,80,0,0,80,0,0;0,0,0,0,0,48,0,0,0,80;0,0,35,0,0,0,0,0,0,0;0,0,0,51,0,0,68,0,0,0
0,0,30,0,0,0,0,35,0,0;40,0,35,0,0,32,22,38,40,30;36,0,0,27,0,0,0,0,0,0;0,23,0,0,32,40,0,0,0,0;0,0,0,0,0,0,0,0,0,0;0,0,0,21,35,0,35,25,25,0;33,0,0,0,35,0,0,34,0,0;0,0,0,0,0,26,0,0,0,39;0,0,23,0,0,0,0,0,0,0;0,0,0,21,0,0,22,0,0,0
-7,27,0,0,-20,0,0,0,0,0
------------- End of Scenario k = 18 -------
0,0,51,0,0,0,0,45,0,0;58,0,24,0,0,74,71,72,66,38;43,0,0,80,0,0,0,0,0,0;0,57,0,0,49,80,0,0,0,0;0,0,0,0,0,0,0,0,0,0;0,0,0,37,80,0,72,46,23,0;20,0,0,0,77,0,0,60,0,0;0,0,0,0,0,38,0,0,0,80;0,0,70,0,0,0,0,0,0,0;0,0,0,71,0,0,38,0,0,0
0,0,27,0,0,0,0,38,0,0;32,0,33,0,0,20,40,32,32,37;39,0,0,31,0,0,0,0,0,0;0,27,0,0,32,40,0,0,0,0;0,0,0,0,0,0,0,0,0,0;0,0,0,32,36,0,32,30,33,0;21,0,0,0,25,0,0,29,0,0;0,0,0,0,0,36,0,0,0,37;0,0,38,0,0,0,0,0,0,0;0,0,0,40,0,0,33,0,0,0
-6,29,0,0,-23,0,0,0,0,0
------------- End of Scenario k = 19 -------
0,0,73,0,0,0,0,32,0,0;52,0,41,0,0,52,26,54,36,50;80,0,0,70,0,0,0,0,0,0;0,36,0,0,29,80,0,0,0,0;0,0,0,0,0,0,0,0,0,0;0,0,0,35,30,0,80,48,42,0;41,0,0,0,27,0,0,80,0,0;0,0,0,0,0,73,0,0,0,30;0,0,60,0,0,0,0,0,0,0;0,0,0,36,0,0,75,0,0,0
0,0,36,0,0,0,0,33,0,0;25,0,17,0,0,26,21,31,35,39;24,0,0,14,0,0,0,0,0,0;0,34,0,0,34,39,0,0,0,0;0,0,0,0,0,0,0,0,0,0;0,0,0,32,10,0,30,24,25,0;30,0,0,0,36,0,0,25,0,0;0,0,0,0,0,25,0,0,0,10;0,0,27,0,0,0,0,0,0,0;0,0,0,21,0,0,30,0,0,0
-2,10,0,0,-8,0,0,0,0,0
------------- End of Scenario k = 20 -------
0,0,64,0,0,0,0,74,0,0;67,0,80,0,0,61,39,32,22,33;41,0,0,50,0,0,0,0,0,0;0,72,0,0,33,80,0,0,0,0;0,0,0,0,0,0,0,0,0,0;0,0,0,72,30,0,44,38,65,0;63,0,0,0,64,0,0,49,0,0;0,0,0,0,0,51,0,0,0,62;0,0,29,0,0,0,0,0,0,0;0,0,0,71,0,0,26,0,0,0
0,0,38,0,0,0,0,22,0,0;33,0,28,0,0,36,22,33,32,22;23,0,0,35,0,0,0,0,0,0;0,23,0,0,24,40,0,0,0,0;0,0,0,0,0,0,0,0,0,0;0,0,0,28,26,0,26,32,29,0;28,0,0,0,33,0,0,21,0,0;0,0,0,0,0,39,0,0,0,29;0,0,37,0,0,0,0,0,0,0;0,0,0,24,0,0,21,0,0,0
-11,17,0,0,-6,0,0,0,0,0
------------- End of Scenario k = 21 -------
0,0,58,0,0,0,0,30,0,0;71,0,80,0,0,28,56,63,20,67;42,0,0,80,0,0,0,0,0,0;0,66,0,0,63,20,0,0,0,0;0,0,0,0,0,0,0,0,0,0;0,0,0,62,80,0,74,54,27,0;78,0,0,0,58,0,0,20,0,0;0,0,0,0,0,20,0,0,0,50;0,0,78,0,0,0,0,0,0,0;0,0,0,58,0,0,23,0,0,0
0,0,22,0,0,0,0,37,0,0;34,0,27,0,0,30,31,28,26,28;28,0,0,35,0,0,0,0,0,0;0,35,0,0,30,27,0,0,0,0;0,0,0,0,0,0,0,0,0,0;0,0,0,23,31,0,25,21,29,0;30,0,0,0,24,0,0,24,0,0;0,0,0,0,0,20,0,0,0,29;0,0,40,0,0,0,0,0,0,0;0,0,0,30,0,0,22,0,0,0
-2,23,0,0,-21,0,0,0,0,0
------------- End of Scenario k = 22 -------
0,0,41,0,0,0,0,64,0,0;49,0,22,0,0,37,22,27,65,51;64,0,0,25,0,0,0,0,0,0;0,74,0,0,33,79,0,0,0,0;0,0,0,0,0,0,0,0,0,0;0,0,0,70,41,0,31,56,44,0;62,0,0,0,36,0,0,80,0,0;0,0,0,0,0,28,0,0,0,77;0,0,43,0,0,0,0,0,0,0;0,0,0,64,0,0,60,0,0,0
0,0,33,0,0,0,0,34,0,0;28,0,25,0,0,26,39,34,22,30;21,0,0,25,0,0,0,0,0,0;0,23,0,0,26,21,0,0,0,0;0,0,0,0,0,0,0,0,0,0;0,0,0,39,29,0,28,32,39,0;20,0,0,0,32,0,0,30,0,0;0,0,0,0,0,28,0,0,0,35;0,0,36,0,0,0,0,0,0,0;0,0,0,36,0,0,40,0,0,0
-8,16,0,0,-8,0,0,0,0,0
------------- End of Scenario k = 23 -------
0,0,33,0,0,0,0,27,0,0;70,0,80,0,0,80,75,60,63,43;80,0,0,54,0,0,0,0,0,0;0,26,0,0,54,22,0,0,0,0;0,0,0,0,0,0,0,0,0,0;0,0,0,33,80,0,65,63,67,0;62,0,0,0,32,0,0,40,0,0;0,0,0,0,0,41,0,0,0,25;0,0,80,0,0,0,0,0,0,0;0,0,0,21,0,0,21,0,0,0
0,0,36,0,0,0,0,21,0,0;28,0,21,0,0,22,31,23,30,36;24,0,0,30,0,0,0,0,0,0;0,32,0,0,29,34,0,0,0,0;0,0,0,0,0,0,0,0,0,0;0,0,0,36,15,0,23,26,40,0;36,0,0,0,32,0,0,35,0,0;0,0,0,0,0,28,0,0,0,40;0,0,20,0,0,0,0,0,0,0;0,0,0,23,0,0,29,0,0,0
-11,13,0,0,-2,0,0,0,0,0
------------- End of Scenario k = 24 -------
0,0,58,0,0,0,0,25,0,0;50,0,68,0,0,36,62,64,66,21;80,0,0,80,0,0,0,0,0,0;0,60,0,0,59,80,0,0,0,0;0,0,0,0,0,0,0,0,0,0;0,0,0,62,80,0,80,24,74,0;39,0,0,0,65,0,0,72,0,0;0,0,0,0,0,33,0,0,0,80;0,0,40,0,0,0,0,0,0,0;0,0,0,61,0,0,37,0,0,0
0,0,25,0,0,0,0,32,0,0;27,0,23,0,0,31,40,25,25,21;36,0,0,29,0,0,0,0,0,0;0,35,0,0,40,31,0,0,0,0;0,0,0,0,0,0,0,0,0,0;0,0,0,29,27,0,22,20,27,0;35,0,0,0,36,0,0,19,0,0;0,0,0,0,0,26,0,0,0,35;0,0,21,0,0,0,0,0,0,0;0,0,0,20,0,0,22,0,0,0
-11,13,0,0,-2,0,0,0,0,0
------------- End of Scenario k = 25 -------
0,0,49,0,0,0,0,40,0,0;45,0,80,0,0,62,33,25,27,59;69,0,0,80,0,0,0,0,0,0;0,36,0,0,63,80,0,0,0,0;0,0,0,0,0,0,0,0,0,0;0,0,0,21,80,0,80,37,52,0;57,0,0,0,61,0,0,80,0,0;0,0,0,0,0,46,0,0,0,80;0,0,57,0,0,0,0,0,0,0;0,0,0,21,0,0,56,0,0,0
0,0,33,0,0,0,0,22,0,0;22,0,23,0,0,37,34,20,23,26;22,0,0,24,0,0,0,0,0,0;0,31,0,0,30,11,0,0,0,0;0,0,0,0,0,0,0,0,0,0;0,0,0,31,38,0,31,22,39,0;23,0,0,0,31,0,0,14,0,0;0,0,0,0,0,27,0,0,0,15;0,0,40,0,0,0,0,0,0,0;0,0,0,36,0,0,30,0,0,0
-6,11,0,0,-5,0,0,0,0,0
------------- End of Scenario k = 26 -------
0,0,21,0,0,0,0,59,0,0;74,0,80,0,0,39,29,35,53,45;47,0,0,80,0,0,0,0,0,0;0,42,0,0,51,39,0,0,0,0;0,0,0,0,0,0,0,0,0,0;0,0,0,76,38,0,62,40,55,0;61,0,0,0,30,0,0,80,0,0;0,0,0,0,0,64,0,0,0,80;0,0,70,0,0,0,0,0,0,0;0,0,0,58,0,0,59,0,0,0
0,0,25,0,0,0,0,29,0,0;40,0,26,0,0,37,30,33,23,40;23,0,0,38,0,0,0,0,0,0;0,32,0,0,20,36,0,0,0,0;0,0,0,0,0,0,0,0,0,0;0,0,0,32,31,0,38,20,25,0;36,0,0,0,22,0,0,33,0,0;0,0,0,0,0,40,0,0,0,28;0,0,22,0,0,0,0,0,0,0;0,0,0,20,0,0,35,0,0,0
-13,16,0,0,-3,0,0,0,0,0
------------- End of Scenario k = 27 -------
0,0,52,0,0,0,0,75,0,0;70,0,80,0,0,48,29,79,69,44;80,0,0,63,0,0,0,0,0,0;0,20,0,0,41,28,0,0,0,0;0,0,0,0,0,0,0,0,0,0;0,0,0,53,59,0,80,32,36,0;44,0,0,0,75,0,0,74,0,0;0,0,0,0,0,61,0,0,0,80;0,0,53,0,0,0,0,0,0,0;0,0,0,64,0,0,33,0,0,0
0,0,31,0,0,0,0,21,0,0;27,0,19,0,0,34,26,24,36,29;40,0,0,21,0,0,0,0,0,0;0,34,0,0,27,32,0,0,0,0;0,0,0,0,0,0,0,0,0,0;0,0,0,33,23,0,19,26,36,0;38,0,0,0,24,0,0,30,0,0;0,0,0,0,0,21,0,0,0,31;0,0,23,0,0,0,0,0,0,0;0,0,0,25,0,0,27,0,0,0
-3,17,0,0,-14,0,0,0,0,0
------------- End of Scenario k = 28 -------
0,0,30,0,0,0,0,37,0,0;71,0,80,0,0,37,20,58,72,44;50,0,0,55,0,0,0,0,0,0;0,75,0,0,44,79,0,0,0,0;0,0,0,0,0,0,0,0,0,0;0,0,0,55,50,0,54,55,31,0;23,0,0,0,41,0,0,45,0,0;0,0,0,0,0,68,0,0,0,66;0,0,40,0,0,0,0,0,0,0;0,0,0,26,0,0,77,0,0,0
0,0,28,0,0,0,0,28,0,0;37,0,28,0,0,22,37,26,20,21;39,0,0,40,0,0,0,0,0,0;0,26,0,0,38,40,0,0,0,0;0,0,0,0,0,0,0,0,0,0;0,0,0,30,16,0,34,33,25,0;32,0,0,0,23,0,0,21,0,0;0,0,0,0,0,24,0,0,0,38;0,0,21,0,0,0,0,0,0,0;0,0,0,38,0,0,35,0,0,0
-1,14,0,0,-13,0,0,0,0,0
------------- End of Scenario k = 29 -------
