/ -------------------------------------------------------------------------
An instance of the stochastic Fixed - charge Network Flow Problem using NETGEN.
/ -------------------------------------------------------------------------
Number of Nodes (no Dummy node is added), n
Graph Density, density
The fixed cost to variable cost ratio, f
Adjacency Matrix, A
Fixed Cost Matrix, c
Number of scenarios, K
Scenario Probabilities, p
----The following three rows will be repeated K times.----
Var Cost Matrix, d
Capacity, u
demand, b
/ -------------------------------------------------------------------------
+
10
0.3
200
0,0,0,0,0,0,0,0,0,0;0,0,1,0,0,0,0,0,1,0;0,0,0,0,0,0,0,1,1,0;1,0,0,0,1,0,0,0,0,1;0,0,0,0,0,1,0,0,1,0;0,0,0,0,0,0,0,0,0,0;1,0,0,0,0,1,0,1,1,1;0,0,1,0,0,0,0,0,0,0;0,0,1,0,0,1,0,0,0,0;1,0,0,0,0,0,0,0,1,0
0,0,0,0,0,0,0,0,0,0;0,0,11070,0,0,0,0,0,11040,0;0,0,0,0,0,0,0,9900,10300,0;12440,0,0,0,13100,0,0,0,0,9450;0,0,0,0,0,12340,0,0,11450,0;0,0,0,0,0,0,0,0,0,0;13400,0,0,0,0,14310,0,13240,13410,9590;0,0,10540,0,0,0,0,0,0,0;0,0,9000,0,0,9930,0,0,0,0;8800,0,0,0,0,0,0,0,9540,0
20
0.02,0.02,0.02,0.05,0.05,0.07,0.02,0.05,0.02,0.07,0.07,0.05,0.02,0.12,0.07,0.1,0.05,0.02,0.02,0.09
--Scenarios--
0,0,0,0,0,0,0,0,0,0;0,0,80,0,0,0,0,0,68,0;0,0,0,0,0,0,0,60,73,0;80,0,0,0,80,0,0,0,0,58;0,0,0,0,0,80,0,0,34,0;0,0,0,0,0,0,0,0,0,0;80,0,0,0,0,78,0,59,80,50;0,0,41,0,0,0,0,0,0,0;0,0,80,0,0,53,0,0,0,0;50,0,0,0,0,0,0,0,53,0
0,0,0,0,0,0,0,0,0,0;0,0,34,0,0,0,0,0,28,0;0,0,0,0,0,0,0,36,31,0;31,0,0,0,35,0,0,0,0,33;0,0,0,0,0,40,0,0,34,0;0,0,0,0,0,0,0,0,0,0;40,0,0,0,0,33,0,33,34,34;0,0,33,0,0,0,0,0,0,0;0,0,38,0,0,33,0,0,0,0;27,0,0,0,0,0,0,0,23,0
-41,30,0,27,0,-13,26,0,-44,15
------------- End of Scenario k = 0 -------
0,0,0,0,0,0,0,0,0,0;0,0,80,0,0,0,0,0,33,0;0,0,0,0,0,0,0,24,22,0;79,0,0,0,80,0,0,0,0,56;0,0,0,0,0,80,0,0,70,0;0,0,0,0,0,0,0,0,0,0;28,0,0,0,0,80,0,25,28,40;0,0,41,0,0,0,0,0,0,0;0,0,58,0,0,54,0,0,0,0;33,0,0,0,0,0,0,0,25,0
0,0,0,0,0,0,0,0,0,0;0,0,39,0,0,0,0,0,24,0;0,0,0,0,0,0,0,39,38,0;38,0,0,0,37,0,0,0,0,39;0,0,0,0,0,32,0,0,27,0;0,0,0,0,0,0,0,0,0,0;35,0,0,0,0,26,0,36,29,25;0,0,37,0,0,0,0,0,0,0;0,0,35,0,0,38,0,0,0,0;26,0,0,0,0,0,0,0,25,0
-34,21,0,25,0,-19,25,0,-37,19
------------- End of Scenario k = 1 -------
0,0,0,0,0,0,0,0,0,0;0,0,78,0,0,0,0,0,78,0;0,0,0,0,0,0,0,71,26,0;46,0,0,0,80,0,0,0,0,78;0,0,0,0,0,80,0,0,60,0;0,0,0,0,0,0,0,0,0,0;63,0,0,0,0,61,0,80,26,42;0,0,40,0,0,0,0,0,0,0;0,0,25,0,0,74,0,0,0,0;56,0,0,0,0,0,0,0,46,0
0,0,0,0,0,0,0,0,0,0;0,0,29,0,0,0,0,0,30,0;0,0,0,0,0,0,0,21,19,0;35,0,0,0,30,0,0,0,0,20;0,0,0,0,0,35,0,0,24,0;0,0,0,0,0,0,0,0,0,0;30,0,0,0,0,31,0,39,32,22;0,0,35,0,0,0,0,0,0,0;0,0,31,0,0,20,0,0,0,0;34,0,0,0,0,0,0,0,21,0
-44,12,0,23,0,-22,30,0,-25,26
------------- End of Scenario k = 2 -------
0,0,0,0,0,0,0,0,0,0;0,0,80,0,0,0,0,0,80,0;0,0,0,0,0,0,0,39,64,0;28,0,0,0,80,0,0,0,0,40;0,0,0,0,0,72,0,0,80,0;0,0,0,0,0,0,0,0,0,0;48,0,0,0,0,80,0,51,80,79;0,0,51,0,0,0,0,0,0,0;0,0,59,0,0,43,0,0,0,0;38,0,0,0,0,0,0,0,71,0
0,0,0,0,0,0,0,0,0,0;0,0,26,0,0,0,0,0,20,0;0,0,0,0,0,0,0,28,26,0;18,0,0,0,27,0,0,0,0,35;0,0,0,0,0,18,0,0,32,0;0,0,0,0,0,0,0,0,0,0;26,0,0,0,0,38,0,35,39,32;0,0,36,0,0,0,0,0,0,0;0,0,38,0,0,33,0,0,0,0;36,0,0,0,0,0,0,0,32,0
-19,10,0,13,0,-4,25,0,-50,25
------------- End of Scenario k = 3 -------
0,0,0,0,0,0,0,0,0,0;0,0,22,0,0,0,0,0,64,0;0,0,0,0,0,0,0,69,36,0;34,0,0,0,80,0,0,0,0,79;0,0,0,0,0,24,0,0,80,0;0,0,0,0,0,0,0,0,0,0;80,0,0,0,0,80,0,78,41,42;0,0,46,0,0,0,0,0,0,0;0,0,27,0,0,68,0,0,0,0;50,0,0,0,0,0,0,0,42,0
0,0,0,0,0,0,0,0,0,0;0,0,37,0,0,0,0,0,38,0;0,0,0,0,0,0,0,39,33,0;34,0,0,0,24,0,0,0,0,20;0,0,0,0,0,22,0,0,28,0;0,0,0,0,0,0,0,0,0,0;32,0,0,0,0,23,0,23,27,24;0,0,27,0,0,0,0,0,0,0;0,0,34,0,0,26,0,0,0,0;21,0,0,0,0,0,0,0,38,0
-27,25,0,15,0,-19,19,0,-39,26
------------- End of Scenario k = 4 -------
0,0,0,0,0,0,0,0,0,0;0,0,40,0,0,0,0,0,26,0;0,0,0,0,0,0,0,79,27,0;80,0,0,0,80,0,0,0,0,41;0,0,0,0,0,59,0,0,80,0;0,0,0,0,0,0,0,0,0,0;80,0,0,0,0,80,0,72,80,24;0,0,27,0,0,0,0,0,0,0;0,0,20,0,0,75,0,0,0,0;33,0,0,0,0,0,0,0,33,0
0,0,0,0,0,0,0,0,0,0;0,0,34,0,0,0,0,0,34,0;0,0,0,0,0,0,0,40,31,0;30,0,0,0,33,0,0,0,0,27;0,0,0,0,0,38,0,0,36,0;0,0,0,0,0,0,0,0,0,0;35,0,0,0,0,37,0,30,35,32;0,0,35,0,0,0,0,0,0,0;0,0,27,0,0,38,0,0,0,0;37,0,0,0,0,0,0,0,24,0
-37,24,0,30,0,-6,25,0,-47,11
------------- End of Scenario k = 5 -------
0,0,0,0,0,0,0,0,0,0;0,0,34,0,0,0,0,0,52,0;0,0,0,0,0,0,0,56,68,0;35,0,0,0,58,0,0,0,0,34;0,0,0,0,0,80,0,0,49,0;0,0,0,0,0,0,0,0,0,0;80,0,0,0,0,37,0,80,80,73;0,0,25,0,0,0,0,0,0,0;0,0,65,0,0,64,0,0,0,0;21,0,0,0,0,0,0,0,58,0
0,0,0,0,0,0,0,0,0,0;0,0,20,0,0,0,0,0,37,0;0,0,0,0,0,0,0,22,26,0;30,0,0,0,33,0,0,0,0,37;0,0,0,0,0,38,0,0,39,0;0,0,0,0,0,0,0,0,0,0;35,0,0,0,0,34,0,21,34,30;0,0,35,0,0,0,0,0,0,0;0,0,38,0,0,21,0,0,0,0;38,0,0,0,0,0,0,0,37,0
-35,14,0,30,0,-4,21,0,-39,13
------------- End of Scenario k = 6 -------
0,0,0,0,0,0,0,0,0,0;0,0,80,0,0,0,0,0,65,0;0,0,0,0,0,0,0,59,80,0;35,0,0,0,80,0,0,0,0,30;0,0,0,0,0,54,0,0,80,0;0,0,0,0,0,0,0,0,0,0;74,0,0,0,0,80,0,43,80,20;0,0,60,0,0,0,0,0,0,0;0,0,27,0,0,38,0,0,0,0;29,0,0,0,0,0,0,0,48,0
0,0,0,0,0,0,0,0,0,0;0,0,32,0,0,0,0,0,33,0;0,0,0,0,0,0,0,35,38,0;28,0,0,0,39,0,0,0,0,38;0,0,0,0,0,39,0,0,28,0;0,0,0,0,0,0,0,0,0,0;26,0,0,0,0,18,0,27,39,22;0,0,38,0,0,0,0,0,0,0;0,0,21,0,0,29,0,0,0,0;37,0,0,0,0,0,0,0,25,0
-22,29,0,28,0,-17,12,0,-42,12
------------- End of Scenario k = 7 -------
0,0,0,0,0,0,0,0,0,0;0,0,36,0,0,0,0,0,77,0;0,0,0,0,0,0,0,28,41,0;80,0,0,0,31,0,0,0,0,34;0,0,0,0,0,80,0,0,67,0;0,0,0,0,0,0,0,0,0,0;61,0,0,0,0,80,0,67,80,80;0,0,60,0,0,0,0,0,0,0;0,0,28,0,0,67,0,0,0,0;67,0,0,0,0,0,0,0,26,0
0,0,0,0,0,0,0,0,0,0;0,0,29,0,0,0,0,0,33,0;0,0,0,0,0,0,0,33,40,0;25,0,0,0,25,0,0,0,0,34;0,0,0,0,0,30,0,0,24,0;0,0,0,0,0,0,0,0,0,0;30,0,0,0,0,25,0,32,19,35;0,0,21,0,0,0,0,0,0,0;0,0,28,0,0,22,0,0,0,0;40,0,0,0,0,0,0,0,28,0
-15,29,0,21,0,-30,16,0,-50,29
------------- End of Scenario k = 8 -------
0,0,0,0,0,0,0,0,0,0;0,0,27,0,0,0,0,0,72,0;0,0,0,0,0,0,0,74,24,0;80,0,0,0,69,0,0,0,0,56;0,0,0,0,0,71,0,0,80,0;0,0,0,0,0,0,0,0,0,0;80,0,0,0,0,80,0,80,80,40;0,0,76,0,0,0,0,0,0,0;0,0,34,0,0,52,0,0,0,0;39,0,0,0,0,0,0,0,67,0
0,0,0,0,0,0,0,0,0,0;0,0,26,0,0,0,0,0,32,0;0,0,0,0,0,0,0,22,31,0;11,0,0,0,37,0,0,0,0,29;0,0,0,0,0,22,0,0,20,0;0,0,0,0,0,0,0,0,0,0;15,0,0,0,0,14,0,27,40,28;0,0,35,0,0,0,0,0,0,0;0,0,36,0,0,31,0,0,0,0;32,0,0,0,0,0,0,0,35,0
-13,22,0,10,0,-7,12,0,-37,13
------------- End of Scenario k = 9 -------
0,0,0,0,0,0,0,0,0,0;0,0,34,0,0,0,0,0,39,0;0,0,0,0,0,0,0,39,28,0;80,0,0,0,21,0,0,0,0,77;0,0,0,0,0,47,0,0,59,0;0,0,0,0,0,0,0,0,0,0;48,0,0,0,0,80,0,37,80,45;0,0,67,0,0,0,0,0,0,0;0,0,61,0,0,33,0,0,0,0;25,0,0,0,0,0,0,0,67,0
0,0,0,0,0,0,0,0,0,0;0,0,39,0,0,0,0,0,23,0;0,0,0,0,0,0,0,38,31,0;19,0,0,0,17,0,0,0,0,39;0,0,0,0,0,30,0,0,20,0;0,0,0,0,0,0,0,0,0,0;22,0,0,0,0,30,0,25,13,20;0,0,21,0,0,0,0,0,0,0;0,0,20,0,0,37,0,0,0,0;24,0,0,0,0,0,0,0,20,0
-9,24,0,16,0,-13,13,0,-60,29
------------- End of Scenario k = 10 -------
0,0,0,0,0,0,0,0,0,0;0,0,40,0,0,0,0,0,28,0;0,0,0,0,0,0,0,44,71,0;80,0,0,0,29,0,0,0,0,23;0,0,0,0,0,80,0,0,51,0;0,0,0,0,0,0,0,0,0,0;80,0,0,0,0,63,0,64,80,40;0,0,53,0,0,0,0,0,0,0;0,0,64,0,0,25,0,0,0,0;50,0,0,0,0,0,0,0,54,0
0,0,0,0,0,0,0,0,0,0;0,0,30,0,0,0,0,0,22,0;0,0,0,0,0,0,0,25,40,0;36,0,0,0,27,0,0,0,0,30;0,0,0,0,0,29,0,0,22,0;0,0,0,0,0,0,0,0,0,0;23,0,0,0,0,38,0,40,33,31;0,0,37,0,0,0,0,0,0,0;0,0,32,0,0,25,0,0,0,0;25,0,0,0,0,0,0,0,28,0
-32,22,0,10,0,-7,21,0,-43,29
------------- End of Scenario k = 11 -------
0,0,0,0,0,0,0,0,0,0;0,0,80,0,0,0,0,0,58,0;0,0,0,0,0,0,0,31,69,0;80,0,0,0,80,0,0,0,0,38;0,0,0,0,0,80,0,0,35,0;0,0,0,0,0,0,0,0,0,0;22,0,0,0,0,50,0,71,71,21;0,0,80,0,0,0,0,0,0,0;0,0,28,0,0,22,0,0,0,0;72,0,0,0,0,0,0,0,40,0
0,0,0,0,0,0,0,0,0,0;0,0,27,0,0,0,0,0,33,0;0,0,0,0,0,0,0,36,27,0;30,0,0,0,37,0,0,0,0,23;0,0,0,0,0,34,0,0,38,0;0,0,0,0,0,0,0,0,0,0;34,0,0,0,0,38,0,28,32,37;0,0,40,0,0,0,0,0,0,0;0,0,26,0,0,38,0,0,0,0;21,0,0,0,0,0,0,0,25,0
-10,27,0,30,0,-34,10,0,-47,24
------------- End of Scenario k = 12 -------
0,0,0,0,0,0,0,0,0,0;0,0,37,0,0,0,0,0,74,0;0,0,0,0,0,0,0,54,80,0;26,0,0,0,39,0,0,0,0,48;0,0,0,0,0,64,0,0,27,0;0,0,0,0,0,0,0,0,0,0;80,0,0,0,0,80,0,71,80,53;0,0,63,0,0,0,0,0,0,0;0,0,26,0,0,62,0,0,0,0;26,0,0,0,0,0,0,0,29,0
0,0,0,0,0,0,0,0,0,0;0,0,21,0,0,0,0,0,22,0;0,0,0,0,0,0,0,29,40,0;29,0,0,0,28,0,0,0,0,32;0,0,0,0,0,32,0,0,29,0;0,0,0,0,0,0,0,0,0,0;31,0,0,0,0,28,0,37,26,35;0,0,39,0,0,0,0,0,0,0;0,0,37,0,0,24,0,0,0,0;29,0,0,0,0,0,0,0,40,0
-29,21,0,26,0,-7,25,0,-58,22
------------- End of Scenario k = 13 -------
0,0,0,0,0,0,0,0,0,0;0,0,40,0,0,0,0,0,24,0;0,0,0,0,0,0,0,27,55,0;26,0,0,0,80,0,0,0,0,28;0,0,0,0,0,80,0,0,22,0;0,0,0,0,0,0,0,0,0,0;80,0,0,0,0,80,0,57,80,26;0,0,57,0,0,0,0,0,0,0;0,0,34,0,0,40,0,0,0,0;38,0,0,0,0,0,0,0,67,0
0,0,0,0,0,0,0,0,0,0;0,0,24,0,0,0,0,0,22,0;0,0,0,0,0,0,0,35,38,0;24,0,0,0,17,0,0,0,0,24;0,0,0,0,0,20,0,0,19,0;0,0,0,0,0,0,0,0,0,0;39,0,0,0,0,29,0,33,26,36;0,0,20,0,0,0,0,0,0,0;0,0,21,0,0,20,0,0,0,0;30,0,0,0,0,0,0,0,29,0
-30,23,0,16,0,-7,26,0,-54,26
------------- End of Scenario k = 14 -------
0,0,0,0,0,0,0,0,0,0;0,0,80,0,0,0,0,0,69,0;0,0,0,0,0,0,0,58,60,0;55,0,0,0,73,0,0,0,0,32;0,0,0,0,0,26,0,0,35,0;0,0,0,0,0,0,0,0,0,0;80,0,0,0,0,80,0,80,80,61;0,0,66,0,0,0,0,0,0,0;0,0,28,0,0,74,0,0,0,0;49,0,0,0,0,0,0,0,29,0
0,0,0,0,0,0,0,0,0,0;0,0,36,0,0,0,0,0,27,0;0,0,0,0,0,0,0,25,39,0;21,0,0,0,13,0,0,0,0,33;0,0,0,0,0,33,0,0,34,0;0,0,0,0,0,0,0,0,0,0;34,0,0,0,0,35,0,27,31,21;0,0,21,0,0,0,0,0,0,0;0,0,29,0,0,33,0,0,0,0;24,0,0,0,0,0,0,0,20,0
-23,27,0,13,0,-23,26,0,-43,23
------------- End of Scenario k = 15 -------
0,0,0,0,0,0,0,0,0,0;0,0,80,0,0,0,0,0,25,0;0,0,0,0,0,0,0,20,80,0;80,0,0,0,80,0,0,0,0,67;0,0,0,0,0,31,0,0,66,0;0,0,0,0,0,0,0,0,0,0;80,0,0,0,0,80,0,69,20,46;0,0,20,0,0,0,0,0,0,0;0,0,70,0,0,42,0,0,0,0;35,0,0,0,0,0,0,0,48,0
0,0,0,0,0,0,0,0,0,0;0,0,34,0,0,0,0,0,36,0;0,0,0,0,0,0,0,33,21,0;27,0,0,0,33,0,0,0,0,37;0,0,0,0,0,35,0,0,40,0;0,0,0,0,0,0,0,0,0,0;36,0,0,0,0,37,0,36,27,39;0,0,31,0,0,0,0,0,0,0;0,0,35,0,0,34,0,0,0,0;23,0,0,0,0,0,0,0,30,0
-23,18,0,23,0,-16,23,0,-51,26
------------- End of Scenario k = 16 -------
0,0,0,0,0,0,0,0,0,0;0,0,47,0,0,0,0,0,75,0;0,0,0,0,0,0,0,47,26,0;80,0,0,0,70,0,0,0,0,34;0,0,0,0,0,28,0,0,80,0;0,0,0,0,0,0,0,0,0,0;59,0,0,0,0,80,0,80,80,53;0,0,69,0,0,0,0,0,0,0;0,0,56,0,0,41,0,0,0,0;50,0,0,0,0,0,0,0,65,0
0,0,0,0,0,0,0,0,0,0;0,0,35,0,0,0,0,0,36,0;0,0,0,0,0,0,0,37,24,0;17,0,0,0,32,0,0,0,0,37;0,0,0,0,0,28,0,0,23,0;0,0,0,0,0,0,0,0,0,0;24,0,0,0,0,35,0,26,36,39;0,0,24,0,0,0,0,0,0,0;0,0,38,0,0,21,0,0,0,0;39,0,0,0,0,0,0,0,27,0
-37,21,0,14,0,-13,22,0,-28,21
------------- End of Scenario k = 17 -------
0,0,0,0,0,0,0,0,0,0;0,0,32,0,0,0,0,0,29,0;0,0,0,0,0,0,0,50,20,0;80,0,0,0,55,0,0,0,0,61;0,0,0,0,0,72,0,0,68,0;0,0,0,0,0,0,0,0,0,0;80,0,0,0,0,53,0,80,35,67;0,0,48,0,0,0,0,0,0,0;0,0,30,0,0,45,0,0,0,0;78,0,0,0,0,0,0,0,44,0
0,0,0,0,0,0,0,0,0,0;0,0,32,0,0,0,0,0,32,0;0,0,0,0,0,0,0,24,25,0;30,0,0,0,27,0,0,0,0,38;0,0,0,0,0,33,0,0,39,0;0,0,0,0,0,0,0,0,0,0;28,0,0,0,0,28,0,29,24,26;0,0,21,0,0,0,0,0,0,0;0,0,31,0,0,35,0,0,0,0;32,0,0,0,0,0,0,0,32,0
-17,15,0,15,0,-18,20,0,-34,19
------------- End of Scenario k = 18 -------
0,0,0,0,0,0,0,0,0,0;0,0,80,0,0,0,0,0,68,0;0,0,0,0,0,0,0,61,80,0;80,0,0,0,65,0,0,0,0,31;0,0,0,0,0,46,0,0,22,0;0,0,0,0,0,0,0,0,0,0;57,0,0,0,0,49,0,80,80,57;0,0,64,0,0,0,0,0,0,0;0,0,80,0,0,21,0,0,0,0;41,0,0,0,0,0,0,0,42,0
0,0,0,0,0,0,0,0,0,0;0,0,40,0,0,0,0,0,28,0;0,0,0,0,0,0,0,34,22,0;34,0,0,0,23,0,0,0,0,32;0,0,0,0,0,39,0,0,33,0;0,0,0,0,0,0,0,0,0,0;29,0,0,0,0,34,0,38,36,28;0,0,22,0,0,0,0,0,0,0;0,0,33,0,0,35,0,0,0,0;20,0,0,0,0,0,0,0,28,0
-13,14,0,15,0,-15,24,0,-44,19
------------- End of Scenario k = 19 -------
