/ -------------------------------------------------------------------------
An instance of the stochastic Fixed - charge Network Flow Problem using NETGEN.
/ -------------------------------------------------------------------------
Number of Nodes (no Dummy node is added), n
Graph Density, density
The fixed cost to variable cost ratio, f
Adjacency Matrix, A
Fixed Cost Matrix, c
Number of scenarios, K
Scenario Probabilities, p
----The following three rows will be repeated K times.----
Var Cost Matrix, d
Capacity, u
demand, b
/ -------------------------------------------------------------------------
+
10
0.3
200
0,0,0,0,0,0,0,0,0,0;0,0,1,0,0,0,1,0,1,0;1,1,0,1,0,0,1,1,0,0;0,0,0,0,0,1,0,1,1,0;1,0,0,1,0,1,0,0,0,0;0,0,0,0,0,0,1,0,0,0;1,1,1,1,0,0,0,1,0,1;1,0,0,0,0,1,0,0,0,1;0,1,0,0,1,0,0,0,0,1;0,0,0,0,0,0,0,0,0,0
0,0,0,0,0,0,0,0,0,0;0,0,12200,0,0,0,9820,0,9400,0;11140,8980,0,13380,0,0,11960,11100,0,0;0,0,0,0,0,9640,0,10360,10820,0;8940,0,0,10000,0,13960,0,0,0,0;0,0,0,0,0,0,14680,0,0,0;11920,10460,10880,9700,0,0,0,14360,0,10380;13640,0,0,0,0,9400,0,0,0,14400;0,8760,0,0,11820,0,0,0,0,10120;0,0,0,0,0,0,0,0,0,0
10
0.1,0.05,0.1,0.25,0.1,0.1,0.05,0.1,0.1,0.05
--Scenarios--
0,0,0,0,0,0,0,0,0,0;0,0,80,0,0,0,27,0,61,0;27,55,0,79,0,0,62,80,0,0;0,0,0,0,0,79,0,50,72,0;73,0,0,57,0,80,0,0,0,0;0,0,0,0,0,0,35,0,0,0;59,51,75,29,0,0,0,80,0,38;80,0,0,0,0,47,0,0,0,80;0,66,0,0,80,0,0,0,0,60;0,0,0,0,0,0,0,0,0,0
0,0,0,0,0,0,0,0,0,0;0,0,32,0,0,0,23,0,34,0;26,32,0,40,0,0,35,26,0,0;0,0,0,0,0,29,0,28,28,0;26,0,0,30,0,26,0,0,0,0;0,0,0,0,0,0,20,0,0,0;37,40,29,33,0,0,0,33,0,37;20,0,0,0,0,31,0,0,0,25;0,39,0,0,40,0,0,0,0,31;0,0,0,0,0,0,0,0,0,0
-40,25,0,0,0,0,0,0,15,0
------------- End of Scenario k = 0 -------
0,0,0,0,0,0,0,0,0,0;0,0,55,0,0,0,27,0,49,0;42,33,0,80,0,0,77,43,0,0;0,0,0,0,0,22,0,45,22,0;48,0,0,33,0,80,0,0,0,0;0,0,0,0,0,0,80,0,0,0;61,31,44,68,0,0,0,73,0,73;71,0,0,0,0,32,0,0,0,80;0,45,0,0,23,0,0,0,0,76;0,0,0,0,0,0,0,0,0,0
0,0,0,0,0,0,0,0,0,0;0,0,18,0,0,0,33,0,38,0;16,27,0,36,0,0,31,32,0,0;0,0,0,0,0,23,0,29,26,0;28,0,0,36,0,25,0,0,0,0;0,0,0,0,0,0,30,0,0,0;22,26,35,28,0,0,0,16,0,31;19,0,0,0,0,21,0,0,0,27;0,30,0,0,20,0,0,0,0,35;0,0,0,0,0,0,0,0,0,0
-32,16,0,0,0,0,0,0,16,0
------------- End of Scenario k = 1 -------
0,0,0,0,0,0,0,0,0,0;0,0,51,0,0,0,27,0,73,0;75,51,0,40,0,0,22,57,0,0;0,0,0,0,0,41,0,62,74,0;26,0,0,62,0,66,0,0,0,0;0,0,0,0,0,0,80,0,0,0;75,45,46,62,0,0,0,80,0,60;80,0,0,0,0,43,0,0,0,38;0,55,0,0,30,0,0,0,0,44;0,0,0,0,0,0,0,0,0,0
0,0,0,0,0,0,0,0,0,0;0,0,29,0,0,0,39,0,37,0;34,28,0,35,0,0,28,35,0,0;0,0,0,0,0,23,0,23,28,0;30,0,0,36,0,31,0,0,0,0;0,0,0,0,0,0,15,0,0,0;39,35,31,33,0,0,0,22,0,23;16,0,0,0,0,34,0,0,0,30;0,35,0,0,33,0,0,0,0,23;0,0,0,0,0,0,0,0,0,0
-34,24,0,0,0,0,0,0,10,0
------------- End of Scenario k = 2 -------
0,0,0,0,0,0,0,0,0,0;0,0,43,0,0,0,77,0,48,0;44,32,0,80,0,0,44,64,0,0;0,0,0,0,0,63,0,62,80,0;56,0,0,51,0,39,0,0,0,0;0,0,0,0,0,0,80,0,0,0;58,36,45,38,0,0,0,80,0,35;61,0,0,0,0,28,0,0,0,50;0,20,0,0,80,0,0,0,0,57;0,0,0,0,0,0,0,0,0,0
0,0,0,0,0,0,0,0,0,0;0,0,34,0,0,0,21,0,25,0;19,27,0,39,0,0,26,36,0,0;0,0,0,0,0,30,0,29,37,0;20,0,0,24,0,30,0,0,0,0;0,0,0,0,0,0,31,0,0,0;35,35,30,24,0,0,0,38,0,20;30,0,0,0,0,21,0,0,0,32;0,36,0,0,40,0,0,0,0,23;0,0,0,0,0,0,0,0,0,0
-39,13,0,0,0,0,0,0,26,0
------------- End of Scenario k = 3 -------
0,0,0,0,0,0,0,0,0,0;0,0,80,0,0,0,55,0,58,0;66,49,0,80,0,0,67,51,0,0;0,0,0,0,0,70,0,49,66,0;61,0,0,24,0,80,0,0,0,0;0,0,0,0,0,0,80,0,0,0;70,34,28,35,0,0,0,80,0,67;26,0,0,0,0,46,0,0,0,80;0,21,0,0,80,0,0,0,0,50;0,0,0,0,0,0,0,0,0,0
0,0,0,0,0,0,0,0,0,0;0,0,32,0,0,0,32,0,31,0;29,22,0,37,0,0,27,40,0,0;0,0,0,0,0,37,0,37,40,0;36,0,0,21,0,29,0,0,0,0;0,0,0,0,0,0,27,0,0,0;35,39,37,38,0,0,0,32,0,27;31,0,0,0,0,32,0,0,0,35;0,31,0,0,18,0,0,0,0,26;0,0,0,0,0,0,0,0,0,0
-42,29,0,0,0,0,0,0,13,0
------------- End of Scenario k = 4 -------
0,0,0,0,0,0,0,0,0,0;0,0,20,0,0,0,62,0,32,0;80,32,0,49,0,0,45,62,0,0;0,0,0,0,0,29,0,42,47,0;64,0,0,39,0,80,0,0,0,0;0,0,0,0,0,0,80,0,0,0;26,66,78,52,0,0,0,80,0,74;80,0,0,0,0,70,0,0,0,80;0,40,0,0,27,0,0,0,0,34;0,0,0,0,0,0,0,0,0,0
0,0,0,0,0,0,0,0,0,0;0,0,33,0,0,0,32,0,40,0;11,28,0,33,0,0,25,28,0,0;0,0,0,0,0,26,0,28,21,0;37,0,0,36,0,37,0,0,0,0;0,0,0,0,0,0,36,0,0,0;30,39,26,40,0,0,0,28,0,36;29,0,0,0,0,35,0,0,0,39;0,23,0,0,36,0,0,0,0,28;0,0,0,0,0,0,0,0,0,0
-38,11,0,0,0,0,0,0,27,0
------------- End of Scenario k = 5 -------
0,0,0,0,0,0,0,0,0,0;0,0,80,0,0,0,45,0,43,0;77,53,0,80,0,0,76,32,0,0;0,0,0,0,0,26,0,31,27,0;24,0,0,69,0,70,0,0,0,0;0,0,0,0,0,0,80,0,0,0;77,49,75,30,0,0,0,35,0,27;80,0,0,0,0,59,0,0,0,80;0,49,0,0,72,0,0,0,0,70;0,0,0,0,0,0,0,0,0,0
0,0,0,0,0,0,0,0,0,0;0,0,29,0,0,0,38,0,27,0;25,30,0,40,0,0,25,20,0,0;0,0,0,0,0,32,0,30,30,0;22,0,0,28,0,35,0,0,0,0;0,0,0,0,0,0,40,0,0,0;40,33,37,38,0,0,0,40,0,21;39,0,0,0,0,20,0,0,0,35;0,20,0,0,30,0,0,0,0,28;0,0,0,0,0,0,0,0,0,0
-50,23,0,0,0,0,0,0,27,0
------------- End of Scenario k = 6 -------
0,0,0,0,0,0,0,0,0,0;0,0,73,0,0,0,75,0,60,0;27,69,0,21,0,0,49,22,0,0;0,0,0,0,0,56,0,34,45,0;47,0,0,66,0,80,0,0,0,0;0,0,0,0,0,0,80,0,0,0;76,62,55,63,0,0,0,80,0,65;44,0,0,0,0,35,0,0,0,72;0,56,0,0,80,0,0,0,0,22;0,0,0,0,0,0,0,0,0,0
0,0,0,0,0,0,0,0,0,0;0,0,18,0,0,0,38,0,31,0;24,33,0,38,0,0,23,21,0,0;0,0,0,0,0,36,0,21,25,0;28,0,0,37,0,28,0,0,0,0;0,0,0,0,0,0,40,0,0,0;20,26,38,31,0,0,0,37,0,37;33,0,0,0,0,34,0,0,0,32;0,31,0,0,36,0,0,0,0,21;0,0,0,0,0,0,0,0,0,0
-46,18,0,0,0,0,0,0,28,0
------------- End of Scenario k = 7 -------
0,0,0,0,0,0,0,0,0,0;0,0,77,0,0,0,22,0,26,0;65,35,0,80,0,0,76,65,0,0;0,0,0,0,0,53,0,73,35,0;28,0,0,21,0,80,0,0,0,0;0,0,0,0,0,0,80,0,0,0;37,77,55,40,0,0,0,80,0,45;80,0,0,0,0,46,0,0,0,80;0,57,0,0,79,0,0,0,0,41;0,0,0,0,0,0,0,0,0,0
0,0,0,0,0,0,0,0,0,0;0,0,26,0,0,0,24,0,33,0;34,25,0,40,0,0,34,31,0,0;0,0,0,0,0,29,0,22,25,0;40,0,0,30,0,32,0,0,0,0;0,0,0,0,0,0,30,0,0,0;29,31,24,36,0,0,0,26,0,20;31,0,0,0,0,21,0,0,0,32;0,33,0,0,27,0,0,0,0,20;0,0,0,0,0,0,0,0,0,0
-51,26,0,0,0,0,0,0,25,0
------------- End of Scenario k = 8 -------
0,0,0,0,0,0,0,0,0,0;0,0,51,0,0,0,74,0,20,0;54,40,0,80,0,0,80,79,0,0;0,0,0,0,0,43,0,70,73,0;20,0,0,78,0,43,0,0,0,0;0,0,0,0,0,0,59,0,0,0;57,72,43,68,0,0,0,50,0,35;80,0,0,0,0,64,0,0,0,80;0,29,0,0,40,0,0,0,0,52;0,0,0,0,0,0,0,0,0,0
0,0,0,0,0,0,0,0,0,0;0,0,37,0,0,0,38,0,35,0;27,30,0,38,0,0,31,21,0,0;0,0,0,0,0,28,0,36,32,0;36,0,0,22,0,26,0,0,0,0;0,0,0,0,0,0,16,0,0,0;34,28,21,37,0,0,0,38,0,34;29,0,0,0,0,28,0,0,0,32;0,32,0,0,33,0,0,0,0,36;0,0,0,0,0,0,0,0,0,0
-35,21,0,0,0,0,0,0,14,0
------------- End of Scenario k = 9 -------
