/ -------------------------------------------------------------------------
An instance of the stochastic Fixed - charge Network Flow Problem using NETGEN.
/ -------------------------------------------------------------------------
Number of Nodes (no Dummy node is added), n
Graph Density, density
The fixed cost to variable cost ratio, f
Adjacency Matrix, A
Fixed Cost Matrix, c
Number of scenarios, K
Scenario Probabilities, p
----The following three rows will be repeated K times.----
Var Cost Matrix, d
Capacity, u
demand, b
/ -------------------------------------------------------------------------
+
10
0.6
200
0,1,0,1,0,1,1,0,1,1;0,0,1,1,1,0,0,0,1,0;1,0,0,1,0,0,0,0,0,1;1,0,1,0,1,0,1,0,1,1;0,1,1,1,0,1,0,0,0,1;1,1,0,1,1,0,1,1,1,1;1,1,0,1,1,1,0,1,0,0;0,0,1,1,0,0,1,0,1,1;0,1,1,1,0,0,1,0,0,1;1,1,0,1,0,1,1,1,0,0
0,10940,0,9020,0,10100,10320,0,9480,9960;0,0,13740,9540,11220,0,0,0,10140,0;11220,0,0,15040,0,0,0,0,0,11360;9800,0,10380,0,12940,0,7980,0,10580,10100;0,10840,11640,9860,0,13980,0,0,0,8480;13419,8380,0,6600,11220,0,11840,11580,11400,10260;9740,12080,0,10740,9220,10180,0,14240,0,0;0,0,7959,9920,0,0,8440,0,11060,9740;0,9280,10320,9220,0,0,10540,0,0,12900;11040,8440,0,9740,0,9800,9340,10280,0,0
10
0.05,0.05,0.15,0.3,0.05,0.05,0.1,0.05,0.15,0.05
--Scenarios--
0,32,0,31,0,66,34,0,31,46;0,0,76,25,31,0,0,0,27,0;52,0,0,80,0,0,0,0,0,37;22,0,39,0,80,0,42,0,78,28;0,24,80,29,0,80,0,0,0,29;52,21,0,37,42,0,49,76,60,44;47,61,0,79,68,69,0,80,0,0;0,0,30,73,0,0,24,0,46,48;0,26,69,42,0,0,43,0,0,80;41,53,0,65,0,62,46,50,0,0
0,38,0,22,0,28,22,0,24,37;0,0,13,25,34,0,0,0,28,0;32,0,0,19,0,0,0,0,0,33;24,0,20,0,18,0,33,0,28,32;0,24,28,28,0,20,0,0,0,32;28,25,0,35,32,0,20,34,27,23;28,34,0,39,32,26,0,21,0,0;0,0,27,22,0,0,40,0,16,38;0,28,30,38,0,0,40,0,0,15;39,30,0,40,0,27,27,31,0,0
-13,13,0,0,0,0,0,0,0,0
------------- End of Scenario k = 0 -------
0,67,0,24,0,52,48,0,38,26;0,0,80,41,80,0,0,0,75,0;76,0,0,73,0,0,0,0,0,76;39,0,44,0,67,0,34,0,72,79;0,66,32,44,0,80,0,0,0,63;39,28,0,30,77,0,24,59,77,62;35,75,0,38,35,42,0,80,0,0;0,0,23,35,0,0,72,0,80,72;0,20,24,62,0,0,64,0,0,20;69,30,0,42,0,68,60,58,0,0
0,39,0,30,0,20,28,0,34,23;0,0,19,38,35,0,0,0,25,0;28,0,0,39,0,0,0,0,0,22;26,0,37,0,16,0,27,0,20,20;0,37,37,22,0,31,0,0,0,28;14,40,0,27,33,0,18,29,26,34;27,33,0,23,38,25,0,19,0,0;0,0,26,24,0,0,24,0,36,37;0,39,38,32,0,0,35,0,0,18;40,22,0,23,0,21,32,21,0,0
-13,13,0,0,0,0,0,0,0,0
------------- End of Scenario k = 1 -------
0,44,0,79,0,30,80,0,36,68;0,0,62,48,68,0,0,0,23,0;47,0,0,64,0,0,0,0,0,24;38,0,66,0,53,0,44,0,42,48;0,68,75,58,0,80,0,0,0,26;80,51,0,25,79,0,42,66,65,73;61,77,0,45,35,54,0,80,0,0;0,0,49,33,0,0,25,0,53,73;0,39,57,29,0,0,63,0,0,42;72,71,0,73,0,53,67,35,0,0
0,30,0,28,0,36,26,0,34,39;0,0,32,35,24,0,0,0,21,0;29,0,0,30,0,0,0,0,0,36;36,0,26,0,40,0,32,0,36,27;0,27,20,24,0,31,0,0,0,20;32,34,0,37,23,0,37,27,33,39;28,38,0,24,33,34,0,39,0,0;0,0,37,29,0,0,34,0,31,33;0,27,30,25,0,0,21,0,0,29;39,38,0,20,0,27,34,25,0,0
-24,24,0,0,0,0,0,0,0,0
------------- End of Scenario k = 2 -------
0,58,0,27,0,39,22,0,43,56;0,0,59,21,49,0,0,0,26,0;55,0,0,80,0,0,0,0,0,52;58,0,36,0,34,0,69,0,27,52;0,38,26,25,0,43,0,0,0,26;80,20,0,25,63,0,28,75,48,64;40,62,0,49,71,27,0,80,0,0;0,0,21,41,0,0,29,0,22,40;0,67,74,33,0,0,55,0,0,80;72,57,0,68,0,27,45,68,0,0
0,34,0,27,0,33,36,0,23,34;0,0,36,33,38,0,0,0,22,0;40,0,0,29,0,0,0,0,0,36;24,0,32,0,32,0,29,0,22,39;0,36,28,25,0,28,0,0,0,35;30,36,0,33,30,0,26,32,28,40;40,37,0,35,23,37,0,31,0,0;0,0,30,26,0,0,35,0,40,24;0,38,30,31,0,0,27,0,0,37;32,39,0,26,0,33,39,36,0,0
-26,26,0,0,0,0,0,0,0,0
------------- End of Scenario k = 3 -------
0,24,0,26,0,20,71,0,56,24;0,0,80,41,31,0,0,0,68,0;44,0,0,80,0,0,0,0,0,64;64,0,24,0,35,0,65,0,79,35;0,44,68,43,0,80,0,0,0,36;70,47,0,33,62,0,80,69,40,24;20,26,0,66,40,24,0,80,0,0;0,0,68,75,0,0,39,0,80,57;0,25,27,76,0,0,53,0,0,80;75,23,0,21,0,33,23,46,0,0
0,31,0,29,0,29,29,0,32,29;0,0,39,40,35,0,0,0,33,0;27,0,0,31,0,0,0,0,0,39;38,0,30,0,29,0,30,0,37,27;0,32,34,29,0,32,0,0,0,35;27,35,0,26,26,0,39,38,38,36;29,24,0,26,35,32,0,35,0,0;0,0,37,39,0,0,35,0,36,26;0,26,31,31,0,0,33,0,0,25;29,25,0,33,0,33,27,40,0,0
-25,25,0,0,0,0,0,0,0,0
------------- End of Scenario k = 4 -------
0,52,0,36,0,62,24,0,30,74;0,0,80,80,77,0,0,0,35,0;70,0,0,68,0,0,0,0,0,78;60,0,75,0,58,0,25,0,43,77;0,73,66,53,0,71,0,0,0,56;30,65,0,52,37,0,80,57,80,69;64,58,0,51,40,52,0,80,0,0;0,0,41,27,0,0,45,0,43,22;0,34,59,24,0,0,34,0,0,49;21,22,0,53,0,77,64,40,0,0
0,23,0,32,0,32,20,0,25,34;0,0,26,26,31,0,0,0,39,0;29,0,0,21,0,0,0,0,0,33;28,0,27,0,26,0,34,0,37,26;0,38,28,29,0,26,0,0,0,24;33,33,0,30,39,0,28,27,37,22;37,21,0,40,25,24,0,35,0,0;0,0,21,31,0,0,22,0,30,24;0,37,34,21,0,0,24,0,0,35;25,33,0,22,0,33,24,37,0,0
-21,21,0,0,0,0,0,0,0,0
------------- End of Scenario k = 5 -------
0,64,0,71,0,69,59,0,71,33;0,0,36,24,62,0,0,0,55,0;57,0,0,80,0,0,0,0,0,34;39,0,71,0,80,0,32,0,51,41;0,66,70,45,0,80,0,0,0,47;80,74,0,27,69,0,49,42,56,37;25,50,0,43,63,78,0,41,0,0;0,0,34,58,0,0,78,0,23,35;0,59,57,51,0,0,26,0,0,80;56,30,0,23,0,27,61,44,0,0
0,26,0,28,0,33,30,0,40,24;0,0,28,33,22,0,0,0,34,0;29,0,0,32,0,0,0,0,0,25;22,0,39,0,35,0,27,0,36,38;0,35,37,36,0,37,0,0,0,30;32,26,0,28,29,0,38,24,35,25;34,21,0,21,20,30,0,26,0,0;0,0,37,20,0,0,39,0,28,20;0,25,33,31,0,0,23,0,0,38;39,20,0,34,0,32,24,28,0,0
-26,26,0,0,0,0,0,0,0,0
------------- End of Scenario k = 6 -------
0,64,0,45,0,29,72,0,56,43;0,0,58,63,53,0,0,0,78,0;51,0,0,67,0,0,0,0,0,60;41,0,70,0,80,0,25,0,37,25;0,68,69,42,0,80,0,0,0,43;80,27,0,22,66,0,80,50,46,28;66,70,0,72,23,48,0,69,0,0;0,0,49,37,0,0,34,0,74,33;0,61,36,37,0,0,62,0,0,80;56,69,0,52,0,38,44,72,0,0
0,29,0,34,0,26,35,0,38,32;0,0,36,28,33,0,0,0,25,0;30,0,0,32,0,0,0,0,0,24;39,0,20,0,34,0,26,0,31,27;0,36,40,21,0,28,0,0,0,24;39,39,0,23,28,0,40,29,28,38;28,32,0,39,22,39,0,33,0,0;0,0,32,29,0,0,28,0,29,34;0,22,28,27,0,0,30,0,0,32;21,27,0,36,0,24,25,26,0,0
-27,27,0,0,0,0,0,0,0,0
------------- End of Scenario k = 7 -------
0,77,0,42,0,66,59,0,53,56;0,0,80,55,40,0,0,0,58,0;42,0,0,80,0,0,0,0,0,69;67,0,67,0,80,0,39,0,20,68;0,61,45,76,0,77,0,0,0,54;80,41,0,45,38,0,80,22,29,70;54,75,0,48,56,80,0,66,0,0;0,0,46,40,0,0,39,0,63,50;0,54,72,61,0,0,69,0,0,54;32,45,0,56,0,43,33,47,0,0
0,25,0,38,0,32,30,0,25,23;0,0,26,35,31,0,0,0,27,0;37,0,0,32,0,0,0,0,0,38;35,0,32,0,36,0,37,0,23,28;0,27,39,38,0,32,0,0,0,36;21,37,0,36,25,0,33,23,37,38;40,29,0,22,38,30,0,34,0,0;0,0,31,29,0,0,38,0,21,24;0,35,27,35,0,0,37,0,0,38;34,31,0,24,0,24,39,36,0,0
-15,15,0,0,0,0,0,0,0,0
------------- End of Scenario k = 8 -------
0,65,0,70,0,72,47,0,60,72;0,0,76,79,70,0,0,0,62,0;67,0,0,80,0,0,0,0,0,74;62,0,27,0,80,0,24,0,80,52;0,34,51,78,0,28,0,0,0,44;80,45,0,34,28,0,80,63,69,42;75,50,0,46,30,35,0,56,0,0;0,0,37,77,0,0,37,0,69,57;0,79,41,46,0,0,58,0,0,80;58,22,0,34,0,62,24,54,0,0
0,39,0,32,0,36,22,0,28,26;0,0,17,33,39,0,0,0,36,0;27,0,0,33,0,0,0,0,0,20;26,0,32,0,31,0,34,0,36,30;0,33,27,33,0,37,0,0,0,31;34,33,0,29,31,0,19,20,24,38;34,27,0,39,32,36,0,26,0,0;0,0,37,35,0,0,30,0,34,29;0,29,40,37,0,0,39,0,0,18;39,37,0,28,0,35,24,30,0,0
-17,17,0,0,0,0,0,0,0,0
------------- End of Scenario k = 9 -------
