/ -------------------------------------------------------------------------
An instance of the stochastic Fixed - charge Network Flow Problem using NETGEN.
/ -------------------------------------------------------------------------
Number of Nodes (no Dummy node is added), n
Graph Density, density
The fixed cost to variable cost ratio, f
Adjacency Matrix, A
Fixed Cost Matrix, c
Number of scenarios, K
Scenario Probabilities, p
----The following three rows will be repeated K times.----
Var Cost Matrix, d
Capacity, u
demand, b
/ -------------------------------------------------------------------------
+
10
0.3
200
0,0,0,0,1,0,0,0,1,1;0,0,1,0,0,0,0,0,1,0;1,0,0,1,0,0,0,0,0,0;0,0,0,0,0,1,0,1,0,0;1,0,1,0,0,1,0,0,1,0;0,1,0,1,1,0,1,0,1,0;0,0,0,0,0,0,0,0,1,1;0,1,0,0,1,0,0,0,0,1;0,1,0,0,0,0,0,0,0,1;1,0,0,0,0,0,0,1,0,0
0,0,0,0,9800,0,0,0,10520,11340;0,0,15119,0,0,0,0,0,9740,0;13380,0,0,11200,0,0,0,0,0,0;0,0,0,0,0,10660,0,8800,0,0;12040,0,8900,0,0,14719,0,0,7840,0;0,10460,0,10320,9660,0,11620,0,9860,0;0,0,0,0,0,0,0,0,11440,14500;0,8040,0,0,13800,0,0,0,0,10200;0,9180,0,0,0,0,0,0,0,10520;11460,0,0,0,0,0,0,10420,0,0
10
0.15,0.1,0.2,0.05,0.1,0.05,0.05,0.05,0.2,0.05
--Scenarios--
0,0,0,0,33,0,0,0,25,55;0,0,43,0,0,0,0,0,21,0;80,0,0,80,0,0,0,0,0,0;0,0,0,0,0,30,0,45,0,0;48,0,79,0,0,63,0,0,63,0;0,70,0,54,56,0,42,0,33,0;0,0,0,0,0,0,0,0,32,80;0,53,0,0,73,0,0,0,0,33;0,39,0,0,0,0,0,0,0,68;77,0,0,0,0,0,0,63,0,0
0,0,0,0,38,0,0,0,25,34;0,0,28,0,0,0,0,0,29,0;34,0,0,38,0,0,0,0,0,0;0,0,0,0,0,22,0,31,0,0;20,0,35,0,0,17,0,0,40,0;0,27,0,30,40,0,21,0,31,0;0,0,0,0,0,0,0,0,24,29;0,23,0,0,19,0,0,0,0,25;0,20,0,0,0,0,0,0,0,26;38,0,0,0,0,0,0,34,0,0
-26,24,0,0,0,0,0,11,0,-9
------------- End of Scenario k = 0 -------
0,0,0,0,45,0,0,0,58,53;0,0,80,0,0,0,0,0,25,0;80,0,0,30,0,0,0,0,0,0;0,0,0,0,0,66,0,72,0,0;48,0,23,0,0,80,0,0,21,0;0,71,0,42,57,0,48,0,55,0;0,0,0,0,0,0,0,0,80,59;0,23,0,0,80,0,0,0,0,41;0,64,0,0,0,0,0,0,0,39;41,0,0,0,0,0,0,31,0,0
0,0,0,0,22,0,0,0,30,27;0,0,38,0,0,0,0,0,28,0;27,0,0,26,0,0,0,0,0,0;0,0,0,0,0,27,0,29,0,0;33,0,32,0,0,17,0,0,25,0;0,33,0,38,39,0,36,0,36,0;0,0,0,0,0,0,0,0,33,29;0,33,0,0,34,0,0,0,0,28;0,31,0,0,0,0,0,0,0,25;39,0,0,0,0,0,0,36,0,0
-18,16,0,0,0,0,0,11,0,-9
------------- End of Scenario k = 1 -------
0,0,0,0,42,0,0,0,30,26;0,0,73,0,0,0,0,0,59,0;20,0,0,80,0,0,0,0,0,0;0,0,0,0,0,63,0,58,0,0;80,0,52,0,0,80,0,0,35,0;0,73,0,48,61,0,80,0,56,0;0,0,0,0,0,0,0,0,80,80;0,21,0,0,80,0,0,0,0,66;0,65,0,0,0,0,0,0,0,79;48,0,0,0,0,0,0,67,0,0
0,0,0,0,27,0,0,0,20,22;0,0,27,0,0,0,0,0,36,0;40,0,0,30,0,0,0,0,0,0;0,0,0,0,0,36,0,38,0,0;38,0,23,0,0,29,0,0,36,0;0,29,0,29,30,0,27,0,21,0;0,0,0,0,0,0,0,0,34,40;0,26,0,0,30,0,0,0,0,22;0,37,0,0,0,0,0,0,0,36;31,0,0,0,0,0,0,28,0,0
-30,25,0,0,0,0,0,26,0,-21
------------- End of Scenario k = 2 -------
0,0,0,0,73,0,0,0,70,58;0,0,80,0,0,0,0,0,69,0;80,0,0,42,0,0,0,0,0,0;0,0,0,0,0,47,0,26,0,0;35,0,32,0,0,34,0,0,25,0;0,54,0,70,39,0,57,0,34,0;0,0,0,0,0,0,0,0,36,80;0,55,0,0,80,0,0,0,0,56;0,71,0,0,0,0,0,0,0,80;46,0,0,0,0,0,0,30,0,0
0,0,0,0,21,0,0,0,31,33;0,0,15,0,0,0,0,0,39,0;23,0,0,19,0,0,0,0,0,0;0,0,0,0,0,32,0,36,0,0;23,0,33,0,0,25,0,0,22,0;0,31,0,34,24,0,26,0,31,0;0,0,0,0,0,0,0,0,33,33;0,32,0,0,26,0,0,0,0,34;0,30,0,0,0,0,0,0,0,40;27,0,0,0,0,0,0,22,0,0
-28,10,0,0,0,0,0,23,0,-5
------------- End of Scenario k = 3 -------
0,0,0,0,26,0,0,0,68,66;0,0,80,0,0,0,0,0,45,0;80,0,0,50,0,0,0,0,0,0;0,0,0,0,0,74,0,44,0,0;59,0,46,0,0,80,0,0,58,0;0,67,0,35,32,0,80,0,53,0;0,0,0,0,0,0,0,0,80,80;0,78,0,0,21,0,0,0,0,24;0,32,0,0,0,0,0,0,0,51;26,0,0,0,0,0,0,64,0,0
0,0,0,0,37,0,0,0,31,31;0,0,40,0,0,0,0,0,28,0;29,0,0,22,0,0,0,0,0,0;0,0,0,0,0,34,0,24,0,0;36,0,40,0,0,38,0,0,28,0;0,36,0,33,30,0,17,0,22,0;0,0,0,0,0,0,0,0,37,33;0,28,0,0,13,0,0,0,0,32;0,26,0,0,0,0,0,0,0,40;22,0,0,0,0,0,0,37,0,0
-17,16,0,0,0,0,0,12,0,-11
------------- End of Scenario k = 4 -------
0,0,0,0,75,0,0,0,69,32;0,0,80,0,0,0,0,0,26,0;80,0,0,52,0,0,0,0,0,0;0,0,0,0,0,68,0,24,0,0;56,0,34,0,0,80,0,0,69,0;0,24,0,54,22,0,22,0,50,0;0,0,0,0,0,0,0,0,80,70;0,22,0,0,54,0,0,0,0,68;0,43,0,0,0,0,0,0,0,72;73,0,0,0,0,0,0,29,0,0
0,0,0,0,32,0,0,0,30,35;0,0,28,0,0,0,0,0,33,0;31,0,0,20,0,0,0,0,0,0;0,0,0,0,0,22,0,39,0,0;35,0,33,0,0,34,0,0,26,0;0,26,0,20,28,0,37,0,24,0;0,0,0,0,0,0,0,0,29,36;0,37,0,0,31,0,0,0,0,37;0,39,0,0,0,0,0,0,0,23;26,0,0,0,0,0,0,36,0,0
-27,19,0,0,0,0,0,29,0,-21
------------- End of Scenario k = 5 -------
0,0,0,0,24,0,0,0,31,73;0,0,80,0,0,0,0,0,36,0;80,0,0,20,0,0,0,0,0,0;0,0,0,0,0,63,0,30,0,0;63,0,42,0,0,80,0,0,21,0;0,34,0,60,47,0,80,0,43,0;0,0,0,0,0,0,0,0,26,36;0,38,0,0,80,0,0,0,0,45;0,60,0,0,0,0,0,0,0,50;54,0,0,0,0,0,0,73,0,0
0,0,0,0,34,0,0,0,23,31;0,0,39,0,0,0,0,0,34,0;25,0,0,40,0,0,0,0,0,0;0,0,0,0,0,26,0,26,0,0;22,0,27,0,0,23,0,0,24,0;0,25,0,20,24,0,28,0,29,0;0,0,0,0,0,0,0,0,30,39;0,28,0,0,38,0,0,0,0,35;0,33,0,0,0,0,0,0,0,26;35,0,0,0,0,0,0,28,0,0
-26,21,0,0,0,0,0,20,0,-15
------------- End of Scenario k = 6 -------
0,0,0,0,46,0,0,0,69,78;0,0,80,0,0,0,0,0,52,0;52,0,0,80,0,0,0,0,0,0;0,0,0,0,0,54,0,46,0,0;80,0,23,0,0,80,0,0,27,0;0,67,0,74,51,0,55,0,66,0;0,0,0,0,0,0,0,0,38,80;0,36,0,0,80,0,0,0,0,52;0,24,0,0,0,0,0,0,0,32;69,0,0,0,0,0,0,31,0,0
0,0,0,0,32,0,0,0,39,22;0,0,20,0,0,0,0,0,25,0;40,0,0,24,0,0,0,0,0,0;0,0,0,0,0,25,0,35,0,0;34,0,35,0,0,39,0,0,21,0;0,32,0,37,22,0,38,0,27,0;0,0,0,0,0,0,0,0,30,31;0,27,0,0,30,0,0,0,0,36;0,36,0,0,0,0,0,0,0,21;25,0,0,0,0,0,0,28,0,0
-33,10,0,0,0,0,0,29,0,-6
------------- End of Scenario k = 7 -------
0,0,0,0,79,0,0,0,53,68;0,0,80,0,0,0,0,0,75,0;80,0,0,80,0,0,0,0,0,0;0,0,0,0,0,48,0,35,0,0;80,0,71,0,0,79,0,0,44,0;0,36,0,32,76,0,80,0,37,0;0,0,0,0,0,0,0,0,40,80;0,35,0,0,80,0,0,0,0,64;0,37,0,0,0,0,0,0,0,34;65,0,0,0,0,0,0,75,0,0
0,0,0,0,32,0,0,0,36,40;0,0,37,0,0,0,0,0,38,0;34,0,0,37,0,0,0,0,0,0;0,0,0,0,0,23,0,23,0,0;30,0,36,0,0,36,0,0,32,0;0,27,0,39,22,0,34,0,32,0;0,0,0,0,0,0,0,0,28,29;0,26,0,0,26,0,0,0,0,26;0,34,0,0,0,0,0,0,0,39;20,0,0,0,0,0,0,31,0,0
-30,26,0,0,0,0,0,25,0,-21
------------- End of Scenario k = 8 -------
0,0,0,0,47,0,0,0,53,58;0,0,80,0,0,0,0,0,79,0;37,0,0,46,0,0,0,0,0,0;0,0,0,0,0,20,0,60,0,0;53,0,43,0,0,80,0,0,29,0;0,27,0,47,42,0,37,0,66,0;0,0,0,0,0,0,0,0,80,80;0,41,0,0,62,0,0,0,0,61;0,24,0,0,0,0,0,0,0,21;74,0,0,0,0,0,0,58,0,0
0,0,0,0,37,0,0,0,27,35;0,0,34,0,0,0,0,0,26,0;25,0,0,40,0,0,0,0,0,0;0,0,0,0,0,37,0,30,0,0;32,0,38,0,0,37,0,0,31,0;0,40,0,34,28,0,33,0,39,0;0,0,0,0,0,0,0,0,29,31;0,27,0,0,33,0,0,0,0,21;0,40,0,0,0,0,0,0,0,33;39,0,0,0,0,0,0,37,0,0
-30,20,0,0,0,0,0,24,0,-14
------------- End of Scenario k = 9 -------
