/ -------------------------------------------------------------------------
An instance of the stochastic Fixed - charge Network Flow Problem using NETGEN.
/ -------------------------------------------------------------------------
Number of Nodes (no Dummy node is added), n
Graph Density, density
The fixed cost to variable cost ratio, f
Adjacency Matrix, A
Fixed Cost Matrix, c
Number of scenarios, K
Scenario Probabilities, p
----The following three rows will be repeated K times.----
Var Cost Matrix, d
Capacity, u
demand, b
/ -------------------------------------------------------------------------
+
10
0.3
200
0,0,0,1,0,0,0,1,0,1;1,0,1,0,0,0,1,0,1,0;0,0,0,1,0,0,0,0,0,0;1,0,0,0,0,1,0,1,0,0;1,0,0,0,0,0,0,0,0,0;0,0,0,0,1,0,0,0,0,0;0,1,0,0,0,0,0,0,1,1;1,0,0,1,0,1,1,0,1,0;0,1,1,0,0,0,0,0,0,1;0,1,0,0,0,1,1,0,0,0
0,0,0,10660,0,0,0,9430,0,10680;10970,0,12830,0,0,0,10000,0,9230,0;0,0,0,13060,0,0,0,0,0,0;11090,0,0,0,0,9140,0,9510,0,0;12170,0,0,0,0,0,0,0,0,0;0,0,0,0,12730,0,0,0,0,0;0,10630,0,0,0,0,0,0,12869,11060;12740,0,0,12620,0,10650,12270,0,8550,0;0,11360,9940,0,0,0,0,0,0,12430;0,10300,0,0,0,9630,10540,0,0,0
20
0.1,0.05,0.05,0.05,0.07,0.05,0.07,0.02,0.02,0.05,0.05,0.02,0.05,0.02,0.12,0.02,0.02,0.07,0.02,0.08
--Scenarios--
0,0,0,38,0,0,0,46,0,74;20,0,37,0,0,0,26,0,70,0;0,0,0,80,0,0,0,0,0,0;63,0,0,0,0,34,0,79,0,0;57,0,0,0,0,0,0,0,0,0;0,0,0,0,72,0,0,0,0,0;0,74,0,0,0,0,0,0,80,50;68,0,0,80,0,62,77,0,69,0;0,68,73,0,0,0,0,0,0,69;0,71,0,0,0,25,46,0,0,0
0,0,0,37,0,0,0,31,0,33;21,0,32,0,0,0,27,0,39,0;0,0,0,31,0,0,0,0,0,0;26,0,0,0,0,33,0,34,0,0;28,0,0,0,0,0,0,0,0,0;0,0,0,0,23,0,0,0,0,0;0,30,0,0,0,0,0,0,28,38;17,0,0,21,0,40,13,0,20,0;0,31,26,0,0,0,0,0,0,36;0,28,0,0,0,24,26,0,0,0
-28,29,0,-29,0,17,0,11,0,0
------------- End of Scenario k = 0 -------
0,0,0,36,0,0,0,59,0,63;76,0,69,0,0,0,49,0,59,0;0,0,0,80,0,0,0,0,0,0;79,0,0,0,0,47,0,48,0,0;58,0,0,0,0,0,0,0,0,0;0,0,0,0,80,0,0,0,0,0;0,63,0,0,0,0,0,0,80,46;80,0,0,49,0,73,67,0,54,0;0,61,78,0,0,0,0,0,0,80;0,38,0,0,0,25,65,0,0,0
0,0,0,36,0,0,0,31,0,25;36,0,40,0,0,0,34,0,26,0;0,0,0,25,0,0,0,0,0,0;21,0,0,0,0,39,0,23,0,0;30,0,0,0,0,0,0,0,0,0;0,0,0,0,35,0,0,0,0,0;0,30,0,0,0,0,0,0,25,30;24,0,0,22,0,23,26,0,37,0;0,37,33,0,0,0,0,0,0,20;0,27,0,0,0,37,35,0,0,0
-26,14,0,-32,0,25,0,19,0,0
------------- End of Scenario k = 1 -------
0,0,0,25,0,0,0,75,0,78;74,0,44,0,0,0,28,0,41,0;0,0,0,75,0,0,0,0,0,0;60,0,0,0,0,29,0,33,0,0;41,0,0,0,0,0,0,0,0,0;0,0,0,0,80,0,0,0,0,0;0,31,0,0,0,0,0,0,66,55;49,0,0,79,0,60,27,0,63,0;0,59,43,0,0,0,0,0,0,80;0,65,0,0,0,59,33,0,0,0
0,0,0,20,0,0,0,33,0,33;27,0,18,0,0,0,38,0,21,0;0,0,0,25,0,0,0,0,0,0;30,0,0,0,0,32,0,36,0,0;36,0,0,0,0,0,0,0,0,0;0,0,0,0,38,0,0,0,0,0;0,29,0,0,0,0,0,0,18,21;19,0,0,32,0,39,34,0,40,0;0,35,26,0,0,0,0,0,0,18;0,34,0,0,0,39,39,0,0,0
-29,14,0,-28,0,27,0,16,0,0
------------- End of Scenario k = 2 -------
0,0,0,57,0,0,0,44,0,68;71,0,80,0,0,0,56,0,70,0;0,0,0,80,0,0,0,0,0,0;76,0,0,0,0,20,0,21,0,0;62,0,0,0,0,0,0,0,0,0;0,0,0,0,23,0,0,0,0,0;0,48,0,0,0,0,0,0,35,75;80,0,0,34,0,55,80,0,54,0;0,63,67,0,0,0,0,0,0,33;0,23,0,0,0,45,33,0,0,0
0,0,0,20,0,0,0,34,0,27;37,0,29,0,0,0,23,0,38,0;0,0,0,21,0,0,0,0,0,0;26,0,0,0,0,26,0,23,0,0;26,0,0,0,0,0,0,0,0,0;0,0,0,0,40,0,0,0,0,0;0,21,0,0,0,0,0,0,23,35;24,0,0,31,0,34,30,0,38,0;0,34,37,0,0,0,0,0,0,30;0,32,0,0,0,24,26,0,0,0
-36,13,0,-23,0,24,0,22,0,0
------------- End of Scenario k = 3 -------
0,0,0,66,0,0,0,30,0,42;74,0,22,0,0,0,63,0,68,0;0,0,0,29,0,0,0,0,0,0;34,0,0,0,0,43,0,24,0,0;80,0,0,0,0,0,0,0,0,0;0,0,0,0,45,0,0,0,0,0;0,63,0,0,0,0,0,0,35,72;80,0,0,66,0,69,38,0,48,0;0,36,72,0,0,0,0,0,0,26;0,58,0,0,0,38,75,0,0,0
0,0,0,25,0,0,0,35,0,32;40,0,34,0,0,0,23,0,35,0;0,0,0,40,0,0,0,0,0,0;33,0,0,0,0,21,0,23,0,0;33,0,0,0,0,0,0,0,0,0;0,0,0,0,31,0,0,0,0,0;0,39,0,0,0,0,0,0,21,37;35,0,0,24,0,40,33,0,29,0;0,27,33,0,0,0,0,0,0,24;0,22,0,0,0,23,37,0,0,0
-32,25,0,-38,0,25,0,20,0,0
------------- End of Scenario k = 4 -------
0,0,0,76,0,0,0,22,0,47;44,0,79,0,0,0,79,0,49,0;0,0,0,35,0,0,0,0,0,0;29,0,0,0,0,31,0,46,0,0;80,0,0,0,0,0,0,0,0,0;0,0,0,0,31,0,0,0,0,0;0,25,0,0,0,0,0,0,80,41;80,0,0,43,0,80,80,0,41,0;0,44,75,0,0,0,0,0,0,80;0,33,0,0,0,70,58,0,0,0
0,0,0,24,0,0,0,28,0,27;29,0,33,0,0,0,37,0,36,0;0,0,0,37,0,0,0,0,0,0;40,0,0,0,0,35,0,26,0,0;31,0,0,0,0,0,0,0,0,0;0,0,0,0,14,0,0,0,0,0;0,23,0,0,0,0,0,0,24,22;39,0,0,18,0,20,38,0,21,0;0,35,24,0,0,0,0,0,0,24;0,34,0,0,0,26,26,0,0,0
-18,28,0,-32,0,10,0,12,0,0
------------- End of Scenario k = 5 -------
0,0,0,74,0,0,0,71,0,28;72,0,80,0,0,0,54,0,25,0;0,0,0,75,0,0,0,0,0,0;29,0,0,0,0,31,0,26,0,0;31,0,0,0,0,0,0,0,0,0;0,0,0,0,80,0,0,0,0,0;0,57,0,0,0,0,0,0,80,70;42,0,0,53,0,57,80,0,20,0;0,27,56,0,0,0,0,0,0,80;0,55,0,0,0,42,64,0,0,0
0,0,0,26,0,0,0,38,0,28;22,0,30,0,0,0,21,0,31,0;0,0,0,26,0,0,0,0,0,0;40,0,0,0,0,38,0,31,0,0;22,0,0,0,0,0,0,0,0,0;0,0,0,0,30,0,0,0,0,0;0,28,0,0,0,0,0,0,40,34;29,0,0,37,0,39,31,0,25,0;0,21,22,0,0,0,0,0,0,31;0,30,0,0,0,30,39,0,0,0
-22,21,0,-47,0,19,0,29,0,0
------------- End of Scenario k = 6 -------
0,0,0,77,0,0,0,24,0,23;21,0,73,0,0,0,62,0,35,0;0,0,0,80,0,0,0,0,0,0;60,0,0,0,0,57,0,25,0,0;80,0,0,0,0,0,0,0,0,0;0,0,0,0,80,0,0,0,0,0;0,75,0,0,0,0,0,0,44,28;62,0,0,80,0,26,58,0,34,0;0,77,49,0,0,0,0,0,0,21;0,74,0,0,0,54,47,0,0,0
0,0,0,24,0,0,0,28,0,23;34,0,35,0,0,0,40,0,30,0;0,0,0,38,0,0,0,0,0,0;21,0,0,0,0,39,0,34,0,0;40,0,0,0,0,0,0,0,0,0;0,0,0,0,38,0,0,0,0,0;0,33,0,0,0,0,0,0,37,38;29,0,0,34,0,30,36,0,29,0;0,29,35,0,0,0,0,0,0,36;0,31,0,0,0,35,39,0,0,0
-31,20,0,-24,0,18,0,17,0,0
------------- End of Scenario k = 7 -------
0,0,0,50,0,0,0,56,0,53;50,0,80,0,0,0,74,0,58,0;0,0,0,48,0,0,0,0,0,0;68,0,0,0,0,50,0,66,0,0;80,0,0,0,0,0,0,0,0,0;0,0,0,0,80,0,0,0,0,0;0,65,0,0,0,0,0,0,80,62;21,0,0,62,0,75,75,0,33,0;0,34,60,0,0,0,0,0,0,80;0,78,0,0,0,50,33,0,0,0
0,0,0,26,0,0,0,32,0,25;30,0,29,0,0,0,39,0,31,0;0,0,0,40,0,0,0,0,0,0;32,0,0,0,0,23,0,28,0,0;16,0,0,0,0,0,0,0,0,0;0,0,0,0,17,0,0,0,0,0;0,31,0,0,0,0,0,0,17,39;25,0,0,40,0,34,27,0,27,0;0,26,32,0,0,0,0,0,0,40;0,29,0,0,0,30,28,0,0,0
-25,29,0,-32,0,11,0,17,0,0
------------- End of Scenario k = 8 -------
0,0,0,47,0,0,0,77,0,73;78,0,80,0,0,0,54,0,48,0;0,0,0,80,0,0,0,0,0,0;30,0,0,0,0,43,0,46,0,0;63,0,0,0,0,0,0,0,0,0;0,0,0,0,69,0,0,0,0,0;0,48,0,0,0,0,0,0,80,59;49,0,0,80,0,25,21,0,54,0;0,27,33,0,0,0,0,0,0,36;0,40,0,0,0,55,77,0,0,0
0,0,0,37,0,0,0,36,0,30;24,0,22,0,0,0,40,0,36,0;0,0,0,30,0,0,0,0,0,0;21,0,0,0,0,21,0,33,0,0;34,0,0,0,0,0,0,0,0,0;0,0,0,0,40,0,0,0,0,0;0,32,0,0,0,0,0,0,27,35;28,0,0,39,0,31,36,0,38,0;0,27,36,0,0,0,0,0,0,24;0,34,0,0,0,40,32,0,0,0
-38,18,0,-33,0,30,0,23,0,0
------------- End of Scenario k = 9 -------
0,0,0,30,0,0,0,30,0,59;62,0,80,0,0,0,44,0,28,0;0,0,0,67,0,0,0,0,0,0;62,0,0,0,0,53,0,66,0,0;59,0,0,0,0,0,0,0,0,0;0,0,0,0,80,0,0,0,0,0;0,31,0,0,0,0,0,0,54,79;74,0,0,80,0,62,45,0,42,0;0,79,28,0,0,0,0,0,0,80;0,43,0,0,0,74,31,0,0,0
0,0,0,21,0,0,0,26,0,30;34,0,36,0,0,0,26,0,37,0;0,0,0,22,0,0,0,0,0,0;37,0,0,0,0,34,0,23,0,0;19,0,0,0,0,0,0,0,0,0;0,0,0,0,40,0,0,0,0,0;0,25,0,0,0,0,0,0,25,23;39,0,0,33,0,36,24,0,22,0;0,31,29,0,0,0,0,0,0,22;0,30,0,0,0,40,31,0,0,0
-24,15,0,-28,0,17,0,20,0,0
------------- End of Scenario k = 10 -------
0,0,0,75,0,0,0,64,0,53;71,0,80,0,0,0,52,0,24,0;0,0,0,64,0,0,0,0,0,0;66,0,0,0,0,68,0,32,0,0;37,0,0,0,0,0,0,0,0,0;0,0,0,0,80,0,0,0,0,0;0,35,0,0,0,0,0,0,80,23;80,0,0,30,0,79,48,0,20,0;0,80,47,0,0,0,0,0,0,21;0,37,0,0,0,27,25,0,0,0
0,0,0,36,0,0,0,23,0,38;40,0,37,0,0,0,29,0,30,0;0,0,0,32,0,0,0,0,0,0;34,0,0,0,0,34,0,20,0,0;34,0,0,0,0,0,0,0,0,0;0,0,0,0,20,0,0,0,0,0;0,32,0,0,0,0,0,0,27,32;34,0,0,37,0,25,35,0,20,0;0,23,37,0,0,0,0,0,0,32;0,27,0,0,0,37,35,0,0,0
-18,13,0,-24,0,12,0,17,0,0
------------- End of Scenario k = 11 -------
0,0,0,60,0,0,0,32,0,75;36,0,80,0,0,0,35,0,29,0;0,0,0,27,0,0,0,0,0,0;54,0,0,0,0,63,0,29,0,0;30,0,0,0,0,0,0,0,0,0;0,0,0,0,71,0,0,0,0,0;0,74,0,0,0,0,0,0,80,72;80,0,0,80,0,45,65,0,46,0;0,53,25,0,0,0,0,0,0,80;0,75,0,0,0,52,69,0,0,0
0,0,0,23,0,0,0,36,0,22;36,0,27,0,0,0,30,0,28,0;0,0,0,22,0,0,0,0,0,0;21,0,0,0,0,34,0,32,0,0;36,0,0,0,0,0,0,0,0,0;0,0,0,0,37,0,0,0,0,0;0,29,0,0,0,0,0,0,34,29;25,0,0,20,0,34,26,0,24,0;0,30,32,0,0,0,0,0,0,34;0,35,0,0,0,25,24,0,0,0
-28,13,0,-15,0,18,0,12,0,0
------------- End of Scenario k = 12 -------
0,0,0,24,0,0,0,39,0,35;22,0,41,0,0,0,35,0,20,0;0,0,0,80,0,0,0,0,0,0;74,0,0,0,0,47,0,52,0,0;80,0,0,0,0,0,0,0,0,0;0,0,0,0,40,0,0,0,0,0;0,23,0,0,0,0,0,0,80,43;80,0,0,80,0,26,80,0,40,0;0,41,26,0,0,0,0,0,0,58;0,43,0,0,0,58,78,0,0,0
0,0,0,26,0,0,0,25,0,26;21,0,37,0,0,0,32,0,37,0;0,0,0,27,0,0,0,0,0,0;24,0,0,0,0,23,0,30,0,0;39,0,0,0,0,0,0,0,0,0;0,0,0,0,40,0,0,0,0,0;0,21,0,0,0,0,0,0,18,31;34,0,0,32,0,25,40,0,20,0;0,29,35,0,0,0,0,0,0,19;0,22,0,0,0,34,36,0,0,0
-42,18,0,-20,0,30,0,14,0,0
------------- End of Scenario k = 13 -------
0,0,0,42,0,0,0,74,0,59;56,0,80,0,0,0,42,0,57,0;0,0,0,73,0,0,0,0,0,0;71,0,0,0,0,80,0,36,0,0;35,0,0,0,0,0,0,0,0,0;0,0,0,0,25,0,0,0,0,0;0,45,0,0,0,0,0,0,27,46;80,0,0,80,0,64,80,0,29,0;0,79,25,0,0,0,0,0,0,78;0,52,0,0,0,61,25,0,0,0
0,0,0,20,0,0,0,34,0,31;28,0,28,0,0,0,22,0,29,0;0,0,0,38,0,0,0,0,0,0;34,0,0,0,0,21,0,31,0,0;26,0,0,0,0,0,0,0,0,0;0,0,0,0,21,0,0,0,0,0;0,33,0,0,0,0,0,0,25,33;38,0,0,20,0,34,28,0,29,0;0,37,34,0,0,0,0,0,0,32;0,22,0,0,0,33,23,0,0,0
-30,15,0,-23,0,19,0,19,0,0
------------- End of Scenario k = 14 -------
0,0,0,31,0,0,0,33,0,24;54,0,71,0,0,0,73,0,47,0;0,0,0,67,0,0,0,0,0,0;43,0,0,0,0,36,0,75,0,0;59,0,0,0,0,0,0,0,0,0;0,0,0,0,80,0,0,0,0,0;0,41,0,0,0,0,0,0,67,51;54,0,0,39,0,25,80,0,60,0;0,34,25,0,0,0,0,0,0,80;0,54,0,0,0,24,74,0,0,0
0,0,0,35,0,0,0,40,0,39;34,0,36,0,0,0,38,0,29,0;0,0,0,36,0,0,0,0,0,0;20,0,0,0,0,37,0,34,0,0;29,0,0,0,0,0,0,0,0,0;0,0,0,0,32,0,0,0,0,0;0,30,0,0,0,0,0,0,29,35;37,0,0,39,0,36,30,0,33,0;0,37,40,0,0,0,0,0,0,38;0,38,0,0,0,37,22,0,0,0
-15,25,0,-48,0,10,0,28,0,0
------------- End of Scenario k = 15 -------
0,0,0,74,0,0,0,35,0,65;80,0,27,0,0,0,31,0,74,0;0,0,0,80,0,0,0,0,0,0;75,0,0,0,0,22,0,59,0,0;73,0,0,0,0,0,0,0,0,0;0,0,0,0,74,0,0,0,0,0;0,74,0,0,0,0,0,0,58,67;66,0,0,80,0,38,80,0,77,0;0,70,40,0,0,0,0,0,0,57;0,64,0,0,0,37,64,0,0,0
0,0,0,24,0,0,0,28,0,24;36,0,33,0,0,0,35,0,22,0;0,0,0,22,0,0,0,0,0,0;20,0,0,0,0,36,0,24,0,0;25,0,0,0,0,0,0,0,0,0;0,0,0,0,32,0,0,0,0,0;0,38,0,0,0,0,0,0,35,38;29,0,0,28,0,25,32,0,32,0;0,37,20,0,0,0,0,0,0,31;0,32,0,0,0,29,25,0,0,0
-16,22,0,-47,0,13,0,28,0,0
------------- End of Scenario k = 16 -------
0,0,0,70,0,0,0,24,0,57;50,0,20,0,0,0,42,0,24,0;0,0,0,80,0,0,0,0,0,0;57,0,0,0,0,22,0,48,0,0;69,0,0,0,0,0,0,0,0,0;0,0,0,0,80,0,0,0,0,0;0,73,0,0,0,0,0,0,25,33;29,0,0,23,0,44,27,0,22,0;0,71,71,0,0,0,0,0,0,80;0,24,0,0,0,54,33,0,0,0
0,0,0,28,0,0,0,37,0,31;34,0,13,0,0,0,32,0,32,0;0,0,0,20,0,0,0,0,0,0;36,0,0,0,0,26,0,39,0,0;19,0,0,0,0,0,0,0,0,0;0,0,0,0,38,0,0,0,0,0;0,31,0,0,0,0,0,0,25,23;27,0,0,27,0,21,24,0,38,0;0,22,31,0,0,0,0,0,0,28;0,24,0,0,0,35,31,0,0,0
-27,11,0,-26,0,19,0,23,0,0
------------- End of Scenario k = 17 -------
0,0,0,54,0,0,0,69,0,68;36,0,80,0,0,0,39,0,26,0;0,0,0,26,0,0,0,0,0,0;47,0,0,0,0,74,0,74,0,0;80,0,0,0,0,0,0,0,0,0;0,0,0,0,23,0,0,0,0,0;0,43,0,0,0,0,0,0,76,75;40,0,0,67,0,59,39,0,24,0;0,74,48,0,0,0,0,0,0,74;0,72,0,0,0,47,74,0,0,0
0,0,0,33,0,0,0,20,0,31;27,0,25,0,0,0,25,0,20,0;0,0,0,27,0,0,0,0,0,0;34,0,0,0,0,36,0,24,0,0;34,0,0,0,0,0,0,0,0,0;0,0,0,0,26,0,0,0,0,0;0,24,0,0,0,0,0,0,31,33;39,0,0,26,0,27,35,0,38,0;0,39,30,0,0,0,0,0,0,38;0,23,0,0,0,39,26,0,0,0
-22,20,0,-38,0,17,0,23,0,0
------------- End of Scenario k = 18 -------
0,0,0,60,0,0,0,39,0,24;50,0,80,0,0,0,62,0,71,0;0,0,0,80,0,0,0,0,0,0;32,0,0,0,0,64,0,66,0,0;63,0,0,0,0,0,0,0,0,0;0,0,0,0,80,0,0,0,0,0;0,75,0,0,0,0,0,0,80,59;80,0,0,77,0,41,80,0,25,0;0,59,53,0,0,0,0,0,0,50;0,31,0,0,0,66,50,0,0,0
0,0,0,34,0,0,0,25,0,20;22,0,34,0,0,0,20,0,30,0;0,0,0,31,0,0,0,0,0,0;25,0,0,0,0,35,0,28,0,0;30,0,0,0,0,0,0,0,0,0;0,0,0,0,15,0,0,0,0,0;0,38,0,0,0,0,0,0,16,38;34,0,0,20,0,34,39,0,35,0;0,36,35,0,0,0,0,0,0,21;0,30,0,0,0,40,24,0,0,0
-19,24,0,-25,0,10,0,10,0,0
------------- End of Scenario k = 19 -------
