/ -------------------------------------------------------------------------
An instance of the stochastic Fixed - charge Network Flow Problem using NETGEN.
/ -------------------------------------------------------------------------
Number of Nodes (no Dummy node is added), n
Graph Density, density
The fixed cost to variable cost ratio, f
Adjacency Matrix, A
Fixed Cost Matrix, c
Number of scenarios, K
Scenario Probabilities, p
----The following three rows will be repeated K times.----
Var Cost Matrix, d
Capacity, u
demand, b
/ -------------------------------------------------------------------------
+
10
0.6
200
0,0,1,1,0,1,0,0,1,1;0,0,1,1,1,0,1,0,1,0;1,1,0,1,0,0,0,1,1,0;1,0,1,0,1,0,1,0,0,0;0,0,0,1,0,0,0,0,1,0;0,1,1,0,1,0,1,1,1,0;1,1,0,0,0,1,0,1,0,1;0,1,1,1,0,0,0,0,0,1;1,1,0,1,0,1,1,1,0,1;0,1,1,1,1,1,0,1,1,0
0,0,10360,10980,0,13400,0,0,11560,11200;0,0,13040,10240,8960,0,9440,0,10440,0;13500,9680,0,10340,0,0,0,9320,11000,0;9500,0,10160,0,10560,0,10840,0,0,0;0,0,0,8400,0,0,0,0,13800,0;0,10800,7880,0,9660,0,9920,10320,10260,0;12640,10500,0,0,0,9120,0,9600,0,13560;0,10260,9220,10380,0,0,0,0,0,10380;11980,8440,0,13880,0,8920,10900,9880,0,9680;0,10400,9100,12480,10080,11380,0,12420,10460,0
10
0.2,0.1,0.05,0.15,0.05,0.25,0.05,0.05,0.05,0.05
--Scenarios--
0,0,64,72,0,80,0,0,79,61;0,0,80,57,40,0,37,0,39,0;80,23,0,53,0,0,0,59,55,0;70,0,70,0,71,0,28,0,0,0;0,0,0,20,0,0,0,0,46,0;0,49,28,0,40,0,77,67,24,0;27,39,0,0,0,46,0,47,0,80;0,69,61,37,0,0,0,0,0,51;41,57,0,80,0,28,22,23,0,29;0,77,41,24,68,38,0,77,71,0
0,0,39,38,0,28,0,0,26,35;0,0,26,21,32,0,35,0,35,0;21,39,0,22,0,0,0,28,33,0;38,0,32,0,26,0,40,0,0,0;0,0,0,40,0,0,0,0,27,0;0,28,35,0,20,0,20,26,23,0;26,39,0,0,0,32,0,35,0,23;0,32,29,21,0,0,0,0,0,23;29,23,0,36,0,24,33,32,0,39;0,33,21,36,26,35,0,38,32,0
-39,14,0,-15,25,-16,15,16,0,0
------------- End of Scenario k = 0 -------
0,0,71,54,0,80,0,0,75,53;0,0,80,70,37,0,64,0,75,0;74,48,0,54,0,0,0,49,72,0;30,0,46,0,40,0,26,0,0,0;0,0,0,39,0,0,0,0,80,0;0,73,21,0,42,0,47,56,73,0;80,20,0,0,0,27,0,35,0,80;0,76,35,66,0,0,0,0,0,73;61,70,0,80,0,71,46,74,0,76;0,34,30,79,42,49,0,69,79,0
0,0,32,39,0,27,0,0,34,33;0,0,33,29,20,0,22,0,34,0;30,23,0,28,0,0,0,34,31,0;21,0,28,0,36,0,27,0,0,0;0,0,0,34,0,0,0,0,39,0;0,36,30,0,21,0,27,28,37,0;14,40,0,0,0,34,0,36,0,39;0,32,24,39,0,0,0,0,0,40;33,32,0,26,0,25,26,27,0,26;0,32,28,36,30,20,0,26,21,0
-24,13,0,-18,17,-20,12,20,0,0
------------- End of Scenario k = 1 -------
0,0,21,72,0,80,0,0,55,74;0,0,80,38,26,0,62,0,26,0;80,59,0,57,0,0,0,40,72,0;42,0,79,0,46,0,78,0,0,0;0,0,0,74,0,0,0,0,80,0;0,26,22,0,27,0,49,59,65,0;45,79,0,0,0,47,0,37,0,80;0,34,39,24,0,0,0,0,0,30;40,55,0,39,0,48,63,69,0,41;0,45,80,28,40,46,0,73,73,0
0,0,31,38,0,40,0,0,27,22;0,0,23,31,30,0,32,0,37,0;16,25,0,25,0,0,0,30,37,0;35,0,21,0,37,0,26,0,0,0;0,0,0,21,0,0,0,0,29,0;0,29,38,0,34,0,39,32,29,0;33,38,0,0,0,26,0,35,0,36;0,35,31,23,0,0,0,0,0,30;38,20,0,28,0,22,21,39,0,39;0,34,38,34,29,27,0,31,27,0
-35,12,0,-29,25,-19,27,19,0,0
------------- End of Scenario k = 2 -------
0,0,78,42,0,49,0,0,53,27;0,0,36,44,70,0,37,0,72,0;53,36,0,69,0,0,0,40,42,0;74,0,54,0,20,0,23,0,0,0;0,0,0,23,0,0,0,0,61,0;0,56,46,0,45,0,45,59,40,0;74,27,0,0,0,49,0,30,0,69;0,71,28,25,0,0,0,0,0,58;35,28,0,61,0,43,65,78,0,23;0,57,37,80,74,77,0,80,75,0
0,0,29,30,0,24,0,0,21,38;0,0,35,36,37,0,27,0,40,0;38,26,0,39,0,0,0,28,39,0;20,0,33,0,37,0,39,0,0,0;0,0,0,36,0,0,0,0,28,0;0,22,38,0,39,0,38,21,26,0;39,34,0,0,0,33,0,32,0,19;0,22,38,34,0,0,0,0,0,28;34,31,0,30,0,31,30,24,0,37;0,31,36,33,36,36,0,32,34,0
-49,16,0,-13,28,-11,18,11,0,0
------------- End of Scenario k = 3 -------
0,0,47,59,0,68,0,0,49,79;0,0,80,73,53,0,26,0,36,0;80,32,0,53,0,0,0,27,48,0;44,0,48,0,70,0,50,0,0,0;0,0,0,29,0,0,0,0,80,0;0,43,48,0,64,0,27,45,20,0;80,71,0,0,0,67,0,63,0,80;0,53,66,69,0,0,0,0,0,57;78,37,0,80,0,21,63,29,0,42;0,57,70,80,53,69,0,75,41,0
0,0,30,21,0,32,0,0,33,30;0,0,30,26,26,0,21,0,24,0;35,38,0,28,0,0,0,21,36,0;34,0,24,0,22,0,22,0,0,0;0,0,0,29,0,0,0,0,29,0;0,26,31,0,38,0,20,23,29,0;34,25,0,0,0,27,0,37,0,36;0,39,23,20,0,0,0,0,0,35;22,28,0,26,0,26,35,37,0,29;0,30,30,36,22,37,0,32,37,0
-56,28,0,-23,21,-14,30,14,0,0
------------- End of Scenario k = 4 -------
0,0,62,30,0,76,0,0,30,60;0,0,80,55,27,0,78,0,36,0;49,47,0,38,0,0,0,24,40,0;28,0,37,0,21,0,73,0,0,0;0,0,0,59,0,0,0,0,80,0;0,74,31,0,75,0,72,41,50,0;80,62,0,0,0,51,0,32,0,26;0,49,20,76,0,0,0,0,0,76;24,40,0,67,0,76,55,37,0,69;0,30,46,80,25,52,0,53,43,0
0,0,32,30,0,15,0,0,23,39;0,0,37,38,27,0,36,0,20,0;30,20,0,32,0,0,0,33,25,0;21,0,33,0,34,0,38,0,0,0;0,0,0,39,0,0,0,0,28,0;0,40,30,0,35,0,35,40,32,0;16,38,0,0,0,22,0,33,0,22;0,37,21,22,0,0,0,0,0,20;39,23,0,29,0,23,32,29,0,35;0,30,21,10,33,40,0,33,36,0
-31,26,0,-29,24,-11,10,11,0,0
------------- End of Scenario k = 5 -------
0,0,33,68,0,80,0,0,54,25;0,0,80,40,30,0,21,0,62,0;62,36,0,24,0,0,0,38,56,0;43,0,51,0,65,0,67,0,0,0;0,0,0,59,0,0,0,0,57,0;0,48,71,0,43,0,58,48,70,0;80,62,0,0,0,30,0,70,0,70;0,24,72,53,0,0,0,0,0,59;80,29,0,80,0,22,80,51,0,61;0,31,41,80,24,75,0,24,29,0
0,0,21,26,0,30,0,0,32,32;0,0,29,28,29,0,34,0,20,0;33,34,0,35,0,0,0,21,34,0;38,0,27,0,33,0,34,0,0,0;0,0,0,32,0,0,0,0,39,0;0,33,35,0,36,0,37,38,22,0;36,32,0,0,0,30,0,21,0,27;0,32,22,39,0,0,0,0,0,24;32,21,0,26,0,30,29,22,0,39;0,33,29,29,30,34,0,30,39,0
-50,28,0,-26,22,-25,26,25,0,0
------------- End of Scenario k = 6 -------
0,0,32,52,0,20,0,0,79,37;0,0,20,25,74,0,33,0,70,0;80,70,0,50,0,0,0,79,55,0;69,0,41,0,43,0,65,0,0,0;0,0,0,48,0,0,0,0,80,0;0,77,68,0,59,0,29,49,35,0;42,58,0,0,0,73,0,72,0,80;0,38,43,68,0,0,0,0,0,28;80,32,0,80,0,79,23,37,0,22;0,67,48,55,63,49,0,78,23,0
0,0,35,38,0,24,0,0,28,36;0,0,27,20,37,0,38,0,33,0;26,36,0,33,0,0,0,21,32,0;23,0,28,0,33,0,34,0,0,0;0,0,0,38,0,0,0,0,37,0;0,22,38,0,28,0,36,34,22,0;39,24,0,0,0,20,0,35,0,24;0,28,26,30,0,0,0,0,0,22;33,36,0,21,0,38,27,37,0,26;0,21,30,38,33,36,0,23,30,0
-40,23,0,-11,10,-28,18,28,0,0
------------- End of Scenario k = 7 -------
0,0,74,74,0,80,0,0,27,73;0,0,36,63,39,0,40,0,49,0;37,70,0,52,0,0,0,52,48,0;39,0,31,0,76,0,63,0,0,0;0,0,0,29,0,0,0,0,46,0;0,34,25,0,28,0,50,23,73,0;44,48,0,0,0,25,0,62,0,80;0,31,55,73,0,0,0,0,0,36;80,23,0,47,0,21,49,48,0,52;0,60,31,69,59,57,0,67,39,0
0,0,40,39,0,36,0,0,34,37;0,0,34,29,37,0,37,0,36,0;31,32,0,38,0,0,0,37,29,0;27,0,26,0,31,0,25,0,0,0;0,0,0,40,0,0,0,0,30,0;0,23,37,0,22,0,22,35,26,0;29,29,0,0,0,25,0,35,0,30;0,24,40,28,0,0,0,0,0,39;40,29,0,34,0,28,26,24,0,32;0,36,24,26,22,38,0,36,22,0
-33,14,0,-35,30,-21,24,21,0,0
------------- End of Scenario k = 8 -------
0,0,36,26,0,57,0,0,77,71;0,0,80,47,52,0,74,0,57,0;80,63,0,67,0,0,0,58,62,0;36,0,51,0,76,0,69,0,0,0;0,0,0,40,0,0,0,0,80,0;0,60,34,0,60,0,42,69,63,0;80,59,0,0,0,41,0,32,0,33;0,68,42,28,0,0,0,0,0,51;80,51,0,80,0,37,79,48,0,69;0,62,31,49,56,57,0,25,50,0
0,0,26,39,0,33,0,0,25,23;0,0,22,39,40,0,38,0,29,0;25,27,0,40,0,0,0,37,29,0;21,0,33,0,30,0,26,0,0,0;0,0,0,36,0,0,0,0,21,0;0,27,39,0,31,0,37,38,38,0;32,28,0,0,0,32,0,33,0,39;0,22,27,27,0,0,0,0,0,20;25,21,0,27,0,30,37,39,0,26;0,24,38,29,23,30,0,23,38,0
-35,13,0,-18,11,-16,29,16,0,0
------------- End of Scenario k = 9 -------
