/ -------------------------------------------------------------------------
An instance of the stochastic Fixed - charge Network Flow Problem using NETGEN.
/ -------------------------------------------------------------------------
Number of Nodes (no Dummy node is added), n
Graph Density, density
The fixed cost to variable cost ratio, f
Adjacency Matrix, A
Fixed Cost Matrix, c
Number of scenarios, K
Scenario Probabilities, p
----The following three rows will be repeated K times.----
Var Cost Matrix, d
Capacity, u
demand, b
/ -------------------------------------------------------------------------
+
30
0.3
200
0,0,1,0,0,0,0,0,0,0,0,0,1,0,0,0,0,1,0,1,0,0,1,0,0,1,0,0,0,0;0,0,1,0,1,1,0,0,0,1,0,0,0,0,0,0,1,0,0,0,0,0,1,0,1,0,0,0,0,0;1,0,0,1,0,0,0,1,0,0,0,1,0,0,0,0,0,1,0,0,0,0,0,0,0,0,0,0,0,0;0,1,1,0,0,1,0,0,1,1,0,0,1,1,0,0,0,1,0,1,1,0,0,1,0,0,1,1,0,0;1,0,0,0,0,1,1,0,1,0,0,1,0,1,0,1,0,0,0,0,1,0,0,0,0,0,1,0,0,0;0,0,0,0,1,0,1,0,0,1,0,0,1,1,0,1,1,1,0,0,0,1,0,0,0,0,0,0,0,0;0,1,0,0,0,0,0,1,0,0,1,1,1,0,0,0,0,1,0,0,0,0,0,0,0,1,0,0,0,0;0,0,0,0,1,1,1,0,0,1,0,1,1,0,1,0,1,0,0,0,0,0,0,0,0,1,1,0,0,1;0,1,0,0,0,1,0,0,0,0,0,0,0,0,0,0,0,1,1,1,1,0,1,1,0,0,0,1,0,0;0,0,1,1,0,1,1,1,0,0,0,0,0,1,0,0,1,0,0,0,0,1,0,0,0,0,0,1,1,0;0,0,1,0,0,0,0,1,1,0,0,1,1,0,0,0,1,0,0,0,1,1,0,0,1,1,0,0,0,0;0,0,0,0,0,0,0,0,0,1,0,0,1,0,0,1,0,0,0,1,1,1,0,0,0,0,0,0,0,0;1,1,0,0,1,0,0,0,0,0,0,1,0,0,0,1,0,0,1,0,0,0,0,0,0,0,1,0,1,0;0,0,0,0,0,0,0,0,0,0,1,0,1,0,1,1,1,1,0,0,0,0,0,1,0,1,1,0,0,0;0,0,0,0,1,0,1,0,1,0,1,0,0,0,0,0,1,0,0,1,1,0,1,0,0,0,0,0,0,1;0,1,0,0,0,0,0,1,1,0,0,0,0,0,0,0,1,0,0,1,0,0,0,0,1,1,0,0,0,0;1,0,0,0,0,0,0,0,1,0,0,1,1,0,0,0,0,0,1,1,0,0,0,1,0,1,1,1,0,1;0,1,0,1,1,1,1,1,0,0,0,0,0,0,0,0,1,0,0,0,0,1,0,1,0,0,0,1,0,0;0,1,0,0,0,0,0,0,0,0,0,0,0,0,1,1,0,0,0,1,0,0,1,0,1,0,1,1,0,0;0,0,0,1,0,0,1,0,1,0,1,1,0,0,0,0,0,0,1,0,0,1,1,0,1,1,0,0,0,1;0,0,0,0,0,0,1,0,0,0,0,1,1,0,0,0,0,1,1,0,0,0,0,1,0,0,0,0,0,0;1,0,1,0,1,0,1,0,0,0,0,0,0,0,0,0,0,1,1,0,0,0,0,0,0,1,0,1,0,0;1,0,0,0,0,1,0,1,0,0,1,0,1,0,1,1,0,0,0,0,0,0,0,1,1,1,0,0,0,0;0,1,0,0,0,0,1,0,0,1,1,0,0,1,0,1,0,0,0,0,0,0,0,0,0,0,0,0,0,0;0,0,0,0,0,0,0,1,0,0,1,1,0,0,1,0,0,0,1,0,0,0,0,0,0,1,0,1,0,1;0,0,0,1,0,0,0,0,1,1,0,1,1,0,0,0,0,0,0,0,1,1,0,0,1,0,1,0,0,0;0,0,0,0,0,0,0,0,0,1,0,1,0,0,0,0,0,1,0,1,0,0,0,0,0,1,0,1,0,1;0,0,0,1,1,0,1,1,0,0,0,0,1,0,1,0,0,1,1,0,1,1,0,0,0,0,1,0,0,0;0,1,0,0,0,0,1,0,0,1,0,1,1,1,0,0,1,0,0,0,0,0,0,1,1,0,0,1,0,0;0,0,0,0,0,1,1,1,0,1,0,0,1,1,0,0,1,1,0,0,1,0,0,0,0,1,1,0,0,0
0,0,11220,0,0,0,0,0,0,0,0,0,8580,0,0,0,0,8720,0,9780,0,0,8660,0,0,10160,0,0,0,0;0,0,12840,0,10600,11600,0,0,0,8940,0,0,0,0,0,0,11860,0,0,0,0,0,10660,0,9880,0,0,0,0,0;12540,0,0,12740,0,0,0,10200,0,0,0,8000,0,0,0,0,0,11200,0,0,0,0,0,0,0,0,0,0,0,0;0,9500,7580,0,0,9880,0,0,12380,9640,0,0,11980,11800,0,0,0,11460,0,10280,9460,0,0,10380,0,0,10000,10440,0,0;10460,0,0,0,0,12240,8080,0,12740,0,0,13500,0,7600,0,12560,0,0,0,0,12320,0,0,0,0,0,9400,0,0,0;0,0,0,0,9240,0,10180,0,0,14760,0,0,7740,10940,0,10280,10980,9620,0,0,0,10900,0,0,0,0,0,0,0,0;0,9420,0,0,0,0,0,10160,0,0,10180,10000,11860,0,0,0,0,7759,0,0,0,0,0,0,0,12300,0,0,0,0;0,0,0,0,9780,8920,9340,0,0,8620,0,12220,7759,0,10000,0,7859,0,0,0,0,0,0,0,0,11920,9740,0,0,11460;0,9260,0,0,0,9740,0,0,0,0,0,0,0,0,0,0,0,10520,9400,8540,9820,0,11180,9860,0,0,0,10620,0,0;0,0,9340,8260,0,9840,10300,10640,0,0,0,0,0,12300,0,0,9820,0,0,0,0,9860,0,0,0,0,0,8400,11560,0;0,0,9580,0,0,0,0,12680,12960,0,0,10800,12440,0,0,0,10040,0,0,0,8300,11540,0,0,8240,11180,0,0,0,0;0,0,0,0,0,0,0,0,0,10680,0,0,11720,0,0,10100,0,0,0,8260,8159,8200,0,0,0,0,0,0,0,0;9860,11080,0,0,9680,0,0,0,0,0,0,9260,0,0,0,13480,0,0,10180,0,0,0,0,0,0,0,11000,0,11280,0;0,0,0,0,0,0,0,0,0,0,9940,0,8059,0,12100,10640,10520,9320,0,0,0,0,0,9800,0,10120,9980,0,0,0;0,0,0,0,9280,0,11540,0,9140,0,10000,0,0,0,0,0,12960,0,0,9160,9840,0,10940,0,0,0,0,0,0,10800;0,10640,0,0,0,0,0,10080,10660,0,0,0,0,0,0,0,9820,0,0,9120,0,0,0,0,12200,10780,0,0,0,0;11200,0,0,0,0,0,0,0,10300,0,0,5620,9320,0,0,0,0,0,14180,10240,0,0,0,9780,0,8220,8400,11420,0,11420;0,9180,0,9280,9900,11660,9440,13119,0,0,0,0,0,0,0,0,8880,0,0,0,0,9500,0,9300,0,0,0,11260,0,0;0,9620,0,0,0,0,0,0,0,0,0,0,0,0,9000,10740,0,0,0,13080,0,0,11480,0,9460,0,11260,8840,0,0;0,0,0,9700,0,0,9060,0,10380,0,10480,9980,0,0,0,0,0,0,11200,0,0,9000,12380,0,8400,10700,0,0,0,9740;0,0,0,0,0,0,11040,0,0,0,0,11740,9600,0,0,0,0,10140,8720,0,0,0,0,10620,0,0,0,0,0,0;12919,0,10400,0,12880,0,11900,0,0,0,0,0,0,0,0,0,0,13640,10940,0,0,0,0,0,0,10280,0,11060,0,0;9560,0,0,0,0,10220,0,12160,0,0,9500,0,10180,0,10600,9440,0,0,0,0,0,0,0,10040,11300,7140,0,0,0,0;0,9500,0,0,0,0,11760,0,0,11820,14980,0,0,8580,0,15219,0,0,0,0,0,0,0,0,0,0,0,0,0,0;0,0,0,0,0,0,0,11460,0,0,12040,9780,0,0,9240,0,0,0,8820,0,0,0,0,0,0,12060,0,10460,0,7340;0,0,0,9440,0,0,0,0,9240,10060,0,8560,10200,0,0,0,0,0,0,0,8800,11640,0,0,10860,0,13040,0,0,0;0,0,0,0,0,0,0,0,0,11360,0,11280,0,0,0,0,0,10000,0,11080,0,0,0,0,0,11080,0,15060,0,7920;0,0,0,10240,11680,0,10000,15140,0,0,0,0,12740,0,9480,0,0,11500,9300,0,9360,9180,0,0,0,0,11420,0,0,0;0,10300,0,0,0,0,11220,0,0,10500,0,9880,11860,10440,0,0,10100,0,0,0,0,0,0,10820,9000,0,0,11140,0,0;0,0,0,0,0,11300,12580,8900,0,9380,0,0,9780,12880,0,0,12100,7659,0,0,10820,0,0,0,0,13680,9220,0,0,0
10
0.05,0.05,0.05,0.1,0.1,0.05,0.3,0.1,0.15,0.05
--Scenarios--
0,0,69,0,0,0,0,0,0,0,0,0,27,0,0,0,0,34,0,60,0,0,67,0,0,50,0,0,0,0;0,0,80,0,30,65,0,0,0,45,0,0,0,0,0,0,20,0,0,0,0,0,34,0,73,0,0,0,0,0;65,0,0,80,0,0,0,27,0,0,0,32,0,0,0,0,0,68,0,0,0,0,0,0,0,0,0,0,0,0;0,58,30,0,0,26,0,0,80,64,0,0,49,74,0,0,0,54,0,57,21,0,0,33,0,0,67,49,0,0;63,0,0,0,0,65,31,0,80,0,0,80,0,20,0,37,0,0,0,0,74,0,0,0,0,0,22,0,0,0;0,0,0,0,49,0,31,0,0,80,0,0,33,76,0,76,72,72,0,0,0,27,0,0,0,0,0,0,0,0;0,31,0,0,0,0,0,26,0,0,29,34,54,0,0,0,0,22,0,0,0,0,0,0,0,46,0,0,0,0;0,0,0,0,26,78,54,0,0,33,0,65,57,0,61,0,25,0,0,0,0,0,0,0,0,77,59,0,0,26;0,41,0,0,0,68,0,0,0,0,0,0,0,0,0,0,0,28,49,44,35,0,71,46,0,0,0,57,0,0;0,0,48,47,0,60,21,50,0,0,0,0,0,77,0,0,68,0,0,0,0,60,0,0,0,0,0,36,54,0;0,0,71,0,0,0,0,80,80,0,0,47,58,0,0,0,35,0,0,0,28,78,0,0,74,68,0,0,0,0;0,0,0,0,0,0,0,0,0,80,0,0,65,0,0,77,0,0,0,26,20,21,0,0,0,0,0,0,0,0;38,22,0,0,42,0,0,0,0,0,0,67,0,0,0,46,0,0,48,0,0,0,0,0,0,0,37,0,67,0;0,0,0,0,0,0,0,0,0,0,44,0,20,0,50,53,59,49,0,0,0,0,0,42,0,73,41,0,0,0;0,0,0,0,35,0,23,0,59,0,39,0,0,0,0,0,22,0,0,63,76,0,52,0,0,0,0,0,0,34;0,34,0,0,0,0,0,23,74,0,0,0,0,0,0,0,31,0,0,41,0,0,0,0,60,78,0,0,0,0;70,0,0,0,0,0,0,0,47,0,0,24,20,0,0,0,0,0,80,77,0,0,0,49,0,49,49,57,0,62;0,42,0,26,55,59,43,74,0,0,0,0,0,0,0,0,37,0,0,0,0,56,0,26,0,0,0,72,0,0;0,44,0,0,0,0,0,0,0,0,0,0,0,0,42,37,0,0,0,80,0,0,41,0,22,0,23,48,0,0;0,0,0,52,0,0,49,0,51,0,36,57,0,0,0,0,0,0,67,0,0,74,80,0,33,63,0,0,0,33;0,0,0,0,0,0,33,0,0,0,0,60,49,0,0,0,0,30,33,0,0,0,0,31,0,0,0,0,0,0;40,0,38,0,80,0,80,0,0,0,0,0,0,0,0,0,0,80,77,0,0,0,0,0,0,47,0,29,0,0;76,0,0,0,0,40,0,69,0,0,60,0,34,0,31,40,0,0,0,0,0,0,0,35,80,49,0,0,0,0;0,32,0,0,0,0,22,0,0,70,71,0,0,50,0,72,0,0,0,0,0,0,0,0,0,0,0,0,0,0;0,0,0,0,0,0,0,43,0,0,61,68,0,0,38,0,0,0,29,0,0,0,0,0,0,80,0,28,0,39;0,0,0,47,0,0,0,0,38,49,0,52,33,0,0,0,0,0,0,0,59,20,0,0,31,0,80,0,0,0;0,0,0,0,0,0,0,0,0,65,0,76,0,0,0,0,0,33,0,43,0,0,0,0,0,60,0,80,0,25;0,0,0,76,70,0,74,80,0,0,0,0,77,0,48,0,0,21,59,0,53,62,0,0,0,0,47,0,0,0;0,41,0,0,0,0,31,0,0,42,0,35,52,57,0,0,43,0,0,0,0,0,0,33,75,0,0,71,0,0;0,0,0,0,0,48,80,38,0,76,0,0,32,80,0,0,55,26,0,0,50,0,0,0,0,74,69,0,0,0
0,0,25,0,0,0,0,0,0,0,0,0,28,0,0,0,0,40,0,28,0,0,26,0,0,24,0,0,0,0;0,0,15,0,21,38,0,0,0,33,0,0,0,0,0,0,31,0,0,0,0,0,29,0,37,0,0,0,0,0;29,0,0,26,0,0,0,24,0,0,0,28,0,0,0,0,0,39,0,0,0,0,0,0,0,0,0,0,0,0;0,22,21,0,0,40,0,0,15,26,0,0,32,39,0,0,0,20,0,39,34,0,0,22,0,0,32,23,0,0;31,0,0,0,0,24,20,0,26,0,0,26,0,26,0,28,0,0,0,0,36,0,0,0,0,0,34,0,0,0;0,0,0,0,25,0,29,0,0,24,0,0,40,24,0,29,39,37,0,0,0,26,0,0,0,0,0,0,0,0;0,37,0,0,0,0,0,25,0,0,34,33,26,0,0,0,0,33,0,0,0,0,0,0,0,22,0,0,0,0;0,0,0,0,31,36,22,0,0,35,0,38,36,0,33,0,20,0,0,0,0,0,0,0,0,24,31,0,0,33;0,23,0,0,0,29,0,0,0,0,0,0,0,0,0,0,0,32,22,30,37,0,24,36,0,0,0,38,0,0;0,0,20,22,0,36,27,24,0,0,0,0,0,34,0,0,29,0,0,0,0,40,0,0,0,0,0,27,32,0;0,0,28,0,0,0,0,28,35,0,0,27,32,0,0,0,26,0,0,0,36,29,0,0,21,33,0,0,0,0;0,0,0,0,0,0,0,0,0,26,0,0,34,0,0,32,0,0,0,22,27,26,0,0,0,0,0,0,0,0;27,28,0,0,24,0,0,0,0,0,0,27,0,0,0,31,0,0,38,0,0,0,0,0,0,0,31,0,33,0;0,0,0,0,0,0,0,0,0,0,23,0,31,0,37,27,33,26,0,0,0,0,0,25,0,40,29,0,0,0;0,0,0,0,37,0,24,0,26,0,31,0,0,0,0,0,37,0,0,23,39,0,35,0,0,0,0,0,0,36;0,21,0,0,0,0,0,37,30,0,0,0,0,0,0,0,40,0,0,38,0,0,0,0,25,39,0,0,0,0;34,0,0,0,0,0,0,0,31,0,0,28,20,0,0,0,0,0,40,28,0,0,0,31,0,35,39,23,0,32;0,39,0,22,26,31,28,30,0,0,0,0,0,0,0,0,22,0,0,0,0,38,0,30,0,0,0,25,0,0;0,34,0,0,0,0,0,0,0,0,0,0,0,0,29,22,0,0,0,28,0,0,28,0,25,0,22,32,0,0;0,0,0,33,0,0,37,0,37,0,26,39,0,0,0,0,0,0,28,0,0,29,38,0,32,25,0,0,0,31;0,0,0,0,0,0,21,0,0,0,0,32,38,0,0,0,0,40,36,0,0,0,0,37,0,0,0,0,0,0;25,0,36,0,21,0,33,0,0,0,0,0,0,0,0,0,0,22,29,0,0,0,0,0,0,26,0,21,0,0;30,0,0,0,0,39,0,36,0,0,38,0,33,0,39,30,0,0,0,0,0,0,0,39,32,22,0,0,0,0;0,23,0,0,0,0,26,0,0,39,36,0,0,32,0,34,0,0,0,0,0,0,0,0,0,0,0,0,0,0;0,0,0,0,0,0,0,27,0,0,35,30,0,0,27,0,0,0,32,0,0,0,0,0,0,30,0,37,0,40;0,0,0,24,0,0,0,0,33,25,0,37,29,0,0,0,0,0,0,0,32,27,0,0,27,0,31,0,0,0;0,0,0,0,0,0,0,0,0,21,0,21,0,0,0,0,0,24,0,25,0,0,0,0,0,27,0,28,0,21;0,0,0,23,25,0,27,35,0,0,0,0,20,0,27,0,0,22,27,0,26,37,0,0,0,0,40,0,0,0;0,30,0,0,0,0,20,0,0,35,0,25,39,37,0,0,22,0,0,0,0,0,0,31,22,0,0,34,0,0;0,0,0,0,0,29,29,21,0,24,0,0,35,32,0,0,39,37,0,0,40,0,0,0,0,33,24,0,0,0
-4,13,0,0,0,0,-6,-28,-18,0,0,-2,0,0,0,-45,0,-2,0,0,-1,16,0,21,0,0,0,0,29,27
------------- End of Scenario k = 0 -------
0,0,53,0,0,0,0,0,0,0,0,0,30,0,0,0,0,67,0,75,0,0,20,0,0,34,0,0,0,0;0,0,66,0,57,47,0,0,0,33,0,0,0,0,0,0,80,0,0,0,0,0,67,0,67,0,0,0,0,0;80,0,0,39,0,0,0,80,0,0,0,60,0,0,0,0,0,56,0,0,0,0,0,0,0,0,0,0,0,0;0,62,30,0,0,72,0,0,80,63,0,0,74,66,0,0,0,61,0,72,76,0,0,69,0,0,21,40,0,0;64,0,0,0,0,80,56,0,27,0,0,80,0,56,0,62,0,0,0,0,80,0,0,0,0,0,53,0,0,0;0,0,0,0,71,0,29,0,0,48,0,0,20,75,0,35,26,49,0,0,0,58,0,0,0,0,0,0,0,0;0,22,0,0,0,0,0,33,0,0,34,37,80,0,0,0,0,63,0,0,0,0,0,0,0,72,0,0,0,0;0,0,0,0,46,66,48,0,0,65,0,50,21,0,67,0,65,0,0,0,0,0,0,0,0,60,23,0,0,53;0,45,0,0,0,28,0,0,0,0,0,0,0,0,0,0,0,62,54,20,65,0,23,51,0,0,0,47,0,0;0,0,48,43,0,65,80,56,0,0,0,0,0,74,0,0,63,0,0,0,0,60,0,0,0,0,0,63,74,0;0,0,31,0,0,0,0,80,80,0,0,29,77,0,0,0,67,0,0,0,30,21,0,0,20,65,0,0,0,0;0,0,0,0,0,0,0,0,0,49,0,0,61,0,0,21,0,0,0,73,47,53,0,0,0,0,0,0,0,0;53,47,0,0,39,0,0,0,0,0,0,47,0,0,0,80,0,0,61,0,0,0,0,0,0,0,23,0,35,0;0,0,0,0,0,0,0,0,0,0,51,0,23,0,35,77,47,29,0,0,0,0,0,25,0,49,64,0,0,0;0,0,0,0,26,0,55,0,51,0,61,0,0,0,0,0,80,0,0,51,59,0,51,0,0,0,0,0,0,61;0,80,0,0,0,0,0,71,60,0,0,0,0,0,0,0,46,0,0,29,0,0,0,0,66,49,0,0,0,0;23,0,0,0,0,0,0,0,55,0,0,25,22,0,0,0,0,0,63,69,0,0,0,66,0,24,55,31,0,42;0,45,0,76,52,79,65,78,0,0,0,0,0,0,0,0,37,0,0,0,0,29,0,60,0,0,0,32,0,0;0,57,0,0,0,0,0,0,0,0,0,0,0,0,33,59,0,0,0,43,0,0,73,0,29,0,49,20,0,0;0,0,0,39,0,0,60,0,77,0,42,56,0,0,0,0,0,0,68,0,0,25,39,0,50,80,0,0,0,48;0,0,0,0,0,0,62,0,0,0,0,77,64,0,0,0,0,29,31,0,0,0,0,24,0,0,0,0,0,0;53,0,66,0,80,0,41,0,0,0,0,0,0,0,0,0,0,80,64,0,0,0,0,0,0,79,0,49,0,0;48,0,0,0,0,70,0,60,0,0,53,0,78,0,22,51,0,0,0,0,0,0,0,54,28,21,0,0,0,0;0,54,0,0,0,0,74,0,0,79,80,0,0,36,0,80,0,0,0,0,0,0,0,0,0,0,0,0,0,0;0,0,0,0,0,0,0,57,0,0,67,48,0,0,69,0,0,0,80,0,0,0,0,0,0,80,0,51,0,56;0,0,0,41,0,0,0,0,21,28,0,53,68,0,0,0,0,0,0,0,53,62,0,0,32,0,80,0,0,0;0,0,0,0,0,0,0,0,0,44,0,46,0,0,0,0,0,61,0,56,0,0,0,0,0,76,0,80,0,65;0,0,0,55,65,0,26,80,0,0,0,0,59,0,21,0,0,28,66,0,43,49,0,0,0,0,68,0,0,0;0,78,0,0,0,0,76,0,0,49,0,67,55,41,0,0,77,0,0,0,0,0,0,24,52,0,0,71,0,0;0,0,0,0,0,37,80,40,0,35,0,0,71,80,0,0,63,34,0,0,50,0,0,0,0,46,65,0,0,0
0,0,40,0,0,0,0,0,0,0,0,0,25,0,0,0,0,39,0,32,0,0,27,0,0,32,0,0,0,0;0,0,19,0,26,29,0,0,0,39,0,0,0,0,0,0,40,0,0,0,0,0,34,0,39,0,0,0,0,0;39,0,0,34,0,0,0,39,0,0,0,29,0,0,0,0,0,24,0,0,0,0,0,0,0,0,0,0,0,0;0,33,20,0,0,37,0,0,35,22,0,0,29,20,0,0,0,20,0,40,31,0,0,21,0,0,24,38,0,0;31,0,0,0,0,20,24,0,13,0,0,28,0,40,0,19,0,0,0,0,20,0,0,0,0,0,28,0,0,0;0,0,0,0,23,0,35,0,0,13,0,0,33,33,0,37,32,20,0,0,0,22,0,0,0,0,0,0,0,0;0,32,0,0,0,0,0,27,0,0,23,28,25,0,0,0,0,31,0,0,0,0,0,0,0,25,0,0,0,0;0,0,0,0,40,39,30,0,0,25,0,20,40,0,30,0,21,0,0,0,0,0,0,0,0,30,27,0,0,37;0,27,0,0,0,26,0,0,0,0,0,0,0,0,0,0,0,37,24,35,35,0,21,22,0,0,0,29,0,0;0,0,30,22,0,37,23,24,0,0,0,0,0,22,0,0,28,0,0,0,0,29,0,0,0,0,0,29,24,0;0,0,35,0,0,0,0,28,32,0,0,26,36,0,0,0,21,0,0,0,24,31,0,0,26,21,0,0,0,0;0,0,0,0,0,0,0,0,0,36,0,0,21,0,0,20,0,0,0,21,39,36,0,0,0,0,0,0,0,0;36,29,0,0,32,0,0,0,0,0,0,27,0,0,0,31,0,0,23,0,0,0,0,0,0,0,21,0,25,0;0,0,0,0,0,0,0,0,0,0,20,0,26,0,27,30,36,29,0,0,0,0,0,29,0,29,29,0,0,0;0,0,0,0,31,0,31,0,21,0,32,0,0,0,0,0,23,0,0,30,34,0,27,0,0,0,0,0,0,40;0,34,0,0,0,0,0,36,35,0,0,0,0,0,0,0,30,0,0,35,0,0,0,0,26,24,0,0,0,0;39,0,0,0,0,0,0,0,32,0,0,35,26,0,0,0,0,0,21,34,0,0,0,22,0,23,37,28,0,32;0,29,0,36,20,24,21,33,0,0,0,0,0,0,0,0,40,0,0,0,0,40,0,23,0,0,0,34,0,0;0,27,0,0,0,0,0,0,0,0,0,0,0,0,24,35,0,0,0,37,0,0,25,0,28,0,32,24,0,0;0,0,0,36,0,0,38,0,27,0,39,38,0,0,0,0,0,0,22,0,0,33,40,0,29,32,0,0,0,31;0,0,0,0,0,0,36,0,0,0,0,23,40,0,0,0,0,20,29,0,0,0,0,36,0,0,0,0,0,0;31,0,24,0,15,0,32,0,0,0,0,0,0,0,0,0,0,23,20,0,0,0,0,0,0,26,0,35,0,0;21,0,0,0,0,28,0,35,0,0,25,0,39,0,28,28,0,0,0,0,0,0,0,34,16,32,0,0,0,0;0,33,0,0,0,0,40,0,0,36,29,0,0,32,0,36,0,0,0,0,0,0,0,0,0,0,0,0,0,0;0,0,0,0,0,0,0,22,0,0,30,40,0,0,35,0,0,0,21,0,0,0,0,0,0,35,0,31,0,32;0,0,0,25,0,0,0,0,24,30,0,32,38,0,0,0,0,0,0,0,20,38,0,0,35,0,25,0,0,0;0,0,0,0,0,0,0,0,0,36,0,37,0,0,0,0,0,38,0,39,0,0,0,0,0,22,0,26,0,30;0,0,0,32,25,0,40,31,0,0,0,0,29,0,27,0,0,32,28,0,21,24,0,0,0,0,21,0,0,0;0,30,0,0,0,0,39,0,0,27,0,21,28,29,0,0,38,0,0,0,0,0,0,40,20,0,0,39,0,0;0,0,0,0,0,21,26,38,0,36,0,0,32,15,0,0,28,24,0,0,25,0,0,0,0,35,35,0,0,0
-9,16,0,0,0,0,-12,-11,-14,0,0,-1,0,0,0,-33,0,-1,0,0,-7,13,0,26,0,0,0,0,21,12
------------- End of Scenario k = 1 -------
0,0,78,0,0,0,0,0,0,0,0,0,39,0,0,0,0,32,0,35,0,0,47,0,0,66,0,0,0,0;0,0,34,0,56,73,0,0,0,41,0,0,0,0,0,0,76,0,0,0,0,0,78,0,35,0,0,0,0,0;37,0,0,47,0,0,0,54,0,0,0,21,0,0,0,0,0,68,0,0,0,0,0,0,0,0,0,0,0,0;0,62,46,0,0,21,0,0,42,49,0,0,69,44,0,0,0,79,0,33,65,0,0,68,0,0,32,59,0,0;36,0,0,0,0,80,21,0,22,0,0,61,0,34,0,80,0,0,0,0,23,0,0,0,0,0,38,0,0,0;0,0,0,0,37,0,37,0,0,69,0,0,76,49,0,71,77,25,0,0,0,68,0,0,0,0,0,0,0,0;0,72,0,0,0,0,0,45,0,0,41,71,65,0,0,0,0,44,0,0,0,0,0,0,0,76,0,0,0,0;0,0,0,0,74,28,24,0,0,21,0,69,20,0,58,0,27,0,0,0,0,0,0,0,0,27,61,0,0,26;0,29,0,0,0,60,0,0,0,0,0,0,0,0,0,0,0,68,34,25,58,0,58,68,0,0,0,46,0,0;0,0,45,29,0,35,80,36,0,0,0,0,0,27,0,0,66,0,0,0,0,57,0,0,0,0,0,73,22,0;0,0,68,0,0,0,0,59,80,0,0,59,57,0,0,0,73,0,0,0,33,64,0,0,45,25,0,0,0,0;0,0,0,0,0,0,0,0,0,23,0,0,44,0,0,28,0,0,0,39,27,37,0,0,0,0,0,0,0,0;80,61,0,0,34,0,0,0,0,0,0,50,0,0,0,80,0,0,61,0,0,0,0,0,0,0,25,0,26,0;0,0,0,0,0,0,0,0,0,0,46,0,41,0,80,70,63,43,0,0,0,0,0,29,0,77,51,0,0,0;0,0,0,0,54,0,36,0,32,0,37,0,0,0,0,0,80,0,0,32,33,0,31,0,0,0,0,0,0,73;0,40,0,0,0,0,0,51,79,0,0,0,0,0,0,0,61,0,0,43,0,0,0,0,67,43,0,0,0,0;70,0,0,0,0,0,0,0,78,0,0,32,78,0,0,0,0,0,68,23,0,0,0,79,0,28,31,54,0,67;0,48,0,28,43,28,37,64,0,0,0,0,0,0,0,0,48,0,0,0,0,28,0,35,0,0,0,38,0,0;0,36,0,0,0,0,0,0,0,0,0,0,0,0,33,59,0,0,0,80,0,0,49,0,59,0,67,61,0,0;0,0,0,65,0,0,36,0,29,0,75,73,0,0,0,0,0,0,24,0,0,54,55,0,69,80,0,0,0,28;0,0,0,0,0,0,58,0,0,0,0,20,63,0,0,0,0,69,32,0,0,0,0,78,0,0,0,0,0,0;80,0,44,0,29,0,80,0,0,0,0,0,0,0,0,0,0,22,38,0,0,0,0,0,0,51,0,79,0,0;45,0,0,0,0,29,0,70,0,0,43,0,50,0,59,33,0,0,0,0,0,0,0,27,80,32,0,0,0,0;0,41,0,0,0,0,55,0,0,30,56,0,0,24,0,80,0,0,0,0,0,0,0,0,0,0,0,0,0,0;0,0,0,0,0,0,0,44,0,0,65,44,0,0,60,0,0,0,48,0,0,0,0,0,0,40,0,79,0,23;0,0,0,36,0,0,0,0,39,64,0,76,58,0,0,0,0,0,0,0,23,43,0,0,57,0,74,0,0,0;0,0,0,0,0,0,0,0,0,29,0,43,0,0,0,0,0,64,0,41,0,0,0,0,0,21,0,78,0,74;0,0,0,41,49,0,42,80,0,0,0,0,71,0,30,0,0,71,24,0,75,33,0,0,0,0,53,0,0,0;0,37,0,0,0,0,45,0,0,44,0,42,80,74,0,0,61,0,0,0,0,0,0,63,39,0,0,32,0,0;0,0,0,0,0,59,80,26,0,32,0,0,24,41,0,0,40,39,0,0,68,0,0,0,0,73,33,0,0,0
0,0,35,0,0,0,0,0,0,0,0,0,37,0,0,0,0,28,0,38,0,0,36,0,0,40,0,0,0,0;0,0,40,0,40,26,0,0,0,24,0,0,0,0,0,0,33,0,0,0,0,0,33,0,28,0,0,0,0,0;30,0,0,27,0,0,0,23,0,0,0,20,0,0,0,0,0,24,0,0,0,0,0,0,0,0,0,0,0,0;0,29,21,0,0,24,0,0,22,34,0,0,24,22,0,0,0,29,0,38,24,0,0,28,0,0,20,31,0,0;34,0,0,0,0,35,39,0,39,0,0,34,0,38,0,23,0,0,0,0,26,0,0,0,0,0,20,0,0,0;0,0,0,0,32,0,31,0,0,27,0,0,37,25,0,27,22,26,0,0,0,31,0,0,0,0,0,0,0,0;0,20,0,0,0,0,0,25,0,0,38,38,23,0,0,0,0,34,0,0,0,0,0,0,0,38,0,0,0,0;0,0,0,0,29,23,34,0,0,35,0,24,34,0,29,0,21,0,0,0,0,0,0,0,0,28,33,0,0,30;0,25,0,0,0,32,0,0,0,0,0,0,0,0,0,0,0,30,27,20,24,0,37,40,0,0,0,32,0,0;0,0,29,38,0,22,32,35,0,0,0,0,0,36,0,0,33,0,0,0,0,25,0,0,0,0,0,23,40,0;0,0,21,0,0,0,0,34,27,0,0,22,39,0,0,0,24,0,0,0,29,21,0,0,40,23,0,0,0,0;0,0,0,0,0,0,0,0,0,29,0,0,21,0,0,22,0,0,0,35,33,27,0,0,0,0,0,0,0,0;38,37,0,0,22,0,0,0,0,0,0,40,0,0,0,37,0,0,40,0,0,0,0,0,0,0,27,0,30,0;0,0,0,0,0,0,0,0,0,0,36,0,23,0,35,22,31,29,0,0,0,0,0,30,0,27,29,0,0,0;0,0,0,0,37,0,21,0,27,0,37,0,0,0,0,0,39,0,0,40,38,0,22,0,0,0,0,0,0,36;0,22,0,0,0,0,0,23,25,0,0,0,0,0,0,0,36,0,0,32,0,0,0,0,25,24,0,0,0,0;40,0,0,0,0,0,0,0,32,0,0,30,35,0,0,0,0,0,35,37,0,0,0,29,0,29,29,20,0,33;0,38,0,24,26,40,29,39,0,0,0,0,0,0,0,0,24,0,0,0,0,22,0,32,0,0,0,21,0,0;0,39,0,0,0,0,0,0,0,0,0,0,0,0,39,32,0,0,0,26,0,0,38,0,21,0,29,22,0,0;0,0,0,28,0,0,22,0,30,0,23,38,0,0,0,0,0,0,36,0,0,34,23,0,32,21,0,0,0,32;0,0,0,0,0,0,38,0,0,0,0,25,22,0,0,0,0,26,40,0,0,0,0,39,0,0,0,0,0,0;36,0,27,0,30,0,34,0,0,0,0,0,0,0,0,0,0,32,34,0,0,0,0,0,0,38,0,31,0,0;38,0,0,0,0,33,0,40,0,0,27,0,31,0,38,33,0,0,0,0,0,0,0,34,22,32,0,0,0,0;0,35,0,0,0,0,31,0,0,38,36,0,0,39,0,25,0,0,0,0,0,0,0,0,0,0,0,0,0,0;0,0,0,0,0,0,0,30,0,0,29,30,0,0,33,0,0,0,32,0,0,0,0,0,0,24,0,31,0,26;0,0,0,27,0,0,0,0,31,40,0,22,23,0,0,0,0,0,0,0,22,27,0,0,40,0,29,0,0,0;0,0,0,0,0,0,0,0,0,37,0,33,0,0,0,0,0,24,0,35,0,0,0,0,0,22,0,31,0,25;0,0,0,37,24,0,25,36,0,0,0,0,36,0,26,0,0,39,34,0,25,27,0,0,0,0,28,0,0,0;0,38,0,0,0,0,40,0,0,25,0,37,40,37,0,0,40,0,0,0,0,0,0,28,31,0,0,40,0,0;0,0,0,0,0,24,27,22,0,35,0,0,20,35,0,0,21,39,0,0,33,0,0,0,0,24,35,0,0,0
-17,21,0,0,0,0,-15,-13,-10,0,0,-1,0,0,0,-45,0,-5,0,0,-4,23,0,18,0,0,0,0,27,21
------------- End of Scenario k = 2 -------
0,0,44,0,0,0,0,0,0,0,0,0,49,0,0,0,0,26,0,26,0,0,36,0,0,37,0,0,0,0;0,0,80,0,54,79,0,0,0,31,0,0,0,0,0,0,54,0,0,0,0,0,64,0,24,0,0,0,0,0;80,0,0,80,0,0,0,36,0,0,0,37,0,0,0,0,0,41,0,0,0,0,0,0,0,0,0,0,0,0;0,44,26,0,0,73,0,0,78,23,0,0,79,47,0,0,0,44,0,54,76,0,0,27,0,0,71,27,0,0;39,0,0,0,0,28,25,0,80,0,0,80,0,20,0,60,0,0,0,0,34,0,0,0,0,0,64,0,0,0;0,0,0,0,49,0,29,0,0,80,0,0,29,75,0,36,26,66,0,0,0,22,0,0,0,0,0,0,0,0;0,21,0,0,0,0,0,63,0,0,77,76,37,0,0,0,0,46,0,0,0,0,0,0,0,49,0,0,0,0;0,0,0,0,45,43,55,0,0,22,0,73,32,0,31,0,46,0,0,0,0,0,0,0,0,48,72,0,0,73;0,46,0,0,0,29,0,0,0,0,0,0,0,0,0,0,0,28,59,66,53,0,34,26,0,0,0,59,0,0;0,0,24,57,0,38,35,69,0,0,0,0,0,63,0,0,33,0,0,0,0,39,0,0,0,0,0,29,43,0;0,0,39,0,0,0,0,35,43,0,0,78,76,0,0,0,59,0,0,0,33,48,0,0,26,26,0,0,0,0;0,0,0,0,0,0,0,0,0,43,0,0,79,0,0,79,0,0,0,20,49,63,0,0,0,0,0,0,0,0;49,79,0,0,56,0,0,0,0,0,0,66,0,0,0,60,0,0,25,0,0,0,0,0,0,0,68,0,23,0;0,0,0,0,0,0,0,0,0,0,42,0,75,0,54,69,28,39,0,0,0,0,0,46,0,67,30,0,0,0;0,0,0,0,39,0,55,0,49,0,46,0,0,0,0,0,80,0,0,33,64,0,76,0,0,0,0,0,0,59;0,36,0,0,0,0,0,44,70,0,0,0,0,0,0,0,45,0,0,36,0,0,0,0,80,74,0,0,0,0;42,0,0,0,0,0,0,0,22,0,0,29,25,0,0,0,0,0,80,63,0,0,0,41,0,39,30,72,0,76;0,26,0,56,54,52,48,63,0,0,0,0,0,0,0,0,72,0,0,0,0,57,0,30,0,0,0,74,0,0;0,41,0,0,0,0,0,0,0,0,0,0,0,0,73,57,0,0,0,80,0,0,63,0,21,0,76,79,0,0;0,0,0,68,0,0,50,0,37,0,44,23,0,0,0,0,0,0,68,0,0,36,80,0,38,60,0,0,0,73;0,0,0,0,0,0,54,0,0,0,0,62,44,0,0,0,0,38,74,0,0,0,0,78,0,0,0,0,0,0;78,0,47,0,80,0,53,0,0,0,0,0,0,0,0,0,0,76,76,0,0,0,0,0,0,25,0,65,0,0;34,0,0,0,0,46,0,37,0,0,60,0,33,0,26,59,0,0,0,0,0,0,0,53,33,69,0,0,0,0;0,64,0,0,0,0,75,0,0,21,80,0,0,44,0,80,0,0,0,0,0,0,0,0,0,0,0,0,0,0;0,0,0,0,0,0,0,73,0,0,78,77,0,0,32,0,0,0,37,0,0,0,0,0,0,53,0,38,0,21;0,0,0,71,0,0,0,0,65,68,0,23,56,0,0,0,0,0,0,0,66,72,0,0,50,0,71,0,0,0;0,0,0,0,0,0,0,0,0,52,0,68,0,0,0,0,0,61,0,56,0,0,0,0,0,59,0,80,0,41;0,0,0,42,61,0,49,80,0,0,0,0,70,0,24,0,0,80,61,0,69,48,0,0,0,0,59,0,0,0;0,34,0,0,0,0,35,0,0,64,0,50,22,66,0,0,40,0,0,0,0,0,0,50,21,0,0,53,0,0;0,0,0,0,0,79,73,61,0,41,0,0,66,80,0,0,62,28,0,0,60,0,0,0,0,79,69,0,0,0
0,0,35,0,0,0,0,0,0,0,0,0,34,0,0,0,0,33,0,35,0,0,21,0,0,20,0,0,0,0;0,0,16,0,36,21,0,0,0,40,0,0,0,0,0,0,37,0,0,0,0,0,38,0,35,0,0,0,0,0;18,0,0,12,0,0,0,27,0,0,0,38,0,0,0,0,0,32,0,0,0,0,0,0,0,0,0,0,0,0;0,35,35,0,0,26,0,0,32,37,0,0,24,31,0,0,0,24,0,27,33,0,0,27,0,0,29,21,0,0;34,0,0,0,0,23,35,0,29,0,0,23,0,35,0,40,0,0,0,0,28,0,0,0,0,0,21,0,0,0;0,0,0,0,37,0,28,0,0,21,0,0,24,33,0,24,36,40,0,0,0,30,0,0,0,0,0,0,0,0;0,24,0,0,0,0,0,27,0,0,28,32,34,0,0,0,0,35,0,0,0,0,0,0,0,22,0,0,0,0;0,0,0,0,29,32,25,0,0,27,0,37,20,0,25,0,38,0,0,0,0,0,0,0,0,25,25,0,0,32;0,31,0,0,0,25,0,0,0,0,0,0,0,0,0,0,0,24,31,30,24,0,35,21,0,0,0,36,0,0;0,0,22,29,0,32,40,35,0,0,0,0,0,26,0,0,34,0,0,0,0,37,0,0,0,0,0,30,26,0;0,0,32,0,0,0,0,34,24,0,0,20,31,0,0,0,36,0,0,0,36,39,0,0,24,28,0,0,0,0;0,0,0,0,0,0,0,0,0,30,0,0,26,0,0,35,0,0,0,21,27,22,0,0,0,0,0,0,0,0;38,35,0,0,30,0,0,0,0,0,0,21,0,0,0,28,0,0,38,0,0,0,0,0,0,0,40,0,22,0;0,0,0,0,0,0,0,0,0,0,22,0,38,0,24,35,30,21,0,0,0,0,0,29,0,36,35,0,0,0;0,0,0,0,23,0,30,0,27,0,38,0,0,0,0,0,35,0,0,23,38,0,29,0,0,0,0,0,0,25;0,29,0,0,0,0,0,34,23,0,0,0,0,0,0,0,25,0,0,39,0,0,0,0,28,28,0,0,0,0;24,0,0,0,0,0,0,0,36,0,0,20,35,0,0,0,0,0,24,40,0,0,0,26,0,39,29,30,0,40;0,23,0,31,21,22,34,39,0,0,0,0,0,0,0,0,26,0,0,0,0,25,0,28,0,0,0,24,0,0;0,23,0,0,0,0,0,0,0,0,0,0,0,0,40,34,0,0,0,33,0,0,21,0,40,0,32,29,0,0;0,0,0,36,0,0,40,0,40,0,40,21,0,0,0,0,0,0,22,0,0,24,24,0,34,25,0,0,0,40;0,0,0,0,0,0,36,0,0,0,0,25,35,0,0,0,0,34,21,0,0,0,0,38,0,0,0,0,0,0;34,0,24,0,36,0,35,0,0,0,0,0,0,0,0,0,0,35,38,0,0,0,0,0,0,33,0,35,0,0;33,0,0,0,0,21,0,34,0,0,30,0,38,0,31,23,0,0,0,0,0,0,0,33,39,38,0,0,0,0;0,20,0,0,0,0,21,0,0,38,30,0,0,37,0,33,0,0,0,0,0,0,0,0,0,0,0,0,0,0;0,0,0,0,0,0,0,39,0,0,34,26,0,0,40,0,0,0,38,0,0,0,0,0,0,20,0,27,0,38;0,0,0,20,0,0,0,0,29,32,0,31,26,0,0,0,0,0,0,0,31,32,0,0,25,0,36,0,0,0;0,0,0,0,0,0,0,0,0,39,0,40,0,0,0,0,0,39,0,23,0,0,0,0,0,32,0,35,0,20;0,0,0,27,35,0,30,20,0,0,0,0,25,0,27,0,0,24,20,0,22,32,0,0,0,0,31,0,0,0;0,31,0,0,0,0,38,0,0,35,0,28,18,25,0,0,34,0,0,0,0,0,0,38,31,0,0,36,0,0;0,0,0,0,0,28,35,24,0,22,0,0,26,37,0,0,40,39,0,0,35,0,0,0,0,38,25,0,0,0
-6,11,0,0,0,0,-2,-31,-6,0,0,-6,0,0,0,-27,0,-4,0,0,-4,20,0,22,0,0,0,0,13,20
------------- End of Scenario k = 3 -------
0,0,51,0,0,0,0,0,0,0,0,0,31,0,0,0,0,56,0,35,0,0,49,0,0,78,0,0,0,0;0,0,55,0,37,55,0,0,0,28,0,0,0,0,0,0,60,0,0,0,0,0,21,0,52,0,0,0,0,0;69,0,0,80,0,0,0,28,0,0,0,49,0,0,0,0,0,54,0,0,0,0,0,0,0,0,0,0,0,0;0,67,32,0,0,67,0,0,47,53,0,0,52,54,0,0,0,79,0,79,33,0,0,56,0,0,33,44,0,0;50,0,0,0,0,24,30,0,80,0,0,23,0,55,0,51,0,0,0,0,80,0,0,0,0,0,37,0,0,0;0,0,0,0,75,0,79,0,0,80,0,0,46,31,0,45,68,50,0,0,0,54,0,0,0,0,0,0,0,0;0,29,0,0,0,0,0,54,0,0,47,38,79,0,0,0,0,28,0,0,0,0,0,0,0,61,0,0,0,0;0,0,0,0,38,48,57,0,0,44,0,46,29,0,70,0,20,0,0,0,0,0,0,0,0,70,61,0,0,75;0,37,0,0,0,55,0,0,0,0,0,0,0,0,0,0,0,77,33,76,51,0,70,36,0,0,0,60,0,0;0,0,30,35,0,80,49,44,0,0,0,0,0,75,0,0,48,0,0,0,0,51,0,0,0,0,0,33,57,0;0,0,47,0,0,0,0,37,22,0,0,74,63,0,0,0,20,0,0,0,57,71,0,0,50,65,0,0,0,0;0,0,0,0,0,0,0,0,0,55,0,0,69,0,0,63,0,0,0,25,79,41,0,0,0,0,0,0,0,0;34,64,0,0,73,0,0,0,0,0,0,57,0,0,0,31,0,0,62,0,0,0,0,0,0,0,45,0,67,0;0,0,0,0,0,0,0,0,0,0,72,0,29,0,35,40,46,34,0,0,0,0,0,53,0,42,27,0,0,0;0,0,0,0,30,0,66,0,39,0,53,0,0,0,0,0,68,0,0,55,42,0,70,0,0,0,0,0,0,60;0,23,0,0,0,0,0,22,21,0,0,0,0,0,0,0,38,0,0,76,0,0,0,0,37,64,0,0,0,0;66,0,0,0,0,0,0,0,56,0,0,29,77,0,0,0,0,0,48,28,0,0,0,71,0,24,51,76,0,37;0,64,0,73,68,48,22,68,0,0,0,0,0,0,0,0,40,0,0,0,0,39,0,37,0,0,0,80,0,0;0,64,0,0,0,0,0,0,0,0,0,0,0,0,35,79,0,0,0,80,0,0,59,0,46,0,48,47,0,0;0,0,0,31,0,0,40,0,58,0,34,37,0,0,0,0,0,0,64,0,0,32,80,0,37,58,0,0,0,21;0,0,0,0,0,0,25,0,0,0,0,75,45,0,0,0,0,57,54,0,0,0,0,61,0,0,0,0,0,0;80,0,51,0,33,0,38,0,0,0,0,0,0,0,0,0,0,80,65,0,0,0,0,0,0,50,0,20,0,0;51,0,0,0,0,77,0,64,0,0,63,0,43,0,78,54,0,0,0,0,0,0,0,69,80,56,0,0,0,0;0,76,0,0,0,0,71,0,0,78,80,0,0,22,0,80,0,0,0,0,0,0,0,0,0,0,0,0,0,0;0,0,0,0,0,0,0,57,0,0,74,20,0,0,61,0,0,0,67,0,0,0,0,0,0,24,0,77,0,25;0,0,0,38,0,0,0,0,60,50,0,21,44,0,0,0,0,0,0,0,54,70,0,0,56,0,22,0,0,0;0,0,0,0,0,0,0,0,0,76,0,44,0,0,0,0,0,55,0,73,0,0,0,0,0,53,0,57,0,30;0,0,0,76,48,0,25,80,0,0,0,0,78,0,29,0,0,59,52,0,63,32,0,0,0,0,29,0,0,0;0,37,0,0,0,0,76,0,0,73,0,65,26,26,0,0,20,0,0,0,0,0,0,73,20,0,0,80,0,0;0,0,0,0,0,61,26,34,0,29,0,0,42,80,0,0,62,61,0,0,80,0,0,0,0,77,32,0,0,0
0,0,36,0,0,0,0,0,0,0,0,0,34,0,0,0,0,27,0,23,0,0,25,0,0,21,0,0,0,0;0,0,25,0,29,38,0,0,0,27,0,0,0,0,0,0,34,0,0,0,0,0,22,0,24,0,0,0,0,0;34,0,0,34,0,0,0,39,0,0,0,36,0,0,0,0,0,38,0,0,0,0,0,0,0,0,0,0,0,0;0,35,36,0,0,24,0,0,27,21,0,0,20,25,0,0,0,38,0,33,39,0,0,30,0,0,24,32,0,0;26,0,0,0,0,26,40,0,29,0,0,31,0,34,0,35,0,0,0,0,33,0,0,0,0,0,21,0,0,0;0,0,0,0,25,0,37,0,0,37,0,0,25,40,0,23,31,33,0,0,0,29,0,0,0,0,0,0,0,0;0,23,0,0,0,0,0,24,0,0,20,31,28,0,0,0,0,27,0,0,0,0,0,0,0,23,0,0,0,0;0,0,0,0,30,31,29,0,0,28,0,29,40,0,26,0,31,0,0,0,0,0,0,0,0,39,36,0,0,25;0,26,0,0,0,26,0,0,0,0,0,0,0,0,0,0,0,28,38,27,37,0,25,36,0,0,0,23,0,0;0,0,27,37,0,33,23,24,0,0,0,0,0,21,0,0,40,0,0,0,0,35,0,0,0,0,0,38,27,0;0,0,22,0,0,0,0,20,38,0,0,23,26,0,0,0,22,0,0,0,36,27,0,0,22,37,0,0,0,0;0,0,0,0,0,0,0,0,0,37,0,0,33,0,0,28,0,0,0,20,36,40,0,0,0,0,0,0,0,0;33,24,0,0,38,0,0,0,0,0,0,23,0,0,0,32,0,0,40,0,0,0,0,0,0,0,26,0,29,0;0,0,0,0,0,0,0,0,0,0,23,0,26,0,32,21,29,21,0,0,0,0,0,39,0,20,33,0,0,0;0,0,0,0,25,0,21,0,40,0,40,0,0,0,0,0,39,0,0,30,27,0,26,0,0,0,0,0,0,39;0,38,0,0,0,0,0,30,38,0,0,0,0,0,0,0,31,0,0,32,0,0,0,0,33,38,0,0,0,0;29,0,0,0,0,0,0,0,38,0,0,23,33,0,0,0,0,0,37,22,0,0,0,21,0,38,37,22,0,37;0,31,0,25,40,39,26,30,0,0,0,0,0,0,0,0,27,0,0,0,0,32,0,30,0,0,0,37,0,0;0,39,0,0,0,0,0,0,0,0,0,0,0,0,38,40,0,0,0,33,0,0,27,0,22,0,37,37,0,0;0,0,0,30,0,0,29,0,39,0,31,35,0,0,0,0,0,0,25,0,0,20,38,0,32,25,0,0,0,33;0,0,0,0,0,0,31,0,0,0,0,36,23,0,0,0,0,20,31,0,0,0,0,28,0,0,0,0,0,0;32,0,30,0,32,0,37,0,0,0,0,0,0,0,0,0,0,38,31,0,0,0,0,0,0,22,0,31,0,0;27,0,0,0,0,22,0,23,0,0,32,0,38,0,32,33,0,0,0,0,0,0,0,36,38,32,0,0,0,0;0,36,0,0,0,0,22,0,0,32,34,0,0,29,0,38,0,0,0,0,0,0,0,0,0,0,0,0,0,0;0,0,0,0,0,0,0,34,0,0,30,25,0,0,40,0,0,0,31,0,0,0,0,0,0,39,0,39,0,23;0,0,0,32,0,0,0,0,25,40,0,24,20,0,0,0,0,0,0,0,25,33,0,0,32,0,34,0,0,0;0,0,0,0,0,0,0,0,0,33,0,27,0,0,0,0,0,31,0,23,0,0,0,0,0,35,0,34,0,36;0,0,0,26,32,0,26,40,0,0,0,0,33,0,22,0,0,31,40,0,29,29,0,0,0,0,24,0,0,0;0,28,0,0,0,0,22,0,0,28,0,27,33,23,0,0,32,0,0,0,0,0,0,21,25,0,0,30,0,0;0,0,0,0,0,25,33,24,0,30,0,0,29,31,0,0,37,24,0,0,32,0,0,0,0,30,25,0,0,0
-10,25,0,0,0,0,-26,-12,-19,0,0,-2,0,0,0,-51,0,-5,0,0,-5,26,0,19,0,0,0,0,30,30
------------- End of Scenario k = 4 -------
0,0,68,0,0,0,0,0,0,0,0,0,31,0,0,0,0,62,0,80,0,0,33,0,0,30,0,0,0,0;0,0,56,0,62,64,0,0,0,45,0,0,0,0,0,0,77,0,0,0,0,0,47,0,29,0,0,0,0,0;80,0,0,74,0,0,0,80,0,0,0,60,0,0,0,0,0,24,0,0,0,0,0,0,0,0,0,0,0,0;0,49,23,0,0,53,0,0,40,36,0,0,72,74,0,0,0,26,0,34,62,0,0,28,0,0,34,56,0,0;28,0,0,0,0,80,56,0,80,0,0,79,0,34,0,80,0,0,0,0,80,0,0,0,0,0,54,0,0,0;0,0,0,0,40,0,42,0,0,80,0,0,34,35,0,27,69,46,0,0,0,73,0,0,0,0,0,0,0,0;0,59,0,0,0,0,0,53,0,0,53,42,72,0,0,0,0,32,0,0,0,0,0,0,0,72,0,0,0,0;0,0,0,0,53,24,61,0,0,51,0,64,30,0,28,0,55,0,0,0,0,0,0,0,0,68,46,0,0,59;0,78,0,0,0,60,0,0,0,0,0,0,0,0,0,0,0,34,43,23,71,0,62,57,0,0,0,54,0,0;0,0,41,40,0,23,49,66,0,0,0,0,0,74,0,0,34,0,0,0,0,34,0,0,0,0,0,53,54,0;0,0,29,0,0,0,0,67,23,0,0,35,68,0,0,0,59,0,0,0,29,77,0,0,26,80,0,0,0,0;0,0,0,0,0,0,0,0,0,78,0,0,43,0,0,36,0,0,0,39,51,26,0,0,0,0,0,0,0,0;24,76,0,0,70,0,0,0,0,0,0,48,0,0,0,80,0,0,30,0,0,0,0,0,0,0,79,0,77,0;0,0,0,0,0,0,0,0,0,0,59,0,42,0,31,20,73,33,0,0,0,0,0,69,0,21,42,0,0,0;0,0,0,0,64,0,65,0,29,0,72,0,0,0,0,0,80,0,0,36,60,0,47,0,0,0,0,0,0,31;0,58,0,0,0,0,0,55,61,0,0,0,0,0,0,0,49,0,0,39,0,0,0,0,66,51,0,0,0,0;48,0,0,0,0,0,0,0,69,0,0,32,66,0,0,0,0,0,50,53,0,0,0,71,0,50,39,39,0,64;0,22,0,23,33,79,60,72,0,0,0,0,0,0,0,0,60,0,0,0,0,48,0,80,0,0,0,74,0,0;0,37,0,0,0,0,0,0,0,0,0,0,0,0,39,64,0,0,0,80,0,0,68,0,67,0,49,24,0,0;0,0,0,46,0,0,28,0,51,0,50,78,0,0,0,0,0,0,73,0,0,22,80,0,49,21,0,0,0,68;0,0,0,0,0,0,42,0,0,0,0,76,33,0,0,0,0,50,48,0,0,0,0,44,0,0,0,0,0,0;29,0,62,0,30,0,80,0,0,0,0,0,0,0,0,0,0,80,31,0,0,0,0,0,0,36,0,74,0,0;45,0,0,0,0,31,0,62,0,0,36,0,78,0,74,40,0,0,0,0,0,0,0,52,43,37,0,0,0,0;0,36,0,0,0,0,73,0,0,44,62,0,0,69,0,80,0,0,0,0,0,0,0,0,0,0,0,0,0,0;0,0,0,0,0,0,0,25,0,0,40,78,0,0,42,0,0,0,32,0,0,0,0,0,0,64,0,63,0,52;0,0,0,20,0,0,0,0,59,58,0,44,41,0,0,0,0,0,0,0,37,69,0,0,46,0,80,0,0,0;0,0,0,0,0,0,0,0,0,76,0,46,0,0,0,0,0,67,0,77,0,0,0,0,0,71,0,80,0,24;0,0,0,77,73,0,30,37,0,0,0,0,50,0,66,0,0,69,28,0,22,80,0,0,0,0,53,0,0,0;0,74,0,0,0,0,62,0,0,55,0,22,65,22,0,0,79,0,0,0,0,0,0,59,56,0,0,52,0,0;0,0,0,0,0,57,80,54,0,58,0,0,78,80,0,0,62,29,0,0,31,0,0,0,0,67,45,0,0,0
0,0,28,0,0,0,0,0,0,0,0,0,34,0,0,0,0,40,0,36,0,0,36,0,0,40,0,0,0,0;0,0,22,0,20,28,0,0,0,27,0,0,0,0,0,0,21,0,0,0,0,0,38,0,24,0,0,0,0,0;28,0,0,29,0,0,0,35,0,0,0,26,0,0,0,0,0,40,0,0,0,0,0,0,0,0,0,0,0,0;0,28,40,0,0,21,0,0,31,26,0,0,27,20,0,0,0,35,0,26,24,0,0,30,0,0,22,26,0,0;35,0,0,0,0,28,27,0,39,0,0,32,0,40,0,23,0,0,0,0,29,0,0,0,0,0,25,0,0,0;0,0,0,0,33,0,32,0,0,38,0,0,39,22,0,33,25,29,0,0,0,38,0,0,0,0,0,0,0,0;0,35,0,0,0,0,0,25,0,0,30,33,21,0,0,0,0,36,0,0,0,0,0,0,0,35,0,0,0,0;0,0,0,0,24,33,22,0,0,33,0,37,32,0,31,0,25,0,0,0,0,0,0,0,0,27,35,0,0,22;0,36,0,0,0,35,0,0,0,0,0,0,0,0,0,0,0,38,38,23,39,0,33,38,0,0,0,32,0,0;0,0,29,37,0,38,30,27,0,0,0,0,0,26,0,0,34,0,0,0,0,30,0,0,0,0,0,25,38,0;0,0,29,0,0,0,0,17,19,0,0,23,25,0,0,0,35,0,0,0,20,38,0,0,26,36,0,0,0,0;0,0,0,0,0,0,0,0,0,29,0,0,35,0,0,21,0,0,0,40,36,33,0,0,0,0,0,0,0,0;33,38,0,0,23,0,0,0,0,0,0,30,0,0,0,37,0,0,29,0,0,0,0,0,0,0,35,0,30,0;0,0,0,0,0,0,0,0,0,0,37,0,27,0,33,37,34,37,0,0,0,0,0,30,0,36,33,0,0,0;0,0,0,0,27,0,25,0,27,0,27,0,0,0,0,0,40,0,0,27,35,0,24,0,0,0,0,0,0,37;0,34,0,0,0,0,0,27,29,0,0,0,0,0,0,0,34,0,0,29,0,0,0,0,32,28,0,0,0,0;35,0,0,0,0,0,0,0,20,0,0,32,21,0,0,0,0,0,31,35,0,0,0,21,0,25,20,31,0,22;0,27,0,33,29,35,26,25,0,0,0,0,0,0,0,0,24,0,0,0,0,26,0,26,0,0,0,32,0,0;0,20,0,0,0,0,0,0,0,0,0,0,0,0,24,39,0,0,0,23,0,0,28,0,40,0,32,31,0,0;0,0,0,35,0,0,31,0,35,0,32,22,0,0,0,0,0,0,23,0,0,40,25,0,33,31,0,0,0,34;0,0,0,0,0,0,24,0,0,0,0,23,36,0,0,0,0,40,34,0,0,0,0,39,0,0,0,0,0,0;23,0,26,0,27,0,29,0,0,0,0,0,0,0,0,0,0,30,28,0,0,0,0,0,0,34,0,24,0,0;20,0,0,0,0,30,0,22,0,0,33,0,28,0,20,38,0,0,0,0,0,0,0,24,23,20,0,0,0,0;0,29,0,0,0,0,34,0,0,29,37,0,0,31,0,32,0,0,0,0,0,0,0,0,0,0,0,0,0,0;0,0,0,0,0,0,0,35,0,0,33,28,0,0,20,0,0,0,38,0,0,0,0,0,0,40,0,26,0,29;0,0,0,33,0,0,0,0,25,21,0,26,37,0,0,0,0,0,0,0,23,25,0,0,38,0,28,0,0,0;0,0,0,0,0,0,0,0,0,25,0,37,0,0,0,0,0,39,0,22,0,0,0,0,0,37,0,23,0,31;0,0,0,33,28,0,36,31,0,0,0,0,23,0,37,0,0,33,31,0,20,32,0,0,0,0,20,0,0,0;0,24,0,0,0,0,35,0,0,22,0,32,32,28,0,0,33,0,0,0,0,0,0,35,29,0,0,29,0,0;0,0,0,0,0,37,34,21,0,34,0,0,23,20,0,0,27,33,0,0,39,0,0,0,0,28,38,0,0,0
-3,18,0,0,0,0,-9,-29,-11,0,0,-1,0,0,0,-40,0,-2,0,0,-2,23,0,11,0,0,0,0,25,20
------------- End of Scenario k = 5 -------
0,0,29,0,0,0,0,0,0,0,0,0,45,0,0,0,0,27,0,42,0,0,30,0,0,33,0,0,0,0;0,0,80,0,66,64,0,0,0,59,0,0,0,0,0,0,80,0,0,0,0,0,57,0,61,0,0,0,0,0;26,0,0,80,0,0,0,28,0,0,0,26,0,0,0,0,0,67,0,0,0,0,0,0,0,0,0,0,0,0;0,21,28,0,0,42,0,0,80,36,0,0,21,80,0,0,0,54,0,21,33,0,0,73,0,0,64,70,0,0;61,0,0,0,0,66,34,0,80,0,0,80,0,47,0,80,0,0,0,0,20,0,0,0,0,0,79,0,0,0;0,0,0,0,31,0,57,0,0,78,0,0,20,65,0,41,29,50,0,0,0,63,0,0,0,0,0,0,0,0;0,76,0,0,0,0,0,36,0,0,30,60,73,0,0,0,0,40,0,0,0,0,0,0,0,22,0,0,0,0;0,0,0,0,42,52,57,0,0,20,0,66,42,0,51,0,32,0,0,0,0,0,0,0,0,71,27,0,0,55;0,36,0,0,0,50,0,0,0,0,0,0,0,0,0,0,0,42,56,60,51,0,54,57,0,0,0,54,0,0;0,0,54,31,0,30,65,43,0,0,0,0,0,80,0,0,53,0,0,0,0,58,0,0,0,0,0,57,60,0;0,0,58,0,0,0,0,80,80,0,0,37,65,0,0,0,45,0,0,0,75,61,0,0,66,57,0,0,0,0;0,0,0,0,0,0,0,0,0,79,0,0,23,0,0,26,0,0,0,33,22,34,0,0,0,0,0,0,0,0;67,61,0,0,27,0,0,0,0,0,0,52,0,0,0,67,0,0,38,0,0,0,0,0,0,0,71,0,74,0;0,0,0,0,0,0,0,0,0,0,35,0,47,0,80,23,49,80,0,0,0,0,0,48,0,38,70,0,0,0;0,0,0,0,58,0,65,0,43,0,34,0,0,0,0,0,80,0,0,22,48,0,42,0,0,0,0,0,0,51;0,70,0,0,0,0,0,79,27,0,0,0,0,0,0,0,79,0,0,32,0,0,0,0,75,68,0,0,0,0;77,0,0,0,0,0,0,0,39,0,0,24,21,0,0,0,0,0,80,41,0,0,0,21,0,74,23,78,0,69;0,64,0,31,43,78,69,64,0,0,0,0,0,0,0,0,22,0,0,0,0,36,0,25,0,0,0,75,0,0;0,68,0,0,0,0,0,0,0,0,0,0,0,0,45,27,0,0,0,42,0,0,60,0,68,0,40,35,0,0;0,0,0,47,0,0,66,0,66,0,74,29,0,0,0,0,0,0,31,0,0,64,20,0,37,58,0,0,0,60;0,0,0,0,0,0,64,0,0,0,0,42,61,0,0,0,0,69,35,0,0,0,0,59,0,0,0,0,0,0;63,0,36,0,80,0,74,0,0,0,0,0,0,0,0,0,0,24,58,0,0,0,0,0,0,50,0,63,0,0;37,0,0,0,0,76,0,77,0,0,42,0,63,0,55,59,0,0,0,0,0,0,0,35,24,22,0,0,0,0;0,23,0,0,0,0,36,0,0,55,80,0,0,55,0,49,0,0,0,0,0,0,0,0,0,0,0,0,0,0;0,0,0,0,0,0,0,73,0,0,50,32,0,0,22,0,0,0,25,0,0,0,0,0,0,80,0,44,0,28;0,0,0,22,0,0,0,0,27,40,0,61,78,0,0,0,0,0,0,0,23,73,0,0,49,0,24,0,0,0;0,0,0,0,0,0,0,0,0,38,0,72,0,0,0,0,0,24,0,51,0,0,0,0,0,64,0,80,0,33;0,0,0,27,38,0,69,80,0,0,0,0,67,0,48,0,0,64,57,0,26,38,0,0,0,0,51,0,0,0;0,44,0,0,0,0,40,0,0,52,0,20,53,75,0,0,54,0,0,0,0,0,0,69,69,0,0,43,0,0;0,0,0,0,0,57,80,43,0,39,0,0,22,53,0,0,51,47,0,0,34,0,0,0,0,68,41,0,0,0
0,0,30,0,0,0,0,0,0,0,0,0,34,0,0,0,0,23,0,34,0,0,26,0,0,20,0,0,0,0;0,0,40,0,20,38,0,0,0,23,0,0,0,0,0,0,29,0,0,0,0,0,35,0,33,0,0,0,0,0;23,0,0,32,0,0,0,26,0,0,0,36,0,0,0,0,0,22,0,0,0,0,0,0,0,0,0,0,0,0;0,22,35,0,0,20,0,0,14,36,0,0,37,39,0,0,0,25,0,38,25,0,0,31,0,0,40,23,0,0;22,0,0,0,0,32,20,0,33,0,0,39,0,26,0,33,0,0,0,0,25,0,0,0,0,0,37,0,0,0;0,0,0,0,38,0,22,0,0,33,0,0,32,23,0,34,22,29,0,0,0,40,0,0,0,0,0,0,0,0;0,39,0,0,0,0,0,30,0,0,36,21,26,0,0,0,0,39,0,0,0,0,0,0,0,40,0,0,0,0;0,0,0,0,21,38,25,0,0,27,0,22,34,0,24,0,34,0,0,0,0,0,0,0,0,29,29,0,0,27;0,24,0,0,0,36,0,0,0,0,0,0,0,0,0,0,0,21,37,33,36,0,33,39,0,0,0,20,0,0;0,0,30,26,0,23,27,26,0,0,0,0,0,39,0,0,37,0,0,0,0,24,0,0,0,0,0,28,22,0;0,0,37,0,0,0,0,36,28,0,0,33,29,0,0,0,27,0,0,0,22,29,0,0,26,40,0,0,0,0;0,0,0,0,0,0,0,0,0,40,0,0,25,0,0,23,0,0,0,25,29,23,0,0,0,0,0,0,0,0;32,40,0,0,20,0,0,0,0,0,0,24,0,0,0,40,0,0,35,0,0,0,0,0,0,0,23,0,25,0;0,0,0,0,0,0,0,0,0,0,21,0,26,0,30,31,21,40,0,0,0,0,0,30,0,37,22,0,0,0;0,0,0,0,34,0,40,0,30,0,37,0,0,0,0,0,27,0,0,29,33,0,20,0,0,0,0,0,0,24;0,25,0,0,0,0,0,24,32,0,0,0,0,0,0,0,25,0,0,23,0,0,0,0,23,40,0,0,0,0;29,0,0,0,0,0,0,0,40,0,0,34,38,0,0,0,0,0,31,30,0,0,0,26,0,24,20,21,0,28;0,29,0,40,23,25,34,32,0,0,0,0,0,0,0,0,30,0,0,0,0,22,0,20,0,0,0,36,0,0;0,24,0,0,0,0,0,0,0,0,0,0,0,0,20,26,0,0,0,33,0,0,20,0,33,0,20,26,0,0;0,0,0,25,0,0,33,0,28,0,27,31,0,0,0,0,0,0,31,0,0,29,39,0,36,30,0,0,0,23;0,0,0,0,0,0,33,0,0,0,0,36,33,0,0,0,0,38,40,0,0,0,0,22,0,0,0,0,0,0;39,0,28,0,29,0,32,0,0,0,0,0,0,0,0,0,0,33,33,0,0,0,0,0,0,39,0,23,0,0;25,0,0,0,0,27,0,28,0,0,30,0,33,0,28,40,0,0,0,0,0,0,0,23,30,39,0,0,0,0;0,22,0,0,0,0,32,0,0,36,28,0,0,29,0,28,0,0,0,0,0,0,0,0,0,0,0,0,0,0;0,0,0,0,0,0,0,30,0,0,22,37,0,0,31,0,0,0,22,0,0,0,0,0,0,32,0,22,0,37;0,0,0,40,0,0,0,0,28,21,0,29,28,0,0,0,0,0,0,0,39,40,0,0,24,0,33,0,0,0;0,0,0,0,0,0,0,0,0,30,0,35,0,0,0,0,0,24,0,33,0,0,0,0,0,23,0,26,0,40;0,0,0,40,28,0,21,27,0,0,0,0,27,0,24,0,0,23,22,0,33,31,0,0,0,0,39,0,0,0;0,21,0,0,0,0,38,0,0,38,0,25,28,39,0,0,20,0,0,0,0,0,0,28,39,0,0,38,0,0;0,0,0,0,0,21,37,32,0,29,0,0,21,28,0,0,33,25,0,0,25,0,0,0,0,39,37,0,0,0
-1,12,0,0,0,0,-27,-11,-12,0,0,-13,0,0,0,-47,0,-1,0,0,-1,24,0,25,0,0,0,0,27,25
------------- End of Scenario k = 6 -------
0,0,44,0,0,0,0,0,0,0,0,0,67,0,0,0,0,70,0,70,0,0,40,0,0,78,0,0,0,0;0,0,43,0,69,65,0,0,0,69,0,0,0,0,0,0,45,0,0,0,0,0,64,0,52,0,0,0,0,0;80,0,0,57,0,0,0,26,0,0,0,57,0,0,0,0,0,68,0,0,0,0,0,0,0,0,0,0,0,0;0,62,68,0,0,38,0,0,80,52,0,0,59,61,0,0,0,44,0,27,27,0,0,72,0,0,45,56,0,0;46,0,0,0,0,80,64,0,80,0,0,56,0,39,0,44,0,0,0,0,65,0,0,0,0,0,21,0,0,0;0,0,0,0,28,0,65,0,0,80,0,0,67,58,0,74,69,28,0,0,0,73,0,0,0,0,0,0,0,0;0,55,0,0,0,0,0,67,0,0,80,43,21,0,0,0,0,38,0,0,0,0,0,0,0,72,0,0,0,0;0,0,0,0,74,25,25,0,0,73,0,68,56,0,59,0,58,0,0,0,0,0,0,0,0,42,26,0,0,78;0,37,0,0,0,25,0,0,0,0,0,0,0,0,0,0,0,50,38,25,28,0,58,33,0,0,0,49,0,0;0,0,71,35,0,31,61,60,0,0,0,0,0,41,0,0,71,0,0,0,0,31,0,0,0,0,0,24,78,0;0,0,22,0,0,0,0,50,80,0,0,79,74,0,0,0,41,0,0,0,27,23,0,0,34,58,0,0,0,0;0,0,0,0,0,0,0,0,0,36,0,0,76,0,0,36,0,0,0,67,47,45,0,0,0,0,0,0,0,0;63,49,0,0,44,0,0,0,0,0,0,32,0,0,0,80,0,0,40,0,0,0,0,0,0,0,71,0,79,0;0,0,0,0,0,0,0,0,0,0,41,0,42,0,80,69,57,66,0,0,0,0,0,49,0,46,78,0,0,0;0,0,0,0,78,0,75,0,20,0,68,0,0,0,0,0,80,0,0,42,20,0,51,0,0,0,0,0,0,60;0,45,0,0,0,0,0,43,20,0,0,0,0,0,0,0,44,0,0,38,0,0,0,0,36,44,0,0,0,0;26,0,0,0,0,0,0,0,51,0,0,26,56,0,0,0,0,0,80,69,0,0,0,22,0,22,64,48,0,67;0,22,0,26,56,72,57,74,0,0,0,0,0,0,0,0,52,0,0,0,0,64,0,62,0,0,0,50,0,0;0,37,0,0,0,0,0,0,0,0,0,0,0,0,77,41,0,0,0,80,0,0,52,0,72,0,74,56,0,0;0,0,0,42,0,0,76,0,58,0,43,52,0,0,0,0,0,0,77,0,0,79,25,0,49,21,0,0,0,51;0,0,0,0,0,0,57,0,0,0,0,62,33,0,0,0,0,38,41,0,0,0,0,20,0,0,0,0,0,0;72,0,42,0,72,0,38,0,0,0,0,0,0,0,0,0,0,80,40,0,0,0,0,0,0,73,0,53,0,0;49,0,0,0,0,29,0,70,0,0,36,0,79,0,78,31,0,0,0,0,0,0,0,77,67,21,0,0,0,0;0,37,0,0,0,0,47,0,0,75,80,0,0,31,0,80,0,0,0,0,0,0,0,0,0,0,0,0,0,0;0,0,0,0,0,0,0,53,0,0,62,62,0,0,39,0,0,0,61,0,0,0,0,0,0,55,0,66,0,28;0,0,0,58,0,0,0,0,57,42,0,32,47,0,0,0,0,0,0,0,58,76,0,0,70,0,80,0,0,0;0,0,0,0,0,0,0,0,0,66,0,58,0,0,0,0,0,42,0,34,0,0,0,0,0,71,0,80,0,29;0,0,0,44,71,0,71,80,0,0,0,0,76,0,59,0,0,49,35,0,35,24,0,0,0,0,72,0,0,0;0,52,0,0,0,0,75,0,0,25,0,53,80,49,0,0,21,0,0,0,0,0,0,45,37,0,0,34,0,0;0,0,0,0,0,78,25,55,0,52,0,0,62,80,0,0,73,27,0,0,74,0,0,0,0,67,33,0,0,0
0,0,32,0,0,0,0,0,0,0,0,0,40,0,0,0,0,20,0,25,0,0,35,0,0,26,0,0,0,0;0,0,28,0,37,22,0,0,0,31,0,0,0,0,0,0,38,0,0,0,0,0,27,0,22,0,0,0,0,0;21,0,0,29,0,0,0,19,0,0,0,21,0,0,0,0,0,22,0,0,0,0,0,0,0,0,0,0,0,0;0,29,35,0,0,40,0,0,32,32,0,0,38,29,0,0,0,39,0,39,40,0,0,28,0,0,32,31,0,0;21,0,0,0,0,15,32,0,16,0,0,14,0,30,0,18,0,0,0,0,20,0,0,0,0,0,21,0,0,0;0,0,0,0,38,0,30,0,0,26,0,0,37,20,0,22,30,34,0,0,0,26,0,0,0,0,0,0,0,0;0,27,0,0,0,0,0,27,0,0,20,20,33,0,0,0,0,33,0,0,0,0,0,0,0,23,0,0,0,0;0,0,0,0,32,23,31,0,0,20,0,32,34,0,36,0,25,0,0,0,0,0,0,0,0,27,21,0,0,33;0,30,0,0,0,40,0,0,0,0,0,0,0,0,0,0,0,21,30,27,23,0,39,39,0,0,0,24,0,0;0,0,32,28,0,34,35,38,0,0,0,0,0,38,0,0,28,0,0,0,0,35,0,0,0,0,0,23,31,0;0,0,24,0,0,0,0,35,29,0,0,30,30,0,0,0,20,0,0,0,38,30,0,0,35,30,0,0,0,0;0,0,0,0,0,0,0,0,0,26,0,0,36,0,0,26,0,0,0,29,23,21,0,0,0,0,0,0,0,0;35,30,0,0,40,0,0,0,0,0,0,23,0,0,0,39,0,0,26,0,0,0,0,0,0,0,35,0,38,0;0,0,0,0,0,0,0,0,0,0,20,0,27,0,23,34,40,35,0,0,0,0,0,24,0,40,40,0,0,0;0,0,0,0,39,0,30,0,26,0,34,0,0,0,0,0,31,0,0,25,35,0,38,0,0,0,0,0,0,26;0,37,0,0,0,0,0,22,40,0,0,0,0,0,0,0,25,0,0,27,0,0,0,0,34,25,0,0,0,0;22,0,0,0,0,0,0,0,25,0,0,28,27,0,0,0,0,0,22,39,0,0,0,38,0,39,39,21,0,27;0,23,0,33,33,32,34,24,0,0,0,0,0,0,0,0,39,0,0,0,0,40,0,35,0,0,0,34,0,0;0,20,0,0,0,0,0,0,0,0,0,0,0,0,40,34,0,0,0,30,0,0,32,0,23,0,29,29,0,0;0,0,0,22,0,0,24,0,31,0,38,37,0,0,0,0,0,0,38,0,0,20,25,0,20,30,0,0,0,23;0,0,0,0,0,0,25,0,0,0,0,31,26,0,0,0,0,31,28,0,0,0,0,30,0,0,0,0,0,0;26,0,30,0,38,0,32,0,0,0,0,0,0,0,0,0,0,24,23,0,0,0,0,0,0,33,0,33,0,0;24,0,0,0,0,23,0,20,0,0,21,0,39,0,39,30,0,0,0,0,0,0,0,28,31,30,0,0,0,0;0,34,0,0,0,0,39,0,0,38,35,0,0,35,0,39,0,0,0,0,0,0,0,0,0,0,0,0,0,0;0,0,0,0,0,0,0,23,0,0,22,24,0,0,37,0,0,0,24,0,0,0,0,0,0,27,0,30,0,20;0,0,0,20,0,0,0,0,20,30,0,30,37,0,0,0,0,0,0,0,34,22,0,0,32,0,23,0,0,0;0,0,0,0,0,0,0,0,0,31,0,34,0,0,0,0,0,36,0,31,0,0,0,0,0,26,0,33,0,27;0,0,0,33,20,0,31,40,0,0,0,0,34,0,30,0,0,30,23,0,22,22,0,0,0,0,33,0,0,0;0,28,0,0,0,0,35,0,0,27,0,37,34,32,0,0,38,0,0,0,0,0,0,25,25,0,0,29,0,0;0,0,0,0,0,33,21,20,0,23,0,0,37,40,0,0,20,34,0,0,21,0,0,0,0,21,21,0,0,0
-2,17,0,0,0,0,-4,-40,-7,0,0,-1,0,0,0,-48,0,-1,0,0,-3,12,0,29,0,0,0,0,30,18
------------- End of Scenario k = 7 -------
0,0,61,0,0,0,0,0,0,0,0,0,53,0,0,0,0,30,0,27,0,0,34,0,0,22,0,0,0,0;0,0,80,0,51,36,0,0,0,45,0,0,0,0,0,0,21,0,0,0,0,0,56,0,74,0,0,0,0,0;80,0,0,80,0,0,0,71,0,0,0,27,0,0,0,0,0,56,0,0,0,0,0,0,0,0,0,0,0,0;0,24,71,0,0,26,0,0,68,67,0,0,79,33,0,0,0,74,0,58,26,0,0,66,0,0,60,65,0,0;79,0,0,0,0,80,27,0,67,0,0,80,0,49,0,54,0,0,0,0,80,0,0,0,0,0,32,0,0,0;0,0,0,0,25,0,73,0,0,63,0,0,23,35,0,36,35,39,0,0,0,64,0,0,0,0,0,0,0,0;0,28,0,0,0,0,0,55,0,0,66,29,45,0,0,0,0,41,0,0,0,0,0,0,0,69,0,0,0,0;0,0,0,0,31,55,57,0,0,80,0,56,61,0,33,0,34,0,0,0,0,0,0,0,0,72,42,0,0,64;0,80,0,0,0,55,0,0,0,0,0,0,0,0,0,0,0,59,25,35,59,0,51,42,0,0,0,39,0,0;0,0,61,31,0,59,32,48,0,0,0,0,0,48,0,0,24,0,0,0,0,43,0,0,0,0,0,20,76,0;0,0,50,0,0,0,0,80,80,0,0,38,57,0,0,0,52,0,0,0,66,74,0,0,47,75,0,0,0,0;0,0,0,0,0,0,0,0,0,66,0,0,72,0,0,64,0,0,0,28,28,21,0,0,0,0,0,0,0,0;45,41,0,0,46,0,0,0,0,0,0,22,0,0,0,70,0,0,67,0,0,0,0,0,0,0,79,0,77,0;0,0,0,0,0,0,0,0,0,0,51,0,44,0,80,55,68,26,0,0,0,0,0,49,0,61,42,0,0,0;0,0,0,0,58,0,69,0,65,0,41,0,0,0,0,0,46,0,0,48,46,0,56,0,0,0,0,0,0,54;0,67,0,0,0,0,0,55,72,0,0,0,0,0,0,0,70,0,0,58,0,0,0,0,48,29,0,0,0,0;71,0,0,0,0,0,0,0,62,0,0,33,59,0,0,0,0,0,80,24,0,0,0,43,0,27,33,39,0,50;0,75,0,48,35,40,41,35,0,0,0,0,0,0,0,0,24,0,0,0,0,80,0,58,0,0,0,35,0,0;0,52,0,0,0,0,0,0,0,0,0,0,0,0,24,80,0,0,0,40,0,0,61,0,40,0,78,47,0,0;0,0,0,54,0,0,24,0,26,0,66,50,0,0,0,0,0,0,63,0,0,44,80,0,24,62,0,0,0,34;0,0,0,0,0,0,77,0,0,0,0,63,29,0,0,0,0,69,36,0,0,0,0,61,0,0,0,0,0,0;71,0,80,0,80,0,31,0,0,0,0,0,0,0,0,0,0,80,69,0,0,0,0,0,0,55,0,45,0,0;71,0,0,0,0,35,0,32,0,0,59,0,20,0,49,78,0,0,0,0,0,0,0,37,75,28,0,0,0,0;0,67,0,0,0,0,74,0,0,71,80,0,0,41,0,80,0,0,0,0,0,0,0,0,0,0,0,0,0,0;0,0,0,0,0,0,0,73,0,0,70,23,0,0,54,0,0,0,39,0,0,0,0,0,0,47,0,32,0,21;0,0,0,67,0,0,0,0,54,34,0,34,60,0,0,0,0,0,0,0,28,50,0,0,77,0,61,0,0,0;0,0,0,0,0,0,0,0,0,70,0,40,0,0,0,0,0,58,0,62,0,0,0,0,0,30,0,58,0,44;0,0,0,39,77,0,34,80,0,0,0,0,66,0,69,0,0,57,52,0,51,67,0,0,0,0,60,0,0,0;0,55,0,0,0,0,56,0,0,69,0,68,80,36,0,0,54,0,0,0,0,0,0,51,59,0,0,78,0,0;0,0,0,0,0,44,66,49,0,51,0,0,37,39,0,0,76,60,0,0,69,0,0,0,0,68,35,0,0,0
0,0,21,0,0,0,0,0,0,0,0,0,36,0,0,0,0,22,0,39,0,0,39,0,0,39,0,0,0,0;0,0,34,0,38,22,0,0,0,21,0,0,0,0,0,0,27,0,0,0,0,0,36,0,27,0,0,0,0,0;40,0,0,36,0,0,0,32,0,0,0,30,0,0,0,0,0,26,0,0,0,0,0,0,0,0,0,0,0,0;0,27,30,0,0,30,0,0,38,28,0,0,37,32,0,0,0,31,0,20,22,0,0,29,0,0,21,20,0,0;31,0,0,0,0,39,28,0,29,0,0,27,0,20,0,39,0,0,0,0,40,0,0,0,0,0,35,0,0,0;0,0,0,0,23,0,36,0,0,33,0,0,36,40,0,33,26,39,0,0,0,39,0,0,0,0,0,0,0,0;0,28,0,0,0,0,0,32,0,0,30,21,33,0,0,0,0,36,0,0,0,0,0,0,0,32,0,0,0,0;0,0,0,0,25,35,24,0,0,29,0,36,32,0,20,0,20,0,0,0,0,0,0,0,0,24,21,0,0,40;0,39,0,0,0,37,0,0,0,0,0,0,0,0,0,0,0,28,27,34,26,0,20,29,0,0,0,37,0,0;0,0,39,23,0,28,26,21,0,0,0,0,0,31,0,0,35,0,0,0,0,36,0,0,0,0,0,22,30,0;0,0,25,0,0,0,0,39,37,0,0,30,40,0,0,0,35,0,0,0,24,28,0,0,35,33,0,0,0,0;0,0,0,0,0,0,0,0,0,26,0,0,22,0,0,32,0,0,0,33,38,40,0,0,0,0,0,0,0,0;37,35,0,0,35,0,0,0,0,0,0,29,0,0,0,38,0,0,31,0,0,0,0,0,0,0,25,0,21,0;0,0,0,0,0,0,0,0,0,0,37,0,35,0,31,36,28,35,0,0,0,0,0,35,0,26,35,0,0,0;0,0,0,0,20,0,22,0,38,0,20,0,0,0,0,0,37,0,0,34,30,0,28,0,0,0,0,0,0,21;0,36,0,0,0,0,0,29,34,0,0,0,0,0,0,0,29,0,0,35,0,0,0,0,26,29,0,0,0,0;29,0,0,0,0,0,0,0,33,0,0,28,31,0,0,0,0,0,29,29,0,0,0,38,0,39,21,23,0,40;0,40,0,40,33,34,39,29,0,0,0,0,0,0,0,0,37,0,0,0,0,30,0,37,0,0,0,40,0,0;0,25,0,0,0,0,0,0,0,0,0,0,0,0,38,21,0,0,0,32,0,0,25,0,25,0,28,25,0,0;0,0,0,34,0,0,36,0,36,0,26,22,0,0,0,0,0,0,20,0,0,22,37,0,26,32,0,0,0,38;0,0,0,0,0,0,37,0,0,0,0,23,25,0,0,0,0,37,31,0,0,0,0,33,0,0,0,0,0,0;30,0,25,0,29,0,24,0,0,0,0,0,0,0,0,0,0,34,25,0,0,0,0,0,0,34,0,36,0,0;24,0,0,0,0,40,0,35,0,0,39,0,26,0,29,38,0,0,0,0,0,0,0,40,32,36,0,0,0,0;0,29,0,0,0,0,33,0,0,24,20,0,0,24,0,19,0,0,0,0,0,0,0,0,0,0,0,0,0,0;0,0,0,0,0,0,0,24,0,0,27,24,0,0,35,0,0,0,35,0,0,0,0,0,0,33,0,40,0,21;0,0,0,29,0,0,0,0,39,38,0,28,29,0,0,0,0,0,0,0,26,27,0,0,28,0,34,0,0,0;0,0,0,0,0,0,0,0,0,30,0,35,0,0,0,0,0,39,0,22,0,0,0,0,0,26,0,33,0,35;0,0,0,31,25,0,37,33,0,0,0,0,31,0,23,0,0,24,23,0,29,28,0,0,0,0,39,0,0,0;0,29,0,0,0,0,33,0,0,27,0,35,38,27,0,0,34,0,0,0,0,0,0,37,25,0,0,40,0,0;0,0,0,0,0,25,31,28,0,22,0,0,25,30,0,0,28,29,0,0,37,0,0,0,0,22,29,0,0,0
-3,29,0,0,0,0,-15,-32,-26,0,0,-4,0,0,0,-26,0,-4,0,0,-4,22,0,11,0,0,0,0,23,29
------------- End of Scenario k = 8 -------
0,0,64,0,0,0,0,0,0,0,0,0,57,0,0,0,0,32,0,39,0,0,77,0,0,80,0,0,0,0;0,0,68,0,48,32,0,0,0,51,0,0,0,0,0,0,80,0,0,0,0,0,45,0,27,0,0,0,0,0;30,0,0,20,0,0,0,80,0,0,0,31,0,0,0,0,0,58,0,0,0,0,0,0,0,0,0,0,0,0;0,26,25,0,0,76,0,0,24,39,0,0,45,57,0,0,0,58,0,79,54,0,0,27,0,0,73,56,0,0;57,0,0,0,0,29,60,0,41,0,0,56,0,26,0,80,0,0,0,0,80,0,0,0,0,0,70,0,0,0;0,0,0,0,57,0,67,0,0,80,0,0,39,48,0,73,78,56,0,0,0,43,0,0,0,0,0,0,0,0;0,78,0,0,0,0,0,76,0,0,52,70,67,0,0,0,0,34,0,0,0,0,0,0,0,76,0,0,0,0;0,0,0,0,60,27,29,0,0,22,0,54,40,0,42,0,31,0,0,0,0,0,0,0,0,61,70,0,0,64;0,34,0,0,0,57,0,0,0,0,0,0,0,0,0,0,0,78,79,53,20,0,78,77,0,0,0,66,0,0;0,0,45,65,0,71,43,60,0,0,0,0,0,56,0,0,31,0,0,0,0,60,0,0,0,0,0,32,60,0;0,0,64,0,0,0,0,66,80,0,0,64,27,0,0,0,51,0,0,0,37,60,0,0,24,40,0,0,0,0;0,0,0,0,0,0,0,0,0,25,0,0,54,0,0,75,0,0,0,63,38,69,0,0,0,0,0,0,0,0;40,54,0,0,53,0,0,0,0,0,0,22,0,0,0,80,0,0,77,0,0,0,0,0,0,0,52,0,39,0;0,0,0,0,0,0,0,0,0,0,56,0,40,0,80,56,36,67,0,0,0,0,0,80,0,32,54,0,0,0;0,0,0,0,22,0,68,0,70,0,49,0,0,0,0,0,32,0,0,76,44,0,71,0,0,0,0,0,0,57;0,79,0,0,0,0,0,61,49,0,0,0,0,0,0,0,28,0,0,64,0,0,0,0,75,39,0,0,0,0;67,0,0,0,0,0,0,0,36,0,0,27,42,0,0,0,0,0,80,65,0,0,0,26,0,74,45,77,0,37;0,51,0,77,56,48,30,64,0,0,0,0,0,0,0,0,52,0,0,0,0,38,0,52,0,0,0,33,0,0;0,45,0,0,0,0,0,0,0,0,0,0,0,0,49,34,0,0,0,49,0,0,48,0,49,0,59,25,0,0;0,0,0,41,0,0,24,0,66,0,60,44,0,0,0,0,0,0,25,0,0,20,80,0,34,32,0,0,0,71;0,0,0,0,0,0,80,0,0,0,0,50,59,0,0,0,0,58,52,0,0,0,0,75,0,0,0,0,0,0;80,0,54,0,80,0,80,0,0,0,0,0,0,0,0,0,0,80,29,0,0,0,0,0,0,48,0,76,0,0;22,0,0,0,0,78,0,67,0,0,23,0,31,0,58,27,0,0,0,0,0,0,0,63,55,22,0,0,0,0;0,45,0,0,0,0,61,0,0,68,80,0,0,57,0,80,0,0,0,0,0,0,0,0,0,0,0,0,0,0;0,0,0,0,0,0,0,75,0,0,35,37,0,0,45,0,0,0,23,0,0,0,0,0,0,80,0,45,0,74;0,0,0,72,0,0,0,0,42,70,0,32,25,0,0,0,0,0,0,0,39,47,0,0,75,0,80,0,0,0;0,0,0,0,0,0,0,0,0,52,0,71,0,0,0,0,0,35,0,61,0,0,0,0,0,49,0,80,0,31;0,0,0,35,32,0,80,80,0,0,0,0,23,0,80,0,0,77,31,0,31,26,0,0,0,0,79,0,0,0;0,63,0,0,0,0,65,0,0,52,0,72,80,76,0,0,56,0,0,0,0,0,0,74,22,0,0,43,0,0;0,0,0,0,0,45,39,45,0,56,0,0,55,31,0,0,61,32,0,0,25,0,0,0,0,65,39,0,0,0
0,0,31,0,0,0,0,0,0,0,0,0,31,0,0,0,0,32,0,32,0,0,33,0,0,29,0,0,0,0;0,0,34,0,29,22,0,0,0,36,0,0,0,0,0,0,27,0,0,0,0,0,21,0,35,0,0,0,0,0;17,0,0,37,0,0,0,31,0,0,0,40,0,0,0,0,0,25,0,0,0,0,0,0,0,0,0,0,0,0;0,29,32,0,0,40,0,0,19,36,0,0,23,33,0,0,0,20,0,24,20,0,0,31,0,0,30,36,0,0;28,0,0,0,0,34,36,0,32,0,0,28,0,37,0,33,0,0,0,0,37,0,0,0,0,0,29,0,0,0;0,0,0,0,39,0,25,0,0,38,0,0,27,27,0,23,32,26,0,0,0,24,0,0,0,0,0,0,0,0;0,27,0,0,0,0,0,20,0,0,28,37,35,0,0,0,0,23,0,0,0,0,0,0,0,37,0,0,0,0;0,0,0,0,30,23,30,0,0,26,0,31,37,0,34,0,23,0,0,0,0,0,0,0,0,30,28,0,0,35;0,25,0,0,0,35,0,0,0,0,0,0,0,0,0,0,0,30,25,29,20,0,26,40,0,0,0,31,0,0;0,0,24,37,0,33,36,24,0,0,0,0,0,29,0,0,40,0,0,0,0,29,0,0,0,0,0,38,23,0;0,0,30,0,0,0,0,34,31,0,0,36,31,0,0,0,34,0,0,0,29,40,0,0,23,23,0,0,0,0;0,0,0,0,0,0,0,0,0,25,0,0,39,0,0,33,0,0,0,36,26,33,0,0,0,0,0,0,0,0;33,28,0,0,34,0,0,0,0,0,0,30,0,0,0,18,0,0,39,0,0,0,0,0,0,0,26,0,34,0;0,0,0,0,0,0,0,0,0,0,40,0,36,0,33,33,28,22,0,0,0,0,0,26,0,33,22,0,0,0;0,0,0,0,40,0,20,0,32,0,21,0,0,0,0,0,30,0,0,34,20,0,35,0,0,0,0,0,0,39;0,21,0,0,0,0,0,33,31,0,0,0,0,0,0,0,23,0,0,27,0,0,0,0,35,34,0,0,0,0;26,0,0,0,0,0,0,0,25,0,0,38,36,0,0,0,0,0,39,25,0,0,0,35,0,37,25,36,0,24;0,40,0,22,39,22,38,20,0,0,0,0,0,0,0,0,25,0,0,0,0,32,0,20,0,0,0,33,0,0;0,27,0,0,0,0,0,0,0,0,0,0,0,0,31,27,0,0,0,36,0,0,22,0,24,0,27,29,0,0;0,0,0,39,0,0,38,0,29,0,26,22,0,0,0,0,0,0,25,0,0,26,34,0,38,32,0,0,0,26;0,0,0,0,0,0,39,0,0,0,0,28,40,0,0,0,0,23,27,0,0,0,0,38,0,0,0,0,0,0;27,0,35,0,23,0,25,0,0,0,0,0,0,0,0,0,0,37,31,0,0,0,0,0,0,39,0,39,0,0;40,0,0,0,0,22,0,27,0,0,20,0,24,0,23,31,0,0,0,0,0,0,0,35,27,25,0,0,0,0;0,29,0,0,0,0,32,0,0,22,36,0,0,40,0,30,0,0,0,0,0,0,0,0,0,0,0,0,0,0;0,0,0,0,0,0,0,21,0,0,24,40,0,0,34,0,0,0,22,0,0,0,0,0,0,37,0,31,0,24;0,0,0,21,0,0,0,0,35,34,0,36,35,0,0,0,0,0,0,0,38,24,0,0,25,0,24,0,0,0;0,0,0,0,0,0,0,0,0,21,0,24,0,0,0,0,0,27,0,27,0,0,0,0,0,20,0,27,0,20;0,0,0,23,22,0,40,23,0,0,0,0,33,0,40,0,0,38,21,0,28,30,0,0,0,0,40,0,0,0;0,25,0,0,0,0,27,0,0,29,0,20,21,20,0,0,28,0,0,0,0,0,0,30,36,0,0,39,0,0;0,0,0,0,0,31,28,37,0,21,0,0,36,22,0,0,30,23,0,0,40,0,0,0,0,31,24,0,0,0
-2,13,0,0,0,0,-24,-15,-15,0,0,-7,0,0,0,-25,0,-8,0,0,-1,23,0,23,0,0,0,0,17,21
------------- End of Scenario k = 9 -------
