/ -------------------------------------------------------------------------
An instance of the stochastic Fixed - charge Network Flow Problem using NETGEN.
/ -------------------------------------------------------------------------
Number of Nodes (no Dummy node is added), n
Graph Density, density
The fixed cost to variable cost ratio, f
Adjacency Matrix, A
Fixed Cost Matrix, c
Number of scenarios, K
Scenario Probabilities, p
----The following three rows will be repeated K times.----
Var Cost Matrix, d
Capacity, u
demand, b
/ -------------------------------------------------------------------------
+
10
0.6
200
0,0,1,1,1,1,1,1,1,1;1,0,1,1,1,0,1,0,0,0;0,0,0,1,1,1,1,0,0,0;0,0,0,0,0,0,0,0,1,0;1,0,0,1,0,0,1,1,1,0;1,0,1,1,1,0,0,1,1,1;1,0,1,1,1,1,0,1,1,0;1,1,1,1,1,0,0,0,0,0;0,1,0,1,1,1,1,1,0,0;1,1,1,1,0,1,1,0,0,0
0,0,9580,12240,10060,11740,9020,9600,10260,10800;13480,0,14819,10300,9320,0,11000,0,0,0;0,0,0,12380,9900,11980,10740,0,0,0;0,0,0,0,0,0,0,0,9000,0;12100,0,0,12260,0,0,8280,9400,8440,0;9380,0,10440,10900,11360,0,0,10720,9720,10740;10940,0,10180,9700,13360,9620,0,7640,13560,0;9760,8900,9340,11640,14219,0,0,0,0,0;0,10580,0,10220,12640,9420,9120,11320,0,0;8420,10000,9620,10580,0,9760,15100,0,0,0
10
0.2,0.05,0.15,0.1,0.05,0.05,0.05,0.2,0.05,0.1
--Scenarios--
0,0,68,29,23,62,58,23,23,47;80,0,51,63,59,0,31,0,0,0;0,0,0,57,37,55,48,0,0,0;0,0,0,0,0,0,0,0,60,0;44,0,0,42,0,0,30,64,33,0;39,0,33,33,39,0,0,42,68,48;61,0,39,59,76,29,0,43,80,0;68,47,25,73,80,0,0,0,0,0;0,68,0,74,75,34,28,56,0,0;59,35,26,37,0,59,80,0,0,0
0,0,21,30,26,40,21,30,34,24;30,0,28,27,20,0,31,0,0,0;0,0,0,33,33,40,26,0,0,0;0,0,0,0,0,0,0,0,33,0;24,0,0,20,0,0,31,21,40,0;39,0,30,25,22,0,0,36,23,27;31,0,38,32,39,30,0,39,25,0;39,39,30,27,24,0,0,0,0,0;0,33,0,40,29,36,26,34,0,0;22,38,31,24,0,39,38,0,0,0
-3,13,0,-13,0,-33,0,11,0,25
------------- End of Scenario k = 0 -------
0,0,59,58,75,64,37,77,21,28;74,0,80,61,48,0,73,0,0,0;0,0,0,80,56,49,58,0,0,0;0,0,0,0,0,0,0,0,34,0;75,0,0,80,0,0,32,23,75,0;49,0,58,40,76,0,0,51,26,38;25,0,46,37,32,39,0,36,55,0;59,36,53,60,80,0,0,0,0,0;0,79,0,53,64,26,61,56,0,0;64,38,44,44,0,58,80,0,0,0
0,0,22,25,21,28,33,40,24,40;12,0,18,20,23,0,35,0,0,0;0,0,0,33,28,28,31,0,0,0;0,0,0,0,0,0,0,0,20,0;35,0,0,19,0,0,26,34,35,0;21,0,31,20,34,0,0,40,29,35;20,0,20,25,39,36,0,37,35,0;38,31,27,26,20,0,0,0,0,0;0,35,0,28,27,33,21,38,0,0;39,25,30,25,0,36,27,0,0,0
-1,12,0,-20,0,-30,0,16,0,23
------------- End of Scenario k = 1 -------
0,0,66,71,20,58,80,48,61,62;35,0,80,77,47,0,76,0,0,0;0,0,0,80,78,31,67,0,0,0;0,0,0,0,0,0,0,0,44,0;53,0,0,80,0,0,30,35,42,0;73,0,58,75,57,0,0,79,31,42;29,0,50,37,76,32,0,73,80,0;59,29,48,47,80,0,0,0,0,0;0,80,0,31,56,39,61,31,0,0;29,30,52,61,0,46,71,0,0,0
0,0,28,38,28,33,28,27,29,30;26,0,39,39,40,0,25,0,0,0;0,0,0,33,25,26,23,0,0,0;0,0,0,0,0,0,0,0,22,0;24,0,0,38,0,0,26,28,37,0;37,0,23,34,28,0,0,32,27,20;20,0,26,21,35,31,0,22,22,0;37,38,25,22,16,0,0,0,0,0;0,32,0,40,28,32,30,39,0,0;30,34,27,34,0,38,24,0,0,0
-2,10,0,-12,0,-28,0,11,0,21
------------- End of Scenario k = 2 -------
0,0,50,63,63,78,23,43,61,63;80,0,52,32,65,0,69,0,0,0;0,0,0,21,56,80,53,0,0,0;0,0,0,0,0,0,0,0,26,0;41,0,0,80,0,0,42,58,31,0;58,0,54,43,74,0,0,34,20,61;43,0,47,46,73,24,0,24,80,0;26,22,49,66,80,0,0,0,0,0;0,49,0,79,75,42,26,36,0,0;29,62,60,49,0,74,44,0,0,0
0,0,30,23,30,36,29,27,33,22;31,0,27,27,23,0,23,0,0,0;0,0,0,40,25,36,31,0,0,0;0,0,0,0,0,0,0,0,23,0;34,0,0,32,0,0,21,35,32,0;30,0,39,28,25,0,0,23,39,38;33,0,27,26,26,27,0,27,37,0;27,34,26,39,30,0,0,0,0,0;0,23,0,30,28,39,34,23,0,0;29,31,39,38,0,33,38,0,0,0
-4,27,0,-42,0,-27,0,21,0,25
------------- End of Scenario k = 3 -------
0,0,26,47,61,60,47,35,60,77;58,0,80,36,37,0,49,0,0,0;0,0,0,67,23,27,67,0,0,0;0,0,0,0,0,0,0,0,39,0;43,0,0,80,0,0,56,70,25,0;49,0,78,73,54,0,0,32,21,67;72,0,44,66,66,78,0,38,38,0;64,74,40,53,30,0,0,0,0,0;0,75,0,39,70,32,49,43,0,0;21,71,37,50,0,46,80,0,0,0
0,0,40,36,28,30,27,29,31,34;34,0,34,25,26,0,28,0,0,0;0,0,0,21,34,36,39,0,0,0;0,0,0,0,0,0,0,0,24,0;21,0,0,26,0,0,25,30,20,0;28,0,29,21,21,0,0,36,26,22;30,0,29,24,35,21,0,25,23,0;39,35,33,39,34,0,0,0,0,0;0,35,0,36,28,22,27,31,0,0;40,33,35,30,0,23,39,0,0,0
-12,21,0,-29,0,-23,0,22,0,21
------------- End of Scenario k = 4 -------
0,0,38,67,39,54,26,62,71,47;80,0,80,28,25,0,46,0,0,0;0,0,0,77,56,62,64,0,0,0;0,0,0,0,0,0,0,0,56,0;69,0,0,38,0,0,47,21,66,0;71,0,80,50,61,0,0,80,75,31;67,0,23,76,46,72,0,51,80,0;78,40,61,64,80,0,0,0,0,0;0,25,0,23,23,64,50,60,0,0;37,71,70,79,0,48,80,0,0,0
0,0,25,22,28,32,29,38,28,31;22,0,20,38,37,0,26,0,0,0;0,0,0,38,20,22,29,0,0,0;0,0,0,0,0,0,0,0,40,0;30,0,0,29,0,0,27,35,39,0;29,0,35,30,39,0,0,29,33,28;22,0,37,26,33,21,0,31,37,0;25,33,38,21,16,0,0,0,0,0;0,30,0,31,31,24,34,34,0,0;22,33,39,22,0,34,31,0,0,0
-2,16,0,-28,0,-19,0,15,0,18
------------- End of Scenario k = 5 -------
0,0,35,69,36,73,34,57,46,70;80,0,80,79,60,0,49,0,0,0;0,0,0,80,59,70,27,0,0,0;0,0,0,0,0,0,0,0,46,0;73,0,0,39,0,0,22,45,36,0;29,0,30,80,49,0,0,42,62,76;49,0,47,47,72,34,0,21,73,0;22,49,38,51,71,0,0,0,0,0;0,30,0,53,38,80,54,74,0,0;37,63,80,58,0,22,80,0,0,0
0,0,34,35,25,21,32,40,26,29;25,0,33,30,34,0,22,0,0,0;0,0,0,18,30,32,32,0,0,0;0,0,0,0,0,0,0,0,30,0;23,0,0,19,0,0,33,24,23,0;30,0,32,23,30,0,0,22,25,25;22,0,27,23,23,33,0,32,37,0;20,34,21,23,36,0,0,0,0,0;0,24,0,34,33,31,20,33,0,0;34,23,34,20,0,28,25,0,0,0
-9,15,0,-23,0,-11,0,18,0,10
------------- End of Scenario k = 6 -------
0,0,66,73,49,29,27,31,79,36;27,0,80,78,34,0,62,0,0,0;0,0,0,38,63,80,61,0,0,0;0,0,0,0,0,0,0,0,51,0;66,0,0,74,0,0,22,47,31,0;49,0,37,29,67,0,0,58,71,39;72,0,80,32,79,47,0,51,71,0;23,64,52,77,80,0,0,0,0,0;0,34,0,40,73,44,71,78,0,0;69,62,24,54,0,44,80,0,0,0
0,0,22,28,25,27,31,20,39,35;29,0,28,21,26,0,36,0,0,0;0,0,0,40,38,27,33,0,0,0;0,0,0,0,0,0,0,0,32,0;20,0,0,33,0,0,24,37,36,0;28,0,25,40,39,0,0,30,21,30;33,0,26,21,33,30,0,37,38,0;27,25,20,36,16,0,0,0,0,0;0,24,0,37,20,21,20,31,0,0;20,22,26,29,0,24,35,0,0,0
-9,17,0,-21,0,-17,0,16,0,14
------------- End of Scenario k = 7 -------
0,0,31,65,80,45,59,64,25,65;80,0,80,39,62,0,40,0,0,0;0,0,0,52,42,65,39,0,0,0;0,0,0,0,0,0,0,0,43,0;66,0,0,20,0,0,54,37,28,0;22,0,35,78,28,0,0,57,53,72;66,0,71,22,74,50,0,21,41,0;68,57,35,38,80,0,0,0,0,0;0,49,0,75,78,80,26,64,0,0;21,47,64,26,0,57,80,0,0,0
0,0,28,27,24,30,35,29,23,28;20,0,26,32,39,0,28,0,0,0;0,0,0,33,32,24,36,0,0,0;0,0,0,0,0,0,0,0,32,0;36,0,0,29,0,0,33,27,40,0;20,0,23,40,29,0,0,24,25,24;32,0,28,33,23,33,0,36,22,0;25,38,27,23,28,0,0,0,0,0;0,39,0,21,26,37,38,36,0,0;33,29,34,38,0,22,19,0,0,0
0,20,0,-34,0,-25,0,28,0,11
------------- End of Scenario k = 8 -------
0,0,40,70,57,64,60,40,66,45;80,0,78,22,29,0,55,0,0,0;0,0,0,67,25,80,53,0,0,0;0,0,0,0,0,0,0,0,51,0;75,0,0,80,0,0,79,70,55,0;30,0,59,44,63,0,0,61,59,63;63,0,62,63,74,76,0,24,80,0;21,27,66,53,50,0,0,0,0,0;0,40,0,44,80,30,30,68,0,0;55,21,24,71,0,34,80,0,0,0
0,0,36,26,24,31,30,20,39,24;39,0,25,28,22,0,39,0,0,0;0,0,0,20,39,20,27,0,0,0;0,0,0,0,0,0,0,0,26,0;35,0,0,38,0,0,27,32,24,0;31,0,22,36,20,0,0,23,21,27;39,0,23,26,20,39,0,33,18,0;32,26,40,31,37,0,0,0,0,0;0,35,0,26,27,35,30,21,0,0;24,29,26,32,0,22,19,0,0,0
-1,20,0,-38,0,-23,0,30,0,12
------------- End of Scenario k = 9 -------
