/ -------------------------------------------------------------------------
An instance of the stochastic Fixed - charge Network Flow Problem using NETGEN.
/ -------------------------------------------------------------------------
Number of Nodes (no Dummy node is added), n
Graph Density, density
The fixed cost to variable cost ratio, f
Adjacency Matrix, A
Fixed Cost Matrix, c
Number of scenarios, K
Scenario Probabilities, p
----The following three rows will be repeated K times.----
Var Cost Matrix, d
Capacity, u
demand, b
/ -------------------------------------------------------------------------
+
30
0.3
200
0,0,0,1,0,1,0,1,0,0,0,0,1,1,0,0,1,0,0,0,1,0,0,0,0,0,0,0,1,0;0,0,1,0,0,0,0,0,0,0,1,0,0,1,0,1,1,0,1,0,0,1,0,0,1,0,1,0,1,1;1,0,0,1,0,1,1,0,1,0,1,0,1,0,0,0,0,1,0,1,0,0,0,0,0,0,0,0,0,0;0,0,1,0,0,0,1,0,0,0,0,1,0,0,0,0,0,0,0,0,0,0,0,1,1,0,0,0,1,0;1,1,0,0,0,1,0,0,0,1,0,0,0,0,0,0,1,0,0,1,0,0,0,0,1,0,1,0,0,0;0,0,0,0,0,0,0,1,0,1,0,0,1,0,0,0,0,0,1,1,0,0,0,0,0,0,0,1,0,1;0,0,0,0,1,0,0,0,0,1,0,1,1,1,1,0,1,0,0,1,1,0,0,1,0,0,1,0,0,1;1,1,1,1,0,0,1,0,0,0,0,0,0,0,0,0,1,0,0,1,0,0,1,0,0,0,1,1,0,1;1,0,1,0,0,0,0,0,0,0,1,1,1,0,0,0,0,1,1,0,0,0,1,1,0,0,0,0,1,0;1,0,1,0,1,0,0,1,1,0,1,1,0,0,0,1,0,1,0,1,1,0,0,0,0,0,0,0,0,1;0,0,1,0,1,0,1,0,0,0,0,0,0,1,0,0,1,1,0,0,1,1,0,0,0,0,0,1,1,1;1,0,0,0,0,0,0,1,1,0,0,0,1,0,0,0,0,1,1,0,1,0,1,0,0,0,0,1,1,0;0,1,0,0,0,0,0,1,0,0,0,1,0,1,0,1,0,1,0,0,0,1,0,0,0,0,0,0,0,0;0,0,0,0,0,1,0,0,1,0,0,0,0,0,1,0,0,0,0,0,1,0,0,0,0,0,0,0,1,0;0,0,0,0,0,0,0,0,0,0,0,0,0,1,0,0,0,1,1,1,1,0,0,0,1,0,0,0,0,0;0,0,0,0,0,0,0,0,0,0,0,1,0,0,0,0,1,0,0,0,0,0,0,0,1,1,0,0,0,0;1,0,0,1,0,0,0,0,0,1,0,0,0,0,0,0,0,1,0,1,1,0,0,0,0,0,0,1,0,1;1,0,0,0,1,0,0,0,0,1,1,1,1,1,0,0,0,0,1,0,1,0,0,0,1,0,1,1,0,1;1,0,1,0,0,0,0,0,0,0,0,0,1,0,0,1,0,1,0,0,0,1,0,1,0,0,0,0,1,0;0,1,1,0,0,0,0,0,0,1,1,1,0,0,1,1,0,1,0,0,0,1,1,1,0,0,0,1,0,0;0,0,1,0,1,1,1,0,0,1,1,0,0,1,0,1,0,1,0,1,0,0,0,0,1,0,0,0,1,1;1,0,1,0,0,0,0,0,1,0,0,0,0,0,0,0,0,0,0,0,0,0,1,0,0,0,1,1,0,1;1,1,1,0,1,1,0,0,0,1,0,0,0,0,1,0,1,0,0,1,0,0,0,0,1,0,0,0,0,0;0,0,0,1,0,0,0,0,1,0,0,1,0,0,1,0,0,0,0,0,1,0,1,0,0,0,0,0,0,0;0,1,0,0,1,0,0,0,0,1,0,0,0,0,1,0,0,1,0,1,0,1,0,0,0,1,1,0,0,0;1,1,0,1,0,1,0,0,1,0,0,0,1,0,1,0,1,0,0,0,1,0,0,0,1,0,1,1,0,1;0,0,0,0,0,1,0,0,1,1,0,0,0,0,0,0,0,0,1,0,0,0,0,0,0,0,0,0,0,0;0,0,1,0,0,0,0,0,0,0,0,0,0,0,1,0,0,0,0,0,0,1,0,0,0,0,0,0,0,0;0,1,1,0,1,0,0,1,0,0,1,1,1,0,0,0,0,1,0,0,0,0,0,0,0,1,0,0,0,0;1,0,0,0,0,0,0,0,0,0,1,1,0,0,1,0,1,1,1,0,0,0,1,0,1,0,0,0,0,0
0,0,0,11280,0,10660,0,10780,0,0,0,0,9800,7380,0,0,11380,0,0,0,11360,0,0,0,0,0,0,0,9620,0;0,0,11900,0,0,0,0,0,0,0,12140,0,0,10160,0,10560,10280,0,12760,0,0,8800,0,0,9260,0,10540,0,8240,13640;12140,0,0,13360,0,9480,11760,0,9220,0,10700,0,8700,0,0,0,0,10760,0,12880,0,0,0,0,0,0,0,0,0,0;0,0,9200,0,0,0,8220,0,0,0,0,12340,0,0,0,0,0,0,0,0,0,0,0,12780,10260,0,0,0,12560,0;9300,8520,0,0,0,14280,0,0,0,11400,0,0,0,0,0,0,10360,0,0,10720,0,0,0,0,10000,0,8920,0,0,0;0,0,0,0,0,0,0,14860,0,9840,0,0,10360,0,0,0,0,0,10520,8140,0,0,0,0,0,0,0,11900,0,12560;0,0,0,0,11840,0,0,0,0,11360,0,9640,9240,9760,11240,0,12120,0,0,10540,8080,0,0,10760,0,0,10920,0,0,7820;7780,9720,10320,9640,0,0,8100,0,0,0,0,0,0,0,0,0,10280,0,0,13460,0,0,9400,0,0,0,9920,10660,0,8480;8320,0,10100,0,0,0,0,0,0,0,10420,10620,10600,0,0,0,0,9360,12800,0,0,0,9320,12919,0,0,0,0,12000,0;13740,0,9800,0,10480,0,0,9260,12420,0,12620,8180,0,0,0,10720,0,9320,0,10080,8940,0,0,0,0,0,0,0,0,13519;0,0,9800,0,11220,0,10920,0,0,0,0,0,0,9080,0,0,10560,11020,0,0,11260,10660,0,0,0,0,0,10040,9680,10400;10220,0,0,0,0,0,0,9580,10200,0,0,0,13240,0,0,0,0,8300,12680,0,11480,0,7100,0,0,0,0,9220,11280,0;0,11000,0,0,0,0,0,8120,0,0,0,9960,0,13300,0,10380,0,10580,0,0,0,9280,0,0,0,0,0,0,0,0;0,0,0,0,0,11300,0,0,12160,0,0,0,0,0,13500,0,0,0,0,0,11560,0,0,0,0,0,0,0,11440,0;0,0,0,0,0,0,0,0,0,0,0,0,0,9960,0,0,0,8980,10040,10880,9900,0,0,0,11140,0,0,0,0,0;0,0,0,0,0,0,0,0,0,0,0,8920,0,0,0,0,12740,0,0,0,0,0,0,0,9600,11760,0,0,0,0;15300,0,0,11400,0,0,0,0,0,9820,0,0,0,0,0,0,0,13040,0,12120,10740,0,0,0,0,0,0,9200,0,8100;7420,0,0,0,10760,0,0,0,0,6740,10520,9120,10840,8540,0,0,0,0,9760,0,10660,0,0,0,9040,0,10500,9140,0,9560;11660,0,11040,0,0,0,0,0,0,0,0,0,12000,0,0,10200,0,11260,0,0,0,10140,0,9120,0,0,0,0,11620,0;0,11320,10600,0,0,0,0,0,0,9500,10920,8980,0,0,10160,9740,0,8620,0,0,0,8680,9340,10020,0,0,0,11440,0,0;0,0,10380,0,12340,9160,11580,0,0,10000,13880,0,0,11740,0,9280,0,7759,0,9160,0,0,0,0,10360,0,0,0,14540,13400;13200,0,9160,0,0,0,0,0,11400,0,0,0,0,0,0,0,0,0,0,0,0,0,12840,0,0,0,10820,7620,0,10060;8020,11040,11660,0,10020,10040,0,0,0,8880,0,0,0,0,10820,0,9600,0,0,8740,0,0,0,0,13719,0,0,0,0,0;0,0,0,9660,0,0,0,0,9940,0,0,8220,0,0,10980,0,0,0,0,0,8480,0,8680,0,0,0,0,0,0,0;0,9940,0,0,10760,0,0,0,0,8159,0,0,0,0,12400,0,0,10460,0,14019,0,12060,0,0,0,13900,9040,0,0,0;10080,9980,0,9420,0,9820,0,0,9640,0,0,0,8840,0,10700,0,8780,0,0,0,11080,0,0,0,9620,0,12380,10800,0,14600;0,0,0,0,0,10020,0,0,9240,11540,0,0,0,0,0,0,0,0,8720,0,0,0,0,0,0,0,0,0,0,0;0,0,9760,0,0,0,0,0,0,0,0,0,0,0,8820,0,0,0,0,0,0,13040,0,0,0,0,0,0,0,0;0,11680,8460,0,10200,0,0,9860,0,0,8380,8700,10560,0,0,0,0,11280,0,0,0,0,0,0,0,11300,0,0,0,0;10320,0,0,0,0,0,0,0,0,0,9960,10000,0,0,11340,0,9720,10200,9160,0,0,0,10160,0,11660,0,0,0,0,0
10
0.25,0.1,0.05,0.05,0.2,0.05,0.05,0.15,0.05,0.05
--Scenarios--
0,0,0,79,0,38,0,56,0,0,0,0,80,21,0,0,70,0,0,0,73,0,0,0,0,0,0,0,51,0;0,0,80,0,0,0,0,0,0,0,80,0,0,58,0,66,31,0,65,0,0,32,0,0,31,0,37,0,47,60;79,0,0,80,0,22,57,0,44,0,63,0,24,0,0,0,0,64,0,65,0,0,0,0,0,0,0,0,0,0;0,0,45,0,0,0,28,0,0,0,0,72,0,0,0,0,0,0,0,0,0,0,0,49,53,0,0,0,80,0;59,40,0,0,0,80,0,0,0,69,0,0,0,0,0,0,50,0,0,69,0,0,0,0,42,0,69,0,0,0;0,0,0,0,0,0,0,80,0,75,0,0,78,0,0,0,0,0,39,41,0,0,0,0,0,0,0,35,0,23;0,0,0,0,67,0,0,0,0,21,0,45,75,47,78,0,64,0,0,41,30,0,0,21,0,0,67,0,0,69;35,27,72,46,0,0,31,0,0,0,0,0,0,0,0,0,55,0,0,73,0,0,73,0,0,0,24,75,0,55;72,0,80,0,0,0,0,0,0,0,48,38,71,0,0,0,0,70,77,0,0,0,58,23,0,0,0,0,53,0;80,0,22,0,43,0,0,72,58,0,80,52,0,0,0,58,0,28,0,68,22,0,0,0,0,0,0,0,0,28;0,0,42,0,32,0,43,0,0,0,0,0,0,34,0,0,68,34,0,0,77,60,0,0,0,0,0,50,44,77;55,0,0,0,0,0,0,67,76,0,0,0,80,0,0,0,0,41,80,0,57,0,63,0,0,0,0,30,56,0;0,42,0,0,0,0,0,32,0,0,0,73,0,40,0,48,0,33,0,0,0,46,0,0,0,0,0,0,0,0;0,0,0,0,0,53,0,0,40,0,0,0,0,0,80,0,0,0,0,0,48,0,0,0,0,0,0,0,32,0;0,0,0,0,0,0,0,0,0,0,0,0,0,30,0,0,0,38,65,79,79,0,0,0,51,0,0,0,0,0;0,0,0,0,0,0,0,0,0,0,0,22,0,0,0,0,80,0,0,0,0,0,0,0,34,71,0,0,0,0;68,0,0,80,0,0,0,0,0,40,0,0,0,0,0,0,0,80,0,73,49,0,0,0,0,0,0,32,0,58;66,0,0,0,41,0,0,0,0,34,21,33,52,25,0,0,0,0,33,0,80,0,0,0,74,0,64,48,0,49;61,0,75,0,0,0,0,0,0,0,0,0,72,0,0,38,0,35,0,0,0,39,0,40,0,0,0,0,45,0;0,70,80,0,0,0,0,0,0,42,63,40,0,0,64,58,0,59,0,0,0,44,60,60,0,0,0,31,0,0;0,0,65,0,78,49,66,0,0,56,45,0,0,45,0,42,0,39,0,60,0,0,0,0,42,0,0,0,60,80;80,0,68,0,0,0,0,0,69,0,0,0,0,0,0,0,0,0,0,0,0,0,37,0,0,0,72,36,0,71;50,45,49,0,49,38,0,0,0,22,0,0,0,0,77,0,44,0,0,26,0,0,0,0,58,0,0,0,0,0;0,0,0,24,0,0,0,0,54,0,0,37,0,0,32,0,0,0,0,0,33,0,31,0,0,0,0,0,0,0;0,77,0,0,67,0,0,0,0,33,0,0,0,0,73,0,0,29,0,80,0,59,0,0,0,80,27,0,0,0;48,34,0,37,0,45,0,0,64,0,0,0,77,0,73,0,34,0,0,0,46,0,0,0,38,0,80,77,0,76;0,0,0,0,0,78,0,0,29,70,0,0,0,0,0,0,0,0,60,0,0,0,0,0,0,0,0,0,0,0;0,0,41,0,0,0,0,0,0,0,0,0,0,0,30,0,0,0,0,0,0,80,0,0,0,0,0,0,0,0;0,32,42,0,64,0,0,55,0,0,49,41,41,0,0,0,0,75,0,0,0,0,0,0,0,75,0,0,0,0;55,0,0,0,0,0,0,0,0,0,54,51,0,0,44,0,24,26,38,0,0,0,49,0,74,0,0,0,0,0
0,0,0,37,0,25,0,38,0,0,0,0,21,30,0,0,30,0,0,0,24,0,0,0,0,0,0,0,29,0;0,0,29,0,0,0,0,0,0,0,36,0,0,36,0,23,32,0,24,0,0,35,0,0,25,0,27,0,29,31;21,0,0,34,0,40,33,0,36,0,29,0,32,0,0,0,0,20,0,32,0,0,0,0,0,0,0,0,0,0;0,0,29,0,0,0,25,0,0,0,0,27,0,0,0,0,0,0,0,0,0,0,0,33,21,0,0,0,21,0;33,29,0,0,0,27,0,0,0,34,0,0,0,0,0,0,25,0,0,37,0,0,0,0,40,0,35,0,0,0;0,0,0,0,0,0,0,29,0,35,0,0,26,0,0,0,0,0,21,31,0,0,0,0,0,0,0,24,0,40;0,0,0,0,33,0,0,0,0,23,0,24,39,35,26,0,37,0,0,22,40,0,0,20,0,0,20,0,0,24;37,38,32,26,0,0,36,0,0,0,0,0,0,0,0,0,38,0,0,35,0,0,28,0,0,0,39,24,0,38;30,0,28,0,0,0,0,0,0,0,24,39,27,0,0,0,0,26,35,0,0,0,28,31,0,0,0,0,29,0;40,0,32,0,39,0,0,37,39,0,39,33,0,0,0,31,0,25,0,29,21,0,0,0,0,0,0,0,0,38;0,0,35,0,28,0,20,0,0,0,0,0,0,27,0,0,32,21,0,0,36,25,0,0,0,0,0,23,34,28;37,0,0,0,0,0,0,30,40,0,0,0,35,0,0,0,0,24,27,0,37,0,20,0,0,0,0,21,27,0;0,27,0,0,0,0,0,23,0,0,0,32,0,37,0,32,0,37,0,0,0,31,0,0,0,0,0,0,0,0;0,0,0,0,0,36,0,0,27,0,0,0,0,0,31,0,0,0,0,0,23,0,0,0,0,0,0,0,36,0;0,0,0,0,0,0,0,0,0,0,0,0,0,38,0,0,0,30,24,22,28,0,0,0,37,0,0,0,0,0;0,0,0,0,0,0,0,0,0,0,0,32,0,0,0,0,21,0,0,0,0,0,0,0,30,25,0,0,0,0;28,0,0,31,0,0,0,0,0,30,0,0,0,0,0,0,0,36,0,25,33,0,0,0,0,0,0,22,0,39;26,0,0,0,34,0,0,0,0,22,33,29,40,20,0,0,0,0,40,0,19,0,0,0,32,0,33,38,0,27;29,0,30,0,0,0,0,0,0,0,0,0,32,0,0,35,0,26,0,0,0,38,0,40,0,0,0,0,26,0;0,36,20,0,0,0,0,0,0,33,22,24,0,0,34,38,0,31,0,0,0,40,33,20,0,0,0,39,0,0;0,0,35,0,26,20,35,0,0,23,32,0,0,37,0,33,0,32,0,31,0,0,0,0,37,0,0,0,27,31;34,0,35,0,0,0,0,0,32,0,0,0,0,0,0,0,0,0,0,0,0,0,40,0,0,0,33,27,0,40;39,26,27,0,39,32,0,0,0,23,0,0,0,0,27,0,32,0,0,35,0,0,0,0,32,0,0,0,0,0;0,0,0,27,0,0,0,0,21,0,0,20,0,0,22,0,0,0,0,0,40,0,39,0,0,0,0,0,0,0;0,23,0,0,23,0,0,0,0,32,0,0,0,0,27,0,0,38,0,33,0,32,0,0,0,37,40,0,0,0;25,38,0,27,0,37,0,0,34,0,0,0,30,0,28,0,28,0,0,0,36,0,0,0,26,0,30,25,0,36;0,0,0,0,0,33,0,0,39,26,0,0,0,0,0,0,0,0,36,0,0,0,0,0,0,0,0,0,0,0;0,0,24,0,0,0,0,0,0,0,0,0,0,0,34,0,0,0,0,0,0,31,0,0,0,0,0,0,0,0;0,35,26,0,36,0,0,40,0,0,37,34,24,0,0,0,0,27,0,0,0,0,0,0,0,38,0,0,0,0;36,0,0,0,0,0,0,0,0,0,29,22,0,0,22,0,27,33,21,0,0,0,36,0,27,0,0,0,0,0
-31,21,0,0,0,0,26,0,0,27,-8,23,0,0,0,19,0,0,-28,-17,0,0,0,-5,0,0,0,28,-9,-46
------------- End of Scenario k = 0 -------
0,0,0,77,0,52,0,48,0,0,0,0,52,25,0,0,48,0,0,0,74,0,0,0,0,0,0,0,44,0;0,0,32,0,0,0,0,0,0,0,80,0,0,34,0,63,20,0,80,0,0,69,0,0,55,0,70,0,29,80;44,0,0,80,0,61,48,0,65,0,38,0,56,0,0,0,0,35,0,80,0,0,0,0,0,0,0,0,0,0;0,0,25,0,0,0,55,0,0,0,0,80,0,0,0,0,0,0,0,0,0,0,0,80,25,0,0,0,80,0;44,58,0,0,0,80,0,0,0,76,0,0,0,0,0,0,68,0,0,79,0,0,0,0,26,0,27,0,0,0;0,0,0,0,0,0,0,80,0,68,0,0,76,0,0,0,0,0,61,29,0,0,0,0,0,0,0,48,0,80;0,0,0,0,33,0,0,0,0,56,0,72,31,49,68,0,43,0,0,65,54,0,0,68,0,0,67,0,0,27;43,50,37,29,0,0,20,0,0,0,0,0,0,0,0,0,76,0,0,69,0,0,34,0,0,0,68,57,0,45;22,0,79,0,0,0,0,0,0,0,34,45,42,0,0,0,0,35,80,0,0,0,39,80,0,0,0,0,80,0;80,0,79,0,25,0,0,50,44,0,29,46,0,0,0,58,0,60,0,33,21,0,0,0,0,0,0,0,0,80;0,0,40,0,62,0,44,0,0,0,0,0,0,44,0,0,75,76,0,0,55,22,0,0,0,0,0,32,57,68;23,0,0,0,0,0,0,39,25,0,0,0,80,0,0,0,0,50,80,0,56,0,36,0,0,0,0,31,33,0;0,35,0,0,0,0,0,41,0,0,0,29,0,80,0,34,0,75,0,0,0,30,0,0,0,0,0,0,0,0;0,0,0,0,0,74,0,0,80,0,0,0,0,0,80,0,0,0,0,0,30,0,0,0,0,0,0,0,49,0;0,0,0,0,0,0,0,0,0,0,0,0,0,64,0,0,0,24,46,48,23,0,0,0,47,0,0,0,0,0;0,0,0,0,0,0,0,0,0,0,0,33,0,0,0,0,80,0,0,0,0,0,0,0,80,60,0,0,0,0;80,0,0,46,0,0,0,0,0,62,0,0,0,0,0,0,0,42,0,57,71,0,0,0,0,0,0,46,0,20;32,0,0,0,45,0,0,0,0,30,72,72,65,24,0,0,0,0,79,0,32,0,0,0,36,0,47,20,0,38;65,0,53,0,0,0,0,0,0,0,0,0,35,0,0,41,0,26,0,0,0,60,0,78,0,0,0,0,64,0;0,30,23,0,0,0,0,0,0,20,66,50,0,0,71,25,0,27,0,0,0,60,21,29,0,0,0,44,0,0;0,0,74,0,56,25,78,0,0,24,80,0,0,79,0,55,0,25,0,56,0,0,0,0,35,0,0,0,80,80;78,0,27,0,0,0,0,0,29,0,0,0,0,0,0,0,0,0,0,0,0,0,70,0,0,0,75,24,0,53;38,69,80,0,51,48,0,0,0,31,0,0,0,0,29,0,54,0,0,68,0,0,0,0,80,0,0,0,0,0;0,0,0,51,0,0,0,0,32,0,0,39,0,0,28,0,0,0,0,0,37,0,64,0,0,0,0,0,0,0;0,41,0,0,62,0,0,0,0,35,0,0,0,0,54,0,0,46,0,31,0,73,0,0,0,69,22,0,0,0;28,71,0,47,0,65,0,0,67,0,0,0,40,0,60,0,45,0,0,0,67,0,0,0,31,0,27,59,0,80;0,0,0,0,0,77,0,0,58,76,0,0,0,0,0,0,0,0,59,0,0,0,0,0,0,0,0,0,0,0;0,0,58,0,0,0,0,0,0,0,0,0,0,0,28,0,0,0,0,0,0,32,0,0,0,0,0,0,0,0;0,59,32,0,35,0,0,41,0,0,31,56,47,0,0,0,0,27,0,0,0,0,0,0,0,29,0,0,0,0;61,0,0,0,0,0,0,0,0,0,78,53,0,0,59,0,66,35,63,0,0,0,48,0,75,0,0,0,0,0
0,0,0,33,0,38,0,35,0,0,0,0,23,38,0,0,23,0,0,0,24,0,0,0,0,0,0,0,36,0;0,0,35,0,0,0,0,0,0,0,38,0,0,40,0,25,30,0,29,0,0,37,0,0,40,0,40,0,35,30;35,0,0,30,0,33,33,0,38,0,39,0,36,0,0,0,0,22,0,33,0,0,0,0,0,0,0,0,0,0;0,0,30,0,0,0,21,0,0,0,0,25,0,0,0,0,0,0,0,0,0,0,0,29,38,0,0,0,33,0;27,26,0,0,0,37,0,0,0,40,0,0,0,0,0,0,39,0,0,21,0,0,0,0,34,0,31,0,0,0;0,0,0,0,0,0,0,38,0,31,0,0,30,0,0,0,0,0,21,38,0,0,0,0,0,0,0,36,0,36;0,0,0,0,30,0,0,0,0,25,0,26,29,23,21,0,34,0,0,24,29,0,0,35,0,0,21,0,0,37;30,25,38,40,0,0,39,0,0,0,0,0,0,0,0,0,21,0,0,40,0,0,21,0,0,0,28,39,0,30;28,0,21,0,0,0,0,0,0,0,29,34,36,0,0,0,0,40,27,0,0,0,21,35,0,0,0,0,31,0;34,0,37,0,36,0,0,40,24,0,30,35,0,0,0,26,0,22,0,39,40,0,0,0,0,0,0,0,0,39;0,0,27,0,28,0,27,0,0,0,0,0,0,40,0,0,30,37,0,0,32,24,0,0,0,0,0,37,27,33;29,0,0,0,0,0,0,28,38,0,0,0,32,0,0,0,0,35,39,0,28,0,39,0,0,0,0,23,22,0;0,24,0,0,0,0,0,31,0,0,0,27,0,13,0,34,0,31,0,0,0,32,0,0,0,0,0,0,0,0;0,0,0,0,0,33,0,0,24,0,0,0,0,0,31,0,0,0,0,0,34,0,0,0,0,0,0,0,23,0;0,0,0,0,0,0,0,0,0,0,0,0,0,24,0,0,0,31,34,35,23,0,0,0,22,0,0,0,0,0;0,0,0,0,0,0,0,0,0,0,0,22,0,0,0,0,39,0,0,0,0,0,0,0,34,23,0,0,0,0;36,0,0,29,0,0,0,0,0,24,0,0,0,0,0,0,0,22,0,38,25,0,0,0,0,0,0,32,0,21;36,0,0,0,26,0,0,0,0,21,26,22,25,22,0,0,0,0,23,0,37,0,0,0,40,0,32,31,0,32;23,0,26,0,0,0,0,0,0,0,0,0,24,0,0,35,0,40,0,0,0,22,0,33,0,0,0,0,33,0;0,39,31,0,0,0,0,0,0,35,36,38,0,0,24,39,0,40,0,0,0,34,35,37,0,0,0,36,0,0;0,0,29,0,20,21,35,0,0,30,37,0,0,26,0,37,0,23,0,26,0,0,0,0,34,0,0,0,29,37;36,0,40,0,0,0,0,0,20,0,0,0,0,0,0,0,0,0,0,0,0,0,18,0,0,0,40,28,0,34;38,39,28,0,32,40,0,0,0,33,0,0,0,0,36,0,32,0,0,34,0,0,0,0,31,0,0,0,0,0;0,0,0,36,0,0,0,0,27,0,0,38,0,0,40,0,0,0,0,0,23,0,33,0,0,0,0,0,0,0;0,34,0,0,31,0,0,0,0,40,0,0,0,0,22,0,0,25,0,29,0,30,0,0,0,37,34,0,0,0;20,35,0,28,0,40,0,0,31,0,0,0,28,0,29,0,26,0,0,0,23,0,0,0,33,0,32,34,0,36;0,0,0,0,0,29,0,0,20,23,0,0,0,0,0,0,0,0,35,0,0,0,0,0,0,0,0,0,0,0;0,0,36,0,0,0,0,0,0,0,0,0,0,0,25,0,0,0,0,0,0,40,0,0,0,0,0,0,0,0;0,21,29,0,22,0,0,29,0,0,27,22,20,0,0,0,0,35,0,0,0,0,0,0,0,37,0,0,0,0;32,0,0,0,0,0,0,0,0,0,37,35,0,0,37,0,39,36,28,0,0,0,22,0,26,0,0,0,0,0
-17,29,0,0,0,0,18,0,0,23,-11,10,0,0,0,21,0,0,-12,-17,0,0,0,-6,0,0,0,15,-15,-38
------------- End of Scenario k = 1 -------
0,0,0,49,0,64,0,28,0,0,0,0,66,36,0,0,39,0,0,0,65,0,0,0,0,0,0,0,74,0;0,0,80,0,0,0,0,0,0,0,80,0,0,50,0,53,56,0,59,0,0,21,0,0,55,0,34,0,45,62;80,0,0,80,0,24,64,0,52,0,50,0,45,0,0,0,0,30,0,80,0,0,0,0,0,0,0,0,0,0;0,0,53,0,0,0,39,0,0,0,0,69,0,0,0,0,0,0,0,0,0,0,0,55,74,0,0,0,80,0;22,21,0,0,0,80,0,0,0,43,0,0,0,0,0,0,65,0,0,45,0,0,0,0,67,0,63,0,0,0;0,0,0,0,0,0,0,49,0,30,0,0,42,0,0,0,0,0,79,63,0,0,0,0,0,0,0,72,0,80;0,0,0,0,23,0,0,0,0,80,0,71,79,46,51,0,53,0,0,35,23,0,0,71,0,0,71,0,0,43;23,25,49,28,0,0,27,0,0,0,0,0,0,0,0,0,33,0,0,36,0,0,74,0,0,0,46,43,0,56;33,0,35,0,0,0,0,0,0,0,73,50,65,0,0,0,0,26,24,0,0,0,26,61,0,0,0,0,80,0;49,0,47,0,36,0,0,25,80,0,45,27,0,0,0,49,0,73,0,61,33,0,0,0,0,0,0,0,0,59;0,0,51,0,32,0,34,0,0,0,0,0,0,74,0,0,39,37,0,0,60,60,0,0,0,0,0,79,25,50;63,0,0,0,0,0,0,36,76,0,0,0,54,0,0,0,0,20,59,0,50,0,22,0,0,0,0,71,57,0;0,43,0,0,0,0,0,32,0,0,0,76,0,80,0,50,0,40,0,0,0,50,0,0,0,0,0,0,0,0;0,0,0,0,0,62,0,0,80,0,0,0,0,0,80,0,0,0,0,0,61,0,0,0,0,0,0,0,70,0;0,0,0,0,0,0,0,0,0,0,0,0,0,75,0,0,0,35,61,79,71,0,0,0,72,0,0,0,0,0;0,0,0,0,0,0,0,0,0,0,0,36,0,0,0,0,80,0,0,0,0,0,0,0,49,21,0,0,0,0;80,0,0,66,0,0,0,0,0,69,0,0,0,0,0,0,0,80,0,59,29,0,0,0,0,0,0,30,0,41;28,0,0,0,34,0,0,0,0,29,37,61,49,48,0,0,0,0,62,0,54,0,0,0,27,0,76,49,0,25;68,0,28,0,0,0,0,0,0,0,0,0,70,0,0,26,0,75,0,0,0,38,0,45,0,0,0,0,44,0;0,57,59,0,0,0,0,0,0,60,76,44,0,0,34,77,0,44,0,0,0,41,75,34,0,0,0,49,0,0;0,0,44,0,76,53,77,0,0,61,64,0,0,77,0,52,0,38,0,63,0,0,0,0,48,0,0,0,80,80;80,0,63,0,0,0,0,0,75,0,0,0,0,0,0,0,0,0,0,0,0,0,56,0,0,0,76,31,0,44;42,52,61,0,43,55,0,0,0,33,0,0,0,0,69,0,58,0,0,78,0,0,0,0,80,0,0,0,0,0;0,0,0,77,0,0,0,0,32,0,0,33,0,0,64,0,0,0,0,0,37,0,56,0,0,0,0,0,0,0;0,61,0,0,32,0,0,0,0,56,0,0,0,0,65,0,0,76,0,80,0,40,0,0,0,80,31,0,0,0;48,33,0,30,0,60,0,0,28,0,0,0,38,0,64,0,32,0,0,0,65,0,0,0,66,0,80,55,0,80;0,0,0,0,0,41,0,0,34,63,0,0,0,0,0,0,0,0,50,0,0,0,0,0,0,0,0,0,0,0;0,0,28,0,0,0,0,0,0,0,0,0,0,0,53,0,0,0,0,0,0,80,0,0,0,0,0,0,0,0;0,62,49,0,66,0,0,53,0,0,32,27,38,0,0,0,0,52,0,0,0,0,0,0,0,78,0,0,0,0;61,0,0,0,0,0,0,0,0,0,51,26,0,0,52,0,69,66,47,0,0,0,64,0,58,0,0,0,0,0
0,0,0,38,0,23,0,33,0,0,0,0,31,32,0,0,38,0,0,0,29,0,0,0,0,0,0,0,29,0;0,0,31,0,0,0,0,0,0,0,16,0,0,27,0,38,23,0,14,0,0,20,0,0,27,0,33,0,40,30;25,0,0,30,0,28,26,0,35,0,37,0,35,0,0,0,0,31,0,22,0,0,0,0,0,0,0,0,0,0;0,0,20,0,0,0,38,0,0,0,0,35,0,0,0,0,0,0,0,0,0,0,0,21,30,0,0,0,26,0;21,39,0,0,0,30,0,0,0,28,0,0,0,0,0,0,27,0,0,21,0,0,0,0,23,0,33,0,0,0;0,0,0,0,0,0,0,33,0,21,0,0,20,0,0,0,0,0,31,37,0,0,0,0,0,0,0,33,0,30;0,0,0,0,27,0,0,0,0,22,0,35,20,35,35,0,22,0,0,24,22,0,0,31,0,0,24,0,0,36;23,33,37,20,0,0,34,0,0,0,0,0,0,0,0,0,27,0,0,33,0,0,27,0,0,0,36,33,0,30;35,0,38,0,0,0,0,0,0,0,30,27,39,0,0,0,0,24,23,0,0,0,30,18,0,0,0,0,28,0;25,0,36,0,22,0,0,30,40,0,25,27,0,0,0,23,0,31,0,20,21,0,0,0,0,0,0,0,0,40;0,0,24,0,20,0,36,0,0,0,0,0,0,20,0,0,20,31,0,0,27,40,0,0,0,0,0,22,34,27;22,0,0,0,0,0,0,24,28,0,0,0,35,0,0,0,0,28,39,0,26,0,34,0,0,0,0,32,30,0;0,20,0,0,0,0,0,21,0,0,0,30,0,31,0,30,0,40,0,0,0,20,0,0,0,0,0,0,0,0;0,0,0,0,0,23,0,0,26,0,0,0,0,0,31,0,0,0,0,0,22,0,0,0,0,0,0,0,22,0;0,0,0,0,0,0,0,0,0,0,0,0,0,35,0,0,0,24,38,35,36,0,0,0,22,0,0,0,0,0;0,0,0,0,0,0,0,0,0,0,0,20,0,0,0,0,26,0,0,0,0,0,0,0,39,33,0,0,0,0;37,0,0,30,0,0,0,0,0,21,0,0,0,0,0,0,0,29,0,31,36,0,0,0,0,0,0,23,0,38;36,0,0,0,33,0,0,0,0,24,20,30,30,25,0,0,0,0,21,0,29,0,0,0,29,0,35,21,0,28;40,0,34,0,0,0,0,0,0,0,0,0,33,0,0,27,0,38,0,0,0,30,0,23,0,0,0,0,35,0;0,25,37,0,0,0,0,0,0,39,28,28,0,0,20,29,0,37,0,0,0,38,25,32,0,0,0,28,0,0;0,0,32,0,29,29,31,0,0,35,40,0,0,32,0,26,0,29,0,32,0,0,0,0,38,0,0,0,30,31;29,0,27,0,0,0,0,0,32,0,0,0,0,0,0,0,0,0,0,0,0,0,29,0,0,0,20,29,0,29;34,25,35,0,21,36,0,0,0,21,0,0,0,0,37,0,29,0,0,28,0,0,0,0,24,0,0,0,0,0;0,0,0,26,0,0,0,0,24,0,0,27,0,0,34,0,0,0,0,0,38,0,36,0,0,0,0,0,0,0;0,35,0,0,32,0,0,0,0,36,0,0,0,0,32,0,0,36,0,32,0,21,0,0,0,40,22,0,0,0;25,38,0,37,0,22,0,0,37,0,0,0,29,0,31,0,39,0,0,0,34,0,0,0,38,0,24,27,0,40;0,0,0,0,0,29,0,0,39,36,0,0,0,0,0,0,0,0,36,0,0,0,0,0,0,0,0,0,0,0;0,0,28,0,0,0,0,0,0,0,0,0,0,0,40,0,0,0,0,0,0,27,0,0,0,0,0,0,0,0;0,26,29,0,21,0,0,35,0,0,33,35,32,0,0,0,0,29,0,0,0,0,0,0,0,20,0,0,0,0;31,0,0,0,0,0,0,0,0,0,22,25,0,0,20,0,25,22,29,0,0,0,39,0,24,0,0,0,0,0
-26,14,0,0,0,0,27,0,0,18,-9,30,0,0,0,24,0,0,-32,-28,0,0,0,-8,0,0,0,23,-8,-25
------------- End of Scenario k = 2 -------
0,0,0,46,0,74,0,75,0,0,0,0,47,30,0,0,23,0,0,0,58,0,0,0,0,0,0,0,32,0;0,0,34,0,0,0,0,0,0,0,22,0,0,33,0,80,62,0,66,0,0,34,0,0,65,0,31,0,69,80;70,0,0,80,0,30,73,0,23,0,66,0,58,0,0,0,0,72,0,77,0,0,0,0,0,0,0,0,0,0;0,0,23,0,0,0,64,0,0,0,0,67,0,0,0,0,0,0,0,0,0,0,0,74,79,0,0,0,80,0;66,39,0,0,0,80,0,0,0,61,0,0,0,0,0,0,39,0,0,54,0,0,0,0,53,0,21,0,0,0;0,0,0,0,0,0,0,80,0,77,0,0,44,0,0,0,0,0,45,42,0,0,0,0,0,0,0,56,0,80;0,0,0,0,44,0,0,0,0,45,0,44,62,56,77,0,79,0,0,44,37,0,0,44,0,0,64,0,0,22;21,80,26,72,0,0,73,0,0,0,0,0,0,0,0,0,46,0,0,80,0,0,68,0,0,0,54,76,0,21;56,0,44,0,0,0,0,0,0,0,29,78,49,0,0,0,0,48,29,0,0,0,37,54,0,0,0,0,42,0;72,0,79,0,75,0,0,78,62,0,80,46,0,0,0,37,0,52,0,80,34,0,0,0,0,0,0,0,0,80;0,0,23,0,76,0,62,0,0,0,0,0,0,71,0,0,42,37,0,0,34,79,0,0,0,0,0,25,64,68;56,0,0,0,0,0,0,40,20,0,0,0,42,0,0,0,0,21,64,0,24,0,27,0,0,0,0,53,75,0;0,71,0,0,0,0,0,40,0,0,0,56,0,80,0,35,0,23,0,0,0,43,0,0,0,0,0,0,0,0;0,0,0,0,0,77,0,0,75,0,0,0,0,0,80,0,0,0,0,0,58,0,0,0,0,0,0,0,32,0;0,0,0,0,0,0,0,0,0,0,0,0,0,26,0,0,0,20,35,50,20,0,0,0,25,0,0,0,0,0;0,0,0,0,0,0,0,0,0,0,0,68,0,0,0,0,36,0,0,0,0,0,0,0,26,44,0,0,0,0;80,0,0,51,0,0,0,0,0,50,0,0,0,0,0,0,0,39,0,27,68,0,0,0,0,0,0,64,0,31;63,0,0,0,71,0,0,0,0,75,74,20,51,47,0,0,0,0,57,0,40,0,0,0,38,0,28,61,0,51;73,0,78,0,0,0,0,0,0,0,0,0,57,0,0,58,0,64,0,0,0,60,0,24,0,0,0,0,78,0;0,62,78,0,0,0,0,0,0,63,27,53,0,0,38,56,0,24,0,0,0,63,78,76,0,0,0,65,0,0;0,0,69,0,53,35,75,0,0,40,63,0,0,22,0,74,0,49,0,63,0,0,0,0,80,0,0,0,29,44;80,0,20,0,0,0,0,0,50,0,0,0,0,0,0,0,0,0,0,0,0,0,57,0,0,0,36,46,0,26;32,80,60,0,59,67,0,0,0,48,0,0,0,0,47,0,43,0,0,44,0,0,0,0,77,0,0,0,0,0;0,0,0,46,0,0,0,0,57,0,0,21,0,0,40,0,0,0,0,0,32,0,24,0,0,0,0,0,0,0;0,59,0,0,49,0,0,0,0,33,0,0,0,0,77,0,0,20,0,80,0,67,0,0,0,80,69,0,0,0;75,53,0,25,0,44,0,0,37,0,0,0,42,0,29,0,21,0,0,0,70,0,0,0,59,0,78,49,0,80;0,0,0,0,0,30,0,0,42,56,0,0,0,0,0,0,0,0,57,0,0,0,0,0,0,0,0,0,0,0;0,0,55,0,0,0,0,0,0,0,0,0,0,0,31,0,0,0,0,0,0,80,0,0,0,0,0,0,0,0;0,68,29,0,29,0,0,24,0,0,34,75,27,0,0,0,0,60,0,0,0,0,0,0,0,65,0,0,0,0;50,0,0,0,0,0,0,0,0,0,52,47,0,0,20,0,75,55,49,0,0,0,33,0,47,0,0,0,0,0
0,0,0,32,0,29,0,30,0,0,0,0,37,39,0,0,37,0,0,0,26,0,0,0,0,0,0,0,21,0;0,0,27,0,0,0,0,0,0,0,26,0,0,31,0,24,37,0,38,0,0,34,0,0,39,0,28,0,40,39;32,0,0,36,0,37,35,0,22,0,20,0,34,0,0,0,0,30,0,36,0,0,0,0,0,0,0,0,0,0;0,0,27,0,0,0,31,0,0,0,0,31,0,0,0,0,0,0,0,0,0,0,0,37,24,0,0,0,37,0;38,33,0,0,0,24,0,0,0,35,0,0,0,0,0,0,29,0,0,21,0,0,0,0,40,0,27,0,0,0;0,0,0,0,0,0,0,17,0,28,0,0,23,0,0,0,0,0,38,22,0,0,0,0,0,0,0,25,0,28;0,0,0,0,36,0,0,0,0,30,0,24,30,40,31,0,39,0,0,37,30,0,0,39,0,0,24,0,0,33;35,24,32,25,0,0,29,0,0,0,0,0,0,0,0,0,24,0,0,20,0,0,29,0,0,0,30,22,0,39;34,0,25,0,0,0,0,0,0,0,40,38,32,0,0,0,0,26,38,0,0,0,33,32,0,0,0,0,34,0;40,0,25,0,20,0,0,20,40,0,37,30,0,0,0,36,0,37,0,39,22,0,0,0,0,0,0,0,0,29;0,0,40,0,26,0,32,0,0,0,0,0,0,32,0,0,38,31,0,0,23,33,0,0,0,0,0,40,22,20;39,0,0,0,0,0,0,39,40,0,0,0,33,0,0,0,0,24,16,0,37,0,22,0,0,0,0,40,27,0;0,25,0,0,0,0,0,22,0,0,0,28,0,27,0,27,0,34,0,0,0,25,0,0,0,0,0,0,0,0;0,0,0,0,0,20,0,0,30,0,0,0,0,0,37,0,0,0,0,0,21,0,0,0,0,0,0,0,33,0;0,0,0,0,0,0,0,0,0,0,0,0,0,37,0,0,0,26,24,27,23,0,0,0,23,0,0,0,0,0;0,0,0,0,0,0,0,0,0,0,0,21,0,0,0,0,40,0,0,0,0,0,0,0,40,35,0,0,0,0;38,0,0,37,0,0,0,0,0,37,0,0,0,0,0,0,0,30,0,33,20,0,0,0,0,0,0,20,0,23;21,0,0,0,23,0,0,0,0,39,22,27,40,30,0,0,0,0,32,0,36,0,0,0,38,0,38,28,0,34;36,0,22,0,0,0,0,0,0,0,0,0,27,0,0,33,0,38,0,0,0,21,0,25,0,0,0,0,27,0;0,22,33,0,0,0,0,0,0,38,29,20,0,0,37,38,0,27,0,0,0,23,29,26,0,0,0,37,0,0;0,0,40,0,27,20,28,0,0,22,21,0,0,24,0,32,0,31,0,38,0,0,0,0,37,0,0,0,24,30;31,0,32,0,0,0,0,0,33,0,0,0,0,0,0,0,0,0,0,0,0,0,39,0,0,0,22,22,0,27;27,36,29,0,20,39,0,0,0,34,0,0,0,0,27,0,33,0,0,31,0,0,0,0,26,0,0,0,0,0;0,0,0,29,0,0,0,0,21,0,0,24,0,0,34,0,0,0,0,0,22,0,34,0,0,0,0,0,0,0;0,22,0,0,26,0,0,0,0,25,0,0,0,0,32,0,0,32,0,37,0,40,0,0,0,14,35,0,0,0;29,40,0,39,0,39,0,0,30,0,0,0,34,0,24,0,22,0,0,0,27,0,0,0,34,0,17,33,0,31;0,0,0,0,0,22,0,0,34,27,0,0,0,0,0,0,0,0,24,0,0,0,0,0,0,0,0,0,0,0;0,0,21,0,0,0,0,0,0,0,0,0,0,0,22,0,0,0,0,0,0,38,0,0,0,0,0,0,0,0;0,25,20,0,31,0,0,24,0,0,26,32,33,0,0,0,0,39,0,0,0,0,0,0,0,20,0,0,0,0;40,0,0,0,0,0,0,0,0,0,29,40,0,0,31,0,33,38,37,0,0,0,25,0,23,0,0,0,0,0
-6,26,0,0,0,0,14,0,0,29,-23,13,0,0,0,20,0,0,-18,-20,0,0,0,-9,0,0,0,14,-16,-24
------------- End of Scenario k = 3 -------
0,0,0,44,0,59,0,78,0,0,0,0,40,47,0,0,55,0,0,0,38,0,0,0,0,0,0,0,20,0;0,0,25,0,0,0,0,0,0,0,69,0,0,49,0,33,33,0,44,0,0,52,0,0,63,0,69,0,39,80;80,0,0,80,0,76,74,0,21,0,35,0,69,0,0,0,0,61,0,80,0,0,0,0,0,0,0,0,0,0;0,0,28,0,0,0,23,0,0,0,0,31,0,0,0,0,0,0,0,0,0,0,0,80,32,0,0,0,31,0;34,71,0,0,0,59,0,0,0,54,0,0,0,0,0,0,62,0,0,25,0,0,0,0,38,0,44,0,0,0;0,0,0,0,0,0,0,80,0,56,0,0,27,0,0,0,0,0,70,67,0,0,0,0,0,0,0,74,0,66;0,0,0,0,80,0,0,0,0,72,0,43,28,35,24,0,77,0,0,72,39,0,0,63,0,0,25,0,0,43;80,23,28,77,0,0,25,0,0,0,0,0,0,0,0,0,70,0,0,49,0,0,76,0,0,0,59,37,0,30;59,0,24,0,0,0,0,0,0,0,32,70,21,0,0,0,0,36,66,0,0,0,59,80,0,0,0,0,48,0;43,0,23,0,64,0,0,60,80,0,72,42,0,0,0,62,0,24,0,22,72,0,0,0,0,0,0,0,0,41;0,0,61,0,68,0,66,0,0,0,0,0,0,29,0,0,35,65,0,0,22,30,0,0,0,0,0,55,65,52;61,0,0,0,0,0,0,32,34,0,0,0,46,0,0,0,0,42,80,0,56,0,25,0,0,0,0,71,66,0;0,57,0,0,0,0,0,26,0,0,0,26,0,80,0,50,0,66,0,0,0,26,0,0,0,0,0,0,0,0;0,0,0,0,0,48,0,0,47,0,0,0,0,0,80,0,0,0,0,0,66,0,0,0,0,0,0,0,77,0;0,0,0,0,0,0,0,0,0,0,0,0,0,36,0,0,0,31,45,76,76,0,0,0,61,0,0,0,0,0;0,0,0,0,0,0,0,0,0,0,0,33,0,0,0,0,41,0,0,0,0,0,0,0,35,67,0,0,0,0;80,0,0,53,0,0,0,0,0,30,0,0,0,0,0,0,0,80,0,53,70,0,0,0,0,0,0,48,0,60;20,0,0,0,34,0,0,0,0,24,69,74,66,33,0,0,0,0,30,0,38,0,0,0,57,0,39,60,0,80;20,0,66,0,0,0,0,0,0,0,0,0,58,0,0,78,0,69,0,0,0,49,0,41,0,0,0,0,69,0;0,59,40,0,0,0,0,0,0,57,69,47,0,0,63,48,0,66,0,0,0,35,46,65,0,0,0,69,0,0;0,0,72,0,73,57,39,0,0,75,80,0,0,27,0,52,0,30,0,30,0,0,0,0,37,0,0,0,80,80;48,0,30,0,0,0,0,0,74,0,0,0,0,0,0,0,0,0,0,0,0,0,27,0,0,0,40,49,0,43;24,67,53,0,20,56,0,0,0,45,0,0,0,0,47,0,61,0,0,34,0,0,0,0,50,0,0,0,0,0;0,0,0,26,0,0,0,0,68,0,0,32,0,0,72,0,0,0,0,0,21,0,20,0,0,0,0,0,0,0;0,60,0,0,31,0,0,0,0,32,0,0,0,0,53,0,0,78,0,73,0,72,0,0,0,42,54,0,0,0;65,79,0,79,0,53,0,0,64,0,0,0,23,0,22,0,55,0,0,0,25,0,0,0,70,0,53,78,0,80;0,0,0,0,0,40,0,0,29,44,0,0,0,0,0,0,0,0,29,0,0,0,0,0,0,0,0,0,0,0;0,0,66,0,0,0,0,0,0,0,0,0,0,0,76,0,0,0,0,0,0,80,0,0,0,0,0,0,0,0;0,61,27,0,39,0,0,36,0,0,51,50,42,0,0,0,0,64,0,0,0,0,0,0,0,36,0,0,0,0;47,0,0,0,0,0,0,0,0,0,40,76,0,0,75,0,56,66,61,0,0,0,39,0,64,0,0,0,0,0
0,0,0,36,0,31,0,40,0,0,0,0,28,20,0,0,35,0,0,0,26,0,0,0,0,0,0,0,32,0;0,0,31,0,0,0,0,0,0,0,28,0,0,39,0,24,40,0,37,0,0,33,0,0,39,0,27,0,39,34;24,0,0,38,0,30,36,0,22,0,40,0,35,0,0,0,0,28,0,20,0,0,0,0,0,0,0,0,0,0;0,0,20,0,0,0,32,0,0,0,0,31,0,0,0,0,0,0,0,0,0,0,0,32,27,0,0,0,17,0;32,38,0,0,0,40,0,0,0,20,0,0,0,0,0,0,35,0,0,28,0,0,0,0,27,0,24,0,0,0;0,0,0,0,0,0,0,28,0,38,0,0,32,0,0,0,0,0,37,20,0,0,0,0,0,0,0,32,0,26;0,0,0,0,32,0,0,0,0,37,0,31,25,33,32,0,28,0,0,38,21,0,0,23,0,0,20,0,0,31;24,21,30,35,0,0,40,0,0,0,0,0,0,0,0,0,39,0,0,36,0,0,36,0,0,0,29,29,0,22;40,0,38,0,0,0,0,0,0,0,32,33,21,0,0,0,0,28,39,0,0,0,23,23,0,0,0,0,24,0;16,0,35,0,27,0,0,23,18,0,25,21,0,0,0,29,0,24,0,19,33,0,0,0,0,0,0,0,0,33;0,0,33,0,27,0,28,0,0,0,0,0,0,24,0,0,25,34,0,0,39,21,0,0,0,0,0,21,32,39;37,0,0,0,0,0,0,23,23,0,0,0,29,0,0,0,0,31,22,0,39,0,22,0,0,0,0,21,36,0;0,31,0,0,0,0,0,32,0,0,0,23,0,18,0,38,0,29,0,0,0,33,0,0,0,0,0,0,0,0;0,0,0,0,0,27,0,0,23,0,0,0,0,0,16,0,0,0,0,0,32,0,0,0,0,0,0,0,29,0;0,0,0,0,0,0,0,0,0,0,0,0,0,21,0,0,0,32,33,33,28,0,0,0,22,0,0,0,0,0;0,0,0,0,0,0,0,0,0,0,0,38,0,0,0,0,32,0,0,0,0,0,0,0,34,21,0,0,0,0;29,0,0,36,0,0,0,0,0,27,0,0,0,0,0,0,0,23,0,31,23,0,0,0,0,0,0,31,0,30;30,0,0,0,33,0,0,0,0,32,37,26,25,31,0,0,0,0,31,0,30,0,0,0,32,0,40,30,0,38;21,0,27,0,0,0,0,0,0,0,0,0,32,0,0,40,0,32,0,0,0,39,0,32,0,0,0,0,21,0;0,34,32,0,0,0,0,0,0,32,28,28,0,0,39,20,0,36,0,0,0,24,39,33,0,0,0,37,0,0;0,0,36,0,21,34,27,0,0,29,31,0,0,20,0,22,0,34,0,27,0,0,0,0,35,0,0,0,40,26;39,0,22,0,0,0,0,0,36,0,0,0,0,0,0,0,0,0,0,0,0,0,40,0,0,0,20,26,0,40;26,28,22,0,23,32,0,0,0,38,0,0,0,0,26,0,27,0,0,30,0,0,0,0,22,0,0,0,0,0;0,0,0,39,0,0,0,0,23,0,0,27,0,0,35,0,0,0,0,0,30,0,29,0,0,0,0,0,0,0;0,21,0,0,37,0,0,0,0,22,0,0,0,0,34,0,0,26,0,30,0,39,0,0,0,15,32,0,0,0;32,31,0,40,0,24,0,0,35,0,0,0,27,0,21,0,31,0,0,0,40,0,0,0,25,0,27,36,0,15;0,0,0,0,0,38,0,0,38,21,0,0,0,0,0,0,0,0,32,0,0,0,0,0,0,0,0,0,0,0;0,0,29,0,0,0,0,0,0,0,0,0,0,0,20,0,0,0,0,0,0,30,0,0,0,0,0,0,0,0;0,37,30,0,25,0,0,26,0,0,35,29,28,0,0,0,0,29,0,0,0,0,0,0,0,22,0,0,0,0;23,0,0,0,0,0,0,0,0,0,38,33,0,0,35,0,22,38,37,0,0,0,32,0,37,0,0,0,0,0
-7,11,0,0,0,0,23,0,0,16,-12,10,0,0,0,23,0,0,-16,-25,0,0,0,-5,0,0,0,15,-9,-24
------------- End of Scenario k = 4 -------
0,0,0,70,0,30,0,70,0,0,0,0,24,21,0,0,71,0,0,0,24,0,0,0,0,0,0,0,25,0;0,0,80,0,0,0,0,0,0,0,80,0,0,49,0,57,71,0,80,0,0,38,0,0,33,0,70,0,38,80;24,0,0,25,0,53,46,0,37,0,73,0,34,0,0,0,0,49,0,61,0,0,0,0,0,0,0,0,0,0;0,0,38,0,0,0,50,0,0,0,0,64,0,0,0,0,0,0,0,0,0,0,0,68,47,0,0,0,23,0;23,24,0,0,0,80,0,0,0,53,0,0,0,0,0,0,24,0,0,75,0,0,0,0,63,0,27,0,0,0;0,0,0,0,0,0,0,80,0,53,0,0,72,0,0,0,0,0,40,70,0,0,0,0,0,0,0,62,0,41;0,0,0,0,80,0,0,0,0,78,0,37,42,31,46,0,40,0,0,32,37,0,0,66,0,0,26,0,0,28;66,46,54,76,0,0,47,0,0,0,0,0,0,0,0,0,32,0,0,80,0,0,23,0,0,0,66,65,0,42;29,0,51,0,0,0,0,0,0,0,37,46,41,0,0,0,0,60,80,0,0,0,62,71,0,0,0,0,20,0;80,0,48,0,49,0,0,48,30,0,80,42,0,0,0,35,0,54,0,80,49,0,0,0,0,0,0,0,0,68;0,0,33,0,70,0,68,0,0,0,0,0,0,68,0,0,64,48,0,0,68,47,0,0,0,0,0,71,39,29;80,0,0,0,0,0,0,65,26,0,0,0,80,0,0,0,0,72,69,0,74,0,25,0,0,0,0,21,53,0;0,49,0,0,0,0,0,49,0,0,0,53,0,80,0,59,0,74,0,0,0,44,0,0,0,0,0,0,0,0;0,0,0,0,0,45,0,0,79,0,0,0,0,0,27,0,0,0,0,0,79,0,0,0,0,0,0,0,63,0;0,0,0,0,0,0,0,0,0,0,0,0,0,67,0,0,0,63,33,53,58,0,0,0,70,0,0,0,0,0;0,0,0,0,0,0,0,0,0,0,0,35,0,0,0,0,48,0,0,0,0,0,0,0,69,69,0,0,0,0;80,0,0,61,0,0,0,0,0,38,0,0,0,0,0,0,0,66,0,80,22,0,0,0,0,0,0,22,0,23;58,0,0,0,61,0,0,0,0,54,62,40,21,76,0,0,0,0,74,0,64,0,0,0,26,0,27,28,0,32;25,0,51,0,0,0,0,0,0,0,0,0,49,0,0,35,0,56,0,0,0,45,0,26,0,0,0,0,65,0;0,79,40,0,0,0,0,0,0,63,80,70,0,0,63,21,0,42,0,0,0,28,29,60,0,0,0,46,0,0;0,0,21,0,78,71,22,0,0,46,54,0,0,55,0,65,0,39,0,28,0,0,0,0,70,0,0,0,80,63;80,0,65,0,0,0,0,0,50,0,0,0,0,0,0,0,0,0,0,0,0,0,80,0,0,0,66,29,0,27;47,48,59,0,76,66,0,0,0,38,0,0,0,0,68,0,34,0,0,20,0,0,0,0,21,0,0,0,0,0;0,0,0,30,0,0,0,0,39,0,0,50,0,0,72,0,0,0,0,0,37,0,52,0,0,0,0,0,0,0;0,54,0,0,46,0,0,0,0,45,0,0,0,0,78,0,0,60,0,80,0,70,0,0,0,80,28,0,0,0;58,49,0,46,0,41,0,0,37,0,0,0,61,0,62,0,33,0,0,0,61,0,0,0,29,0,80,42,0,80;0,0,0,0,0,37,0,0,71,24,0,0,0,0,0,0,0,0,53,0,0,0,0,0,0,0,0,0,0,0;0,0,46,0,0,0,0,0,0,0,0,0,0,0,31,0,0,0,0,0,0,67,0,0,0,0,0,0,0,0;0,77,37,0,70,0,0,46,0,0,37,66,74,0,0,0,0,66,0,0,0,0,0,0,0,49,0,0,0,0;52,0,0,0,0,0,0,0,0,0,53,66,0,0,79,0,54,33,21,0,0,0,67,0,56,0,0,0,0,0
0,0,0,34,0,26,0,38,0,0,0,0,29,24,0,0,28,0,0,0,37,0,0,0,0,0,0,0,39,0;0,0,30,0,0,0,0,0,0,0,33,0,0,40,0,31,36,0,39,0,0,27,0,0,23,0,28,0,35,32;35,0,0,36,0,28,40,0,38,0,33,0,31,0,0,0,0,33,0,39,0,0,0,0,0,0,0,0,0,0;0,0,40,0,0,0,38,0,0,0,0,29,0,0,0,0,0,0,0,0,0,0,0,38,33,0,0,0,31,0;23,39,0,0,0,31,0,0,0,21,0,0,0,0,0,0,34,0,0,28,0,0,0,0,28,0,30,0,0,0;0,0,0,0,0,0,0,13,0,36,0,0,29,0,0,0,0,0,37,25,0,0,0,0,0,0,0,26,0,36;0,0,0,0,13,0,0,0,0,24,0,27,22,36,30,0,34,0,0,40,36,0,0,29,0,0,20,0,0,39;24,37,31,24,0,0,36,0,0,0,0,0,0,0,0,0,37,0,0,31,0,0,25,0,0,0,33,40,0,36;29,0,36,0,0,0,0,0,0,0,40,27,40,0,0,0,0,31,22,0,0,0,27,34,0,0,0,0,24,0;33,0,40,0,40,0,0,24,31,0,29,34,0,0,0,36,0,28,0,29,23,0,0,0,0,0,0,0,0,19;0,0,40,0,22,0,30,0,0,0,0,0,0,35,0,0,34,34,0,0,40,38,0,0,0,0,0,32,30,21;33,0,0,0,0,0,0,37,29,0,0,0,29,0,0,0,0,38,34,0,26,0,22,0,0,0,0,21,30,0;0,39,0,0,0,0,0,32,0,0,0,32,0,12,0,30,0,27,0,0,0,40,0,0,0,0,0,0,0,0;0,0,0,0,0,40,0,0,24,0,0,0,0,0,13,0,0,0,0,0,22,0,0,0,0,0,0,0,40,0;0,0,0,0,0,0,0,0,0,0,0,0,0,22,0,0,0,27,39,21,34,0,0,0,37,0,0,0,0,0;0,0,0,0,0,0,0,0,0,0,0,28,0,0,0,0,40,0,0,0,0,0,0,0,36,37,0,0,0,0;30,0,0,29,0,0,0,0,0,28,0,0,0,0,0,0,0,35,0,24,37,0,0,0,0,0,0,22,0,23;37,0,0,0,22,0,0,0,0,27,21,20,26,21,0,0,0,0,38,0,33,0,0,0,38,0,21,36,0,32;31,0,20,0,0,0,0,0,0,0,0,0,38,0,0,34,0,33,0,0,0,38,0,32,0,0,0,0,21,0;0,20,28,0,0,0,0,0,0,22,32,25,0,0,28,35,0,38,0,0,0,34,33,22,0,0,0,33,0,0;0,0,35,0,37,26,20,0,0,23,37,0,0,40,0,27,0,24,0,29,0,0,0,0,22,0,0,0,31,36;29,0,26,0,0,0,0,0,31,0,0,0,0,0,0,0,0,0,0,0,0,0,35,0,0,0,22,39,0,32;32,31,30,0,20,35,0,0,0,23,0,0,0,0,39,0,22,0,0,27,0,0,0,0,36,0,0,0,0,0;0,0,0,33,0,0,0,0,26,0,0,27,0,0,23,0,0,0,0,0,22,0,32,0,0,0,0,0,0,0;0,37,0,0,37,0,0,0,0,32,0,0,0,0,24,0,0,36,0,36,0,26,0,0,0,28,27,0,0,0;40,33,0,38,0,22,0,0,28,0,0,0,34,0,20,0,30,0,0,0,32,0,0,0,36,0,28,20,0,36;0,0,0,0,0,36,0,0,22,30,0,0,0,0,0,0,0,0,28,0,0,0,0,0,0,0,0,0,0,0;0,0,36,0,0,0,0,0,0,0,0,0,0,0,20,0,0,0,0,0,0,37,0,0,0,0,0,0,0,0;0,36,20,0,35,0,0,34,0,0,28,22,34,0,0,0,0,22,0,0,0,0,0,0,0,20,0,0,0,0;33,0,0,0,0,0,0,0,0,0,32,34,0,0,25,0,29,38,37,0,0,0,25,0,38,0,0,0,0,0
-16,30,0,0,0,0,13,0,0,19,-30,10,0,0,0,30,0,0,-13,-33,0,0,0,-3,0,0,0,26,-16,-17
------------- End of Scenario k = 5 -------
0,0,0,35,0,35,0,73,0,0,0,0,45,76,0,0,39,0,0,0,48,0,0,0,0,0,0,0,72,0;0,0,80,0,0,0,0,0,0,0,56,0,0,48,0,25,53,0,45,0,0,62,0,0,21,0,38,0,33,73;79,0,0,80,0,44,32,0,56,0,63,0,25,0,0,0,0,39,0,28,0,0,0,0,0,0,0,0,0,0;0,0,77,0,0,0,24,0,0,0,0,61,0,0,0,0,0,0,0,0,0,0,0,80,68,0,0,0,43,0;64,25,0,0,0,67,0,0,0,23,0,0,0,0,0,0,74,0,0,70,0,0,0,0,58,0,57,0,0,0;0,0,0,0,0,0,0,79,0,44,0,0,36,0,0,0,0,0,78,21,0,0,0,0,0,0,0,75,0,61;0,0,0,0,80,0,0,0,0,65,0,33,33,71,78,0,64,0,0,44,56,0,0,62,0,0,51,0,0,34;44,57,38,52,0,0,78,0,0,0,0,0,0,0,0,0,62,0,0,80,0,0,22,0,0,0,21,22,0,44;37,0,42,0,0,0,0,0,0,0,53,46,63,0,0,0,0,45,80,0,0,0,41,80,0,0,0,0,80,0;77,0,20,0,66,0,0,23,46,0,48,24,0,0,0,45,0,52,0,65,54,0,0,0,0,0,0,0,0,80;0,0,54,0,42,0,80,0,0,0,0,0,0,41,0,0,64,74,0,0,57,61,0,0,0,0,0,65,38,47;30,0,0,0,0,0,0,47,61,0,0,0,80,0,0,0,0,47,32,0,41,0,21,0,0,0,0,51,79,0;0,77,0,0,0,0,0,34,0,0,0,28,0,64,0,78,0,69,0,0,0,67,0,0,0,0,0,0,0,0;0,0,0,0,0,33,0,0,76,0,0,0,0,0,80,0,0,0,0,0,71,0,0,0,0,0,0,0,77,0;0,0,0,0,0,0,0,0,0,0,0,0,0,63,0,0,0,52,55,24,47,0,0,0,52,0,0,0,0,0;0,0,0,0,0,0,0,0,0,0,0,54,0,0,0,0,51,0,0,0,0,0,0,0,47,65,0,0,0,0;80,0,0,69,0,0,0,0,0,27,0,0,0,0,0,0,0,80,0,79,54,0,0,0,0,0,0,38,0,56;26,0,0,0,49,0,0,0,0,24,57,49,69,27,0,0,0,0,49,0,31,0,0,0,71,0,49,50,0,69;76,0,46,0,0,0,0,0,0,0,0,0,60,0,0,66,0,50,0,0,0,56,0,54,0,0,0,0,31,0;0,35,56,0,0,0,0,0,0,49,59,33,0,0,27,40,0,23,0,0,0,51,50,62,0,0,0,78,0,0;0,0,50,0,70,38,68,0,0,50,80,0,0,75,0,21,0,51,0,58,0,0,0,0,33,0,0,0,80,74;80,0,39,0,0,0,0,0,55,0,0,0,0,0,0,0,0,0,0,0,0,0,80,0,0,0,39,69,0,37;20,22,79,0,80,27,0,0,0,77,0,0,0,0,73,0,57,0,0,78,0,0,0,0,80,0,0,0,0,0;0,0,0,48,0,0,0,0,50,0,0,27,0,0,79,0,0,0,0,0,58,0,52,0,0,0,0,0,0,0;0,35,0,0,43,0,0,0,0,71,0,0,0,0,71,0,0,79,0,80,0,66,0,0,0,72,59,0,0,0;67,43,0,36,0,63,0,0,32,0,0,0,22,0,41,0,64,0,0,0,72,0,0,0,49,0,55,73,0,73;0,0,0,0,0,57,0,0,55,80,0,0,0,0,0,0,0,0,36,0,0,0,0,0,0,0,0,0,0,0;0,0,35,0,0,0,0,0,0,0,0,0,0,0,70,0,0,0,0,0,0,80,0,0,0,0,0,0,0,0;0,62,60,0,54,0,0,68,0,0,62,21,67,0,0,0,0,24,0,0,0,0,0,0,0,78,0,0,0,0;58,0,0,0,0,0,0,0,0,0,59,38,0,0,80,0,57,67,54,0,0,0,73,0,33,0,0,0,0,0
0,0,0,36,0,27,0,21,0,0,0,0,27,26,0,0,30,0,0,0,34,0,0,0,0,0,0,0,30,0;0,0,38,0,0,0,0,0,0,0,38,0,0,27,0,20,32,0,21,0,0,32,0,0,22,0,30,0,29,33;28,0,0,21,0,39,33,0,34,0,40,0,38,0,0,0,0,26,0,39,0,0,0,0,0,0,0,0,0,0;0,0,20,0,0,0,23,0,0,0,0,27,0,0,0,0,0,0,0,0,0,0,0,29,20,0,0,0,28,0;25,40,0,0,0,35,0,0,0,35,0,0,0,0,0,0,35,0,0,28,0,0,0,0,28,0,31,0,0,0;0,0,0,0,0,0,0,17,0,23,0,0,36,0,0,0,0,0,34,29,0,0,0,0,0,0,0,21,0,37;0,0,0,0,26,0,0,0,0,22,0,26,28,36,33,0,22,0,0,39,25,0,0,29,0,0,35,0,0,38;28,32,31,29,0,0,38,0,0,0,0,0,0,0,0,0,20,0,0,25,0,0,33,0,0,0,26,20,0,31;29,0,23,0,0,0,0,0,0,0,40,27,32,0,0,0,0,35,31,0,0,0,33,23,0,0,0,0,36,0;30,0,23,0,29,0,0,32,30,0,29,20,0,0,0,40,0,20,0,28,25,0,0,0,0,0,0,0,0,32;0,0,25,0,39,0,40,0,0,0,0,0,0,34,0,0,24,21,0,0,26,23,0,0,0,0,0,21,40,34;34,0,0,0,0,0,0,37,23,0,0,0,23,0,0,0,0,39,37,0,32,0,22,0,0,0,0,25,29,0;0,22,0,0,0,0,0,38,0,0,0,30,0,21,0,24,0,25,0,0,0,39,0,0,0,0,0,0,0,0;0,0,0,0,0,24,0,0,28,0,0,0,0,0,40,0,0,0,0,0,38,0,0,0,0,0,0,0,37,0;0,0,0,0,0,0,0,0,0,0,0,0,0,27,0,0,0,36,21,32,39,0,0,0,21,0,0,0,0,0;0,0,0,0,0,0,0,0,0,0,0,26,0,0,0,0,27,0,0,0,0,0,0,0,32,38,0,0,0,0;22,0,0,36,0,0,0,0,0,35,0,0,0,0,0,0,0,23,0,30,24,0,0,0,0,0,0,39,0,20;24,0,0,0,23,0,0,0,0,36,33,27,32,20,0,0,0,0,36,0,26,0,0,0,33,0,40,39,0,40;34,0,24,0,0,0,0,0,0,0,0,0,31,0,0,22,0,21,0,0,0,40,0,32,0,0,0,0,36,0;0,23,23,0,0,0,0,0,0,37,22,36,0,0,23,20,0,33,0,0,0,28,23,22,0,0,0,27,0,0;0,0,21,0,21,37,29,0,0,23,31,0,0,39,0,33,0,20,0,38,0,0,0,0,39,0,0,0,20,21;25,0,23,0,0,0,0,0,21,0,0,0,0,0,0,0,0,0,0,0,0,0,31,0,0,0,32,20,0,38;37,31,26,0,28,38,0,0,0,24,0,0,0,0,21,0,24,0,0,37,0,0,0,0,33,0,0,0,0,0;0,0,0,24,0,0,0,0,33,0,0,28,0,0,32,0,0,0,0,0,37,0,26,0,0,0,0,0,0,0;0,24,0,0,23,0,0,0,0,21,0,0,0,0,29,0,0,37,0,31,0,25,0,0,0,27,33,0,0,0;34,28,0,33,0,36,0,0,36,0,0,0,22,0,25,0,31,0,0,0,27,0,0,0,25,0,31,21,0,34;0,0,0,0,0,32,0,0,23,33,0,0,0,0,0,0,0,0,34,0,0,0,0,0,0,0,0,0,0,0;0,0,30,0,0,0,0,0,0,0,0,0,0,0,29,0,0,0,0,0,0,38,0,0,0,0,0,0,0,0;0,39,38,0,34,0,0,22,0,0,26,26,32,0,0,0,0,34,0,0,0,0,0,0,0,40,0,0,0,0;40,0,0,0,0,0,0,0,0,0,29,21,0,0,34,0,27,21,21,0,0,0,34,0,21,0,0,0,0,0
-8,20,0,0,0,0,12,0,0,22,-8,15,0,0,0,18,0,0,-28,-31,0,0,0,-4,0,0,0,24,-21,-11
------------- End of Scenario k = 6 -------
0,0,0,59,0,53,0,36,0,0,0,0,26,22,0,0,70,0,0,0,78,0,0,0,0,0,0,0,27,0;0,0,80,0,0,0,0,0,0,0,31,0,0,53,0,65,55,0,39,0,0,74,0,0,76,0,47,0,54,67;27,0,0,31,0,64,76,0,52,0,67,0,48,0,0,0,0,68,0,63,0,0,0,0,0,0,0,0,0,0;0,0,75,0,0,0,42,0,0,0,0,65,0,0,0,0,0,0,0,0,0,0,0,40,25,0,0,0,80,0;74,74,0,0,0,80,0,0,0,61,0,0,0,0,0,0,54,0,0,43,0,0,0,0,70,0,56,0,0,0;0,0,0,0,0,0,0,55,0,34,0,0,62,0,0,0,0,0,55,20,0,0,0,0,0,0,0,48,0,37;0,0,0,0,56,0,0,0,0,38,0,36,38,66,35,0,57,0,0,79,31,0,0,80,0,0,70,0,0,35;24,53,72,38,0,0,38,0,0,0,0,0,0,0,0,0,34,0,0,80,0,0,56,0,0,0,30,45,0,22;38,0,79,0,0,0,0,0,0,0,68,57,68,0,0,0,0,52,80,0,0,0,40,65,0,0,0,0,37,0;46,0,66,0,32,0,0,42,71,0,80,70,0,0,0,66,0,38,0,45,51,0,0,0,0,0,0,0,0,80;0,0,47,0,39,0,34,0,0,0,0,0,0,39,0,0,55,40,0,0,69,64,0,0,0,0,0,60,40,35;63,0,0,0,0,0,0,39,56,0,0,0,61,0,0,0,0,44,61,0,63,0,53,0,0,0,0,69,32,0;0,50,0,0,0,0,0,32,0,0,0,66,0,57,0,70,0,63,0,0,0,70,0,0,0,0,0,0,0,0;0,0,0,0,0,58,0,0,20,0,0,0,0,0,66,0,0,0,0,0,60,0,0,0,0,0,0,0,80,0;0,0,0,0,0,0,0,0,0,0,0,0,0,30,0,0,0,64,63,28,72,0,0,0,52,0,0,0,0,0;0,0,0,0,0,0,0,0,0,0,0,69,0,0,0,0,80,0,0,0,0,0,0,0,33,57,0,0,0,0;80,0,0,53,0,0,0,0,0,80,0,0,0,0,0,0,0,25,0,72,48,0,0,0,0,0,0,65,0,39;29,0,0,0,76,0,0,0,0,23,27,28,77,43,0,0,0,0,44,0,80,0,0,0,20,0,75,20,0,38;73,0,50,0,0,0,0,0,0,0,0,0,43,0,0,68,0,77,0,0,0,20,0,58,0,0,0,0,42,0;0,40,74,0,0,0,0,0,0,44,22,41,0,0,70,51,0,29,0,0,0,31,26,32,0,0,0,80,0,0;0,0,32,0,38,22,72,0,0,68,80,0,0,78,0,29,0,25,0,24,0,0,0,0,72,0,0,0,78,48;28,0,22,0,0,0,0,0,66,0,0,0,0,0,0,0,0,0,0,0,0,0,75,0,0,0,54,37,0,50;45,34,29,0,39,69,0,0,0,51,0,0,0,0,50,0,39,0,0,41,0,0,0,0,80,0,0,0,0,0;0,0,0,44,0,0,0,0,35,0,0,38,0,0,39,0,0,0,0,0,64,0,71,0,0,0,0,0,0,0;0,40,0,0,76,0,0,0,0,31,0,0,0,0,66,0,0,58,0,80,0,39,0,0,0,67,71,0,0,0;22,65,0,57,0,53,0,0,77,0,0,0,75,0,73,0,70,0,0,0,40,0,0,0,45,0,47,24,0,41;0,0,0,0,0,67,0,0,56,33,0,0,0,0,0,0,0,0,35,0,0,0,0,0,0,0,0,0,0,0;0,0,57,0,0,0,0,0,0,0,0,0,0,0,61,0,0,0,0,0,0,80,0,0,0,0,0,0,0,0;0,65,64,0,58,0,0,80,0,0,46,29,67,0,0,0,0,74,0,0,0,0,0,0,0,26,0,0,0,0;62,0,0,0,0,0,0,0,0,0,27,42,0,0,76,0,30,40,69,0,0,0,31,0,51,0,0,0,0,0
0,0,0,29,0,32,0,29,0,0,0,0,21,37,0,0,31,0,0,0,35,0,0,0,0,0,0,0,27,0;0,0,40,0,0,0,0,0,0,0,29,0,0,29,0,28,40,0,39,0,0,29,0,0,35,0,26,0,36,34;29,0,0,27,0,22,21,0,38,0,25,0,40,0,0,0,0,32,0,39,0,0,0,0,0,0,0,0,0,0;0,0,29,0,0,0,34,0,0,0,0,24,0,0,0,0,0,0,0,0,0,0,0,30,35,0,0,0,34,0;22,32,0,0,0,28,0,0,0,32,0,0,0,0,0,0,30,0,0,27,0,0,0,0,23,0,36,0,0,0;0,0,0,0,0,0,0,26,0,31,0,0,29,0,0,0,0,0,30,31,0,0,0,0,0,0,0,20,0,38;0,0,0,0,27,0,0,0,0,22,0,29,34,29,37,0,24,0,0,21,34,0,0,25,0,0,27,0,0,23;33,36,34,26,0,0,24,0,0,0,0,0,0,0,0,0,20,0,0,25,0,0,23,0,0,0,29,29,0,27;22,0,22,0,0,0,0,0,0,0,29,26,21,0,0,0,0,32,33,0,0,0,32,15,0,0,0,0,15,0;39,0,24,0,38,0,0,31,37,0,27,30,0,0,0,22,0,38,0,23,37,0,0,0,0,0,0,0,0,32;0,0,28,0,22,0,39,0,0,0,0,0,0,37,0,0,28,28,0,0,28,39,0,0,0,0,0,24,37,21;22,0,0,0,0,0,0,21,40,0,0,0,31,0,0,0,0,25,29,0,36,0,37,0,0,0,0,36,26,0;0,24,0,0,0,0,0,38,0,0,0,24,0,33,0,34,0,36,0,0,0,34,0,0,0,0,0,0,0,0;0,0,0,0,0,38,0,0,30,0,0,0,0,0,40,0,0,0,0,0,29,0,0,0,0,0,0,0,27,0;0,0,0,0,0,0,0,0,0,0,0,0,0,33,0,0,0,34,33,36,33,0,0,0,23,0,0,0,0,0;0,0,0,0,0,0,0,0,0,0,0,31,0,0,0,0,26,0,0,0,0,0,0,0,37,31,0,0,0,0;34,0,0,29,0,0,0,0,0,24,0,0,0,0,0,0,0,34,0,24,23,0,0,0,0,0,0,26,0,20;38,0,0,0,23,0,0,0,0,21,20,23,35,21,0,0,0,0,29,0,32,0,0,0,34,0,28,21,0,32;29,0,30,0,0,0,0,0,0,0,0,0,30,0,0,28,0,26,0,0,0,22,0,31,0,0,0,0,24,0;0,22,33,0,0,0,0,0,0,31,40,30,0,0,33,39,0,20,0,0,0,22,35,35,0,0,0,30,0,0;0,0,35,0,34,22,33,0,0,39,39,0,0,36,0,28,0,25,0,36,0,0,0,0,40,0,0,0,36,40;23,0,35,0,0,0,0,0,38,0,0,0,0,0,0,0,0,0,0,0,0,0,37,0,0,0,33,25,0,26;37,36,20,0,29,40,0,0,0,34,0,0,0,0,27,0,33,0,0,28,0,0,0,0,19,0,0,0,0,0;0,0,0,29,0,0,0,0,37,0,0,36,0,0,40,0,0,0,0,0,33,0,37,0,0,0,0,0,0,0;0,23,0,0,39,0,0,0,0,25,0,0,0,0,20,0,0,27,0,18,0,32,0,0,0,17,22,0,0,0;25,35,0,28,0,40,0,0,27,0,0,0,29,0,23,0,26,0,0,0,40,0,0,0,37,0,37,23,0,12;0,0,0,0,0,29,0,0,36,32,0,0,0,0,0,0,0,0,34,0,0,0,0,0,0,0,0,0,0,0;0,0,25,0,0,0,0,0,0,0,0,0,0,0,32,0,0,0,0,0,0,22,0,0,0,0,0,0,0,0;0,31,36,0,31,0,0,20,0,0,30,21,22,0,0,0,0,20,0,0,0,0,0,0,0,30,0,0,0,0;20,0,0,0,0,0,0,0,0,0,39,29,0,0,23,0,39,32,40,0,0,0,33,0,40,0,0,0,0,0
-8,17,0,0,0,0,25,0,0,15,-10,27,0,0,0,26,0,0,-34,-5,0,0,0,-4,0,0,0,10,-9,-50
------------- End of Scenario k = 7 -------
0,0,0,30,0,55,0,52,0,0,0,0,61,52,0,0,77,0,0,0,32,0,0,0,0,0,0,0,63,0;0,0,80,0,0,0,0,0,0,0,34,0,0,65,0,21,62,0,80,0,0,36,0,0,31,0,56,0,23,20;64,0,0,80,0,69,66,0,53,0,52,0,25,0,0,0,0,77,0,80,0,0,0,0,0,0,0,0,0,0;0,0,41,0,0,0,45,0,0,0,0,44,0,0,0,0,0,0,0,0,0,0,0,33,39,0,0,0,80,0;28,31,0,0,0,80,0,0,0,76,0,0,0,0,0,0,22,0,0,42,0,0,0,0,34,0,22,0,0,0;0,0,0,0,0,0,0,80,0,28,0,0,34,0,0,0,0,0,29,26,0,0,0,0,0,0,0,68,0,80;0,0,0,0,80,0,0,0,0,63,0,67,48,44,67,0,76,0,0,67,74,0,0,29,0,0,57,0,0,22;27,74,63,29,0,0,29,0,0,0,0,0,0,0,0,0,51,0,0,75,0,0,23,0,0,0,68,72,0,29;31,0,41,0,0,0,0,0,0,0,70,47,35,0,0,0,0,35,80,0,0,0,64,60,0,0,0,0,80,0;80,0,45,0,56,0,0,37,80,0,37,36,0,0,0,73,0,26,0,26,62,0,0,0,0,0,0,0,0,80;0,0,64,0,70,0,52,0,0,0,0,0,0,23,0,0,32,80,0,0,67,68,0,0,0,0,0,27,74,51;27,0,0,0,0,0,0,71,61,0,0,0,59,0,0,0,0,55,80,0,79,0,44,0,0,0,0,31,65,0;0,78,0,0,0,0,0,41,0,0,0,54,0,80,0,38,0,48,0,0,0,21,0,0,0,0,0,0,0,0;0,0,0,0,0,40,0,0,76,0,0,0,0,0,80,0,0,0,0,0,29,0,0,0,0,0,0,0,64,0;0,0,0,0,0,0,0,0,0,0,0,0,0,32,0,0,0,42,34,79,23,0,0,0,48,0,0,0,0,0;0,0,0,0,0,0,0,0,0,0,0,69,0,0,0,0,80,0,0,0,0,0,0,0,62,57,0,0,0,0;80,0,0,40,0,0,0,0,0,57,0,0,0,0,0,0,0,80,0,57,60,0,0,0,0,0,0,79,0,50;20,0,0,0,52,0,0,0,0,23,51,38,31,75,0,0,0,0,38,0,34,0,0,0,51,0,50,79,0,43;77,0,58,0,0,0,0,0,0,0,0,0,80,0,0,67,0,44,0,0,0,73,0,58,0,0,0,0,69,0;0,74,49,0,0,0,0,0,0,33,60,36,0,0,49,72,0,67,0,0,0,50,47,53,0,0,0,60,0,0;0,0,59,0,22,69,29,0,0,44,68,0,0,79,0,33,0,21,0,30,0,0,0,0,31,0,0,0,80,50;80,0,49,0,0,0,0,0,63,0,0,0,0,0,0,0,0,0,0,0,0,0,80,0,0,0,26,26,0,74;68,68,58,0,35,41,0,0,0,29,0,0,0,0,38,0,46,0,0,26,0,0,0,0,80,0,0,0,0,0;0,0,0,72,0,0,0,0,66,0,0,64,0,0,60,0,0,0,0,0,76,0,44,0,0,0,0,0,0,0;0,20,0,0,73,0,0,0,0,47,0,0,0,0,31,0,0,28,0,37,0,61,0,0,0,80,44,0,0,0;73,46,0,34,0,34,0,0,31,0,0,0,25,0,44,0,36,0,0,0,41,0,0,0,39,0,49,39,0,80;0,0,0,0,0,48,0,0,30,62,0,0,0,0,0,0,0,0,25,0,0,0,0,0,0,0,0,0,0,0;0,0,70,0,0,0,0,0,0,0,0,0,0,0,38,0,0,0,0,0,0,27,0,0,0,0,0,0,0,0;0,35,44,0,31,0,0,20,0,0,37,46,58,0,0,0,0,64,0,0,0,0,0,0,0,64,0,0,0,0;41,0,0,0,0,0,0,0,0,0,43,57,0,0,32,0,28,67,25,0,0,0,58,0,77,0,0,0,0,0
0,0,0,29,0,34,0,31,0,0,0,0,34,29,0,0,32,0,0,0,29,0,0,0,0,0,0,0,32,0;0,0,40,0,0,0,0,0,0,0,38,0,0,26,0,34,39,0,39,0,0,26,0,0,39,0,36,0,22,33;37,0,0,40,0,25,36,0,32,0,35,0,39,0,0,0,0,32,0,38,0,0,0,0,0,0,0,0,0,0;0,0,26,0,0,0,40,0,0,0,0,21,0,0,0,0,0,0,0,0,0,0,0,31,38,0,0,0,27,0;26,29,0,0,0,29,0,0,0,28,0,0,0,0,0,0,36,0,0,32,0,0,0,0,20,0,37,0,0,0;0,0,0,0,0,0,0,36,0,37,0,0,27,0,0,0,0,0,23,33,0,0,0,0,0,0,0,31,0,30;0,0,0,0,30,0,0,0,0,33,0,34,31,25,21,0,38,0,0,24,25,0,0,33,0,0,24,0,0,34;24,39,32,36,0,0,38,0,0,0,0,0,0,0,0,0,40,0,0,37,0,0,31,0,0,0,32,36,0,35;25,0,28,0,0,0,0,0,0,0,22,21,22,0,0,0,0,40,16,0,0,0,30,33,0,0,0,0,21,0;33,0,40,0,30,0,0,23,36,0,34,27,0,0,0,27,0,35,0,30,21,0,0,0,0,0,0,0,0,29;0,0,32,0,27,0,25,0,0,0,0,0,0,40,0,0,20,32,0,0,23,29,0,0,0,0,0,25,20,34;26,0,0,0,0,0,0,20,26,0,0,0,32,0,0,0,0,30,31,0,30,0,37,0,0,0,0,31,28,0;0,28,0,0,0,0,0,20,0,0,0,35,0,30,0,28,0,37,0,0,0,38,0,0,0,0,0,0,0,0;0,0,0,0,0,28,0,0,26,0,0,0,0,0,38,0,0,0,0,0,23,0,0,0,0,0,0,0,38,0;0,0,0,0,0,0,0,0,0,0,0,0,0,27,0,0,0,28,22,39,24,0,0,0,27,0,0,0,0,0;0,0,0,0,0,0,0,0,0,0,0,20,0,0,0,0,24,0,0,0,0,0,0,0,26,26,0,0,0,0;33,0,0,25,0,0,0,0,0,37,0,0,0,0,0,0,0,16,0,27,30,0,0,0,0,0,0,23,0,36;33,0,0,0,31,0,0,0,0,37,35,35,32,34,0,0,0,0,23,0,20,0,0,0,31,0,31,37,0,33;20,0,36,0,0,0,0,0,0,0,0,0,23,0,0,37,0,32,0,0,0,38,0,35,0,0,0,0,25,0;0,27,38,0,0,0,0,0,0,34,29,24,0,0,26,27,0,31,0,0,0,22,40,33,0,0,0,40,0,0;0,0,39,0,32,33,22,0,0,32,24,0,0,27,0,35,0,28,0,29,0,0,0,0,32,0,0,0,17,20;21,0,40,0,0,0,0,0,27,0,0,0,0,0,0,0,0,0,0,0,0,0,27,0,0,0,20,24,0,37;36,25,39,0,21,26,0,0,0,36,0,0,0,0,28,0,23,0,0,28,0,0,0,0,25,0,0,0,0,0;0,0,0,25,0,0,0,0,29,0,0,26,0,0,28,0,0,0,0,0,26,0,21,0,0,0,0,0,0,0;0,37,0,0,23,0,0,0,0,25,0,0,0,0,24,0,0,36,0,26,0,30,0,0,0,17,29,0,0,0;35,20,0,30,0,30,0,0,25,0,0,0,28,0,37,0,28,0,0,0,34,0,0,0,26,0,33,23,0,19;0,0,0,0,0,39,0,0,28,29,0,0,0,0,0,0,0,0,37,0,0,0,0,0,0,0,0,0,0,0;0,0,34,0,0,0,0,0,0,0,0,0,0,0,29,0,0,0,0,0,0,19,0,0,0,0,0,0,0,0;0,23,26,0,28,0,0,25,0,0,28,33,39,0,0,0,0,40,0,0,0,0,0,0,0,31,0,0,0,0;24,0,0,0,0,0,0,0,0,0,37,30,0,0,28,0,31,35,25,0,0,0,23,0,39,0,0,0,0,0
-15,26,0,0,0,0,26,0,0,16,-12,27,0,0,0,10,0,0,-30,-25,0,0,0,-5,0,0,0,17,-11,-24
------------- End of Scenario k = 8 -------
0,0,0,75,0,73,0,23,0,0,0,0,49,39,0,0,77,0,0,0,78,0,0,0,0,0,0,0,73,0;0,0,24,0,0,0,0,0,0,0,75,0,0,69,0,65,71,0,80,0,0,22,0,0,33,0,75,0,35,80;60,0,0,52,0,31,52,0,58,0,28,0,51,0,0,0,0,43,0,30,0,0,0,0,0,0,0,0,0,0;0,0,55,0,0,0,41,0,0,0,0,64,0,0,0,0,0,0,0,0,0,0,0,80,71,0,0,0,51,0;51,43,0,0,0,28,0,0,0,54,0,0,0,0,0,0,60,0,0,34,0,0,0,0,49,0,60,0,0,0;0,0,0,0,0,0,0,80,0,27,0,0,47,0,0,0,0,0,30,28,0,0,0,0,0,0,0,57,0,80;0,0,0,0,49,0,0,0,0,50,0,34,26,43,38,0,53,0,0,48,23,0,0,34,0,0,48,0,0,68;26,51,77,35,0,0,37,0,0,0,0,0,0,0,0,0,55,0,0,51,0,0,21,0,0,0,60,41,0,80;39,0,30,0,0,0,0,0,0,0,77,54,75,0,0,0,0,61,44,0,0,0,40,72,0,0,0,0,80,0;80,0,61,0,78,0,0,28,70,0,80,24,0,0,0,53,0,59,0,24,49,0,0,0,0,0,0,0,0,80;0,0,75,0,70,0,63,0,0,0,0,0,0,31,0,0,54,60,0,0,54,42,0,0,0,0,0,38,38,43;53,0,0,0,0,0,0,43,75,0,0,0,80,0,0,0,0,23,29,0,74,0,39,0,0,0,0,33,48,0;0,48,0,0,0,0,0,79,0,0,0,37,0,24,0,57,0,38,0,0,0,67,0,0,0,0,0,0,0,0;0,0,0,0,0,75,0,0,35,0,0,0,0,0,22,0,0,0,0,0,76,0,0,0,0,0,0,0,28,0;0,0,0,0,0,0,0,0,0,0,0,0,0,75,0,0,0,80,65,28,26,0,0,0,79,0,0,0,0,0;0,0,0,0,0,0,0,0,0,0,0,27,0,0,0,0,61,0,0,0,0,0,0,0,45,77,0,0,0,0;57,0,0,51,0,0,0,0,0,38,0,0,0,0,0,0,0,80,0,49,66,0,0,0,0,0,0,36,0,27;29,0,0,0,75,0,0,0,0,21,56,41,61,29,0,0,0,0,22,0,80,0,0,0,52,0,70,42,0,53;45,0,47,0,0,0,0,0,0,0,0,0,76,0,0,33,0,67,0,0,0,67,0,32,0,0,0,0,74,0;0,60,31,0,0,0,0,0,0,44,24,35,0,0,29,39,0,50,0,0,0,31,35,30,0,0,0,50,0,0;0,0,33,0,73,39,53,0,0,36,80,0,0,50,0,41,0,71,0,46,0,0,0,0,70,0,0,0,80,71;26,0,75,0,0,0,0,0,39,0,0,0,0,0,0,0,0,0,0,0,0,0,80,0,0,0,57,34,0,78;35,67,55,0,49,35,0,0,0,70,0,0,0,0,43,0,44,0,0,22,0,0,0,0,80,0,0,0,0,0;0,0,0,65,0,0,0,0,64,0,0,70,0,0,63,0,0,0,0,0,29,0,20,0,0,0,0,0,0,0;0,50,0,0,59,0,0,0,0,25,0,0,0,0,52,0,0,49,0,80,0,56,0,0,0,45,47,0,0,0;20,26,0,80,0,33,0,0,45,0,0,0,39,0,67,0,49,0,0,0,67,0,0,0,55,0,70,44,0,60;0,0,0,0,0,26,0,0,58,69,0,0,0,0,0,0,0,0,32,0,0,0,0,0,0,0,0,0,0,0;0,0,32,0,0,0,0,0,0,0,0,0,0,0,23,0,0,0,0,0,0,46,0,0,0,0,0,0,0,0;0,63,39,0,64,0,0,70,0,0,40,24,67,0,0,0,0,58,0,0,0,0,0,0,0,65,0,0,0,0;29,0,0,0,0,0,0,0,0,0,41,44,0,0,50,0,27,55,31,0,0,0,46,0,48,0,0,0,0,0
0,0,0,20,0,36,0,38,0,0,0,0,28,21,0,0,31,0,0,0,33,0,0,0,0,0,0,0,27,0;0,0,35,0,0,0,0,0,0,0,40,0,0,28,0,36,31,0,35,0,0,40,0,0,38,0,27,0,24,24;24,0,0,38,0,36,23,0,27,0,21,0,28,0,0,0,0,33,0,27,0,0,0,0,0,0,0,0,0,0;0,0,36,0,0,0,24,0,0,0,0,32,0,0,0,0,0,0,0,0,0,0,0,28,40,0,0,0,24,0;24,25,0,0,0,38,0,0,0,20,0,0,0,0,0,0,29,0,0,39,0,0,0,0,23,0,32,0,0,0;0,0,0,0,0,0,0,32,0,28,0,0,23,0,0,0,0,0,20,24,0,0,0,0,0,0,0,21,0,21;0,0,0,0,40,0,0,0,0,30,0,32,28,30,25,0,34,0,0,40,33,0,0,37,0,0,32,0,0,35;25,31,37,36,0,0,22,0,0,0,0,0,0,0,0,0,32,0,0,40,0,0,39,0,0,0,22,32,0,29;39,0,38,0,0,0,0,0,0,0,24,40,26,0,0,0,0,30,38,0,0,0,20,30,0,0,0,0,37,0;25,0,25,0,24,0,0,28,34,0,39,21,0,0,0,33,0,34,0,37,26,0,0,0,0,0,0,0,0,32;0,0,30,0,35,0,28,0,0,0,0,0,0,29,0,0,21,32,0,0,35,34,0,0,0,0,0,40,32,40;37,0,0,0,0,0,0,34,31,0,0,0,21,0,0,0,0,31,21,0,28,0,26,0,0,0,0,39,39,0;0,38,0,0,0,0,0,37,0,0,0,24,0,30,0,36,0,34,0,0,0,24,0,0,0,0,0,0,0,0;0,0,0,0,0,29,0,0,29,0,0,0,0,0,28,0,0,0,0,0,30,0,0,0,0,0,0,0,29,0;0,0,0,0,0,0,0,0,0,0,0,0,0,33,0,0,0,27,34,31,33,0,0,0,20,0,0,0,0,0;0,0,0,0,0,0,0,0,0,0,0,27,0,0,0,0,22,0,0,0,0,0,0,0,20,39,0,0,0,0;27,0,0,34,0,0,0,0,0,27,0,0,0,0,0,0,0,29,0,31,24,0,0,0,0,0,0,35,0,27;26,0,0,0,37,0,0,0,0,25,20,23,24,21,0,0,0,0,28,0,36,0,0,0,40,0,26,34,0,36;30,0,30,0,0,0,0,0,0,0,0,0,36,0,0,34,0,27,0,0,0,24,0,39,0,0,0,0,25,0;0,30,30,0,0,0,0,0,0,33,36,22,0,0,40,32,0,23,0,0,0,22,34,39,0,0,0,37,0,0;0,0,36,0,26,37,30,0,0,34,31,0,0,22,0,37,0,35,0,33,0,0,0,0,40,0,0,0,22,38;36,0,39,0,0,0,0,0,24,0,0,0,0,0,0,0,0,0,0,0,0,0,27,0,0,0,35,33,0,37;35,33,30,0,21,36,0,0,0,32,0,0,0,0,20,0,29,0,0,23,0,0,0,0,30,0,0,0,0,0;0,0,0,21,0,0,0,0,31,0,0,27,0,0,20,0,0,0,0,0,27,0,20,0,0,0,0,0,0,0;0,27,0,0,35,0,0,0,0,40,0,0,0,0,33,0,0,32,0,29,0,36,0,0,0,40,34,0,0,0;37,37,0,27,0,29,0,0,30,0,0,0,29,0,37,0,30,0,0,0,22,0,0,0,35,0,30,24,0,27;0,0,0,0,0,23,0,0,40,29,0,0,0,0,0,0,0,0,37,0,0,0,0,0,0,0,0,0,0,0;0,0,38,0,0,0,0,0,0,0,0,0,0,0,35,0,0,0,0,0,0,30,0,0,0,0,0,0,0,0;0,32,38,0,25,0,0,20,0,0,27,38,27,0,0,0,0,37,0,0,0,0,0,0,0,21,0,0,0,0;24,0,0,0,0,0,0,0,0,0,25,32,0,0,28,0,30,36,23,0,0,0,22,0,38,0,0,0,0,0
-7,23,0,0,0,0,20,0,0,23,-31,21,0,0,0,22,0,0,-28,-24,0,0,0,-5,0,0,0,27,-6,-35
------------- End of Scenario k = 9 -------
