/ -------------------------------------------------------------------------
An instance of the stochastic Fixed - charge Network Flow Problem using NETGEN.
/ -------------------------------------------------------------------------
Number of Nodes (no Dummy node is added), n
Graph Density, density
The fixed cost to variable cost ratio, f
Adjacency Matrix, A
Fixed Cost Matrix, c
Number of scenarios, K
Scenario Probabilities, p
----The following three rows will be repeated K times.----
Var Cost Matrix, d
Capacity, u
demand, b
/ -------------------------------------------------------------------------
+
10
0.6
200
0,1,0,0,0,0,0,1,1,1;0,0,1,0,1,0,0,1,1,0;0,1,0,0,0,0,1,1,0,1;1,1,1,0,1,0,0,1,1,0;0,1,0,1,0,1,0,1,1,1;1,0,1,1,1,0,0,1,0,1;1,0,1,1,1,0,0,1,0,1;1,1,1,1,1,1,1,0,0,1;0,1,1,1,0,1,0,1,0,1;1,0,0,1,1,0,0,1,0,0
0,10430,0,0,0,0,0,9680,9680,8930;0,0,13430,0,10120,0,0,11920,12630,0;0,11340,0,0,0,0,10200,9510,0,10390;11270,9780,9840,0,14450,0,0,9040,12520,0;0,9180,0,10330,0,12650,0,10960,10420,10000;10470,0,9080,8810,9780,0,0,14660,0,12410;9600,0,10180,12420,9910,0,0,8660,0,9090;9870,10470,9820,11320,10390,11240,10720,0,0,9810;0,10450,9150,8970,0,10500,0,9130,0,9620;10240,0,0,9480,9990,0,0,9230,0,0
20
0.02,0.12,0.02,0.07,0.02,0.02,0.02,0.07,0.02,0.02,0.02,0.12,0.02,0.05,0.02,0.05,0.02,0.07,0.12,0.11
--Scenarios--
0,57,0,0,0,0,0,36,34,37;0,0,65,0,35,0,0,78,80,0;0,28,0,0,0,0,69,60,0,45;55,30,73,0,80,0,0,21,80,0;0,75,0,36,0,80,0,48,64,43;66,0,41,45,23,0,0,80,0,64;30,0,78,30,42,0,0,55,0,47;60,50,46,73,22,43,57,0,0,79;0,69,69,30,0,20,0,32,0,41;60,0,0,50,36,0,0,54,0,0
0,22,0,0,0,0,0,20,38,26;0,0,33,0,26,0,0,34,37,0;0,22,0,0,0,0,31,26,0,39;39,21,29,0,12,0,0,25,21,0;0,23,0,36,0,18,0,31,36,34;39,0,32,31,29,0,0,30,0,36;30,0,34,11,31,0,0,27,0,32;40,40,37,23,25,36,40,0,0,35;0,20,36,29,0,20,0,38,0,28;40,0,0,29,30,0,0,39,0,0
0,27,0,0,0,0,11,-30,-8,0
------------- End of Scenario k = 0 -------
0,66,0,0,0,0,0,57,44,36;0,0,80,0,65,0,0,80,80,0;0,35,0,0,0,0,21,38,0,30;64,28,55,0,80,0,0,24,80,0;0,79,0,70,0,41,0,62,50,38;78,0,45,76,73,0,0,48,0,21;45,0,66,80,59,0,0,42,0,50;31,68,25,20,69,46,72,0,0,64;0,32,26,52,0,23,0,40,0,50;20,0,0,39,53,0,0,56,0,0
0,24,0,0,0,0,0,21,35,30;0,0,37,0,25,0,0,36,39,0;0,21,0,0,0,0,28,20,0,33;35,37,32,0,15,0,0,37,17,0;0,31,0,35,0,36,0,27,27,32;31,0,21,27,40,0,0,26,0,21;35,0,26,20,33,0,0,39,0,36;26,33,23,31,21,28,20,0,0,29;0,31,21,36,0,37,0,33,0,23;38,0,0,23,36,0,0,32,0,0
0,30,0,0,0,0,14,-14,-30,0
------------- End of Scenario k = 1 -------
0,64,0,0,0,0,0,64,55,50;0,0,36,0,50,0,0,41,33,0;0,55,0,0,0,0,57,49,0,78;77,62,78,0,33,0,0,29,34,0;0,59,0,53,0,50,0,22,55,21;60,0,75,42,44,0,0,80,0,80;36,0,47,80,21,0,0,20,0,52;20,48,51,73,40,75,46,0,0,46;0,62,65,49,0,33,0,40,0,24;46,0,0,24,67,0,0,35,0,0
0,27,0,0,0,0,0,32,22,29;0,0,23,0,38,0,0,30,39,0;0,40,0,0,0,0,34,27,0,27;21,31,33,0,33,0,0,29,39,0;0,22,0,27,0,35,0,30,35,35;24,0,39,38,32,0,0,34,0,38;36,0,26,31,28,0,0,37,0,24;34,30,36,20,28,22,31,0,0,20;0,21,38,34,0,27,0,36,0,34;31,0,0,39,26,0,0,22,0,0
0,14,0,0,0,0,29,-30,-13,0
------------- End of Scenario k = 2 -------
0,63,0,0,0,0,0,71,40,50;0,0,80,0,46,0,0,80,51,0;0,80,0,0,0,0,56,30,0,32;60,66,57,0,80,0,0,35,37,0;0,35,0,37,0,37,0,78,74,71;39,0,22,26,38,0,0,49,0,80;77,0,62,80,50,0,0,56,0,44;76,28,68,51,33,66,50,0,0,78;0,25,31,37,0,73,0,54,0,70;52,0,0,51,66,0,0,20,0,0
0,22,0,0,0,0,0,20,32,40;0,0,23,0,20,0,0,33,32,0;0,27,0,0,0,0,31,27,0,27;34,33,30,0,29,0,0,39,35,0;0,32,0,29,0,32,0,34,23,31;22,0,27,23,40,0,0,38,0,40;21,0,27,35,33,0,0,40,0,27;40,34,31,29,30,20,33,0,0,32;0,22,30,37,0,27,0,38,0,38;37,0,0,26,26,0,0,33,0,0
0,20,0,0,0,0,29,-19,-30,0
------------- End of Scenario k = 3 -------
0,32,0,0,0,0,0,42,42,30;0,0,80,0,38,0,0,28,80,0;0,57,0,0,0,0,25,31,0,67;76,22,23,0,80,0,0,53,80,0;0,61,0,61,0,80,0,71,28,66;69,0,25,37,54,0,0,80,0,41;27,0,47,34,71,0,0,23,0,24;54,47,72,49,39,53,58,0,0,57;0,57,73,70,0,78,0,38,0,33;48,0,0,46,31,0,0,53,0,0
0,31,0,0,0,0,0,29,32,24;0,0,35,0,39,0,0,36,19,0;0,25,0,0,0,0,20,24,0,40;38,22,27,0,27,0,0,37,28,0;0,36,0,20,0,28,0,35,20,23;28,0,25,26,21,0,0,25,0,18;40,0,24,23,31,0,0,30,0,25;21,25,36,27,25,40,28,0,0,25;0,35,21,31,0,39,0,37,0,27;38,0,0,33,37,0,0,27,0,0
0,10,0,0,0,0,15,-13,-12,0
------------- End of Scenario k = 4 -------
0,74,0,0,0,0,0,54,66,34;0,0,80,0,72,0,0,63,50,0;0,60,0,0,0,0,66,60,0,59;22,58,53,0,80,0,0,31,80,0;0,20,0,25,0,80,0,26,28,49;58,0,76,25,42,0,0,80,0,80;60,0,32,52,54,0,0,34,0,77;56,60,46,80,35,47,77,0,0,40;0,65,20,41,0,29,0,67,0,42;47,0,0,55,21,0,0,22,0,0
0,33,0,0,0,0,0,36,31,40;0,0,34,0,35,0,0,38,39,0;0,28,0,0,0,0,38,37,0,22;31,28,35,0,33,0,0,20,20,0;0,32,0,22,0,21,0,40,33,34;33,0,31,25,31,0,0,33,0,21;26,0,27,22,32,0,0,39,0,29;35,21,32,36,39,32,22,0,0,39;0,24,38,25,0,27,0,24,0,31;27,0,0,28,36,0,0,28,0,0
0,23,0,0,0,0,18,-7,-34,0
------------- End of Scenario k = 5 -------
0,43,0,0,0,0,0,72,24,26;0,0,80,0,31,0,0,80,80,0;0,77,0,0,0,0,60,52,0,67;59,80,44,0,80,0,0,53,59,0;0,77,0,59,0,80,0,26,70,65;55,0,71,23,26,0,0,80,0,55;54,0,61,80,76,0,0,63,0,69;25,38,38,41,75,33,31,0,0,25;0,66,30,49,0,78,0,31,0,61;64,0,0,67,66,0,0,38,0,0
0,28,0,0,0,0,0,22,27,29;0,0,22,0,26,0,0,21,30,0;0,22,0,0,0,0,22,29,0,22;24,33,24,0,30,0,0,34,24,0;0,31,0,34,0,28,0,37,22,28;40,0,39,21,29,0,0,40,0,23;26,0,20,27,22,0,0,26,0,39;28,25,28,22,27,29,20,0,0,22;0,27,32,33,0,28,0,21,0,39;22,0,0,20,26,0,0,31,0,0
0,20,0,0,0,0,20,-22,-18,0
------------- End of Scenario k = 6 -------
0,67,0,0,0,0,0,41,26,76;0,0,80,0,48,0,0,53,70,0;0,60,0,0,0,0,52,50,0,44;80,64,66,0,49,0,0,25,66,0;0,61,0,48,0,39,0,53,42,35;77,0,38,40,67,0,0,73,0,41;59,0,30,76,36,0,0,41,0,29;55,80,20,73,71,22,40,0,0,28;0,69,34,29,0,48,0,25,0,27;69,0,0,71,66,0,0,61,0,0
0,35,0,0,0,0,0,35,22,27;0,0,24,0,35,0,0,32,39,0;0,36,0,0,0,0,28,23,0,28;22,26,35,0,37,0,0,33,36,0;0,24,0,38,0,34,0,29,25,40;37,0,39,30,30,0,0,28,0,38;22,0,29,35,26,0,0,28,0,27;33,21,40,36,27,35,39,0,0,26;0,38,38,22,0,40,0,24,0,37;26,0,0,29,28,0,0,34,0,0
0,22,0,0,0,0,27,-18,-31,0
------------- End of Scenario k = 7 -------
0,31,0,0,0,0,0,43,59,53;0,0,80,0,26,0,0,27,80,0;0,42,0,0,0,0,46,79,0,60;21,73,63,0,56,0,0,61,29,0;0,44,0,79,0,80,0,39,51,48;38,0,27,76,56,0,0,80,0,42;31,0,71,21,28,0,0,28,0,34;54,24,73,65,69,75,24,0,0,35;0,55,51,75,0,73,0,28,0,79;47,0,0,53,64,0,0,58,0,0
0,32,0,0,0,0,0,21,21,38;0,0,37,0,22,0,0,30,32,0;0,33,0,0,0,0,26,26,0,33;25,35,38,0,32,0,0,21,33,0;0,21,0,32,0,40,0,32,29,22;24,0,25,25,32,0,0,34,0,31;25,0,36,30,25,0,0,29,0,38;36,31,20,34,37,27,29,0,0,22;0,39,36,34,0,33,0,36,0,25;26,0,0,40,27,0,0,23,0,0
0,30,0,0,0,0,30,-33,-27,0
------------- End of Scenario k = 8 -------
0,31,0,0,0,0,0,66,21,25;0,0,32,0,76,0,0,60,80,0;0,48,0,0,0,0,62,46,0,47;55,59,51,0,80,0,0,59,42,0;0,59,0,63,0,42,0,74,24,48;65,0,47,59,25,0,0,80,0,59;69,0,60,80,59,0,0,76,0,67;63,48,64,52,62,75,24,0,0,33;0,36,44,33,0,39,0,66,0,39;48,0,0,27,31,0,0,32,0,0
0,29,0,0,0,0,0,36,35,22;0,0,28,0,37,0,0,38,35,0;0,24,0,0,0,0,38,23,0,34;27,38,30,0,25,0,0,20,30,0;0,35,0,40,0,39,0,29,33,30;21,0,29,22,25,0,0,39,0,24;35,0,33,37,31,0,0,32,0,39;40,27,20,26,31,40,29,0,0,23;0,36,34,32,0,29,0,29,0,38;38,0,0,30,40,0,0,30,0,0
0,25,0,0,0,0,24,-41,-8,0
------------- End of Scenario k = 9 -------
0,51,0,0,0,0,0,22,76,44;0,0,27,0,74,0,0,80,57,0;0,79,0,0,0,0,48,58,0,44;64,65,51,0,80,0,0,68,55,0;0,21,0,22,0,42,0,59,75,67;79,0,39,71,61,0,0,23,0,74;56,0,71,53,67,0,0,62,0,43;70,73,33,65,44,73,61,0,0,69;0,65,53,63,0,42,0,41,0,20;65,0,0,39,28,0,0,30,0,0
0,25,0,0,0,0,0,25,30,35;0,0,25,0,29,0,0,27,40,0;0,36,0,0,0,0,35,29,0,40;30,31,33,0,31,0,0,27,20,0;0,23,0,20,0,31,0,31,26,23;36,0,27,40,24,0,0,24,0,40;38,0,27,35,34,0,0,35,0,35;21,33,40,28,35,30,32,0,0,39;0,32,35,32,0,24,0,37,0,29;31,0,0,29,31,0,0,33,0,0
0,19,0,0,0,0,18,-27,-10,0
------------- End of Scenario k = 10 -------
0,60,0,0,0,0,0,55,70,20;0,0,80,0,32,0,0,80,40,0;0,27,0,0,0,0,70,63,0,58;61,33,27,0,45,0,0,68,58,0;0,55,0,32,0,45,0,53,71,55;24,0,31,33,22,0,0,80,0,80;22,0,73,44,44,0,0,50,0,71;24,63,39,49,74,56,25,0,0,65;0,25,25,20,0,50,0,39,0,52;58,0,0,43,60,0,0,52,0,0
0,39,0,0,0,0,0,29,25,24;0,0,27,0,35,0,0,36,32,0;0,27,0,0,0,0,25,21,0,25;34,29,32,0,20,0,0,29,21,0;0,40,0,31,0,37,0,33,40,31;21,0,37,35,36,0,0,22,0,24;22,0,32,17,33,0,0,25,0,38;30,38,24,24,31,23,20,0,0,22;0,20,32,24,0,25,0,27,0,23;21,0,0,29,26,0,0,22,0,0
0,20,0,0,0,0,16,-8,-28,0
------------- End of Scenario k = 11 -------
0,68,0,0,0,0,0,29,57,33;0,0,37,0,64,0,0,80,80,0;0,74,0,0,0,0,35,22,0,21;28,64,24,0,78,0,0,36,80,0;0,33,0,73,0,59,0,73,56,65;50,0,38,70,27,0,0,80,0,43;76,0,22,80,29,0,0,40,0,42;69,35,65,67,61,64,77,0,0,38;0,32,34,53,0,30,0,54,0,57;45,0,0,51,49,0,0,41,0,0
0,21,0,0,0,0,0,31,38,36;0,0,22,0,20,0,0,20,22,0;0,22,0,0,0,0,23,37,0,24;33,33,30,0,25,0,0,38,19,0;0,38,0,26,0,27,0,24,35,38;35,0,32,24,38,0,0,33,0,31;20,0,22,19,33,0,0,38,0,25;39,35,40,21,27,37,28,0,0,27;0,35,38,34,0,20,0,29,0,21;22,0,0,30,29,0,0,21,0,0
0,18,0,0,0,0,19,-12,-25,0
------------- End of Scenario k = 12 -------
0,40,0,0,0,0,0,31,78,62;0,0,80,0,57,0,0,26,80,0;0,67,0,0,0,0,44,56,0,55;51,63,42,0,80,0,0,70,48,0;0,23,0,62,0,77,0,78,51,64;38,0,51,56,34,0,0,73,0,80;38,0,45,80,78,0,0,20,0,70;79,50,76,29,33,77,50,0,0,71;0,51,29,24,0,65,0,45,0,29;75,0,0,68,76,0,0,34,0,0
0,28,0,0,0,0,0,33,25,38;0,0,35,0,35,0,0,38,16,0;0,40,0,0,0,0,24,29,0,25;38,36,25,0,17,0,0,36,35,0;0,28,0,25,0,37,0,32,23,32;21,0,35,40,40,0,0,27,0,24;20,0,34,27,25,0,0,37,0,24;31,26,34,20,21,39,39,0,0,36;0,36,35,26,0,30,0,20,0,32;39,0,0,25,20,0,0,27,0,0
0,14,0,0,0,0,17,-8,-23,0
------------- End of Scenario k = 13 -------
0,34,0,0,0,0,0,45,25,54;0,0,80,0,72,0,0,80,77,0;0,61,0,0,0,0,61,33,0,60;24,41,31,0,80,0,0,50,80,0;0,38,0,48,0,55,0,67,53,38;30,0,43,39,41,0,0,80,0,80;77,0,65,80,72,0,0,36,0,27;35,48,32,80,27,22,65,0,0,23;0,60,74,51,0,69,0,49,0,73;35,0,0,26,25,0,0,59,0,0
0,36,0,0,0,0,0,22,31,27;0,0,28,0,23,0,0,20,24,0;0,29,0,0,0,0,33,23,0,24;29,25,30,0,21,0,0,23,37,0;0,25,0,22,0,40,0,32,33,24;34,0,25,34,24,0,0,32,0,27;34,0,36,40,20,0,0,30,0,25;31,34,37,30,29,39,37,0,0,31;0,40,39,32,0,20,0,24,0,23;32,0,0,34,34,0,0,21,0,0
0,12,0,0,0,0,20,-16,-16,0
------------- End of Scenario k = 14 -------
0,53,0,0,0,0,0,25,46,58;0,0,80,0,46,0,0,32,67,0;0,67,0,0,0,0,54,52,0,59;79,47,77,0,80,0,0,29,32,0;0,21,0,29,0,80,0,70,43,61;64,0,41,20,67,0,0,80,0,80;20,0,32,80,56,0,0,41,0,30;43,50,59,61,78,52,62,0,0,51;0,77,68,73,0,71,0,20,0,72;59,0,0,24,28,0,0,70,0,0
0,35,0,0,0,0,0,33,34,26;0,0,27,0,25,0,0,20,29,0;0,29,0,0,0,0,35,28,0,22;38,32,31,0,34,0,0,25,28,0;0,20,0,32,0,15,0,36,31,38;32,0,30,39,31,0,0,25,0,32;30,0,33,28,29,0,0,34,0,38;20,21,23,27,33,25,20,0,0,20;0,22,36,23,0,35,0,31,0,38;23,0,0,30,23,0,0,21,0,0
0,18,0,0,0,0,14,-11,-21,0
------------- End of Scenario k = 15 -------
0,43,0,0,0,0,0,55,36,77;0,0,35,0,34,0,0,44,54,0;0,62,0,0,0,0,54,26,0,39;66,35,30,0,80,0,0,27,80,0;0,25,0,56,0,80,0,22,34,55;61,0,65,44,65,0,0,80,0,25;36,0,40,24,64,0,0,34,0,22;21,59,57,32,27,55,56,0,0,48;0,26,27,34,0,60,0,70,0,44;42,0,0,52,75,0,0,50,0,0
0,30,0,0,0,0,0,26,25,40;0,0,30,0,39,0,0,20,27,0;0,33,0,0,0,0,39,28,0,23;23,25,37,0,37,0,0,23,32,0;0,24,0,25,0,36,0,24,36,35;20,0,23,28,25,0,0,23,0,20;29,0,22,35,40,0,0,24,0,36;37,26,29,32,30,38,40,0,0,28;0,22,38,26,0,29,0,26,0,34;40,0,0,26,34,0,0,26,0,0
0,16,0,0,0,0,20,-12,-24,0
------------- End of Scenario k = 16 -------
0,80,0,0,0,0,0,63,57,46;0,0,80,0,41,0,0,67,45,0;0,34,0,0,0,0,46,36,0,35;74,22,20,0,80,0,0,60,80,0;0,77,0,71,0,80,0,51,37,60;40,0,79,27,79,0,0,80,0,69;56,0,20,28,41,0,0,74,0,22;55,64,23,79,64,65,78,0,0,30;0,41,40,58,0,61,0,75,0,34;23,0,0,64,52,0,0,52,0,0
0,31,0,0,0,0,0,31,27,33;0,0,38,0,24,0,0,30,35,0;0,21,0,0,0,0,33,20,0,30;33,40,24,0,22,0,0,25,25,0;0,37,0,36,0,36,0,27,32,28;39,0,29,30,23,0,0,37,0,29;24,0,35,19,27,0,0,22,0,34;31,26,36,35,38,39,29,0,0,24;0,23,32,24,0,33,0,38,0,34;20,0,0,35,40,0,0,32,0,0
0,30,0,0,0,0,19,-34,-15,0
------------- End of Scenario k = 17 -------
0,20,0,0,0,0,0,27,43,37;0,0,80,0,53,0,0,80,57,0;0,47,0,0,0,0,71,40,0,78;69,29,67,0,64,0,0,52,72,0;0,21,0,40,0,58,0,56,77,29;25,0,20,51,58,0,0,80,0,67;31,0,56,80,21,0,0,44,0,44;38,67,74,56,68,54,63,0,0,29;0,79,42,32,0,33,0,54,0,44;56,0,0,65,43,0,0,53,0,0
0,38,0,0,0,0,0,36,38,28;0,0,34,0,39,0,0,31,33,0;0,35,0,0,0,0,28,22,0,23;27,37,23,0,30,0,0,21,28,0;0,36,0,26,0,34,0,31,30,30;20,0,33,37,31,0,0,29,0,24;40,0,28,34,34,0,0,25,0,39;22,38,23,22,26,38,40,0,0,28;0,34,40,39,0,36,0,37,0,24;36,0,0,32,33,0,0,33,0,0
0,28,0,0,0,0,20,-23,-25,0
------------- End of Scenario k = 18 -------
0,66,0,0,0,0,0,70,69,45;0,0,71,0,52,0,0,33,22,0;0,74,0,0,0,0,23,70,0,61;42,37,52,0,80,0,0,53,80,0;0,34,0,69,0,80,0,68,59,22;31,0,34,21,76,0,0,80,0,80;60,0,40,80,23,0,0,27,0,45;59,47,21,37,48,71,56,0,0,72;0,53,80,24,0,75,0,45,0,71;65,0,0,33,62,0,0,53,0,0
0,32,0,0,0,0,0,27,38,32;0,0,18,0,40,0,0,24,17,0;0,25,0,0,0,0,23,21,0,31;20,34,23,0,34,0,0,39,33,0;0,35,0,40,0,31,0,29,25,37;39,0,23,20,21,0,0,30,0,29;28,0,30,34,37,0,0,28,0,36;24,31,32,37,33,40,29,0,0,40;0,26,32,28,0,23,0,24,0,28;37,0,0,38,34,0,0,29,0,0
0,13,0,0,0,0,29,-11,-31,0
------------- End of Scenario k = 19 -------
