/ -------------------------------------------------------------------------
An instance of the stochastic Fixed - charge Network Flow Problem using NETGEN.
/ -------------------------------------------------------------------------
Number of Nodes (no Dummy node is added), n
Graph Density, density
The fixed cost to variable cost ratio, f
Adjacency Matrix, A
Fixed Cost Matrix, c
Number of scenarios, K
Scenario Probabilities, p
----The following three rows will be repeated K times.----
Var Cost Matrix, d
Capacity, u
demand, b
/ -------------------------------------------------------------------------
+
10
0.3
200
0,0,1,0,1,0,1,0,0,0;1,0,1,0,0,0,1,0,1,1;1,0,0,1,0,0,0,0,0,1;1,0,0,0,1,0,0,0,0,1;1,0,0,0,0,0,1,0,1,0;0,1,0,0,0,0,0,0,1,0;0,0,0,0,0,0,0,1,0,0;1,1,0,0,0,1,0,0,1,0;0,0,0,1,0,0,0,0,0,1;0,0,0,0,0,0,0,0,1,0
0,0,10580,0,11440,0,10720,0,0,0;9700,0,11760,0,0,0,10440,0,9240,10240;9680,0,0,11880,0,0,0,0,0,8420;8320,0,0,0,13100,0,0,0,0,10920;8400,0,0,0,0,0,12200,0,14200,0;0,11000,0,0,0,0,0,0,9220,0;0,0,0,0,0,0,0,12240,0,0;13760,8900,0,0,0,14980,0,0,8640,0;0,0,0,10240,0,0,0,0,0,8580;0,0,0,0,0,0,0,0,10060,0
10
0.05,0.05,0.05,0.2,0.1,0.05,0.05,0.05,0.35,0.05
--Scenarios--
0,0,21,0,55,0,70,0,0,0;40,0,65,0,0,0,57,0,56,77;58,0,0,56,0,0,0,0,0,25;29,0,0,0,80,0,0,0,0,49;20,0,0,0,0,0,80,0,80,0;0,67,0,0,0,0,0,0,22,0;0,0,0,0,0,0,0,31,0,0;80,59,0,0,0,80,0,0,75,0;0,0,0,38,0,0,0,0,0,49;0,0,0,0,0,0,0,0,63,0
0,0,29,0,31,0,25,0,0,0;39,0,35,0,0,0,34,0,20,26;25,0,0,32,0,0,0,0,0,35;20,0,0,0,27,0,0,0,0,34;23,0,0,0,0,0,25,0,30,0;0,29,0,0,0,0,0,0,33,0;0,0,0,0,0,0,0,33,0,0;24,29,0,0,0,12,0,0,32,0;0,0,0,40,0,0,0,0,0,23;0,0,0,0,0,0,0,0,30,0
-2,11,0,0,0,-5,0,0,-3,-1
------------- End of Scenario k = 0 -------
0,0,37,0,70,0,53,0,0,0;34,0,35,0,0,0,42,0,26,28;20,0,0,59,0,0,0,0,0,23;21,0,0,0,73,0,0,0,0,69;46,0,0,0,0,0,80,0,38,0;0,27,0,0,0,0,0,0,34,0;0,0,0,0,0,0,0,25,0,0;80,53,0,0,0,80,0,0,22,0;0,0,0,46,0,0,0,0,0,30;0,0,0,0,0,0,0,0,35,0
0,0,39,0,21,0,25,0,0,0;35,0,35,0,0,0,32,0,22,32;39,0,0,35,0,0,0,0,0,39;25,0,0,0,21,0,0,0,0,35;33,0,0,0,0,0,37,0,26,0;0,28,0,0,0,0,0,0,36,0;0,0,0,0,0,0,0,39,0,0;33,31,0,0,0,38,0,0,36,0;0,0,0,38,0,0,0,0,0,33;0,0,0,0,0,0,0,0,29,0
0,21,0,0,0,-12,0,0,-7,-2
------------- End of Scenario k = 1 -------
0,0,80,0,48,0,37,0,0,0;62,0,80,0,0,0,74,0,23,44;76,0,0,80,0,0,0,0,0,61;49,0,0,0,80,0,0,0,0,32;31,0,0,0,0,0,65,0,60,0;0,23,0,0,0,0,0,0,78,0;0,0,0,0,0,0,0,80,0,0;79,22,0,0,0,80,0,0,56,0;0,0,0,78,0,0,0,0,0,47;0,0,0,0,0,0,0,0,23,0
0,0,34,0,25,0,24,0,0,0;26,0,30,0,0,0,28,0,35,39;31,0,0,29,0,0,0,0,0,22;29,0,0,0,37,0,0,0,0,28;22,0,0,0,0,0,37,0,40,0;0,21,0,0,0,0,0,0,29,0;0,0,0,0,0,0,0,29,0,0;38,21,0,0,0,38,0,0,37,0;0,0,0,32,0,0,0,0,0,38;0,0,0,0,0,0,0,0,40,0
-13,24,0,0,0,-2,0,0,-1,-8
------------- End of Scenario k = 2 -------
0,0,62,0,68,0,56,0,0,0;35,0,80,0,0,0,74,0,25,79;34,0,0,80,0,0,0,0,0,21;30,0,0,0,36,0,0,0,0,71;44,0,0,0,0,0,66,0,80,0;0,47,0,0,0,0,0,0,38,0;0,0,0,0,0,0,0,80,0,0;74,77,0,0,0,80,0,0,22,0;0,0,0,76,0,0,0,0,0,31;0,0,0,0,0,0,0,0,66,0
0,0,27,0,24,0,27,0,0,0;31,0,34,0,0,0,34,0,26,30;34,0,0,14,0,0,0,0,0,30;24,0,0,0,22,0,0,0,0,21;22,0,0,0,0,0,14,0,26,0;0,21,0,0,0,0,0,0,40,0;0,0,0,0,0,0,0,40,0,0;20,30,0,0,0,20,0,0,27,0;0,0,0,23,0,0,0,0,0,32;0,0,0,0,0,0,0,0,26,0
0,11,0,0,0,-3,0,0,-5,-3
------------- End of Scenario k = 3 -------
0,0,52,0,47,0,65,0,0,0;58,0,74,0,0,0,30,0,21,80;24,0,0,45,0,0,0,0,0,52;51,0,0,0,80,0,0,0,0,65;24,0,0,0,0,0,80,0,80,0;0,41,0,0,0,0,0,0,64,0;0,0,0,0,0,0,0,80,0,0;52,49,0,0,0,80,0,0,73,0;0,0,0,48,0,0,0,0,0,69;0,0,0,0,0,0,0,0,62,0
0,0,38,0,35,0,23,0,0,0;26,0,40,0,0,0,39,0,35,31;20,0,0,28,0,0,0,0,0,32;40,0,0,0,33,0,0,0,0,37;30,0,0,0,0,0,40,0,28,0;0,35,0,0,0,0,0,0,32,0;0,0,0,0,0,0,0,33,0,0;36,30,0,0,0,35,0,0,38,0;0,0,0,31,0,0,0,0,0,37;0,0,0,0,0,0,0,0,32,0
-1,23,0,0,0,-12,0,0,-8,-2
------------- End of Scenario k = 4 -------
0,0,63,0,59,0,52,0,0,0;50,0,80,0,0,0,27,0,76,45;51,0,0,33,0,0,0,0,0,41;61,0,0,0,80,0,0,0,0,61;34,0,0,0,0,0,63,0,80,0;0,77,0,0,0,0,0,0,47,0;0,0,0,0,0,0,0,80,0,0;40,50,0,0,0,80,0,0,24,0;0,0,0,39,0,0,0,0,0,34;0,0,0,0,0,0,0,0,74,0
0,0,26,0,27,0,31,0,0,0;30,0,40,0,0,0,24,0,22,32;38,0,0,32,0,0,0,0,0,23;27,0,0,0,32,0,0,0,0,35;34,0,0,0,0,0,40,0,34,0;0,38,0,0,0,0,0,0,24,0;0,0,0,0,0,0,0,36,0,0;30,34,0,0,0,31,0,0,38,0;0,0,0,22,0,0,0,0,0,31;0,0,0,0,0,0,0,0,32,0
-10,28,0,0,0,-10,0,0,-2,-6
------------- End of Scenario k = 5 -------
0,0,57,0,69,0,49,0,0,0;48,0,22,0,0,0,78,0,48,38;48,0,0,78,0,0,0,0,0,25;43,0,0,0,42,0,0,0,0,47;32,0,0,0,0,0,38,0,67,0;0,75,0,0,0,0,0,0,51,0;0,0,0,0,0,0,0,80,0,0;80,36,0,0,0,72,0,0,64,0;0,0,0,56,0,0,0,0,0,25;0,0,0,0,0,0,0,0,32,0
0,0,30,0,27,0,39,0,0,0;39,0,25,0,0,0,40,0,26,28;39,0,0,38,0,0,0,0,0,33;31,0,0,0,39,0,0,0,0,38;23,0,0,0,0,0,26,0,34,0;0,23,0,0,0,0,0,0,32,0;0,0,0,0,0,0,0,31,0,0;39,33,0,0,0,28,0,0,38,0;0,0,0,32,0,0,0,0,0,23;0,0,0,0,0,0,0,0,31,0
-2,22,0,0,0,-6,0,0,-1,-13
------------- End of Scenario k = 6 -------
0,0,63,0,77,0,75,0,0,0;69,0,52,0,0,0,36,0,76,67;43,0,0,52,0,0,0,0,0,67;37,0,0,0,36,0,0,0,0,21;70,0,0,0,0,0,53,0,80,0;0,77,0,0,0,0,0,0,25,0;0,0,0,0,0,0,0,28,0,0;80,29,0,0,0,80,0,0,26,0;0,0,0,69,0,0,0,0,0,33;0,0,0,0,0,0,0,0,47,0
0,0,34,0,26,0,30,0,0,0;37,0,31,0,0,0,28,0,30,31;30,0,0,32,0,0,0,0,0,23;38,0,0,0,40,0,0,0,0,28;40,0,0,0,0,0,31,0,38,0;0,30,0,0,0,0,0,0,25,0;0,0,0,0,0,0,0,32,0,0;38,33,0,0,0,36,0,0,33,0;0,0,0,28,0,0,0,0,0,22;0,0,0,0,0,0,0,0,34,0
-1,29,0,0,0,-13,0,0,-11,-4
------------- End of Scenario k = 7 -------
0,0,48,0,24,0,27,0,0,0;43,0,80,0,0,0,27,0,53,27;55,0,0,38,0,0,0,0,0,53;40,0,0,0,80,0,0,0,0,66;62,0,0,0,0,0,30,0,80,0;0,70,0,0,0,0,0,0,49,0;0,0,0,0,0,0,0,48,0,0;49,44,0,0,0,37,0,0,37,0;0,0,0,23,0,0,0,0,0,32;0,0,0,0,0,0,0,0,51,0
0,0,40,0,24,0,39,0,0,0;27,0,23,0,0,0,36,0,34,26;32,0,0,40,0,0,0,0,0,23;40,0,0,0,23,0,0,0,0,27;24,0,0,0,0,0,23,0,20,0;0,28,0,0,0,0,0,0,20,0;0,0,0,0,0,0,0,37,0,0;36,30,0,0,0,14,0,0,40,0;0,0,0,24,0,0,0,0,0,29;0,0,0,0,0,0,0,0,35,0
-1,12,0,0,0,-5,0,0,-4,-2
------------- End of Scenario k = 8 -------
0,0,46,0,55,0,52,0,0,0;46,0,20,0,0,0,77,0,58,27;75,0,0,73,0,0,0,0,0,53;55,0,0,0,68,0,0,0,0,65;57,0,0,0,0,0,55,0,65,0;0,46,0,0,0,0,0,0,53,0;0,0,0,0,0,0,0,80,0,0;74,26,0,0,0,80,0,0,33,0;0,0,0,39,0,0,0,0,0,79;0,0,0,0,0,0,0,0,50,0
0,0,33,0,27,0,35,0,0,0;25,0,35,0,0,0,39,0,38,25;30,0,0,20,0,0,0,0,0,37;28,0,0,0,23,0,0,0,0,28;23,0,0,0,0,0,29,0,24,0;0,32,0,0,0,0,0,0,24,0;0,0,0,0,0,0,0,26,0,0;22,20,0,0,0,21,0,0,33,0;0,0,0,20,0,0,0,0,0,28;0,0,0,0,0,0,0,0,40,0
-1,19,0,0,0,-6,0,0,-3,-9
------------- End of Scenario k = 9 -------
