/ -------------------------------------------------------------------------
An instance of the stochastic Fixed - charge Network Flow Problem using NETGEN.
/ -------------------------------------------------------------------------
Number of Nodes (no Dummy node is added), n
Graph Density, density
The fixed cost to variable cost ratio, f
Adjacency Matrix, A
Fixed Cost Matrix, c
Number of scenarios, K
Scenario Probabilities, p
----The following three rows will be repeated K times.----
Var Cost Matrix, d
Capacity, u
demand, b
/ -------------------------------------------------------------------------
+
10
0.3
200
0,0,0,0,0,0,1,1,0,1;1,0,1,0,0,0,0,0,0,1;0,1,0,0,0,0,0,1,1,0;0,1,0,0,1,1,0,0,1,0;1,0,0,0,0,0,1,0,0,0;1,0,0,1,0,0,1,0,0,0;0,0,0,0,0,0,0,1,0,0;0,0,0,0,0,0,0,0,0,1;1,1,0,0,0,0,1,0,0,0;0,0,1,0,1,1,0,1,0,0
0,0,0,0,0,0,10060,9000,0,8980;13960,0,13200,0,0,0,0,0,0,10160;0,11740,0,0,0,0,0,8960,12780,0;0,9060,0,0,13600,9360,0,0,13580,0;12140,0,0,0,0,0,9080,0,0,0;10840,0,0,7780,0,0,13680,0,0,0;0,0,0,0,0,0,0,10140,0,0;0,0,0,0,0,0,0,0,0,12200;8200,10260,0,0,0,0,9020,0,0,0;0,0,8960,0,10900,10440,0,9200,0,0
10
0.05,0.05,0.2,0.05,0.05,0.05,0.05,0.1,0.05,0.35
--Scenarios--
0,0,0,0,0,0,55,25,0,59;34,0,80,0,0,0,0,0,0,65;0,36,0,0,0,0,0,59,57,0;0,51,0,0,80,35,0,0,80,0;80,0,0,0,0,0,48,0,0,0;23,0,0,20,0,0,43,0,0,0;0,0,0,0,0,0,0,80,0,0;0,0,0,0,0,0,0,0,0,80;44,80,0,0,0,0,32,0,0,0;0,0,77,0,77,74,0,40,0,0
0,0,0,0,0,0,39,24,0,28;25,0,35,0,0,0,0,0,0,26;0,40,0,0,0,0,0,36,28,0;0,33,0,0,39,24,0,0,22,0;21,0,0,0,0,0,22,0,0,0;21,0,0,37,0,0,15,0,0,0;0,0,0,0,0,0,0,28,0,0;0,0,0,0,0,0,0,0,0,15;22,30,0,0,0,0,30,0,0,0;0,0,22,0,37,24,0,31,0,0
-28,24,0,17,0,10,0,0,-23,0
------------- End of Scenario k = 0 -------
0,0,0,0,0,0,22,62,0,31;80,0,46,0,0,0,0,0,0,72;0,43,0,0,0,0,0,67,80,0;0,53,0,0,80,51,0,0,80,0;76,0,0,0,0,0,79,0,0,0;80,0,0,57,0,0,80,0,0,0;0,0,0,0,0,0,0,68,0,0;0,0,0,0,0,0,0,0,0,27;21,74,0,0,0,0,43,0,0,0;0,0,29,0,45,54,0,37,0,0
0,0,0,0,0,0,30,24,0,40;39,0,32,0,0,0,0,0,0,23;0,37,0,0,0,0,0,27,30,0;0,22,0,0,36,20,0,0,32,0;25,0,0,0,0,0,34,0,0,0;34,0,0,24,0,0,25,0,0,0;0,0,0,0,0,0,0,20,0,0;0,0,0,0,0,0,0,0,0,39;34,39,0,0,0,0,21,0,0,0;0,0,29,0,39,25,0,34,0,0
-47,29,0,24,0,18,0,0,-24,0
------------- End of Scenario k = 1 -------
0,0,0,0,0,0,72,59,0,64;61,0,80,0,0,0,0,0,0,54;0,27,0,0,0,0,0,31,78,0;0,52,0,0,80,37,0,0,51,0;66,0,0,0,0,0,41,0,0,0;61,0,0,29,0,0,80,0,0,0;0,0,0,0,0,0,0,24,0,0;0,0,0,0,0,0,0,0,0,60;71,45,0,0,0,0,32,0,0,0;0,0,31,0,21,48,0,76,0,0
0,0,0,0,0,0,22,31,0,29;18,0,27,0,0,0,0,0,0,39;0,26,0,0,0,0,0,27,28,0;0,33,0,0,37,37,0,0,40,0;33,0,0,0,0,0,39,0,0,0;38,0,0,27,0,0,30,0,0,0;0,0,0,0,0,0,0,30,0,0;0,0,0,0,0,0,0,0,0,40;21,23,0,0,0,0,26,0,0,0;0,0,26,0,29,20,0,38,0,0
-41,16,0,30,0,26,0,0,-31,0
------------- End of Scenario k = 2 -------
0,0,0,0,0,0,48,46,0,66;80,0,59,0,0,0,0,0,0,40;0,69,0,0,0,0,0,51,29,0;0,22,0,0,80,28,0,0,73,0;80,0,0,0,0,0,66,0,0,0;52,0,0,31,0,0,80,0,0,0;0,0,0,0,0,0,0,80,0,0;0,0,0,0,0,0,0,0,0,22;61,32,0,0,0,0,21,0,0,0;0,0,30,0,71,61,0,73,0,0
0,0,0,0,0,0,27,40,0,36;35,0,31,0,0,0,0,0,0,31;0,32,0,0,0,0,0,28,37,0;0,25,0,0,40,25,0,0,38,0;40,0,0,0,0,0,31,0,0,0;24,0,0,36,0,0,25,0,0,0;0,0,0,0,0,0,0,30,0,0;0,0,0,0,0,0,0,0,0,26;20,26,0,0,0,0,36,0,0,0;0,0,27,0,37,22,0,24,0,0
-53,28,0,29,0,18,0,0,-22,0
------------- End of Scenario k = 3 -------
0,0,0,0,0,0,70,45,0,61;80,0,55,0,0,0,0,0,0,52;0,65,0,0,0,0,0,25,32,0;0,55,0,0,43,57,0,0,80,0;45,0,0,0,0,0,48,0,0,0;80,0,0,23,0,0,80,0,0,0;0,0,0,0,0,0,0,31,0,0;0,0,0,0,0,0,0,0,0,62;28,45,0,0,0,0,80,0,0,0;0,0,71,0,80,28,0,32,0,0
0,0,0,0,0,0,36,39,0,33;14,0,12,0,0,0,0,0,0,39;0,20,0,0,0,0,0,27,40,0;0,25,0,0,32,23,0,0,31,0;35,0,0,0,0,0,37,0,0,0;38,0,0,24,0,0,40,0,0,0;0,0,0,0,0,0,0,33,0,0;0,0,0,0,0,0,0,0,0,32;35,34,0,0,0,0,39,0,0,0;0,0,31,0,30,31,0,37,0,0
-62,11,0,27,0,26,0,0,-2,0
------------- End of Scenario k = 4 -------
0,0,0,0,0,0,45,29,0,31;80,0,70,0,0,0,0,0,0,20;0,73,0,0,0,0,0,38,80,0;0,22,0,0,80,71,0,0,78,0;36,0,0,0,0,0,35,0,0,0;39,0,0,60,0,0,80,0,0,0;0,0,0,0,0,0,0,29,0,0;0,0,0,0,0,0,0,0,0,80;46,64,0,0,0,0,27,0,0,0;0,0,52,0,33,50,0,25,0,0
0,0,0,0,0,0,39,31,0,20;36,0,24,0,0,0,0,0,0,40;0,22,0,0,0,0,0,37,19,0;0,29,0,0,27,23,0,0,20,0;29,0,0,0,0,0,34,0,0,0;23,0,0,35,0,0,25,0,0,0;0,0,0,0,0,0,0,25,0,0;0,0,0,0,0,0,0,0,0,40;22,37,0,0,0,0,33,0,0,0;0,0,32,0,22,32,0,34,0,0
-37,18,0,18,0,22,0,0,-21,0
------------- End of Scenario k = 5 -------
0,0,0,0,0,0,26,75,0,42;80,0,61,0,0,0,0,0,0,65;0,68,0,0,0,0,0,47,80,0;0,32,0,0,53,63,0,0,80,0;78,0,0,0,0,0,25,0,0,0;41,0,0,37,0,0,80,0,0,0;0,0,0,0,0,0,0,45,0,0;0,0,0,0,0,0,0,0,0,80;48,80,0,0,0,0,54,0,0,0;0,0,75,0,50,67,0,21,0,0
0,0,0,0,0,0,31,29,0,31;31,0,33,0,0,0,0,0,0,40;0,20,0,0,0,0,0,37,32,0;0,22,0,0,37,40,0,0,29,0;35,0,0,0,0,0,38,0,0,0;17,0,0,31,0,0,20,0,0,0;0,0,0,0,0,0,0,28,0,0;0,0,0,0,0,0,0,0,0,32;22,24,0,0,0,0,25,0,0,0;0,0,30,0,32,21,0,29,0,0
-28,30,0,29,0,17,0,0,-48,0
------------- End of Scenario k = 6 -------
0,0,0,0,0,0,66,23,0,30;73,0,80,0,0,0,0,0,0,50;0,65,0,0,0,0,0,21,80,0;0,57,0,0,80,23,0,0,62,0;44,0,0,0,0,0,32,0,0,0;40,0,0,31,0,0,36,0,0,0;0,0,0,0,0,0,0,80,0,0;0,0,0,0,0,0,0,0,0,41;35,41,0,0,0,0,60,0,0,0;0,0,20,0,24,30,0,63,0,0
0,0,0,0,0,0,26,34,0,26;34,0,38,0,0,0,0,0,0,28;0,23,0,0,0,0,0,40,38,0;0,28,0,0,35,24,0,0,32,0;34,0,0,0,0,0,32,0,0,0;35,0,0,39,0,0,23,0,0,0;0,0,0,0,0,0,0,40,0,0;0,0,0,0,0,0,0,0,0,37;22,30,0,0,0,0,34,0,0,0;0,0,40,0,34,21,0,36,0,0
-56,30,0,18,0,21,0,0,-13,0
------------- End of Scenario k = 7 -------
0,0,0,0,0,0,74,22,0,41;80,0,80,0,0,0,0,0,0,57;0,66,0,0,0,0,0,65,43,0;0,37,0,0,49,25,0,0,74,0;22,0,0,0,0,0,38,0,0,0;46,0,0,72,0,0,66,0,0,0;0,0,0,0,0,0,0,41,0,0;0,0,0,0,0,0,0,0,0,80;29,30,0,0,0,0,40,0,0,0;0,0,40,0,73,39,0,55,0,0
0,0,0,0,0,0,38,23,0,33;32,0,40,0,0,0,0,0,0,29;0,31,0,0,0,0,0,23,33,0;0,38,0,0,38,38,0,0,36,0;38,0,0,0,0,0,29,0,0,0;31,0,0,34,0,0,36,0,0,0;0,0,0,0,0,0,0,33,0,0;0,0,0,0,0,0,0,0,0,29;23,40,0,0,0,0,21,0,0,0;0,0,21,0,34,24,0,24,0,0
-36,25,0,11,0,25,0,0,-25,0
------------- End of Scenario k = 8 -------
0,0,0,0,0,0,25,64,0,24;50,0,49,0,0,0,0,0,0,33;0,75,0,0,0,0,0,44,80,0;0,72,0,0,55,78,0,0,21,0;80,0,0,0,0,0,42,0,0,0;80,0,0,29,0,0,59,0,0,0;0,0,0,0,0,0,0,29,0,0;0,0,0,0,0,0,0,0,0,78;27,22,0,0,0,0,62,0,0,0;0,0,23,0,71,71,0,38,0,0
0,0,0,0,0,0,23,31,0,22;36,0,17,0,0,0,0,0,0,27;0,32,0,0,0,0,0,29,24,0;0,39,0,0,31,20,0,0,40,0;27,0,0,0,0,0,34,0,0,0;31,0,0,25,0,0,28,0,0,0;0,0,0,0,0,0,0,30,0,0;0,0,0,0,0,0,0,0,0,20;28,27,0,0,0,0,35,0,0,0;0,0,34,0,31,36,0,31,0,0
-27,14,0,27,0,10,0,0,-24,0
------------- End of Scenario k = 9 -------
