/ -------------------------------------------------------------------------
An instance of the stochastic Fixed - charge Network Flow Problem using NETGEN.
/ -------------------------------------------------------------------------
Number of Nodes (no Dummy node is added), n
Graph Density, density
The fixed cost to variable cost ratio, f
Adjacency Matrix, A
Fixed Cost Matrix, c
Number of scenarios, K
Scenario Probabilities, p
----The following three rows will be repeated K times.----
Var Cost Matrix, d
Capacity, u
demand, b
/ -------------------------------------------------------------------------
+
10
0.3
200
0,0,1,0,1,0,0,0,0,0;0,0,1,1,0,0,0,0,0,0;0,1,0,1,0,0,0,0,0,0;0,0,0,0,1,0,0,0,0,0;0,0,1,0,0,1,1,0,1,1;1,0,0,0,0,0,0,0,1,1;1,0,0,0,1,0,0,0,1,1;0,0,0,0,0,0,0,0,1,0;0,0,0,0,0,0,0,1,0,1;0,1,1,0,0,1,1,1,0,0
0,0,8860,0,10840,0,0,0,0,0;0,0,13500,9280,0,0,0,0,0,0;0,9460,0,11100,0,0,0,0,0,0;0,0,0,0,13460,0,0,0,0,0;0,0,8660,0,0,13240,13360,0,10060,11320;11900,0,0,0,0,0,0,0,9160,11480;14700,0,0,0,11180,0,0,0,10500,9700;0,0,0,0,0,0,0,0,11600,0;0,0,0,0,0,0,0,10920,0,9960;0,10940,9680,0,0,12040,7140,11560,0,0
10
0.15,0.05,0.05,0.05,0.05,0.1,0.05,0.05,0.35,0.1
--Scenarios--
0,0,48,0,31,0,0,0,0,0;0,0,80,42,0,0,0,0,0,0;0,34,0,54,0,0,0,0,0,0;0,0,0,0,64,0,0,0,0,0;0,0,49,0,0,80,80,0,57,32;44,0,0,0,0,0,0,0,36,51;80,0,0,0,63,0,0,0,45,26;0,0,0,0,0,0,0,0,80,0;0,0,0,0,0,0,0,38,0,26;0,80,49,0,0,31,37,80,0,0
0,0,29,0,33,0,0,0,0,0;0,0,22,23,0,0,0,0,0,0;0,32,0,25,0,0,0,0,0,0;0,0,0,0,32,0,0,0,0,0;0,0,23,0,0,40,34,0,24,36;20,0,0,0,0,0,0,0,20,27;33,0,0,0,32,0,0,0,25,34;0,0,0,0,0,0,0,0,14,0;0,0,0,0,0,0,0,38,0,33;0,26,20,0,0,22,38,37,0,0
-9,15,0,0,0,-20,0,0,0,14
------------- End of Scenario k = 0 -------
0,0,63,0,73,0,0,0,0,0;0,0,54,34,0,0,0,0,0,0;0,75,0,80,0,0,0,0,0,0;0,0,0,0,80,0,0,0,0,0;0,0,52,0,0,80,80,0,29,48;24,0,0,0,0,0,0,0,24,74;80,0,0,0,37,0,0,0,38,42;0,0,0,0,0,0,0,0,52,0;0,0,0,0,0,0,0,75,0,52;0,60,58,0,0,72,25,37,0,0
0,0,24,0,34,0,0,0,0,0;0,0,38,28,0,0,0,0,0,0;0,36,0,30,0,0,0,0,0,0;0,0,0,0,39,0,0,0,0,0;0,0,25,0,0,30,38,0,31,35;31,0,0,0,0,0,0,0,37,31;32,0,0,0,26,0,0,0,37,40;0,0,0,0,0,0,0,0,26,0;0,0,0,0,0,0,0,33,0,33;0,20,26,0,0,40,25,32,0,0
-1,30,0,0,0,-53,0,0,0,24
------------- End of Scenario k = 1 -------
0,0,28,0,76,0,0,0,0,0;0,0,66,24,0,0,0,0,0,0;0,42,0,42,0,0,0,0,0,0;0,0,0,0,80,0,0,0,0,0;0,0,22,0,0,26,80,0,73,76;70,0,0,0,0,0,0,0,37,73;57,0,0,0,77,0,0,0,74,70;0,0,0,0,0,0,0,0,61,0;0,0,0,0,0,0,0,46,0,69;0,63,57,0,0,51,20,80,0,0
0,0,23,0,23,0,0,0,0,0;0,0,30,32,0,0,0,0,0,0;0,36,0,31,0,0,0,0,0,0;0,0,0,0,31,0,0,0,0,0;0,0,24,0,0,37,34,0,36,22;32,0,0,0,0,0,0,0,33,33;32,0,0,0,33,0,0,0,38,22;0,0,0,0,0,0,0,0,31,0;0,0,0,0,0,0,0,30,0,33;0,31,30,0,0,20,21,36,0,0
-4,26,0,0,0,-40,0,0,0,18
------------- End of Scenario k = 2 -------
0,0,22,0,74,0,0,0,0,0;0,0,80,37,0,0,0,0,0,0;0,33,0,24,0,0,0,0,0,0;0,0,0,0,80,0,0,0,0,0;0,0,73,0,0,56,34,0,37,77;52,0,0,0,0,0,0,0,22,75;80,0,0,0,68,0,0,0,22,37;0,0,0,0,0,0,0,0,77,0;0,0,0,0,0,0,0,48,0,73;0,47,32,0,0,80,45,80,0,0
0,0,38,0,20,0,0,0,0,0;0,0,30,31,0,0,0,0,0,0;0,35,0,39,0,0,0,0,0,0;0,0,0,0,34,0,0,0,0,0;0,0,36,0,0,24,26,0,33,37;37,0,0,0,0,0,0,0,34,29;14,0,0,0,24,0,0,0,31,35;0,0,0,0,0,0,0,0,36,0;0,0,0,0,0,0,0,26,0,32;0,32,23,0,0,36,38,31,0,0
-10,11,0,0,0,-30,0,0,0,29
------------- End of Scenario k = 3 -------
0,0,46,0,25,0,0,0,0,0;0,0,80,30,0,0,0,0,0,0;0,68,0,26,0,0,0,0,0,0;0,0,0,0,80,0,0,0,0,0;0,0,45,0,0,80,80,0,79,42;64,0,0,0,0,0,0,0,38,76;80,0,0,0,23,0,0,0,69,62;0,0,0,0,0,0,0,0,27,0;0,0,0,0,0,0,0,69,0,71;0,42,43,0,0,79,26,72,0,0
0,0,34,0,33,0,0,0,0,0;0,0,37,38,0,0,0,0,0,0;0,29,0,25,0,0,0,0,0,0;0,0,0,0,35,0,0,0,0,0;0,0,27,0,0,22,17,0,21,38;29,0,0,0,0,0,0,0,29,23;19,0,0,0,27,0,0,0,24,23;0,0,0,0,0,0,0,0,40,0;0,0,0,0,0,0,0,39,0,37;0,21,34,0,0,31,28,37,0,0
-3,12,0,0,0,-39,0,0,0,30
------------- End of Scenario k = 4 -------
0,0,49,0,62,0,0,0,0,0;0,0,80,61,0,0,0,0,0,0;0,63,0,80,0,0,0,0,0,0;0,0,0,0,80,0,0,0,0,0;0,0,68,0,0,39,80,0,26,42;74,0,0,0,0,0,0,0,28,50;80,0,0,0,79,0,0,0,40,35;0,0,0,0,0,0,0,0,36,0;0,0,0,0,0,0,0,50,0,35;0,72,63,0,0,40,28,80,0,0
0,0,36,0,32,0,0,0,0,0;0,0,27,40,0,0,0,0,0,0;0,21,0,26,0,0,0,0,0,0;0,0,0,0,38,0,0,0,0,0;0,0,38,0,0,26,36,0,27,39;23,0,0,0,0,0,0,0,27,29;28,0,0,0,29,0,0,0,24,33;0,0,0,0,0,0,0,0,32,0;0,0,0,0,0,0,0,23,0,24;0,23,29,0,0,35,27,33,0,0
0,21,0,0,0,-49,0,0,0,28
------------- End of Scenario k = 5 -------
0,0,25,0,41,0,0,0,0,0;0,0,48,65,0,0,0,0,0,0;0,53,0,57,0,0,0,0,0,0;0,0,0,0,50,0,0,0,0,0;0,0,24,0,0,80,45,0,68,54;78,0,0,0,0,0,0,0,76,27;80,0,0,0,64,0,0,0,34,32;0,0,0,0,0,0,0,0,80,0;0,0,0,0,0,0,0,50,0,31;0,41,53,0,0,80,57,24,0,0
0,0,40,0,40,0,0,0,0,0;0,0,34,38,0,0,0,0,0,0;0,31,0,34,0,0,0,0,0,0;0,0,0,0,28,0,0,0,0,0;0,0,24,0,0,36,31,0,36,39;30,0,0,0,0,0,0,0,32,22;26,0,0,0,35,0,0,0,33,30;0,0,0,0,0,0,0,0,39,0;0,0,0,0,0,0,0,34,0,22;0,34,37,0,0,40,20,40,0,0
-13,22,0,0,0,-31,0,0,0,22
------------- End of Scenario k = 6 -------
0,0,57,0,38,0,0,0,0,0;0,0,80,69,0,0,0,0,0,0;0,33,0,72,0,0,0,0,0,0;0,0,0,0,29,0,0,0,0,0;0,0,35,0,0,80,73,0,33,62;42,0,0,0,0,0,0,0,59,66;38,0,0,0,71,0,0,0,66,63;0,0,0,0,0,0,0,0,80,0;0,0,0,0,0,0,0,41,0,47;0,40,58,0,0,80,54,33,0,0
0,0,20,0,27,0,0,0,0,0;0,0,19,27,0,0,0,0,0,0;0,33,0,19,0,0,0,0,0,0;0,0,0,0,31,0,0,0,0,0;0,0,23,0,0,35,35,0,25,23;30,0,0,0,0,0,0,0,30,27;32,0,0,0,32,0,0,0,22,37;0,0,0,0,0,0,0,0,27,0;0,0,0,0,0,0,0,40,0,30;0,31,28,0,0,18,24,33,0,0
-7,18,0,0,0,-23,0,0,0,12
------------- End of Scenario k = 7 -------
0,0,30,0,69,0,0,0,0,0;0,0,53,52,0,0,0,0,0,0;0,34,0,42,0,0,0,0,0,0;0,0,0,0,50,0,0,0,0,0;0,0,22,0,0,61,80,0,39,60;78,0,0,0,0,0,0,0,59,31;80,0,0,0,52,0,0,0,64,57;0,0,0,0,0,0,0,0,34,0;0,0,0,0,0,0,0,61,0,23;0,71,21,0,0,24,37,70,0,0
0,0,20,0,20,0,0,0,0,0;0,0,31,40,0,0,0,0,0,0;0,24,0,29,0,0,0,0,0,0;0,0,0,0,37,0,0,0,0,0;0,0,36,0,0,34,29,0,32,23;37,0,0,0,0,0,0,0,40,37;38,0,0,0,33,0,0,0,22,40;0,0,0,0,0,0,0,0,29,0;0,0,0,0,0,0,0,25,0,24;0,36,37,0,0,18,37,29,0,0
-4,29,0,0,0,-37,0,0,0,12
------------- End of Scenario k = 8 -------
0,0,75,0,53,0,0,0,0,0;0,0,54,50,0,0,0,0,0,0;0,38,0,78,0,0,0,0,0,0;0,0,0,0,80,0,0,0,0,0;0,0,43,0,0,80,36,0,62,73;69,0,0,0,0,0,0,0,79,51;80,0,0,0,25,0,0,0,73,61;0,0,0,0,0,0,0,0,53,0;0,0,0,0,0,0,0,68,0,71;0,31,50,0,0,65,28,22,0,0
0,0,30,0,30,0,0,0,0,0;0,0,24,21,0,0,0,0,0,0;0,36,0,39,0,0,0,0,0,0;0,0,0,0,38,0,0,0,0,0;0,0,27,0,0,33,35,0,34,32;32,0,0,0,0,0,0,0,28,28;38,0,0,0,34,0,0,0,25,28;0,0,0,0,0,0,0,0,27,0;0,0,0,0,0,0,0,31,0,22;0,25,22,0,0,22,35,23,0,0
-5,24,0,0,0,-34,0,0,0,15
------------- End of Scenario k = 9 -------
