/ -------------------------------------------------------------------------
An instance of the stochastic Fixed - charge Network Flow Problem using NETGEN.
/ -------------------------------------------------------------------------
Number of Nodes (no Dummy node is added), n
Graph Density, density
The fixed cost to variable cost ratio, f
Adjacency Matrix, A
Fixed Cost Matrix, c
Number of scenarios, K
Scenario Probabilities, p
----The following three rows will be repeated K times.----
Var Cost Matrix, d
Capacity, u
demand, b
/ -------------------------------------------------------------------------
+
30
0.6
200
0,1,0,1,0,1,1,0,1,1,1,1,1,1,1,0,1,0,1,1,1,0,0,1,1,1,1,1,0,0;1,0,1,0,1,1,0,1,0,1,0,1,1,1,0,0,0,0,1,1,1,0,1,1,0,0,1,0,0,1;1,1,0,1,1,1,1,1,1,1,1,1,1,0,1,0,0,1,1,1,1,1,1,0,1,1,1,1,1,0;1,1,1,0,0,1,0,1,0,1,1,1,1,0,1,1,1,1,1,0,1,0,1,1,0,0,1,0,1,1;0,1,1,1,0,1,0,1,0,0,1,0,1,1,1,1,1,1,0,0,1,1,1,0,1,1,1,1,0,1;1,1,0,1,1,0,0,0,0,1,1,1,1,0,0,1,0,1,1,1,1,0,1,1,1,1,0,0,1,0;0,0,0,0,0,1,0,1,1,0,1,0,1,0,1,1,1,1,0,1,1,1,0,1,0,1,1,1,0,0;1,0,0,0,1,0,1,0,1,1,1,1,0,0,1,1,1,0,0,1,1,1,0,0,0,1,1,1,1,1;0,0,1,0,1,0,1,0,0,1,1,1,1,0,1,1,1,0,0,1,0,0,1,0,1,1,0,1,1,1;1,0,1,1,0,0,1,0,1,0,1,1,1,0,0,1,1,1,1,0,1,0,1,1,0,0,1,0,1,1;0,1,1,1,0,1,1,0,0,1,0,1,1,1,0,1,0,1,0,0,0,1,0,0,0,1,1,1,0,1;1,0,0,0,1,0,1,1,1,1,0,0,1,1,1,0,0,1,1,1,0,1,0,0,0,1,0,0,0,1;0,1,0,0,0,1,1,1,1,1,0,1,0,1,1,0,1,0,1,1,0,1,1,1,0,1,1,1,1,1;1,0,1,1,0,1,0,1,0,0,1,0,1,0,1,0,1,1,0,1,0,1,1,0,0,1,0,0,0,1;0,0,0,0,1,1,0,1,1,1,1,1,1,0,0,0,1,1,1,1,1,1,1,1,1,0,1,0,1,0;0,1,1,0,0,1,1,1,1,1,0,1,1,1,0,0,1,1,0,0,1,1,0,0,0,1,0,0,1,0;1,1,0,0,1,0,0,1,1,0,1,0,1,1,0,1,0,1,1,1,1,0,1,1,1,0,1,1,0,0;0,0,0,1,1,0,1,0,1,1,0,0,1,1,0,1,1,0,1,0,0,1,0,0,1,0,1,1,0,1;0,1,0,0,0,1,0,1,0,1,0,0,1,1,0,0,0,1,0,0,1,1,1,0,1,1,1,0,0,1;1,1,0,1,1,1,0,0,1,0,0,1,1,1,1,1,1,0,0,0,0,0,1,1,0,0,0,0,0,0;1,1,0,0,1,0,0,0,1,1,1,1,0,1,0,1,1,1,1,1,0,0,0,0,1,1,1,1,0,1;1,0,0,1,1,1,1,1,0,0,1,1,0,1,1,1,0,0,1,1,1,0,1,0,1,1,1,0,0,1;0,1,0,0,1,0,1,0,1,1,1,0,1,0,0,0,1,0,1,0,1,1,0,1,0,1,1,0,1,1;1,0,0,1,1,0,0,1,1,0,0,0,0,0,0,1,1,1,0,1,1,1,1,0,1,1,0,0,0,1;1,1,1,1,1,0,1,0,1,1,0,1,0,0,1,0,1,1,0,0,0,1,1,1,0,1,0,0,0,1;0,1,1,1,0,1,0,1,0,0,1,1,1,1,1,1,1,1,1,1,0,1,1,1,1,0,1,1,0,0;1,1,1,0,1,0,1,1,1,0,0,1,1,1,1,0,1,1,1,0,0,1,0,1,1,1,0,0,0,0;0,1,1,1,0,1,1,1,1,0,1,1,1,1,0,0,0,1,1,0,1,1,1,1,1,1,1,0,0,1;0,1,0,0,0,0,1,0,1,1,0,0,0,0,1,0,0,1,1,1,1,1,0,1,1,1,0,1,0,0;1,1,1,0,0,0,0,0,1,1,0,1,0,1,0,1,0,0,0,0,1,1,0,0,1,1,1,0,1,0
0,9800,0,9820,0,9240,8640,0,9340,9900,10360,7600,9560,9520,10120,0,9700,0,9520,8900,7620,0,0,7900,10040,10320,10940,10380,0,0;10980,0,11680,0,10320,9440,0,8100,0,9960,0,10800,10080,10480,0,0,0,0,9160,11060,10380,0,9220,11280,0,0,10020,0,0,9000;12480,9160,0,13319,7940,8440,11320,7900,10400,14460,11220,11500,11380,0,9620,0,0,12620,11160,11600,10520,10620,12060,0,10340,11400,8400,8360,10260,0;10700,9480,11440,0,0,9800,0,10240,0,9320,9280,10880,11000,0,10600,9680,10000,8980,9320,0,10980,0,6959,10880,0,0,8020,0,10020,10840;0,11100,11060,8860,0,13000,0,8400,0,0,10680,0,9560,11220,8500,9540,10220,14380,0,0,11640,10400,10220,0,12580,9160,10120,7200,0,9760;14280,8800,0,10380,8900,0,0,0,0,11840,12280,9540,8720,0,0,10200,0,8980,9600,8880,8960,0,10920,11680,8420,9740,0,0,8520,0;0,0,0,0,0,9100,0,10820,8940,0,9220,0,10900,0,11320,8940,10020,13480,0,9760,11940,9200,0,11620,0,9620,9680,8540,0,0;12360,0,0,0,11280,0,12740,0,14219,12200,10400,9780,0,0,9400,8960,10300,0,0,8940,9760,10200,0,0,0,10800,10760,9960,11100,12160;0,0,8360,0,10960,0,10920,0,0,9980,13140,8640,10020,0,9740,10620,8420,0,0,7240,0,0,10580,0,13880,8300,0,11300,8220,12480;8480,0,9840,12300,0,0,8800,0,9960,0,9360,10860,11020,0,0,8640,12040,10200,11980,0,8340,0,9340,11600,0,0,9500,0,9940,7280;0,10060,11500,10360,0,12800,8600,0,0,9180,0,9860,9500,9020,0,10260,0,10820,0,0,0,10740,0,0,0,10200,9260,8700,0,11200;9800,0,0,0,10900,0,13100,11100,9760,8240,0,0,11440,7559,10140,0,0,9120,8820,10180,0,8600,0,0,0,10780,0,0,0,9780;0,9280,0,0,0,9640,10360,11140,10880,10800,0,9600,0,11120,9720,0,8600,0,8360,11100,0,9360,10360,10760,0,8740,10320,9520,9700,11480;11760,0,9860,9500,0,9260,0,11640,0,0,12800,0,11000,0,14540,0,8500,11080,0,10060,0,10580,11340,0,0,10380,0,0,0,9080;0,0,0,0,11600,9860,0,11140,10580,10000,9160,6920,9680,0,0,0,11040,14540,7620,10360,10620,12120,9120,9760,13960,0,10960,0,9420,0;0,9880,9460,0,0,9520,10000,10020,8240,11040,0,9080,10960,8720,0,0,13860,12560,0,0,10880,12100,0,0,0,10860,0,0,9380,0;10840,9720,0,0,9080,0,0,11780,9180,0,9580,0,8900,11320,0,9540,0,8380,14100,11360,10980,0,11360,9360,13600,0,8640,9760,0,0;0,0,0,10660,10640,0,11240,0,10280,12880,0,0,9960,11980,0,9900,10940,0,8580,0,0,9200,0,0,8900,0,9740,9720,0,9740;0,10700,0,0,0,11300,0,11920,0,13640,0,0,10800,9980,0,0,0,11560,0,0,10600,12000,10440,0,10020,10840,8200,0,0,10920;11020,9580,0,10680,8800,10620,0,0,9580,0,0,8820,13960,9920,10640,8820,9080,0,0,0,0,0,8400,12200,0,0,0,0,0,0;9860,11340,0,0,9920,0,0,0,10200,11380,10440,8300,0,8860,0,7759,9120,9440,9820,9760,0,0,0,0,9640,10440,9880,9540,0,10120;13719,0,0,11920,11300,11380,7740,11180,0,0,13200,9860,0,11900,10820,10760,0,0,10740,9380,14800,0,13000,0,10600,11320,8620,0,0,10780;0,11700,0,0,8340,0,9900,0,10060,15660,9760,0,10760,0,0,0,8600,0,9780,0,9780,9180,0,10540,0,12140,11760,0,13460,11120;13880,0,0,10660,10320,0,0,8760,9840,0,0,0,0,0,0,13340,9560,11100,0,11820,9920,10640,10500,0,8540,9060,0,0,0,10320;9260,10280,10020,8760,10440,0,9820,0,11220,8260,0,10640,0,0,9280,0,12640,12240,0,0,0,9620,10580,8500,0,11620,0,0,0,9500;0,10420,9920,11480,0,9980,0,11320,0,0,13819,10760,9580,9460,9380,8640,11380,7500,9980,11420,0,11520,12020,9300,10020,0,10380,11160,0,0;9140,10060,12960,0,9780,0,10040,9700,11080,0,0,9740,10600,10100,7280,0,8820,12440,9080,0,0,13680,0,7400,11880,9300,0,0,0,0;0,9760,10420,10720,0,11680,9100,10080,11160,0,11580,10340,11400,8580,0,0,0,11160,9840,0,10320,11440,9240,8700,9540,10920,10200,0,0,14180;0,9360,0,0,0,0,9840,0,10180,13500,0,0,0,0,9860,0,0,8800,11060,8680,11860,11020,0,11340,10400,10540,0,13160,0,0;9900,10900,9240,0,0,0,0,0,9340,9600,0,9160,0,11180,0,11280,0,0,0,0,8400,9020,0,0,10620,9440,9840,0,11640,0
10
0.2,0.05,0.1,0.05,0.3,0.05,0.05,0.05,0.05,0.1
--Scenarios--
0,63,0,39,0,76,74,0,65,22,54,29,41,35,54,0,31,0,55,32,26,0,0,20,68,23,70,36,0,0;80,0,59,0,57,28,0,25,0,49,0,57,50,68,0,0,0,0,28,78,55,0,62,49,0,0,72,0,0,20;79,74,0,60,39,29,69,63,30,80,78,75,74,0,33,0,0,80,58,44,27,50,45,0,73,47,68,66,67,0;80,31,67,0,0,54,0,64,0,64,57,60,44,0,57,45,49,61,43,0,74,0,27,64,0,0,61,0,48,30;0,64,73,30,0,80,0,62,0,0,67,0,48,48,74,45,73,80,0,0,75,23,37,0,34,26,27,43,0,53;80,26,0,49,40,0,0,0,0,71,24,26,64,0,0,77,0,32,79,33,28,0,56,79,58,64,0,0,69,0;0,0,0,0,0,21,0,29,54,0,51,0,22,0,59,42,42,25,0,34,73,21,0,48,0,24,28,47,0,0;80,0,0,0,67,0,71,0,80,80,23,41,0,0,25,41,37,0,0,41,65,40,0,0,0,44,52,29,57,66;0,0,66,0,80,0,46,0,0,21,20,30,78,0,28,67,54,0,0,21,0,0,54,0,35,41,0,76,33,72;46,0,48,60,0,0,60,0,53,0,74,38,24,0,0,45,24,76,73,0,24,0,63,60,0,0,79,0,79,37;0,70,20,64,0,42,41,0,0,66,0,70,68,28,0,55,0,69,0,0,0,77,0,0,0,35,79,47,0,52;73,0,0,0,70,0,80,42,39,32,0,0,58,54,25,0,0,62,32,80,0,52,0,0,0,55,0,0,0,43;0,48,0,0,0,49,22,46,66,59,0,75,0,26,48,0,72,0,58,54,0,28,54,75,0,42,25,36,53,46;69,0,35,25,0,38,0,22,0,0,55,0,44,0,80,0,29,51,0,62,0,31,72,0,0,47,0,0,0,73;0,0,0,0,75,58,0,28,76,24,29,24,54,0,0,0,40,61,56,77,28,38,38,46,80,0,37,0,60,0;0,21,44,0,0,56,71,31,44,58,0,32,56,40,0,0,80,52,0,0,32,61,0,0,0,63,0,0,45,0;56,23,0,0,39,0,0,59,42,0,56,0,32,72,0,32,0,43,80,58,33,0,76,80,80,0,20,60,0,0;0,0,0,33,25,0,26,0,64,76,0,0,24,74,0,35,58,0,22,0,0,56,0,0,51,0,56,29,0,26;0,45,0,0,0,70,0,70,0,80,0,0,20,66,0,0,0,30,0,0,64,62,57,0,50,62,23,0,0,48;80,46,0,55,64,70,0,0,45,0,0,75,80,69,26,60,33,0,0,0,0,0,67,80,0,0,0,0,0,0;48,68,0,0,50,0,0,0,70,48,28,40,0,78,0,29,60,31,46,63,0,0,0,0,50,80,70,35,0,51;80,0,0,52,70,68,41,66,0,0,60,30,0,30,44,58,0,0,50,62,63,0,80,0,63,69,46,0,0,55;0,80,0,0,39,0,24,0,30,63,40,0,78,0,0,0,68,0,60,0,42,26,0,28,0,24,27,0,79,39;80,0,0,79,45,0,0,45,61,0,0,0,0,0,0,80,53,68,0,80,67,44,53,0,31,49,0,0,0,58;25,79,73,25,26,0,48,0,49,36,0,65,0,0,66,0,62,70,0,0,0,73,41,48,0,53,0,0,0,65;0,76,26,64,0,51,0,42,0,0,48,65,71,28,72,57,35,29,73,24,0,79,77,32,29,0,46,47,0,0;80,63,58,0,65,0,43,35,69,0,0,46,62,44,26,0,37,80,28,0,0,80,0,55,46,73,0,0,0,0;0,52,35,77,0,52,57,69,80,0,80,38,72,29,0,0,0,45,45,0,76,71,33,65,32,24,67,0,0,25;0,50,0,0,0,0,71,0,77,80,0,0,0,0,63,0,0,40,74,39,80,34,0,58,28,53,0,58,0,0;59,80,24,0,0,0,0,0,64,26,0,33,0,21,0,73,0,0,0,0,62,65,0,0,66,22,21,0,65,0
0,24,0,39,0,22,24,0,27,38,37,28,40,36,23,0,34,0,23,21,35,0,0,23,29,28,21,40,0,0;20,0,24,0,36,40,0,32,0,25,0,25,20,28,0,0,0,0,34,21,22,0,29,24,0,0,30,0,0,20;21,23,0,19,30,24,22,21,36,38,33,34,25,0,31,0,0,31,27,38,30,27,31,0,26,25,33,39,40,0;27,33,21,0,0,23,0,22,0,35,34,27,37,0,25,25,25,32,37,0,34,0,26,26,0,0,27,0,21,40;0,40,34,30,0,40,0,31,0,0,26,0,20,27,36,28,23,33,0,0,28,23,36,0,40,29,31,40,0,24;25,23,0,34,34,0,0,0,0,23,40,35,22,0,0,26,0,40,31,37,26,0,32,21,39,38,0,0,22,0;0,0,0,0,0,38,0,32,21,0,26,0,26,0,27,40,27,20,0,36,35,28,0,37,0,25,34,23,0,0;30,0,0,0,34,0,21,0,39,33,22,28,0,0,21,33,38,0,0,27,22,25,0,0,0,32,30,29,20,24;0,0,22,0,35,0,36,0,0,29,24,24,29,0,24,26,30,0,0,24,0,0,30,0,30,33,0,23,21,36;32,0,33,21,0,0,22,0,34,0,25,27,25,0,0,35,29,27,28,0,39,0,36,34,0,0,29,0,21,31;0,22,30,20,0,36,38,0,0,36,0,40,24,28,0,24,0,40,0,0,0,32,0,0,0,40,26,30,0,35;36,0,0,0,33,0,31,23,28,30,0,0,27,37,29,0,0,40,23,25,0,24,0,0,0,26,0,0,0,36;0,39,0,0,0,30,21,32,30,40,0,26,0,23,21,0,26,0,26,20,0,39,35,21,0,32,23,34,37,20;27,0,24,33,0,29,0,20,0,0,36,0,32,0,34,0,31,35,0,24,0,29,36,0,0,37,0,0,0,20;0,0,0,0,28,39,0,26,27,30,37,30,26,0,0,0,29,40,25,26,36,38,29,40,31,0,28,0,26,0;0,28,26,0,0,31,22,30,36,40,0,25,38,25,0,0,32,40,0,0,37,28,0,0,0,31,0,0,21,0;25,27,0,0,22,0,0,37,31,0,25,0,30,30,0,21,0,28,28,27,27,0,28,32,30,0,21,34,0,0;0,0,0,32,25,0,34,0,39,28,0,0,38,26,0,25,38,0,36,0,0,31,0,0,39,0,39,39,0,26;0,26,0,0,0,23,0,39,0,40,0,0,34,24,0,0,0,22,0,0,29,26,35,0,32,27,37,0,0,24;28,24,0,37,28,36,0,0,31,0,0,24,30,20,36,39,34,0,0,0,0,0,39,40,0,0,0,0,0,0;25,25,0,0,32,0,0,0,25,40,21,24,0,31,0,37,36,24,25,33,0,0,0,0,35,37,27,21,0,37;36,0,0,35,40,27,35,24,0,0,26,24,0,36,25,21,0,0,39,26,40,0,34,0,30,23,38,0,0,31;0,36,0,0,34,0,28,0,35,39,23,0,33,0,0,0,29,0,29,0,21,39,0,20,0,22,37,0,34,30;28,0,0,40,27,0,0,39,37,0,0,0,0,0,0,31,37,27,0,26,40,32,27,0,25,38,0,0,0,34;33,35,26,30,40,0,26,0,37,32,0,36,0,0,33,0,24,26,0,0,0,23,35,33,0,30,0,0,0,23;0,35,32,39,0,34,0,29,0,0,30,33,23,29,31,37,20,31,38,30,0,35,33,20,24,0,35,31,0,0;25,36,29,0,26,0,37,20,22,0,0,37,29,36,29,0,25,30,25,0,0,27,0,27,39,39,0,0,0,0;0,38,29,40,0,28,24,25,32,0,37,31,38,33,0,0,0,33,36,0,39,32,34,32,31,33,38,0,0,33;0,36,0,0,0,0,32,0,25,27,0,0,0,0,21,0,0,31,28,20,25,28,0,30,30,34,0,22,0,0;29,30,38,0,0,0,0,0,20,33,0,36,0,37,0,40,0,0,0,0,36,39,0,0,39,24,31,0,33,0
-12,18,0,0,21,0,0,0,0,-25,-13,19,0,0,0,0,0,-26,0,23,-25,0,0,26,-44,0,21,0,17,0
------------- End of Scenario k = 0 -------
0,52,0,38,0,27,33,0,35,47,35,28,73,42,73,0,41,0,57,26,33,0,0,32,24,78,46,59,0,0;75,0,34,0,76,30,0,50,0,31,0,25,33,63,0,0,0,0,35,27,64,0,26,76,0,0,32,0,0,32;42,33,0,46,46,36,33,29,74,80,66,79,55,0,46,0,0,80,54,73,44,61,31,0,57,70,32,27,33,0;26,59,79,0,0,31,0,44,0,43,69,76,76,0,28,43,55,76,58,0,73,0,53,40,0,0,60,0,36,73;0,78,78,33,0,80,0,25,0,0,71,0,57,67,60,24,69,80,0,0,80,33,39,0,24,67,43,30,0,80;41,41,0,75,55,0,0,0,0,54,59,48,41,0,0,66,0,50,44,33,28,0,28,64,34,77,0,0,24,0;0,0,0,0,0,35,0,36,20,0,36,0,73,0,64,34,54,78,0,41,38,63,0,50,0,49,62,21,0,0;64,0,0,0,76,0,60,0,80,56,61,77,0,0,57,29,35,0,0,62,69,29,0,0,0,63,74,31,64,70;0,0,30,0,45,0,44,0,0,78,80,21,55,0,28,78,80,0,0,43,0,0,54,0,80,20,0,65,25,67;37,0,57,60,0,0,29,0,29,0,61,52,44,0,0,46,77,26,76,0,77,0,60,71,0,0,55,0,22,28;0,70,76,74,0,50,73,0,0,29,0,64,31,61,0,61,0,43,0,0,0,32,0,0,0,55,71,35,0,50;47,0,0,0,53,0,22,39,59,44,0,0,52,25,46,0,0,39,53,40,0,46,0,0,0,26,0,0,0,34;0,53,0,0,0,50,38,45,53,58,0,55,0,80,79,0,20,0,33,31,0,75,32,56,0,77,43,56,67,55;69,0,71,36,0,31,0,66,0,0,52,0,67,0,41,0,61,50,0,73,0,33,21,0,0,46,0,0,0,32;0,0,0,0,72,33,0,48,62,76,20,29,27,0,0,0,76,80,25,27,54,57,43,53,80,0,78,0,32,0;0,47,63,0,0,63,55,58,57,60,0,44,59,66,0,0,31,34,0,0,38,77,0,0,0,69,0,0,73,0;40,35,0,0,41,0,0,53,33,0,37,0,74,29,0,24,0,27,34,45,54,0,53,27,25,0,47,33,0,0;0,0,0,79,60,0,75,0,68,72,0,0,47,29,0,26,56,0,32,0,0,65,0,0,41,0,61,41,0,59;0,53,0,0,0,75,0,48,0,78,0,0,50,42,0,0,0,72,0,0,62,47,74,0,24,38,50,0,0,70;80,46,0,71,34,79,0,0,66,0,0,79,75,36,78,22,40,0,0,0,0,0,42,37,0,0,0,0,0,0;37,35,0,0,58,0,0,0,35,34,80,27,0,63,0,34,41,57,62,62,0,0,0,0,63,64,68,50,0,68;80,0,0,78,68,78,27,49,0,0,78,68,0,53,78,74,0,0,80,26,80,0,67,0,66,39,50,0,0,39;0,57,0,0,46,0,34,0,58,80,61,0,22,0,0,0,32,0,25,0,55,21,0,74,0,80,52,0,68,55;62,0,0,40,65,0,0,24,29,0,0,0,0,0,0,80,61,36,0,34,72,60,38,0,47,25,0,0,0,50;57,23,21,31,39,0,61,0,66,29,0,54,0,0,20,0,69,77,0,0,0,58,53,42,0,66,0,0,0,42;0,43,28,53,0,51,0,66,0,0,80,34,42,69,54,40,37,24,47,44,0,35,48,53,29,0,20,62,0,0;21,49,68,0,22,0,55,30,40,0,0,42,55,35,23,0,45,41,59,0,0,80,0,42,62,43,0,0,0,0;0,61,78,61,0,44,79,78,61,0,80,70,67,20,0,0,0,20,55,0,20,76,22,24,74,28,70,0,0,80;0,25,0,0,0,0,58,0,57,80,0,0,0,0,47,0,0,57,52,55,80,42,0,74,69,76,0,80,0,0;78,49,63,0,0,0,0,0,43,52,0,44,0,67,0,29,0,0,0,0,33,75,0,0,44,59,21,0,66,0
0,21,0,30,0,40,33,0,23,35,29,36,36,23,33,0,23,0,33,38,40,0,0,34,31,21,27,29,0,0;29,0,32,0,24,29,0,23,0,38,0,37,38,33,0,0,0,0,30,38,36,0,33,40,0,0,27,0,0,36;25,28,0,38,22,24,40,28,24,21,27,23,36,0,36,0,0,28,35,22,35,20,39,0,22,40,37,20,29,0;39,31,28,0,0,21,0,23,0,29,23,39,40,0,20,23,27,37,24,0,27,0,38,24,0,0,40,0,31,34;0,33,32,31,0,18,0,26,0,0,21,0,34,25,26,40,27,39,0,0,33,22,25,0,21,22,38,25,0,23;34,40,0,25,36,0,0,0,0,40,32,26,22,0,0,38,0,40,35,25,27,0,39,20,33,38,0,0,30,0;0,0,0,0,0,20,0,36,26,0,21,0,37,0,40,27,37,40,0,24,25,34,0,38,0,27,23,25,0,0;23,0,0,0,24,0,29,0,24,27,34,30,0,0,32,34,28,0,0,36,32,37,0,0,0,27,32,25,37,38;0,0,38,0,23,0,23,0,0,22,36,38,26,0,40,35,23,0,0,37,0,0,40,0,34,22,0,25,28,24;32,0,22,34,0,0,22,0,33,0,29,25,28,0,0,37,24,29,32,0,32,0,36,31,0,0,30,0,34,21;0,39,37,25,0,26,35,0,0,30,0,26,39,21,0,25,0,33,0,0,0,28,0,0,0,40,23,20,0,25;29,0,0,0,36,0,38,30,21,30,0,0,25,24,31,0,0,35,32,34,0,33,0,0,0,25,0,0,0,37;0,25,0,0,0,39,28,22,39,33,0,23,0,36,33,0,38,0,34,35,0,31,20,37,0,20,31,23,22,28;38,0,25,24,0,22,0,39,0,0,36,0,40,0,19,0,39,20,0,33,0,24,33,0,0,35,0,0,0,21;0,0,0,0,40,35,0,25,39,40,39,27,24,0,0,0,23,22,32,38,39,37,21,35,26,0,30,0,40,0;0,33,30,0,0,24,34,21,40,37,0,22,31,40,0,0,39,17,0,0,39,25,0,0,0,23,0,0,39,0;35,31,0,0,32,0,0,29,34,0,36,0,40,21,0,32,0,24,17,29,26,0,34,27,18,0,26,27,0,0;0,0,0,23,29,0,22,0,32,32,0,0,35,40,0,40,22,0,36,0,0,25,0,0,23,0,30,28,0,28;0,21,0,0,0,26,0,22,0,25,0,0,36,25,0,0,0,37,0,0,36,36,32,0,40,22,38,0,0,21;17,35,0,28,39,30,0,0,29,0,0,23,35,24,22,38,34,0,0,0,0,0,32,29,0,0,0,0,0,0;29,27,0,0,35,0,0,0,24,22,39,20,0,34,0,34,38,26,32,24,0,0,0,0,25,20,33,28,0,23;36,0,0,30,38,37,23,40,0,0,32,20,0,29,38,40,0,0,32,29,35,0,39,0,31,21,26,0,0,22;0,23,0,0,34,0,35,0,35,33,29,0,24,0,0,0,32,0,27,0,34,24,0,24,0,32,29,0,24,34;31,0,0,36,22,0,0,32,38,0,0,0,0,0,0,20,33,20,0,36,33,21,33,0,35,30,0,0,0,20;32,32,33,31,29,0,40,0,22,31,0,20,0,0,23,0,36,23,0,0,0,21,21,25,0,32,0,0,0,29;0,36,27,29,0,40,0,29,0,0,30,20,33,31,24,22,29,29,24,28,0,21,24,28,21,0,35,33,0,0;29,29,21,0,25,0,30,21,22,0,0,26,25,27,24,0,26,35,40,0,0,38,0,32,35,30,0,0,0,0;0,32,37,26,0,27,22,22,21,0,36,33,32,36,0,0,0,35,28,0,31,40,22,30,38,40,40,0,0,31;0,24,0,0,0,0,38,0,38,39,0,0,0,0,39,0,0,24,36,31,38,25,0,24,29,39,0,38,0,0;31,23,40,0,0,0,0,0,39,24,0,36,0,38,0,29,0,0,0,0,35,39,0,0,35,38,22,0,27,0
-19,17,0,0,16,0,0,0,0,-32,-15,23,0,0,0,0,0,-33,0,14,-37,0,0,15,-9,0,30,0,30,0
------------- End of Scenario k = 1 -------
0,72,0,22,0,45,26,0,76,67,36,25,58,80,60,0,57,0,22,69,20,0,0,74,72,50,23,36,0,0;78,0,21,0,40,31,0,25,0,30,0,34,65,51,0,0,0,0,25,69,52,0,33,71,0,0,67,0,0,53;32,36,0,80,54,25,71,26,60,80,42,67,71,0,79,0,0,57,40,37,53,69,71,0,39,75,60,35,47,0;24,38,26,0,0,53,0,79,0,32,39,72,75,0,51,54,64,26,35,0,30,0,23,63,0,0,26,0,76,53;0,70,33,36,0,80,0,28,0,0,57,0,36,58,37,59,49,80,0,0,38,30,68,0,76,54,73,22,0,49;80,27,0,68,46,0,0,0,0,23,79,46,25,0,0,66,0,40,66,36,27,0,23,67,34,41,0,0,60,0;0,0,0,0,0,28,0,52,22,0,80,0,73,0,32,42,33,51,0,22,80,80,0,57,0,42,35,60,0,0;75,0,0,0,80,0,76,0,80,61,44,73,0,0,32,31,43,0,0,51,29,53,0,0,0,74,55,30,61,78;0,0,67,0,80,0,55,0,0,30,49,40,28,0,74,25,30,0,0,22,0,0,76,0,80,24,0,64,28,37;25,0,45,52,0,0,34,0,59,0,49,68,38,0,0,80,76,73,37,0,48,0,51,56,0,0,27,0,77,41;0,25,51,64,0,56,51,0,0,39,0,50,24,49,0,74,0,47,0,0,0,40,0,0,0,30,27,30,0,53;65,0,0,0,34,0,67,70,71,39,0,0,37,23,59,0,0,77,41,36,0,62,0,0,0,60,0,0,0,68;0,50,0,0,0,27,70,65,73,32,0,28,0,73,25,0,50,0,38,59,0,35,52,79,0,64,64,66,44,79;53,0,36,79,0,24,0,79,0,0,80,0,22,0,80,0,48,57,0,36,0,56,66,0,0,64,0,0,0,32;0,0,0,0,52,42,0,75,64,25,80,21,72,0,0,0,68,80,74,60,68,80,21,39,80,0,66,0,33,0;0,25,32,0,0,65,25,52,28,59,0,38,59,51,0,0,80,78,0,0,71,66,0,0,0,47,0,0,66,0;76,37,0,0,22,0,0,65,42,0,47,0,53,30,0,28,0,51,80,54,49,0,44,42,57,0,24,26,0,0;0,0,0,45,35,0,77,0,71,49,0,0,62,70,0,70,51,0,22,0,0,54,0,0,25,0,28,26,0,33;0,46,0,0,0,70,0,47,0,57,0,0,75,43,0,0,0,35,0,0,59,61,64,0,30,80,57,0,0,36;80,48,0,80,69,51,0,0,24,0,0,29,35,39,74,40,47,0,0,0,0,0,56,66,0,0,0,0,0,0;47,49,0,0,60,0,0,0,75,76,51,21,0,73,0,25,78,44,80,30,0,0,0,0,46,58,31,38,0,30;80,0,0,57,73,20,51,47,0,0,65,26,0,74,34,76,0,0,49,62,80,0,72,0,20,55,21,0,0,65;0,67,0,0,54,0,80,0,23,80,55,0,31,0,0,0,41,0,57,0,50,66,0,44,0,80,72,0,71,66;80,0,0,68,24,0,0,35,64,0,0,0,0,0,0,36,47,28,0,72,56,59,28,0,49,76,0,0,0,29;59,74,60,33,67,0,67,0,67,32,0,39,0,0,71,0,35,61,0,0,0,75,30,61,0,77,0,0,0,40;0,36,55,71,0,60,0,35,0,0,80,44,24,24,52,27,30,21,21,76,0,72,69,41,75,0,23,56,0,0;27,48,49,0,41,0,31,68,37,0,0,59,39,22,38,0,34,37,59,0,0,36,0,48,80,69,0,0,0,0;0,56,26,56,0,79,60,21,21,0,27,52,76,39,0,0,0,52,51,0,68,26,72,46,70,53,31,0,0,63;0,34,0,0,0,0,50,0,63,31,0,0,0,0,27,0,0,24,47,57,40,60,0,77,77,70,0,80,0,0;20,22,40,0,0,0,0,0,22,25,0,64,0,66,0,79,0,0,0,0,20,22,0,0,27,37,63,0,73,0
0,36,0,37,0,30,24,0,38,26,26,20,33,28,27,0,24,0,29,27,36,0,0,27,36,36,21,33,0,0;30,0,33,0,22,39,0,30,0,39,0,31,22,23,0,0,0,0,38,34,24,0,30,34,0,0,36,0,0,28;35,33,0,38,31,29,27,22,28,38,34,33,24,0,33,0,0,33,32,29,35,25,31,0,32,34,32,37,25,0;38,40,39,0,0,40,0,34,0,27,26,24,28,0,24,27,36,21,31,0,38,0,37,23,0,0,34,0,21,27;0,31,27,40,0,25,0,34,0,0,21,0,36,39,24,29,28,28,0,0,22,35,33,0,31,24,35,20,0,40;25,36,0,33,28,0,0,0,0,18,32,22,28,0,0,36,0,26,28,26,32,0,40,31,37,22,0,0,22,0;0,0,0,0,0,28,0,19,20,0,32,0,29,0,37,22,27,32,0,22,29,38,0,20,0,37,32,38,0,0;29,0,0,0,39,0,36,0,15,21,33,33,0,0,34,24,30,0,0,21,32,25,0,0,0,38,21,26,20,34;0,0,30,0,27,0,28,0,0,38,33,22,23,0,22,27,35,0,0,21,0,0,31,0,31,37,0,29,25,23;33,0,40,29,0,0,38,0,23,0,36,27,20,0,0,20,34,27,40,0,40,0,25,33,0,0,29,0,25,29;0,35,37,31,0,32,22,0,0,29,0,30,25,40,0,20,0,20,0,0,0,40,0,0,0,20,31,20,0,38;21,0,0,0,20,0,18,30,29,24,0,0,32,36,27,0,0,30,23,21,0,35,0,0,0,28,0,0,0,35;0,30,0,0,0,37,23,23,31,28,0,30,0,40,40,0,29,0,37,30,0,37,36,25,0,30,25,33,28,22;23,0,20,28,0,40,0,34,0,0,34,0,31,0,33,0,33,31,0,34,0,26,21,0,0,40,0,0,0,37;0,0,0,0,33,36,0,21,28,24,35,25,23,0,0,0,22,26,22,26,30,27,34,32,35,0,30,0,31,0;0,27,20,0,0,36,38,29,20,33,0,33,31,21,0,0,25,34,0,0,38,21,0,0,0,27,0,0,35,0;35,29,0,0,28,0,0,27,24,0,23,0,32,34,0,26,0,23,14,36,29,0,21,34,35,0,25,37,0,0;0,0,0,20,37,0,24,0,38,34,0,0,36,33,0,35,37,0,36,0,0,28,0,0,39,0,27,26,0,38;0,21,0,0,0,39,0,38,0,15,0,0,30,28,0,0,0,20,0,0,20,30,25,0,25,33,29,0,0,38;23,32,0,27,35,25,0,0,33,0,0,30,36,33,25,24,32,0,0,0,0,0,31,35,0,0,0,0,0,0;32,31,0,0,22,0,0,0,23,21,33,33,0,29,0,40,25,35,38,33,0,0,0,0,28,27,40,23,0,23;39,0,0,23,36,36,34,21,0,0,26,26,0,31,28,36,0,0,26,22,38,0,38,0,29,25,23,0,0,37;0,38,0,0,23,0,34,0,24,28,28,0,26,0,0,0,40,0,27,0,32,33,0,23,0,40,29,0,28,36;37,0,0,27,39,0,0,27,23,0,0,0,0,0,0,30,28,33,0,29,39,33,35,0,39,25,0,0,0,29;32,36,24,32,20,0,35,0,36,28,0,20,0,0,34,0,35,24,0,0,0,25,28,29,0,20,0,0,0,29;0,22,36,29,0,27,0,31,0,0,34,31,35,31,22,24,21,25,22,30,0,27,22,28,35,0,38,24,0,0;33,33,39,0,20,0,27,39,21,0,0,34,36,22,39,0,32,36,40,0,0,39,0,34,34,28,0,0,0,0;0,20,25,28,0,39,27,24,30,0,37,34,31,20,0,0,0,34,39,0,29,35,22,39,36,24,40,0,0,28;0,20,0,0,0,0,31,0,26,27,0,0,0,0,25,0,0,22,21,33,26,27,0,21,21,37,0,33,0,0;35,29,24,0,0,0,0,0,31,20,0,29,0,29,0,21,0,0,0,0,33,23,0,0,22,37,36,0,24,0
-39,23,0,0,15,0,0,0,0,-27,-27,14,0,0,0,0,0,-18,0,22,-12,0,0,13,-17,0,27,0,26,0
------------- End of Scenario k = 2 -------
0,51,0,27,0,61,48,0,33,32,54,63,46,36,32,0,21,0,70,20,28,0,0,26,46,66,57,41,0,0;67,0,80,0,61,79,0,62,0,75,0,58,35,67,0,0,0,0,62,55,52,0,40,59,0,0,35,0,0,40;76,45,0,74,22,64,80,24,31,58,55,22,45,0,57,0,0,80,63,77,61,26,76,0,65,31,52,55,42,0;43,43,44,0,0,58,0,40,0,20,49,20,45,0,44,46,47,24,41,0,28,0,51,43,0,0,35,0,25,68;0,42,58,52,0,80,0,39,0,0,25,0,79,44,24,20,22,80,0,0,65,32,43,0,65,45,53,58,0,63;80,30,0,75,31,0,0,0,0,80,37,75,47,0,0,44,0,53,63,67,20,0,64,68,47,28,0,0,55,0;0,0,0,0,0,76,0,80,64,0,61,0,57,0,57,23,59,80,0,54,38,25,0,47,0,47,49,38,0,0;80,0,0,0,27,0,78,0,80,80,64,39,0,0,26,44,62,0,0,35,36,71,0,0,0,39,75,66,52,61;0,0,32,0,63,0,38,0,0,45,80,34,31,0,60,65,51,0,0,23,0,0,54,0,23,30,0,76,23,72;30,0,80,38,0,0,26,0,66,0,69,68,67,0,0,38,58,20,62,0,70,0,44,43,0,0,29,0,21,42;0,66,61,59,0,54,41,0,0,67,0,24,33,79,0,21,0,35,0,0,0,56,0,0,0,24,45,36,0,24;36,0,0,0,45,0,45,54,40,29,0,0,38,25,62,0,0,21,63,42,0,52,0,0,0,46,0,0,0,69;0,36,0,0,0,57,59,80,79,52,0,41,0,80,31,0,60,0,41,63,0,66,69,26,0,33,76,76,50,52;79,0,61,36,0,79,0,78,0,0,27,0,72,0,80,0,65,42,0,73,0,49,73,0,0,63,0,0,0,42;0,0,0,0,64,66,0,60,26,66,38,54,55,0,0,0,49,63,23,69,27,22,34,52,34,0,48,0,73,0;0,22,43,0,0,53,54,60,31,67,0,34,23,44,0,0,80,46,0,0,51,76,0,0,0,65,0,0,50,0;67,76,0,0,31,0,0,78,61,0,38,0,27,64,0,65,0,25,69,34,40,0,58,32,46,0,22,68,0,0;0,0,0,34,50,0,76,0,33,50,0,0,70,78,0,72,53,0,44,0,0,45,0,0,66,0,77,45,0,76;0,60,0,0,0,60,0,68,0,80,0,0,77,46,0,0,0,78,0,0,29,57,66,0,47,70,23,0,0,69;72,24,0,43,24,26,0,0,51,0,0,64,61,61,44,50,70,0,0,0,0,0,38,76,0,0,0,0,0,0;28,57,0,0,34,0,0,0,20,32,72,44,0,21,0,37,30,76,79,49,0,0,0,0,57,77,62,57,0,28;80,0,0,61,21,73,26,76,0,0,58,72,0,80,48,28,0,0,57,64,80,0,32,0,64,37,33,0,0,53;0,68,0,0,43,0,24,0,37,80,39,0,78,0,0,0,58,0,26,0,62,39,0,21,0,37,38,0,71,33;80,0,0,79,43,0,0,39,30,0,0,0,0,0,0,72,71,51,0,54,50,48,63,0,59,46,0,0,0,75;53,80,27,79,67,0,76,0,50,53,0,65,0,0,53,0,78,48,0,0,0,28,77,20,0,67,0,0,0,38;0,38,72,34,0,67,0,76,0,0,80,28,30,23,21,49,78,26,66,69,0,61,67,24,80,0,70,72,0,0;28,38,78,0,37,0,77,60,45,0,0,43,28,65,24,0,62,80,60,0,0,66,0,37,29,33,0,0,0,0;0,75,69,59,0,60,40,75,54,0,80,52,54,45,0,0,0,71,20,0,56,51,39,27,41,79,64,0,0,80;0,52,0,0,0,0,28,0,27,80,0,0,0,0,76,0,0,75,58,20,69,56,0,62,52,26,0,64,0,0;55,57,45,0,0,0,0,0,36,78,0,22,0,57,0,32,0,0,0,0,47,46,0,0,49,57,48,0,55,0
0,31,0,39,0,20,32,0,33,27,31,39,32,27,40,0,40,0,31,30,24,0,0,26,38,21,40,27,0,0;23,0,40,0,29,35,0,30,0,33,0,35,34,37,0,0,0,0,32,27,38,0,39,29,0,0,28,0,0,39;28,23,0,34,40,25,30,31,22,16,20,36,32,0,38,0,0,20,25,20,22,24,24,0,36,20,31,40,21,0;24,36,25,0,0,24,0,32,0,35,27,26,27,0,32,34,24,40,38,0,31,0,24,24,0,0,21,0,28,26;0,34,39,22,0,30,0,28,0,0,37,0,22,20,35,23,26,23,0,0,31,31,32,0,27,21,27,28,0,24;39,31,0,38,34,0,0,0,0,32,27,25,21,0,0,24,0,34,21,26,28,0,22,40,26,20,0,0,24,0;0,0,0,0,0,35,0,38,36,0,20,0,38,0,24,28,30,25,0,35,38,37,0,34,0,23,33,27,0,0;18,0,0,0,28,0,25,0,22,18,28,25,0,0,39,34,40,0,0,25,20,29,0,0,0,26,25,37,35,21;0,0,33,0,40,0,34,0,0,34,40,21,31,0,37,33,27,0,0,35,0,0,33,0,16,32,0,24,37,35;39,0,30,36,0,0,23,0,20,0,31,39,34,0,0,28,40,20,30,0,26,0,31,20,0,0,35,0,23,31;0,21,29,27,0,34,39,0,0,20,0,39,34,23,0,23,0,33,0,0,0,39,0,0,0,38,36,28,0,36;34,0,0,0,40,0,20,38,21,31,0,0,39,23,38,0,0,22,33,29,0,30,0,0,0,25,0,0,0,22;0,28,0,0,0,23,36,35,27,30,0,24,0,39,29,0,39,0,22,36,0,33,40,30,0,40,35,27,28,26;20,0,34,34,0,34,0,23,0,0,40,0,24,0,11,0,31,26,0,36,0,24,35,0,0,32,0,0,0,32;0,0,0,0,21,20,0,40,34,37,35,40,31,0,0,0,36,19,24,34,33,22,25,33,25,0,30,0,35,0;0,30,36,0,0,20,33,36,20,34,0,31,27,27,0,0,33,33,0,0,21,24,0,0,0,31,0,0,35,0;23,21,0,0,40,0,0,38,24,0,28,0,35,35,0,26,0,39,37,31,36,0,25,25,34,0,29,23,0,0;0,0,0,34,25,0,28,0,39,25,0,0,32,30,0,40,20,0,29,0,0,32,0,0,20,0,25,30,0,34;0,23,0,0,0,38,0,40,0,33,0,0,28,22,0,0,0,33,0,0,32,28,21,0,26,30,20,0,0,21;12,37,0,20,22,35,0,0,24,0,0,25,31,38,37,23,29,0,0,0,0,0,20,21,0,0,0,0,0,0;26,22,0,0,38,0,0,0,34,27,39,31,0,24,0,40,25,33,35,27,0,0,0,0,37,39,25,40,0,25;28,0,0,33,37,27,27,27,0,0,29,21,0,24,36,29,0,0,33,35,28,0,20,0,24,30,20,0,0,25;0,30,0,0,24,0,24,0,37,36,38,0,23,0,0,0,20,0,20,0,28,28,0,22,0,38,40,0,30,34;35,0,0,26,37,0,0,40,39,0,0,0,0,0,0,30,30,27,0,32,24,23,34,0,33,35,0,0,0,34;24,24,22,37,40,0,28,0,25,23,0,40,0,0,36,0,40,24,0,0,0,37,29,35,0,28,0,0,0,39;0,26,33,20,0,36,0,28,0,0,36,39,40,20,40,24,37,24,27,23,0,21,32,25,39,0,38,29,0,0;35,26,36,0,39,0,29,30,23,0,0,38,23,22,39,0,26,26,33,0,0,32,0,22,27,27,0,0,0,0;0,38,29,26,0,25,39,40,20,0,32,25,21,37,0,0,0,15,32,0,28,34,37,24,29,29,36,0,0,36;0,31,0,0,0,0,40,0,25,24,0,0,0,0,35,0,0,34,20,21,17,30,0,36,38,39,0,13,0,0;35,33,24,0,0,0,0,0,23,36,0,27,0,21,0,36,0,0,0,0,25,40,0,0,34,22,33,0,40,0
-14,10,0,0,15,0,0,0,0,-40,-10,12,0,0,0,0,0,-17,0,10,-12,0,0,28,-14,0,20,0,12,0
------------- End of Scenario k = 3 -------
0,53,0,73,0,65,33,0,24,51,40,29,28,45,23,0,50,0,25,22,42,0,0,27,51,77,56,39,0,0;35,0,80,0,72,27,0,47,0,38,0,80,75,47,0,0,0,0,67,61,57,0,51,56,0,0,28,0,0,37;36,33,0,50,39,38,62,60,28,80,79,69,47,0,22,0,0,38,30,77,67,80,58,0,45,72,40,26,70,0;78,69,51,0,0,76,0,27,0,34,76,74,70,0,47,39,22,55,58,0,80,0,21,27,0,0,25,0,72,48;0,32,62,80,0,26,0,56,0,0,65,0,48,54,43,69,40,80,0,0,27,77,64,0,80,49,77,31,0,20;71,77,0,72,32,0,0,0,0,26,70,46,59,0,0,75,0,63,67,51,77,0,62,35,29,43,0,0,23,0;0,0,0,0,0,45,0,80,76,0,20,0,77,0,68,41,20,80,0,58,80,29,0,69,0,52,59,38,0,0;77,0,0,0,44,0,78,0,41,36,59,44,0,0,63,45,47,0,0,76,59,69,0,0,0,32,21,79,63,57;0,0,23,0,42,0,65,0,0,30,54,41,63,0,30,56,50,0,0,37,0,0,23,0,80,24,0,64,65,65;29,0,67,60,0,0,25,0,66,0,30,38,58,0,0,25,62,46,52,0,28,0,38,53,0,0,41,0,41,30;0,76,73,77,0,62,28,0,0,30,0,62,71,28,0,22,0,49,0,0,0,66,0,0,0,73,70,70,0,68;42,0,0,0,56,0,80,38,35,58,0,0,76,31,60,0,0,26,44,26,0,55,0,0,0,35,0,0,0,60;0,55,0,0,0,33,47,54,31,79,0,37,0,80,27,0,42,0,76,74,0,59,72,40,0,60,42,27,21,79;26,0,68,30,0,21,0,72,0,0,80,0,32,0,58,0,21,74,0,37,0,76,58,0,0,67,0,0,0,22;0,0,0,0,37,54,0,68,60,65,28,42,76,0,0,0,49,80,28,32,68,64,52,35,80,0,27,0,78,0;0,38,66,0,0,34,60,53,64,66,0,50,73,28,0,0,80,80,0,0,62,33,0,0,0,42,0,0,65,0;79,46,0,0,60,0,0,74,45,0,54,0,60,22,0,72,0,51,80,52,27,0,42,61,80,0,37,31,0,0;0,0,0,45,46,0,26,0,64,79,0,0,62,63,0,38,61,0,55,0,0,46,0,0,40,0,32,60,0,72;0,35,0,0,0,50,0,54,0,80,0,0,50,51,0,0,0,55,0,0,74,80,77,0,75,31,79,0,0,33;34,76,0,44,48,54,0,0,56,0,0,24,80,20,44,58,55,0,0,0,0,0,29,71,0,0,0,0,0,0;54,68,0,0,30,0,0,0,73,68,24,46,0,20,0,53,62,30,48,31,0,0,0,0,46,63,20,42,0,72;49,0,0,64,48,63,61,51,0,0,71,20,0,78,40,43,0,0,58,20,72,0,21,0,60,79,31,0,0,77;0,20,0,0,28,0,24,0,41,80,28,0,69,0,0,0,62,0,78,0,55,78,0,72,0,80,72,0,46,79;80,0,0,46,66,0,0,77,65,0,0,0,0,0,0,46,26,75,0,55,72,60,59,0,56,35,0,0,0,67;45,21,54,22,25,0,54,0,62,36,0,56,0,0,38,0,58,32,0,0,0,22,63,28,0,76,0,0,0,41;0,69,56,77,0,76,0,29,0,0,80,27,77,30,26,57,52,20,71,77,0,42,71,68,45,0,47,59,0,0;78,77,75,0,70,0,40,66,49,0,0,46,77,69,39,0,46,78,22,0,0,47,0,25,80,43,0,0,0,0;0,59,33,69,0,22,23,57,66,0,71,69,31,21,0,0,0,80,43,0,68,47,63,57,26,67,37,0,0,80;0,46,0,0,0,0,41,0,57,59,0,0,0,0,52,0,0,47,67,27,80,45,0,61,40,34,0,58,0,0;51,73,39,0,0,0,0,0,71,70,0,44,0,53,0,47,0,0,0,0,57,70,0,0,34,28,35,0,75,0
0,38,0,28,0,26,31,0,28,34,30,23,21,35,38,0,39,0,33,27,24,0,0,30,24,32,22,32,0,0;35,0,25,0,38,33,0,30,0,26,0,35,24,27,0,0,0,0,28,30,25,0,40,26,0,0,37,0,0,22;25,35,0,35,38,21,39,26,22,32,30,34,29,0,20,0,0,40,32,34,20,21,39,0,36,20,20,35,36,0;24,29,26,0,0,39,0,38,0,25,27,38,28,0,35,34,24,24,27,0,40,0,39,21,0,0,36,0,30,26;0,23,36,36,0,13,0,29,0,0,36,0,31,22,29,27,23,40,0,0,27,22,29,0,26,39,26,24,0,20;27,26,0,29,25,0,0,0,0,23,27,40,20,0,0,33,0,40,27,37,34,0,40,33,31,21,0,0,27,0;0,0,0,0,0,34,0,37,29,0,26,0,27,0,27,29,39,29,0,29,32,36,0,28,0,32,37,23,0,0;33,0,0,0,26,0,20,0,35,28,23,22,0,0,25,32,26,0,0,32,28,38,0,0,0,38,31,24,29,40;0,0,22,0,28,0,38,0,0,26,28,22,23,0,39,39,28,0,0,26,0,0,30,0,35,24,0,26,37,31;40,0,29,27,0,0,38,0,36,0,25,23,27,0,0,28,20,36,37,0,21,0,21,27,0,0,21,0,25,36;0,31,20,38,0,27,27,0,0,32,0,24,31,37,0,38,0,29,0,0,0,25,0,0,0,25,28,21,0,38;26,0,0,0,38,0,27,37,37,32,0,0,36,38,21,0,0,39,27,30,0,39,0,0,0,32,0,0,0,38;0,26,0,0,0,39,33,24,20,31,0,39,0,36,30,0,36,0,36,32,0,40,30,31,0,29,20,31,35,29;22,0,34,40,0,31,0,38,0,0,30,0,40,0,32,0,24,26,0,35,0,31,23,0,0,35,0,0,0,24;0,0,0,0,32,23,0,25,27,24,33,38,35,0,0,0,21,34,37,23,33,28,23,32,27,0,20,0,36,0;0,24,24,0,0,37,33,22,32,34,0,29,35,24,0,0,31,30,0,0,25,21,0,0,0,39,0,0,27,0;36,36,0,0,30,0,0,30,25,0,23,0,29,32,0,24,0,21,40,37,26,0,22,40,31,0,26,34,0,0;0,0,0,30,40,0,26,0,26,26,0,0,28,39,0,35,29,0,20,0,0,37,0,0,39,0,27,21,0,40;0,20,0,0,0,25,0,26,0,33,0,0,32,39,0,0,0,24,0,0,25,26,22,0,37,38,38,0,0,26;32,34,0,21,36,36,0,0,30,0,0,36,33,28,34,23,27,0,0,0,0,0,29,32,0,0,0,0,0,0;39,37,0,0,26,0,0,0,34,31,30,20,0,37,0,35,26,27,23,35,0,0,0,0,40,31,30,21,0,22;30,0,0,35,21,32,38,37,0,0,22,28,0,32,26,28,0,0,36,36,31,0,40,0,38,30,25,0,0,31;0,26,0,0,24,0,29,0,22,33,31,0,40,0,0,0,40,0,29,0,20,28,0,38,0,40,36,0,35,24;29,0,0,31,26,0,0,34,33,0,0,0,0,0,0,31,27,21,0,23,21,23,21,0,36,21,0,0,0,36;36,40,34,31,30,0,21,0,30,31,0,29,0,0,38,0,36,35,0,0,0,21,20,26,0,40,0,0,0,23;0,31,40,36,0,34,0,32,0,0,30,26,21,36,22,25,20,30,29,25,0,23,21,23,29,0,29,38,0,0;32,21,32,0,39,0,40,34,24,0,0,27,22,28,26,0,37,34,20,0,0,31,0,32,29,31,0,0,0,0;0,39,23,39,0,29,22,28,21,0,34,24,29,28,0,0,0,30,25,0,24,31,23,37,22,40,40,0,0,26;0,30,0,0,0,0,25,0,31,32,0,0,0,0,34,0,0,39,32,40,26,28,0,26,22,22,0,34,0,0;40,25,25,0,0,0,0,0,26,34,0,26,0,38,0,30,0,0,0,0,40,31,0,0,28,28,37,0,33,0
-31,24,0,0,10,0,0,0,0,-23,-16,24,0,0,0,0,0,-38,0,25,-26,0,0,25,-28,0,29,0,25,0
------------- End of Scenario k = 4 -------
0,47,0,62,0,37,49,0,48,32,38,27,30,59,41,0,31,0,36,70,22,0,0,41,62,48,50,67,0,0;44,0,26,0,36,25,0,47,0,56,0,75,44,57,0,0,0,0,21,50,52,0,34,49,0,0,76,0,0,63;73,26,0,80,38,39,39,25,56,80,37,28,61,0,70,0,0,25,56,61,33,61,44,0,78,48,20,37,27,0;39,53,74,0,0,48,0,36,0,78,36,52,43,0,65,75,58,41,24,0,57,0,49,62,0,0,24,0,55,56;0,34,32,49,0,80,0,24,0,0,42,0,24,22,74,55,57,71,0,0,80,80,55,0,40,61,61,20,0,23;70,23,0,30,37,0,0,0,0,80,80,29,50,0,0,38,0,36,26,25,75,0,58,67,58,75,0,0,26,0;0,0,0,0,0,69,0,63,31,0,27,0,24,0,34,37,74,80,0,59,63,23,0,77,0,79,25,60,0,0;75,0,0,0,26,0,20,0,80,22,76,55,0,0,29,74,73,0,0,25,31,44,0,0,0,56,56,33,70,60;0,0,35,0,52,0,32,0,0,70,80,60,20,0,63,50,37,0,0,80,0,0,34,0,80,21,0,48,50,60;76,0,48,75,0,0,61,0,26,0,23,41,72,0,0,26,56,45,80,0,35,0,34,69,0,0,40,0,79,48;0,72,56,22,0,73,22,0,0,20,0,61,37,34,0,72,0,53,0,0,0,74,0,0,0,78,37,36,0,60;74,0,0,0,54,0,73,42,69,29,0,0,80,24,44,0,0,31,49,74,0,35,0,0,0,71,0,0,0,77;0,57,0,0,0,29,56,44,45,29,0,56,0,26,65,0,46,0,29,62,0,28,61,70,0,25,64,42,72,70;59,0,41,44,0,78,0,71,0,0,72,0,80,0,80,0,35,25,0,58,0,64,67,0,0,24,0,0,0,60;0,0,0,0,76,54,0,38,73,77,52,20,40,0,0,0,28,80,30,47,64,74,30,55,80,0,79,0,23,0;0,66,20,0,0,30,52,31,34,54,0,54,52,30,0,0,80,80,0,0,51,54,0,0,0,78,0,0,23,0;21,46,0,0,70,0,0,53,28,0,40,0,25,79,0,79,0,20,80,72,61,0,80,48,80,0,28,55,0,0;0,0,0,20,75,0,46,0,69,69,0,0,25,71,0,59,72,0,39,0,0,38,0,0,31,0,34,67,0,28;0,59,0,0,0,56,0,65,0,80,0,0,80,39,0,0,0,75,0,0,48,57,33,0,48,60,38,0,0,77;80,62,0,73,29,55,0,0,69,0,0,32,59,52,26,28,38,0,0,0,0,0,23,71,0,0,0,0,0,0;58,53,0,0,56,0,0,0,51,59,35,54,0,48,0,50,21,23,28,70,0,0,0,0,49,50,22,35,0,35;80,0,0,36,24,46,34,34,0,0,64,70,0,40,67,49,0,0,69,43,61,0,58,0,68,42,34,0,0,31;0,75,0,0,38,0,73,0,68,80,59,0,75,0,0,0,55,0,41,0,24,76,0,63,0,30,71,0,77,42;44,0,0,31,44,0,0,33,45,0,0,0,0,0,0,80,45,35,0,62,36,43,75,0,22,45,0,0,0,22;26,49,55,51,62,0,31,0,38,34,0,49,0,0,59,0,79,59,0,0,0,28,69,41,0,45,0,0,0,50;0,52,40,57,0,42,0,77,0,0,38,63,71,27,46,26,77,78,53,40,0,50,31,49,40,0,57,24,0,0;24,40,57,0,61,0,29,51,64,0,0,28,71,47,40,0,44,41,70,0,0,80,0,24,61,45,0,0,0,0;0,25,38,29,0,62,35,65,57,0,25,44,72,72,0,0,0,63,80,0,42,37,46,37,43,58,22,0,0,80;0,54,0,0,0,0,68,0,78,41,0,0,0,0,47,0,0,65,37,29,20,78,0,21,47,32,0,80,0,0;46,66,76,0,0,0,0,0,63,68,0,66,0,75,0,57,0,0,0,0,41,40,0,0,69,77,73,0,43,0
0,28,0,28,0,37,21,0,32,38,38,37,32,34,36,0,34,0,27,22,32,0,0,26,37,26,27,35,0,0;29,0,39,0,28,24,0,22,0,39,0,36,35,30,0,0,0,0,35,33,40,0,35,25,0,0,21,0,0,29;25,34,0,37,31,20,22,30,22,23,37,29,36,0,25,0,0,36,28,23,40,20,34,0,21,23,22,31,38,0;35,24,33,0,0,26,0,27,0,30,32,35,23,0,23,40,26,40,30,0,30,0,40,21,0,0,36,0,25,37;0,37,22,26,0,36,0,40,0,0,26,0,40,28,28,29,22,30,0,0,34,40,27,0,37,36,38,20,0,23;31,38,0,28,29,0,0,0,0,35,37,32,21,0,0,37,0,32,35,27,20,0,20,33,39,23,0,0,26,0;0,0,0,0,0,26,0,33,25,0,36,0,33,0,32,32,22,32,0,30,14,30,0,36,0,23,25,39,0,0;38,0,0,0,33,0,39,0,29,35,28,24,0,0,23,25,35,0,0,38,24,37,0,0,0,32,23,39,30,28;0,0,37,0,32,0,34,0,0,28,36,30,22,0,28,21,33,0,0,22,0,0,22,0,33,33,0,25,29,34;35,0,24,20,0,0,34,0,40,0,31,31,32,0,0,35,34,24,40,0,22,0,36,28,0,0,37,0,26,27;0,24,31,26,0,38,21,0,0,20,0,39,20,32,0,35,0,35,0,0,0,33,0,0,0,20,29,21,0,37;21,0,0,0,28,0,38,21,23,39,0,0,28,36,24,0,0,33,27,28,0,39,0,0,0,35,0,0,0,37;0,32,0,0,0,24,20,23,30,35,0,32,0,28,28,0,37,0,36,34,0,28,39,24,0,37,25,21,30,21;38,0,36,36,0,30,0,30,0,0,24,0,32,0,34,0,38,32,0,33,0,29,38,0,0,28,0,0,0,28;0,0,0,0,35,37,0,23,29,40,38,36,30,0,0,0,24,31,23,22,40,22,25,22,37,0,21,0,26,0;0,33,30,0,0,36,36,37,34,22,0,30,34,24,0,0,30,38,0,0,35,37,0,0,0,35,0,0,28,0;26,33,0,0,28,0,0,28,24,0,26,0,31,22,0,33,0,23,33,22,34,0,30,31,40,0,32,34,0,0;0,0,0,24,32,0,29,0,20,22,0,0,33,27,0,22,32,0,32,0,0,40,0,0,30,0,23,24,0,35;0,34,0,0,0,35,0,40,0,38,0,0,35,34,0,0,0,35,0,0,21,20,27,0,29,30,32,0,0,31;21,35,0,27,27,26,0,0,39,0,0,36,20,27,32,24,32,0,0,0,0,0,25,27,0,0,0,0,0,0;27,29,0,0,28,0,0,0,23,30,31,27,0,29,0,37,29,27,23,32,0,0,0,0,35,34,23,27,0,25;16,0,0,33,24,27,28,20,0,0,21,39,0,29,20,29,0,0,21,33,21,0,27,0,21,23,38,0,0,25;0,22,0,0,26,0,34,0,37,15,36,0,27,0,0,0,21,0,29,0,37,26,0,31,0,23,33,0,25,32;40,0,0,31,30,0,0,25,31,0,0,0,0,0,0,33,39,39,0,33,29,21,38,0,35,22,0,0,0,20;23,33,25,22,39,0,20,0,24,22,0,26,0,0,24,0,34,30,0,0,0,34,30,31,0,30,0,0,0,22;0,21,40,29,0,35,0,30,0,0,13,36,28,36,26,27,27,22,30,23,0,37,22,24,39,0,21,36,0,0;38,24,28,0,36,0,26,31,27,0,0,26,32,26,31,0,26,35,35,0,0,34,0,35,28,30,0,0,0,0;0,25,35,27,0,32,37,36,25,0,21,37,31,25,0,0,0,38,20,0,36,38,27,31,29,40,21,0,0,18;0,27,0,0,0,0,33,0,38,28,0,0,0,0,32,0,0,38,30,21,31,22,0,33,26,21,0,36,0,0;38,21,22,0,0,0,0,0,25,30,0,24,0,40,0,33,0,0,0,0,40,24,0,0,21,29,22,0,24,0
-17,22,0,0,29,0,0,0,0,-39,-29,13,0,0,0,0,0,-25,0,15,-11,0,0,30,-17,0,13,0,16,0
------------- End of Scenario k = 5 -------
0,26,0,46,0,70,60,0,55,75,51,67,23,46,61,0,76,0,74,33,52,0,0,49,39,25,62,74,0,0;33,0,44,0,53,54,0,23,0,24,0,39,68,44,0,0,0,0,57,64,44,0,72,39,0,0,29,0,0,40;70,59,0,80,43,70,59,20,78,80,24,55,68,0,62,0,0,80,73,24,76,28,80,0,21,60,21,44,63,0;80,56,67,0,0,36,0,66,0,51,20,33,56,0,45,56,35,45,78,0,72,0,21,79,0,0,79,0,33,71;0,73,79,35,0,80,0,21,0,0,38,0,58,80,39,45,33,80,0,0,63,39,33,0,80,26,57,50,0,46;80,69,0,22,38,0,0,0,0,73,80,62,68,0,0,24,0,20,30,65,44,0,78,24,48,67,0,0,57,0;0,0,0,0,0,23,0,32,36,0,75,0,63,0,58,47,71,58,0,61,43,28,0,56,0,41,35,61,0,0;21,0,0,0,59,0,77,0,80,75,25,73,0,0,75,35,58,0,0,35,66,59,0,0,0,40,54,39,29,71;0,0,75,0,52,0,64,0,0,69,80,29,36,0,28,71,41,0,0,34,0,0,60,0,76,80,0,31,24,61;59,0,55,47,0,0,79,0,25,0,65,67,65,0,0,24,60,78,46,0,40,0,59,60,0,0,42,0,24,31;0,36,71,40,0,80,22,0,0,49,0,61,62,24,0,45,0,74,0,0,0,36,0,0,0,78,34,45,0,50;34,0,0,0,78,0,80,76,40,58,0,0,67,63,52,0,0,57,29,67,0,58,0,0,0,68,0,0,0,35;0,24,0,0,0,79,58,73,60,75,0,64,0,23,51,0,46,0,46,63,0,56,33,63,0,21,67,50,40,57;72,0,74,70,0,44,0,44,0,0,80,0,65,0,80,0,26,80,0,27,0,54,26,0,0,60,0,0,0,34;0,0,0,0,63,64,0,68,27,75,44,21,37,0,0,0,49,43,68,55,38,65,68,52,80,0,53,0,67,0;0,80,25,0,0,38,27,42,32,36,0,25,58,43,0,0,61,57,0,0,78,42,0,0,0,33,0,0,73,0;62,60,0,0,36,0,0,75,32,0,55,0,34,56,0,55,0,49,80,63,65,0,60,46,80,0,59,43,0,0;0,0,0,55,59,0,25,0,27,78,0,0,38,54,0,52,30,0,24,0,0,24,0,0,59,0,28,49,0,23;0,77,0,0,0,34,0,62,0,77,0,0,38,47,0,0,0,61,0,0,26,73,28,0,41,59,23,0,0,37;24,65,0,55,33,42,0,0,43,0,0,26,74,58,61,69,33,0,0,0,0,0,68,32,0,0,0,0,0,0;56,72,0,0,37,0,0,0,37,73,58,23,0,49,0,49,41,46,26,36,0,0,0,0,42,22,43,72,0,38;80,0,0,78,79,48,35,52,0,0,80,25,0,71,42,64,0,0,34,75,80,0,80,0,20,42,62,0,0,30;0,31,0,0,78,0,78,0,67,80,23,0,48,0,0,0,26,0,53,0,80,27,0,79,0,80,66,0,52,72;80,0,0,38,54,0,0,41,56,0,0,0,0,0,0,59,62,74,0,55,62,22,71,0,20,59,0,0,0,67;44,30,59,65,36,0,65,0,47,24,0,35,0,0,29,0,61,72,0,0,0,75,44,42,0,59,0,0,0,33;0,63,41,56,0,68,0,49,0,0,80,72,29,77,43,70,49,29,66,51,0,38,58,35,54,0,63,47,0,0;55,45,66,0,69,0,66,41,50,0,0,45,47,65,31,0,34,80,59,0,0,80,0,38,42,32,0,0,0,0;0,43,43,40,0,47,50,23,78,0,29,35,52,26,0,0,0,42,68,0,36,56,30,31,51,52,48,0,0,64;0,28,0,0,0,0,58,0,22,80,0,0,0,0,55,0,0,51,38,55,35,72,0,40,51,51,0,20,0,0;39,34,39,0,0,0,0,0,23,31,0,52,0,73,0,71,0,0,0,0,27,32,0,0,51,74,69,0,29,0
0,29,0,27,0,33,34,0,28,29,20,24,32,35,36,0,25,0,25,23,29,0,0,29,33,29,23,27,0,0;21,0,35,0,23,25,0,30,0,31,0,24,26,40,0,0,0,0,22,27,27,0,27,39,0,0,20,0,0,29;21,27,0,36,24,37,25,40,38,21,24,31,24,0,33,0,0,12,28,24,36,20,34,0,32,35,40,31,39,0;22,32,21,0,0,29,0,31,0,36,32,20,36,0,30,23,35,33,30,0,29,0,35,33,0,0,38,0,23,33;0,35,29,26,0,28,0,25,0,0,33,0,25,21,33,29,24,31,0,0,29,37,27,0,25,26,37,32,0,39;26,31,0,22,28,0,0,0,0,25,31,37,23,0,0,32,0,34,26,20,21,0,31,25,27,21,0,0,30,0;0,0,0,0,0,31,0,24,39,0,37,0,37,0,31,20,32,28,0,24,39,29,0,37,0,24,30,36,0,0;38,0,0,0,25,0,40,0,31,40,29,29,0,0,27,22,21,0,0,34,37,39,0,0,0,40,25,39,33,26;0,0,28,0,26,0,36,0,0,39,31,34,26,0,31,24,25,0,0,37,0,0,35,0,27,26,0,29,23,25;39,0,26,31,0,0,39,0,38,0,34,26,28,0,0,31,28,40,38,0,27,0,37,21,0,0,25,0,25,21;0,25,26,32,0,36,33,0,0,32,0,21,31,33,0,23,0,32,0,0,0,25,0,0,0,23,22,31,0,21;34,0,0,0,38,0,27,24,23,29,0,0,24,32,27,0,0,30,24,33,0,24,0,0,0,40,0,0,0,23;0,38,0,0,0,26,20,24,36,31,0,22,0,38,22,0,30,0,22,37,0,39,33,33,0,34,29,40,36,32;26,0,23,36,0,28,0,27,0,0,26,0,36,0,28,0,39,26,0,29,0,33,32,0,0,40,0,0,0,27;0,0,0,0,31,36,0,29,34,34,27,30,20,0,0,0,25,31,29,32,36,32,22,40,26,0,20,0,30,0;0,37,39,0,0,29,24,29,23,33,0,20,38,25,0,0,31,28,0,0,23,39,0,0,0,33,0,0,33,0;33,36,0,0,30,0,0,38,25,0,33,0,23,29,0,37,0,38,27,32,39,0,37,29,35,0,35,23,0,0;0,0,0,26,22,0,34,0,35,20,0,0,37,24,0,28,29,0,35,0,0,20,0,0,40,0,26,31,0,40;0,26,0,0,0,25,0,40,0,37,0,0,37,32,0,0,0,40,0,0,35,40,25,0,34,21,30,0,0,21;31,40,0,28,39,38,0,0,26,0,0,37,33,22,29,22,25,0,0,0,0,0,30,22,0,0,0,0,0,0;40,28,0,0,36,0,0,0,38,38,22,35,0,29,0,35,25,24,32,31,0,0,0,0,27,26,29,36,0,22;18,0,0,35,26,30,37,21,0,0,24,34,0,23,37,24,0,0,37,33,31,0,19,0,24,40,20,0,0,33;0,39,0,0,31,0,36,0,26,16,26,0,24,0,0,0,27,0,31,0,30,29,0,22,0,13,37,0,40,29;34,0,0,23,26,0,0,25,27,0,0,0,0,0,0,29,36,25,0,21,23,27,20,0,22,22,0,0,0,20;31,26,32,28,29,0,33,0,20,23,0,22,0,0,31,0,31,20,0,0,0,36,30,27,0,30,0,0,0,36;0,24,30,23,0,21,0,35,0,0,36,20,37,23,31,21,23,31,30,36,0,28,22,20,39,0,36,27,0,0;29,40,35,0,31,0,28,35,37,0,0,20,34,31,29,0,30,16,39,0,0,16,0,37,20,28,0,0,0,0;0,38,27,33,0,26,31,37,38,0,40,22,33,31,0,0,0,37,21,0,29,34,32,29,40,25,38,0,0,29;0,35,0,0,0,0,24,0,32,17,0,0,0,0,35,0,0,32,36,32,40,30,0,30,40,35,0,33,0,0;31,30,40,0,0,0,0,0,32,36,0,29,0,38,0,40,0,0,0,0,38,25,0,0,30,23,33,0,28,0
-29,12,0,0,25,0,0,0,0,-20,-20,23,0,0,0,0,0,-17,0,26,-21,0,0,26,-32,0,10,0,17,0
------------- End of Scenario k = 6 -------
0,35,0,60,0,26,43,0,78,69,58,43,53,20,24,0,68,0,61,67,67,0,0,45,65,29,73,22,0,0;36,0,80,0,40,56,0,28,0,67,0,46,52,24,0,0,0,0,57,59,56,0,29,24,0,0,51,0,0,50;75,67,0,80,66,25,43,38,52,78,49,68,39,0,45,0,0,80,54,44,25,55,69,0,48,40,43,33,69,0;56,58,46,0,0,61,0,78,0,22,47,70,62,0,66,29,80,34,46,0,38,0,33,58,0,0,22,0,65,46;0,34,42,37,0,27,0,47,0,0,78,0,20,73,22,69,34,62,0,0,26,71,47,0,80,64,33,28,0,42;80,29,0,30,70,0,0,0,0,80,34,77,25,0,0,27,0,42,23,52,65,0,78,80,62,23,0,0,46,0;0,0,0,0,0,30,0,80,29,0,24,0,35,0,77,79,26,80,0,54,80,69,0,62,0,76,77,48,0,0;21,0,0,0,79,0,48,0,80,74,78,20,0,0,39,66,51,0,0,44,71,69,0,0,0,40,73,55,76,23;0,0,44,0,37,0,68,0,0,47,80,60,78,0,59,58,26,0,0,33,0,0,76,0,80,42,0,32,41,63;54,0,24,73,0,0,79,0,54,0,48,59,59,0,0,36,47,66,29,0,33,0,21,74,0,0,38,0,46,45;0,24,64,36,0,80,77,0,0,58,0,37,56,25,0,63,0,42,0,0,0,70,0,0,0,34,40,58,0,77;26,0,0,0,56,0,48,75,45,37,0,0,27,69,50,0,0,71,27,56,0,25,0,0,0,65,0,0,0,33;0,71,0,0,0,52,45,45,65,54,0,27,0,68,51,0,34,0,40,30,0,30,29,27,0,23,54,26,25,23;71,0,62,50,0,46,0,38,0,0,64,0,58,0,80,0,69,78,0,34,0,64,80,0,0,68,0,0,0,80;0,0,0,0,53,60,0,75,35,26,56,44,36,0,0,0,80,80,28,58,70,76,78,49,24,0,32,0,21,0;0,70,69,0,0,52,58,32,21,54,0,65,29,61,0,0,80,41,0,0,58,77,0,0,0,75,0,0,29,0;65,61,0,0,36,0,0,71,76,0,57,0,78,63,0,54,0,39,42,69,80,0,70,66,79,0,58,67,0,0;0,0,0,69,47,0,70,0,26,74,0,0,79,57,0,54,62,0,74,0,0,28,0,0,67,0,79,32,0,27;0,46,0,0,0,28,0,64,0,35,0,0,50,60,0,0,0,79,0,0,34,22,42,0,80,48,40,0,0,60;43,38,0,26,74,42,0,0,50,0,0,20,80,45,54,27,29,0,0,0,0,0,30,78,0,0,0,0,0,0;26,80,0,0,65,0,0,0,39,76,57,60,0,42,0,62,27,59,55,60,0,0,0,0,23,23,35,24,0,37;44,0,0,51,76,30,32,39,0,0,47,74,0,46,31,33,0,0,50,41,80,0,80,0,57,61,40,0,0,65;0,55,0,0,20,0,31,0,63,80,77,0,20,0,0,0,42,0,33,0,46,25,0,44,0,72,61,0,59,63;80,0,0,35,62,0,0,48,61,0,0,0,0,0,0,80,49,75,0,52,39,72,46,0,64,63,0,0,0,20;49,51,58,46,77,0,20,0,46,53,0,65,0,0,23,0,74,63,0,0,0,25,49,62,0,52,0,0,0,61;0,60,71,38,0,21,0,65,0,0,77,70,52,60,26,47,64,58,40,73,0,67,40,74,42,0,66,63,0,0;45,27,78,0,32,0,43,42,78,0,0,39,62,45,23,0,56,80,42,0,0,61,0,20,60,64,0,0,0,0;0,34,59,39,0,78,25,67,30,0,27,57,66,70,0,0,0,44,33,0,50,79,77,52,38,28,75,0,0,80;0,57,0,0,0,0,24,0,50,64,0,0,0,0,65,0,0,31,44,35,42,76,0,53,52,63,0,58,0,0;44,37,28,0,0,0,0,0,41,50,0,30,0,53,0,73,0,0,0,0,39,57,0,0,78,24,68,0,77,0
0,27,0,30,0,20,36,0,30,38,23,23,36,34,36,0,28,0,38,32,23,0,0,30,31,24,26,30,0,0;32,0,34,0,30,34,0,40,0,26,0,35,22,37,0,0,0,0,22,31,32,0,38,35,0,0,23,0,0,24;23,25,0,35,37,37,40,29,23,38,39,26,20,0,22,0,0,33,35,35,20,34,32,0,26,29,37,23,20,0;34,34,32,0,0,34,0,24,0,34,21,37,20,0,39,37,31,26,22,0,25,0,36,24,0,0,30,0,22,32;0,26,25,32,0,18,0,21,0,0,20,0,39,20,21,30,21,37,0,0,24,28,30,0,37,22,40,34,0,24;29,21,0,33,29,0,0,0,0,32,11,38,30,0,0,36,0,40,30,22,39,0,29,36,36,38,0,0,31,0;0,0,0,0,0,39,0,18,34,0,21,0,25,0,23,28,38,24,0,35,25,35,0,35,0,40,21,31,0,0;31,0,0,0,23,0,37,0,29,35,29,30,0,0,21,38,28,0,0,20,35,33,0,0,0,33,35,31,31,31;0,0,25,0,21,0,30,0,0,33,27,24,27,0,23,20,27,0,0,38,0,0,40,0,38,35,0,28,29,36;30,0,31,25,0,0,36,0,38,0,26,23,27,0,0,26,26,31,29,0,23,0,32,22,0,0,22,0,31,38;0,27,32,21,0,34,27,0,0,20,0,24,34,36,0,40,0,22,0,0,0,37,0,0,0,29,40,40,0,37;26,0,0,0,37,0,40,27,26,38,0,0,25,22,25,0,0,38,24,37,0,37,0,0,0,39,0,0,0,23;0,38,0,0,0,25,24,28,21,37,0,28,0,19,24,0,30,0,37,25,0,25,23,30,0,24,36,40,35,37;23,0,22,31,0,24,0,38,0,0,37,0,20,0,39,0,26,28,0,30,0,28,28,0,0,30,0,0,0,29;0,0,0,0,31,32,0,35,37,21,21,39,37,0,0,0,35,16,24,24,33,32,29,21,24,0,36,0,22,0;0,26,25,0,0,34,24,36,34,21,0,30,33,39,0,0,32,39,0,0,33,30,0,0,0,26,0,0,25,0;20,35,0,0,24,0,0,26,26,0,22,0,35,35,0,31,0,33,23,27,14,0,25,26,40,0,32,32,0,0;0,0,0,30,25,0,26,0,29,33,0,0,20,33,0,21,32,0,28,0,0,33,0,0,27,0,40,37,0,25;0,24,0,0,0,25,0,32,0,21,0,0,29,30,0,0,0,24,0,0,40,39,39,0,31,36,34,0,0,25;20,32,0,35,23,20,0,0,28,0,0,27,38,37,35,38,20,0,0,0,0,0,33,22,0,0,0,0,0,0;22,20,0,0,20,0,0,0,30,32,21,38,0,35,0,31,40,34,27,32,0,0,0,0,29,22,30,35,0,22;27,0,0,39,31,32,33,26,0,0,20,37,0,30,34,37,0,0,25,26,33,0,25,0,23,21,40,0,0,30;0,32,0,0,20,0,30,0,23,33,29,0,27,0,0,0,38,0,24,0,21,36,0,23,0,26,22,0,29,34;23,0,0,30,30,0,0,30,40,0,0,0,0,0,0,25,36,28,0,28,36,40,23,0,38,24,0,0,0,33;30,35,30,29,31,0,32,0,20,28,0,31,0,0,28,0,20,39,0,0,0,30,21,24,0,28,0,0,0,39;0,27,40,34,0,34,0,40,0,0,40,29,26,28,38,26,27,21,37,31,0,30,27,28,31,0,29,32,0,0;39,38,33,0,26,0,35,39,37,0,0,39,38,34,35,0,29,36,29,0,0,39,0,23,29,20,0,0,0,0;0,29,37,39,0,27,20,39,29,0,26,27,37,28,0,0,0,36,28,0,32,32,39,29,40,21,27,0,0,33;0,28,0,0,0,0,24,0,28,39,0,0,0,0,31,0,0,33,40,22,28,29,0,35,21,38,0,30,0,0;30,40,23,0,0,0,0,0,32,26,0,40,0,32,0,35,0,0,0,0,26,26,0,0,39,29,23,0,26,0
-23,29,0,0,10,0,0,0,0,-36,-15,16,0,0,0,0,0,-23,0,12,-20,0,0,14,-12,0,22,0,26,0
------------- End of Scenario k = 7 -------
0,26,0,70,0,30,26,0,27,55,72,33,70,56,59,0,42,0,31,54,48,0,0,56,41,70,70,75,0,0;21,0,80,0,53,70,0,74,0,72,0,62,37,47,0,0,0,0,30,55,38,0,60,69,0,0,39,0,0,60;76,62,0,80,24,35,65,34,54,27,54,39,78,0,42,0,0,31,79,63,61,75,67,0,52,63,62,53,21,0;30,26,71,0,0,31,0,40,0,66,24,57,23,0,70,25,50,52,56,0,70,0,47,80,0,0,44,0,55,53;0,65,32,53,0,66,0,57,0,0,55,0,72,44,21,67,60,69,0,0,80,66,46,0,70,46,36,26,0,46;52,67,0,73,46,0,0,0,0,58,80,39,29,0,0,56,0,71,41,46,48,0,54,53,24,43,0,0,31,0;0,0,0,0,0,61,0,38,42,0,62,0,80,0,47,36,55,80,0,77,80,42,0,73,0,42,47,34,0,0;57,0,0,0,58,0,61,0,80,80,38,47,0,0,78,34,40,0,0,29,31,43,0,0,0,75,37,57,30,49;0,0,25,0,57,0,55,0,0,68,80,63,37,0,42,29,22,0,0,35,0,0,27,0,80,60,0,42,64,51;28,0,29,78,0,0,26,0,70,0,24,35,60,0,0,42,72,39,74,0,42,0,49,55,0,0,59,0,72,26;0,39,77,40,0,73,30,0,0,39,0,31,57,77,0,38,0,67,0,0,0,55,0,0,0,55,21,31,0,74;30,0,0,0,20,0,80,76,70,25,0,0,72,29,42,0,0,27,48,68,0,20,0,0,0,64,0,0,0,35;0,36,0,0,0,43,60,70,20,51,0,56,0,20,54,0,30,0,36,39,0,47,41,27,0,41,52,45,69,68;51,0,24,66,0,42,0,38,0,0,80,0,57,0,80,0,36,59,0,24,0,48,61,0,0,48,0,0,0,37;0,0,0,0,29,37,0,59,67,33,51,42,64,0,0,0,77,80,22,55,48,60,62,80,80,0,50,0,52,0;0,47,61,0,0,37,65,68,43,33,0,78,60,43,0,0,41,80,0,0,61,59,0,0,0,28,0,0,23,0;45,73,0,0,41,0,0,36,60,0,43,0,20,79,0,22,0,59,80,46,69,0,47,25,80,0,57,32,0,0;0,0,0,80,64,0,79,0,37,46,0,0,42,70,0,24,37,0,42,0,0,42,0,0,25,0,20,69,0,75;0,51,0,0,0,76,0,51,0,70,0,0,56,56,0,0,0,54,0,0,64,64,61,0,34,46,20,0,0,36;24,23,0,51,35,63,0,0,29,0,0,36,74,66,74,58,65,0,0,0,0,0,34,76,0,0,0,0,0,0;59,34,0,0,39,0,0,0,43,25,53,44,0,21,0,23,42,43,45,52,0,0,0,0,70,36,66,57,0,69;33,0,0,50,41,73,56,79,0,0,76,70,0,45,77,52,0,0,24,41,80,0,80,0,36,71,59,0,0,56;0,76,0,0,37,0,76,0,41,80,34,0,62,0,0,0,25,0,60,0,24,65,0,49,0,80,56,0,74,79;80,0,0,63,69,0,0,37,60,0,0,0,0,0,0,80,42,74,0,55,20,44,28,0,41,27,0,0,0,51;40,42,64,63,62,0,47,0,58,70,0,28,0,0,54,0,66,58,0,0,0,69,42,59,0,31,0,0,0,27;0,24,30,55,0,40,0,73,0,0,80,77,47,70,50,31,74,48,26,74,0,71,69,55,70,0,49,59,0,0;48,43,72,0,21,0,44,62,71,0,0,76,42,49,71,0,36,31,34,0,0,75,0,21,54,21,0,0,0,0;0,57,65,59,0,65,49,27,76,0,80,35,27,64,0,0,0,61,40,0,33,65,56,74,79,80,46,0,0,80;0,44,0,0,0,0,74,0,45,80,0,0,0,0,24,0,0,24,56,74,67,51,0,49,65,54,0,80,0,0;50,73,55,0,0,0,0,0,54,28,0,47,0,23,0,37,0,0,0,0,68,23,0,0,51,61,52,0,40,0
0,29,0,36,0,23,33,0,20,26,25,33,29,37,31,0,39,0,21,23,34,0,0,37,23,29,29,39,0,0;35,0,35,0,22,36,0,27,0,33,0,31,22,35,0,0,0,0,36,20,28,0,37,21,0,0,32,0,0,30;27,40,0,30,28,22,38,30,34,32,33,36,36,0,20,0,0,28,34,24,38,20,22,0,20,24,40,37,37,0;39,25,37,0,0,32,0,32,0,20,29,26,31,0,32,39,37,34,33,0,24,0,33,24,0,0,38,0,24,20;0,38,28,20,0,30,0,25,0,0,36,0,33,34,34,28,40,37,0,0,36,26,37,0,27,29,32,32,0,29;26,30,0,23,34,0,0,0,0,24,32,22,25,0,0,38,0,24,23,29,21,0,20,36,37,25,0,0,40,0;0,0,0,0,0,33,0,38,39,0,37,0,39,0,28,27,32,38,0,33,34,30,0,37,0,30,27,24,0,0;28,0,0,0,23,0,40,0,24,40,36,24,0,0,24,25,27,0,0,28,40,38,0,0,0,26,26,26,31,23;0,0,36,0,33,0,28,0,0,24,39,40,21,0,35,27,23,0,0,39,0,0,28,0,26,36,0,34,24,26;32,0,21,34,0,0,27,0,39,0,35,34,33,0,0,33,39,23,27,0,25,0,37,33,0,0,32,0,37,34;0,34,21,26,0,29,20,0,0,29,0,38,21,26,0,35,0,36,0,0,0,31,0,0,0,36,31,33,0,24;38,0,0,0,37,0,24,35,39,25,0,0,23,34,22,0,0,28,29,31,0,20,0,0,0,24,0,0,0,33;0,25,0,0,0,36,29,34,21,31,0,23,0,33,36,0,38,0,40,24,0,22,37,32,0,20,29,34,34,40;30,0,38,20,0,26,0,29,0,0,21,0,35,0,28,0,39,22,0,39,0,20,29,0,0,36,0,0,0,29;0,0,0,0,28,27,0,22,39,32,23,20,27,0,0,0,25,17,35,40,36,30,30,21,25,0,38,0,30,0;0,23,40,0,0,39,35,20,38,27,0,37,20,23,0,0,18,15,0,0,36,23,0,0,0,32,0,0,40,0;35,33,0,0,26,0,0,34,40,0,25,0,35,20,0,30,0,40,21,34,16,0,22,21,20,0,28,37,0,0;0,0,0,36,25,0,34,0,37,38,0,0,37,28,0,21,31,0,32,0,0,21,0,0,37,0,22,27,0,37;0,32,0,0,0,39,0,39,0,17,0,0,38,20,0,0,0,29,0,0,31,36,28,0,32,31,34,0,0,38;19,21,0,28,25,21,0,0,36,0,0,38,39,30,35,28,39,0,0,0,0,0,35,29,0,0,0,0,0,0;27,22,0,0,30,0,0,0,32,27,21,27,0,22,0,36,30,40,39,26,0,0,0,0,38,35,34,32,0,28;14,0,0,21,29,27,25,22,0,0,36,23,0,38,24,23,0,0,28,29,32,0,22,0,25,26,32,0,0,31;0,27,0,0,25,0,23,0,20,38,30,0,22,0,0,0,23,0,33,0,20,40,0,21,0,19,34,0,30,39;16,0,0,23,35,0,0,26,39,0,0,0,0,0,0,24,35,22,0,28,37,30,25,0,37,33,0,0,0,24;27,25,33,39,35,0,31,0,32,21,0,30,0,0,27,0,21,24,0,0,0,24,25,26,0,23,0,0,0,39;0,33,24,20,0,34,0,37,0,0,37,32,38,38,32,29,38,28,37,20,0,33,32,36,29,0,27,28,0,0;37,29,38,0,22,0,23,33,29,0,0,35,20,20,39,0,21,25,37,0,0,15,0,39,40,20,0,0,0,0;0,39,32,32,0,22,22,39,33,0,26,40,40,35,0,0,0,21,26,0,37,38,27,36,23,39,22,0,0,29;0,30,0,0,0,0,23,0,39,23,0,0,0,0,31,0,0,35,26,30,18,25,0,20,22,27,0,21,0,0;36,28,27,0,0,0,0,0,29,34,0,40,0,27,0,35,0,0,0,0,38,32,0,0,21,33,32,0,38,0
-27,28,0,0,24,0,0,0,0,-30,-15,24,0,0,0,0,0,-16,0,12,-24,0,0,11,-18,0,14,0,17,0
------------- End of Scenario k = 8 -------
0,65,0,54,0,25,40,0,26,45,80,36,56,57,79,0,68,0,45,52,43,0,0,25,34,50,40,70,0,0;80,0,80,0,28,72,0,24,0,56,0,64,45,56,0,0,0,0,76,35,49,0,54,72,0,0,72,0,0,55;65,23,0,36,26,61,45,76,57,80,77,73,31,0,25,0,0,80,51,80,79,26,62,0,39,64,22,42,74,0;79,41,47,0,0,42,0,38,0,56,47,30,56,0,57,72,40,35,27,0,27,0,23,28,0,0,25,0,36,44;0,63,64,38,0,51,0,61,0,0,36,0,36,71,31,24,74,37,0,0,48,69,79,0,80,20,46,52,0,66;80,51,0,25,50,0,0,0,0,47,71,29,28,0,0,37,0,42,41,36,36,0,45,47,27,26,0,0,35,0;0,0,0,0,0,67,0,51,73,0,25,0,41,0,70,66,67,62,0,28,22,80,0,42,0,29,67,20,0,0;68,0,0,0,48,0,68,0,30,46,52,20,0,0,46,49,69,0,0,49,31,33,0,0,0,77,41,79,53,73;0,0,21,0,40,0,79,0,0,41,54,54,75,0,75,32,30,0,0,34,0,0,71,0,80,73,0,67,58,76;40,0,39,72,0,0,21,0,50,0,25,77,64,0,0,70,70,41,70,0,20,0,48,39,0,0,65,0,36,36;0,25,26,42,0,70,45,0,0,62,0,33,36,46,0,62,0,62,0,0,0,31,0,0,0,48,39,47,0,52;63,0,0,0,79,0,80,43,20,61,0,0,65,35,67,0,0,45,55,20,0,25,0,0,0,49,0,0,0,35;0,34,0,0,0,63,63,35,52,51,0,41,0,80,55,0,30,0,21,80,0,44,75,75,0,51,29,52,44,45;39,0,21,39,0,60,0,74,0,0,50,0,53,0,68,0,35,38,0,79,0,54,43,0,0,32,0,0,0,42;0,0,0,0,59,25,0,38,39,33,60,49,23,0,0,0,36,80,27,38,66,70,30,27,80,0,78,0,32,0;0,78,50,0,0,48,33,74,58,65,0,34,79,30,0,0,80,80,0,0,42,60,0,0,0,43,0,0,22,0;31,29,0,0,78,0,0,25,40,0,52,0,42,72,0,46,0,55,80,75,71,0,38,41,73,0,80,73,0,0;0,0,0,73,71,0,62,0,55,51,0,0,49,33,0,65,67,0,75,0,0,62,0,0,40,0,72,68,0,68;0,63,0,0,0,46,0,67,0,45,0,0,44,49,0,0,0,39,0,0,70,77,20,0,72,48,57,0,0,80;34,51,0,36,30,49,0,0,46,0,0,56,80,50,51,29,44,0,0,0,0,0,33,23,0,0,0,0,0,0;80,51,0,0,67,0,0,0,67,78,64,56,0,28,0,26,54,63,22,35,0,0,0,0,36,49,77,67,0,78;80,0,0,69,65,70,24,66,0,0,61,38,0,78,80,61,0,0,66,35,64,0,80,0,76,71,55,0,0,68;0,56,0,0,34,0,51,0,75,80,72,0,55,0,0,0,21,0,56,0,51,36,0,53,0,44,73,0,76,28;28,0,0,54,44,0,0,59,21,0,0,0,0,0,0,54,22,39,0,72,22,80,64,0,38,28,0,0,0,77;65,65,30,23,61,0,22,0,78,46,0,76,0,0,51,0,50,72,0,0,0,28,61,22,0,55,0,0,0,78;0,60,77,69,0,23,0,54,0,0,48,58,36,65,79,28,73,42,36,43,0,61,71,34,37,0,78,69,0,0;51,73,47,0,71,0,74,30,51,0,0,63,47,64,49,0,47,74,21,0,0,79,0,60,80,42,0,0,0,0;0,26,75,47,0,75,37,22,35,0,80,65,53,43,0,0,0,80,57,0,67,64,24,22,23,77,50,0,0,77;0,78,0,0,0,0,20,0,33,80,0,0,0,0,37,0,0,26,80,43,80,37,0,72,39,68,0,80,0,0;53,54,53,0,0,0,0,0,50,52,0,56,0,71,0,66,0,0,0,0,26,21,0,0,62,33,42,0,59,0
0,38,0,35,0,32,21,0,29,31,31,29,21,26,28,0,27,0,33,37,40,0,0,21,21,28,20,28,0,0;21,0,14,0,39,37,0,27,0,20,0,38,33,38,0,0,0,0,39,31,26,0,20,23,0,0,29,0,0,26;25,32,0,21,33,24,31,24,23,30,28,28,35,0,27,0,0,20,28,30,21,37,26,0,34,21,30,34,31,0;40,34,38,0,0,31,0,34,0,36,35,24,30,0,21,22,38,38,39,0,25,0,22,24,0,0,36,0,30,23;0,26,33,20,0,25,0,30,0,0,28,0,23,25,36,28,20,32,0,0,40,40,38,0,33,39,31,39,0,33;36,24,0,22,21,0,0,0,0,38,25,40,33,0,0,29,0,34,36,37,34,0,25,33,22,36,0,0,40,0;0,0,0,0,0,32,0,32,33,0,26,0,32,0,39,23,22,29,0,37,33,26,0,40,0,28,33,29,0,0;27,0,0,0,34,0,29,0,39,35,35,27,0,0,40,36,22,0,0,33,30,30,0,0,0,39,25,21,30,32;0,0,29,0,26,0,26,0,0,35,28,37,34,0,28,39,23,0,0,40,0,0,34,0,39,35,0,36,36,36;27,0,26,35,0,0,20,0,38,0,31,27,24,0,0,39,32,21,23,0,38,0,35,24,0,0,23,0,31,37;0,27,36,22,0,26,30,0,0,23,0,39,35,37,0,32,0,40,0,0,0,32,0,0,0,20,26,22,0,34;21,0,0,0,21,0,26,33,30,23,0,0,21,21,26,0,0,33,39,21,0,32,0,0,0,40,0,0,0,31;0,24,0,0,0,34,26,29,26,34,0,21,0,30,39,0,25,0,39,31,0,36,34,38,0,32,23,27,31,29;39,0,32,24,0,22,0,37,0,0,40,0,24,0,37,0,27,31,0,35,0,27,39,0,0,37,0,0,0,30;0,0,0,0,24,24,0,40,21,30,31,30,33,0,0,0,25,30,21,39,38,28,36,27,39,0,27,0,34,0;0,33,38,0,0,30,31,30,40,37,0,26,38,35,0,0,34,37,0,0,33,34,0,0,0,33,0,0,30,0;37,29,0,0,34,0,0,32,22,0,24,0,25,22,0,22,0,24,39,24,29,0,31,20,28,0,21,37,0,0;0,0,0,29,30,0,21,0,21,32,0,0,31,32,0,34,33,0,40,0,0,31,0,0,33,0,20,28,0,27;0,26,0,0,0,39,0,24,0,40,0,0,31,35,0,0,0,29,0,0,35,23,32,0,22,35,36,0,0,33;37,38,0,35,34,35,0,0,32,0,0,29,31,40,29,38,33,0,0,0,0,0,36,22,0,0,0,0,0,0;24,29,0,0,22,0,0,0,23,38,21,24,0,31,0,37,23,21,28,35,0,0,0,0,27,32,34,32,0,38;33,0,0,29,26,33,27,21,0,0,23,36,0,28,25,37,0,0,29,37,18,0,27,0,37,26,20,0,0,30;0,30,0,0,36,0,25,0,27,18,24,0,33,0,0,0,27,0,39,0,35,24,0,23,0,27,33,0,39,32;35,0,0,26,40,0,0,35,28,0,0,0,0,0,0,35,23,26,0,29,22,36,20,0,35,28,0,0,0,25;36,25,24,38,37,0,30,0,40,22,0,25,0,0,37,0,25,25,0,0,0,35,23,34,0,37,0,0,0,23;0,27,20,27,0,26,0,33,0,0,38,40,39,39,30,24,20,22,22,27,0,25,28,40,32,0,29,21,0,0;29,21,28,0,29,0,28,33,38,0,0,34,31,33,29,0,27,21,20,0,0,36,0,26,27,33,0,0,0,0;0,35,23,40,0,34,27,33,23,0,40,39,23,33,0,0,0,40,37,0,34,37,34,30,32,30,39,0,0,35;0,23,0,0,0,0,31,0,30,26,0,0,0,0,38,0,0,39,26,31,36,29,0,32,22,29,0,38,0,0;36,28,24,0,0,0,0,0,40,23,0,27,0,29,0,29,0,0,0,0,36,24,0,0,24,35,36,0,27,0
-31,13,0,0,25,0,0,0,0,-23,-10,17,0,0,0,0,0,-17,0,27,-27,0,0,27,-27,0,12,0,14,0
------------- End of Scenario k = 9 -------
