/ -------------------------------------------------------------------------
An instance of the stochastic Fixed - charge Network Flow Problem using NETGEN.
/ -------------------------------------------------------------------------
Number of Nodes (no Dummy node is added), n
Graph Density, density
The fixed cost to variable cost ratio, f
Adjacency Matrix, A
Fixed Cost Matrix, c
Number of scenarios, K
Scenario Probabilities, p
----The following three rows will be repeated K times.----
Var Cost Matrix, d
Capacity, u
demand, b
/ -------------------------------------------------------------------------
+
10
0.6
200
0,0,0,1,1,1,1,0,1,0;0,0,1,0,0,0,0,1,0,0;1,1,0,1,0,0,1,1,0,1;1,0,0,0,1,1,1,1,1,1;0,1,1,0,0,1,1,0,1,0;1,1,1,0,0,0,0,1,0,1;0,1,1,0,0,1,0,1,0,1;1,1,1,1,0,0,1,0,1,1;1,0,0,1,1,1,1,0,0,1;0,1,1,1,0,0,1,1,1,0
0,0,0,10680,8960,9950,8360,0,8490,0;0,0,12230,0,0,0,0,9070,0,0;9360,10090,0,9180,0,0,13600,10760,0,9450;14019,0,0,0,12730,10910,9870,10370,10010,10640;0,8620,9660,0,0,12890,9980,0,9780,0;9880,8790,8800,0,0,0,0,13160,0,10650;0,9460,10380,0,0,9480,0,10240,0,9670;8860,8740,10090,10890,0,0,9300,0,13190,9240;10980,0,0,10870,8390,9160,13210,0,0,10030;0,9750,10020,12840,0,0,9310,11010,9450,0
20
0.02,0.02,0.05,0.05,0.02,0.15,0.05,0.02,0.07,0.05,0.05,0.1,0.02,0.05,0.02,0.05,0.05,0.02,0.05,0.09
--Scenarios--
0,0,0,51,36,53,34,0,41,0;0,0,78,0,0,0,0,39,0,0;75,51,0,64,0,0,67,61,0,66;80,0,0,0,80,25,55,58,38,32;0,30,80,0,0,35,36,0,23,0;61,25,31,0,0,0,0,80,0,76;0,65,72,0,0,50,0,42,0,27;45,73,20,71,0,0,29,0,38,51;28,0,0,72,38,72,68,0,0,20;0,79,55,80,0,0,77,61,28,0
0,0,0,24,22,35,39,0,28,0;0,0,29,0,0,0,0,31,0,0;33,39,0,31,0,0,23,39,0,39;29,0,0,0,36,24,40,39,23,22;0,28,20,0,0,31,26,0,29,0;25,22,39,0,0,0,0,30,0,24;0,22,32,0,0,31,0,31,0,29;36,29,22,22,0,0,36,0,35,38;40,0,0,20,31,31,36,0,0,24;0,39,37,38,0,0,27,20,24,0
-5,22,0,0,0,0,-46,0,0,29
------------- End of Scenario k = 0 -------
0,0,0,67,56,65,63,0,23,0;0,0,80,0,0,0,0,29,0,0;42,36,0,32,0,0,34,28,0,42;59,0,0,0,47,78,24,76,80,64;0,27,70,0,0,80,30,0,64,0;29,63,26,0,0,0,0,80,0,32;0,66,21,0,0,67,0,75,0,64;64,35,65,44,0,0,22,0,47,46;69,0,0,60,41,32,75,0,0,41;0,64,45,30,0,0,43,63,77,0
0,0,0,31,29,27,36,0,26,0;0,0,25,0,0,0,0,27,0,0;37,34,0,39,0,0,40,24,0,31;31,0,0,0,36,31,28,34,28,31;0,22,40,0,0,29,24,0,27,0;30,20,34,0,0,0,0,25,0,35;0,36,22,0,0,39,0,25,0,35;24,33,39,22,0,0,30,0,29,32;27,0,0,30,27,21,27,0,0,34;0,21,32,33,0,0,36,37,26,0
-2,16,0,0,0,0,-25,0,0,11
------------- End of Scenario k = 1 -------
0,0,0,24,24,64,31,0,74,0;0,0,80,0,0,0,0,57,0,0;44,74,0,54,0,0,80,75,0,39;80,0,0,0,80,22,42,68,47,26;0,73,45,0,0,80,72,0,27,0;59,27,40,0,0,0,0,73,0,50;0,59,79,0,0,53,0,44,0,57;24,65,74,68,0,0,65,0,80,42;59,0,0,60,24,38,80,0,0,46;0,22,36,80,0,0,49,72,23,0
0,0,0,38,27,36,27,0,39,0;0,0,30,0,0,0,0,32,0,0;39,33,0,34,0,0,15,25,0,25;30,0,0,0,39,25,21,27,28,24;0,31,24,0,0,39,34,0,33,0;39,37,38,0,0,0,0,36,0,25;0,35,25,0,0,27,0,37,0,37;40,37,21,32,0,0,22,0,39,29;39,0,0,25,22,24,39,0,0,31;0,24,23,33,0,0,40,38,40,0
-2,15,0,0,0,0,-41,0,0,28
------------- End of Scenario k = 2 -------
0,0,0,79,29,78,49,0,36,0;0,0,74,0,0,0,0,27,0,0;70,61,0,42,0,0,40,53,0,59;80,0,0,0,70,69,21,65,54,46;0,35,22,0,0,21,55,0,42,0;39,23,43,0,0,0,0,28,0,50;0,45,49,0,0,26,0,59,0,34;28,56,68,66,0,0,42,0,41,43;71,0,0,78,66,44,80,0,0,24;0,62,42,80,0,0,50,80,80,0
0,0,0,22,32,27,33,0,26,0;0,0,37,0,0,0,0,30,0,0;29,40,0,36,0,0,39,38,0,35;16,0,0,0,26,21,40,20,24,27;0,38,25,0,0,29,21,0,39,0;28,40,30,0,0,0,0,20,0,22;0,22,35,0,0,26,0,32,0,26;35,26,32,33,0,0,34,0,35,34;31,0,0,27,32,33,31,0,0,28;0,22,29,28,0,0,36,35,23,0
-4,23,0,0,0,0,-34,0,0,15
------------- End of Scenario k = 3 -------
0,0,0,21,29,67,74,0,31,0;0,0,80,0,0,0,0,31,0,0;21,21,0,39,0,0,80,72,0,25;72,0,0,0,64,36,31,20,63,52;0,57,50,0,0,80,48,0,40,0;75,42,31,0,0,0,0,80,0,70;0,63,66,0,0,55,0,42,0,43;29,34,71,80,0,0,44,0,80,64;55,0,0,28,55,31,74,0,0,40;0,48,30,80,0,0,72,63,32,0
0,0,0,40,25,25,40,0,38,0;0,0,17,0,0,0,0,29,0,0;37,24,0,33,0,0,27,38,0,35;29,0,0,0,16,21,29,31,26,24;0,20,32,0,0,26,23,0,29,0;38,38,40,0,0,0,0,24,0,37;0,26,29,0,0,26,0,37,0,34;29,33,26,31,0,0,36,0,40,26;39,0,0,30,26,35,36,0,0,25;0,26,22,36,0,0,37,27,40,0
-3,13,0,0,0,0,-26,0,0,16
------------- End of Scenario k = 4 -------
0,0,0,40,68,24,70,0,31,0;0,0,26,0,0,0,0,61,0,0;43,42,0,44,0,0,80,40,0,48;80,0,0,0,45,49,51,73,28,25;0,61,31,0,0,60,35,0,29,0;53,22,48,0,0,0,0,53,0,70;0,29,71,0,0,73,0,58,0,73;28,66,72,32,0,0,67,0,56,50;65,0,0,59,41,30,80,0,0,32;0,49,62,80,0,0,54,64,48,0
0,0,0,31,37,25,34,0,20,0;0,0,35,0,0,0,0,28,0,0;34,23,0,28,0,0,37,38,0,23;34,0,0,0,32,37,28,26,28,31;0,34,22,0,0,32,26,0,35,0;37,40,30,0,0,0,0,32,0,33;0,29,30,0,0,37,0,35,0,36;23,24,36,25,0,0,39,0,30,40;40,0,0,21,37,36,34,0,0,36;0,28,30,37,0,0,39,35,20,0
-5,18,0,0,0,0,-42,0,0,29
------------- End of Scenario k = 5 -------
0,0,0,72,55,78,26,0,48,0;0,0,80,0,0,0,0,23,0,0;45,29,0,25,0,0,80,36,0,51;80,0,0,0,43,71,22,69,54,41;0,22,74,0,0,80,76,0,51,0;31,77,37,0,0,0,0,23,0,33;0,66,46,0,0,37,0,50,0,79;34,32,60,35,0,0,25,0,72,27;72,0,0,73,22,54,80,0,0,53;0,42,46,40,0,0,25,20,51,0
0,0,0,22,20,22,22,0,34,0;0,0,34,0,0,0,0,35,0,0;21,39,0,28,0,0,31,24,0,23;34,0,0,0,39,27,33,25,35,36;0,33,33,0,0,39,34,0,24,0;40,31,37,0,0,0,0,30,0,36;0,30,35,0,0,38,0,26,0,21;33,29,35,28,0,0,28,0,35,30;29,0,0,37,27,31,35,0,0,36;0,40,20,36,0,0,20,29,26,0
-24,28,0,0,0,0,-34,0,0,30
------------- End of Scenario k = 6 -------
0,0,0,66,31,45,42,0,24,0;0,0,67,0,0,0,0,62,0,0;68,25,0,30,0,0,44,43,0,37;80,0,0,0,77,65,72,22,72,67;0,24,59,0,0,80,21,0,52,0;76,63,64,0,0,0,0,54,0,58;0,38,30,0,0,57,0,28,0,20;64,47,24,72,0,0,21,0,33,71;21,0,0,36,26,21,64,0,0,57;0,28,54,58,0,0,43,31,62,0
0,0,0,27,22,39,29,0,35,0;0,0,30,0,0,0,0,29,0,0;30,23,0,36,0,0,30,23,0,31;19,0,0,0,16,30,34,25,20,36;0,26,39,0,0,22,34,0,34,0;33,22,29,0,0,0,0,17,0,33;0,21,34,0,0,26,0,36,0,21;39,32,31,20,0,0,24,0,17,31;26,0,0,34,25,22,20,0,0,25;0,20,21,23,0,0,38,22,38,0
-9,22,0,0,0,0,-29,0,0,16
------------- End of Scenario k = 7 -------
0,0,0,38,60,54,30,0,41,0;0,0,26,0,0,0,0,31,0,0;38,49,0,48,0,0,32,63,0,71;73,0,0,0,80,78,48,54,21,74;0,57,29,0,0,80,37,0,34,0;50,52,55,0,0,0,0,80,0,42;0,51,77,0,0,26,0,37,0,69;58,29,59,21,0,0,56,0,75,40;51,0,0,55,47,41,52,0,0,79;0,65,55,80,0,0,56,25,80,0
0,0,0,23,26,37,23,0,24,0;0,0,26,0,0,0,0,24,0,0;34,24,0,20,0,0,17,35,0,25;23,0,0,0,38,31,27,33,21,31;0,20,35,0,0,39,32,0,33,0;35,32,40,0,0,0,0,32,0,39;0,37,26,0,0,29,0,21,0,40;35,25,30,36,0,0,31,0,19,39;24,0,0,21,38,36,22,0,0,27;0,29,30,27,0,0,30,34,28,0
0,16,0,0,0,0,-35,0,0,19
------------- End of Scenario k = 8 -------
0,0,0,32,61,32,30,0,46,0;0,0,80,0,0,0,0,43,0,0;50,80,0,65,0,0,80,39,0,54;28,0,0,0,34,36,38,32,58,61;0,20,76,0,0,80,63,0,30,0;48,37,70,0,0,0,0,73,0,55;0,27,22,0,0,61,0,50,0,24;70,56,47,62,0,0,66,0,31,54;59,0,0,45,53,59,39,0,0,59;0,27,49,80,0,0,33,54,28,0
0,0,0,31,22,33,25,0,21,0;0,0,36,0,0,0,0,29,0,0;33,33,0,32,0,0,38,27,0,26;29,0,0,0,29,32,38,25,32,37;0,40,34,0,0,14,27,0,30,0;26,29,20,0,0,0,0,20,0,21;0,40,22,0,0,37,0,35,0,34;26,31,26,22,0,0,31,0,20,25;22,0,0,39,20,30,23,0,0,26;0,33,28,15,0,0,27,27,27,0
-4,24,0,0,0,0,-30,0,0,10
------------- End of Scenario k = 9 -------
0,0,0,56,29,80,34,0,59,0;0,0,53,0,0,0,0,32,0,0;59,56,0,23,0,0,79,53,0,73;80,0,0,0,32,72,55,47,43,31;0,45,46,0,0,59,53,0,72,0;21,41,47,0,0,0,0,80,0,64;0,47,59,0,0,44,0,42,0,67;26,50,26,78,0,0,57,0,80,63;38,0,0,61,38,25,60,0,0,79;0,36,77,80,0,0,46,34,63,0
0,0,0,39,30,27,33,0,31,0;0,0,22,0,0,0,0,39,0,0;27,33,0,26,0,0,35,33,0,38;32,0,0,0,40,33,25,25,31,26;0,23,37,0,0,30,40,0,33,0;35,23,31,0,0,0,0,36,0,36;0,32,40,0,0,24,0,20,0,36;25,27,32,35,0,0,32,0,37,36;33,0,0,30,31,35,40,0,0,29;0,34,30,33,0,0,38,23,34,0
-16,17,0,0,0,0,-31,0,0,30
------------- End of Scenario k = 10 -------
0,0,0,79,54,78,52,0,52,0;0,0,38,0,0,0,0,36,0,0;80,72,0,73,0,0,80,70,0,23;80,0,0,0,27,47,73,79,35,66;0,66,32,0,0,58,70,0,75,0;28,42,44,0,0,0,0,49,0,80;0,65,46,0,0,51,0,58,0,53;48,35,26,51,0,0,61,0,80,34;58,0,0,57,26,55,80,0,0,72;0,44,68,22,0,0,61,78,73,0
0,0,0,34,37,38,36,0,38,0;0,0,24,0,0,0,0,35,0,0;32,27,0,38,0,0,40,21,0,35;37,0,0,0,29,23,20,21,27,26;0,33,27,0,0,28,40,0,39,0;36,23,38,0,0,0,0,40,0,40;0,28,34,0,0,24,0,39,0,25;37,20,31,28,0,0,31,0,37,29;34,0,0,38,21,25,32,0,0,35;0,29,34,34,0,0,25,33,20,0
-19,15,0,0,0,0,-24,0,0,28
------------- End of Scenario k = 11 -------
0,0,0,44,32,31,37,0,50,0;0,0,69,0,0,0,0,38,0,0;33,47,0,54,0,0,59,75,0,39;80,0,0,0,80,59,74,28,34,77;0,50,78,0,0,22,56,0,50,0;59,30,37,0,0,0,0,48,0,58;0,39,47,0,0,62,0,76,0,34;30,31,29,80,0,0,75,0,80,69;57,0,0,68,35,37,52,0,0,22;0,49,51,76,0,0,40,80,63,0
0,0,0,30,36,28,25,0,36,0;0,0,12,0,0,0,0,21,0,0;31,39,0,23,0,0,14,20,0,37;33,0,0,0,16,38,36,37,29,33;0,39,35,0,0,24,33,0,30,0;30,24,37,0,0,0,0,40,0,28;0,20,21,0,0,35,0,39,0,37;39,36,29,22,0,0,34,0,34,34;25,0,0,40,32,37,37,0,0,34;0,38,31,19,0,0,37,23,32,0
-13,10,0,0,0,0,-12,0,0,15
------------- End of Scenario k = 12 -------
0,0,0,71,35,48,33,0,58,0;0,0,80,0,0,0,0,75,0,0;22,36,0,38,0,0,80,49,0,54;74,0,0,0,73,62,77,64,64,68;0,67,32,0,0,80,34,0,38,0;47,32,31,0,0,0,0,80,0,40;0,76,69,0,0,30,0,47,0,50;43,59,29,72,0,0,52,0,80,33;63,0,0,26,27,69,72,0,0,71;0,74,43,80,0,0,20,67,25,0
0,0,0,24,30,32,35,0,22,0;0,0,31,0,0,0,0,37,0,0;33,35,0,40,0,0,39,33,0,27;29,0,0,0,30,27,34,39,39,24;0,36,24,0,0,36,21,0,28,0;39,23,32,0,0,0,0,29,0,36;0,22,36,0,0,33,0,38,0,26;37,33,39,37,0,0,26,0,37,24;33,0,0,39,32,37,35,0,0,25;0,33,40,29,0,0,26,24,40,0
-21,30,0,0,0,0,-38,0,0,29
------------- End of Scenario k = 13 -------
0,0,0,36,51,20,29,0,43,0;0,0,52,0,0,0,0,65,0,0;22,78,0,29,0,0,80,59,0,34;20,0,0,0,49,56,26,79,68,70;0,42,41,0,0,80,72,0,75,0;44,60,51,0,0,0,0,80,0,32;0,21,50,0,0,60,0,21,0,67;47,20,77,42,0,0,31,0,80,30;73,0,0,66,57,40,80,0,0,59;0,69,42,80,0,0,24,77,31,0
0,0,0,40,33,33,26,0,23,0;0,0,36,0,0,0,0,37,0,0;30,23,0,32,0,0,38,25,0,25;36,0,0,0,33,40,28,39,21,21;0,35,32,0,0,20,31,0,27,0;39,33,36,0,0,0,0,26,0,26;0,26,27,0,0,36,0,29,0,20;38,33,25,23,0,0,23,0,23,37;30,0,0,31,20,26,39,0,0,20;0,24,38,38,0,0,32,24,37,0
-9,18,0,0,0,0,-28,0,0,19
------------- End of Scenario k = 14 -------
0,0,0,41,79,44,28,0,20,0;0,0,44,0,0,0,0,67,0,0;43,26,0,73,0,0,80,21,0,30;80,0,0,0,80,80,47,32,49,67;0,36,25,0,0,57,47,0,65,0;30,29,51,0,0,0,0,72,0,40;0,38,43,0,0,57,0,77,0,35;66,48,48,68,0,0,64,0,80,47;51,0,0,58,54,25,42,0,0,33;0,59,67,68,0,0,77,29,43,0
0,0,0,33,20,21,25,0,28,0;0,0,30,0,0,0,0,40,0,0;25,22,0,40,0,0,36,25,0,30;40,0,0,0,33,37,37,25,36,27;0,20,36,0,0,34,34,0,29,0;23,24,25,0,0,0,0,29,0,24;0,40,30,0,0,34,0,31,0,38;31,21,35,20,0,0,25,0,36,40;26,0,0,24,28,27,33,0,0,37;0,32,33,30,0,0,23,21,30,0
-24,28,0,0,0,0,-33,0,0,29
------------- End of Scenario k = 15 -------
0,0,0,73,36,45,78,0,21,0;0,0,80,0,0,0,0,56,0,0;38,58,0,72,0,0,80,66,0,43;80,0,0,0,80,40,79,38,37,74;0,51,50,0,0,57,32,0,23,0;74,69,67,0,0,0,0,80,0,41;0,27,63,0,0,25,0,37,0,31;50,54,64,38,0,0,42,0,80,37;62,0,0,79,73,62,61,0,0,29;0,45,39,80,0,0,46,33,28,0
0,0,0,38,34,29,23,0,29,0;0,0,37,0,0,0,0,27,0,0;22,20,0,36,0,0,40,40,0,23;39,0,0,0,26,35,21,20,38,38;0,25,39,0,0,24,26,0,24,0;22,24,31,0,0,0,0,21,0,22;0,31,39,0,0,28,0,30,0,36;26,21,21,33,0,0,28,0,22,34;37,0,0,29,29,20,26,0,0,31;0,30,26,26,0,0,20,21,29,0
-8,20,0,0,0,0,-31,0,0,19
------------- End of Scenario k = 16 -------
0,0,0,49,42,26,24,0,74,0;0,0,27,0,0,0,0,55,0,0;39,45,0,24,0,0,73,27,0,59;73,0,0,0,80,24,56,39,62,67;0,48,30,0,0,40,33,0,72,0;61,20,49,0,0,0,0,80,0,47;0,42,37,0,0,28,0,69,0,35;35,32,36,23,0,0,37,0,80,32;76,0,0,34,61,68,41,0,0,41;0,25,73,31,0,0,58,71,36,0
0,0,0,28,30,40,24,0,39,0;0,0,38,0,0,0,0,25,0,0;29,21,0,35,0,0,35,23,0,35;28,0,0,0,39,34,34,25,28,23;0,22,20,0,0,34,32,0,31,0;36,39,26,0,0,0,0,27,0,23;0,32,40,0,0,23,0,34,0,22;39,37,32,39,0,0,34,0,39,39;32,0,0,20,25,36,39,0,0,24;0,25,33,37,0,0,27,30,33,0
-22,30,0,0,0,0,-35,0,0,27
------------- End of Scenario k = 17 -------
0,0,0,59,62,22,26,0,26,0;0,0,40,0,0,0,0,32,0,0;79,52,0,54,0,0,68,74,0,44;80,0,0,0,80,58,31,40,20,35;0,23,75,0,0,80,68,0,37,0;77,62,25,0,0,0,0,52,0,67;0,32,43,0,0,44,0,66,0,69;40,29,52,66,0,0,34,0,80,31;39,0,0,37,25,41,61,0,0,71;0,34,25,51,0,0,31,28,21,0
0,0,0,26,38,25,33,0,30,0;0,0,29,0,0,0,0,23,0,0;25,20,0,23,0,0,39,22,0,27;39,0,0,0,28,34,32,29,24,40;0,39,28,0,0,25,29,0,36,0;34,29,35,0,0,0,0,33,0,20;0,22,28,0,0,35,0,21,0,28;21,28,29,27,0,0,28,0,37,39;35,0,0,26,37,35,40,0,0,30;0,33,25,40,0,0,32,24,25,0
-2,28,0,0,0,0,-51,0,0,25
------------- End of Scenario k = 18 -------
0,0,0,70,27,41,46,0,51,0;0,0,69,0,0,0,0,48,0,0;25,71,0,35,0,0,64,72,0,54;43,0,0,0,72,64,65,54,74,21;0,28,21,0,0,80,60,0,79,0;26,63,33,0,0,0,0,71,0,60;0,50,48,0,0,42,0,46,0,36;57,23,62,20,0,0,40,0,46,60;31,0,0,35,30,72,80,0,0,75;0,54,43,28,0,0,26,71,53,0
0,0,0,38,38,39,36,0,36,0;0,0,31,0,0,0,0,32,0,0;25,24,0,33,0,0,27,22,0,29;31,0,0,0,27,30,34,29,30,33;0,36,20,0,0,30,36,0,40,0;29,22,26,0,0,0,0,34,0,33;0,23,32,0,0,20,0,40,0,23;32,35,29,35,0,0,31,0,30,30;21,0,0,21,40,29,35,0,0,22;0,30,22,30,0,0,35,34,39,0
-23,26,0,0,0,0,-29,0,0,26
------------- End of Scenario k = 19 -------
