/ -------------------------------------------------------------------------
An instance of the stochastic Fixed - charge Network Flow Problem using NETGEN.
/ -------------------------------------------------------------------------
Number of Nodes (no Dummy node is added), n
Graph Density, density
The fixed cost to variable cost ratio, f
Adjacency Matrix, A
Fixed Cost Matrix, c
Number of scenarios, K
Scenario Probabilities, p
----The following three rows will be repeated K times.----
Var Cost Matrix, d
Capacity, u
demand, b
/ -------------------------------------------------------------------------
+
10
0.6
200
0,1,1,0,0,0,0,0,0,1;1,0,1,1,1,0,1,0,0,1;1,0,0,1,1,1,1,1,1,1;1,1,1,0,1,1,0,0,1,0;1,1,0,1,0,0,0,0,1,0;1,1,0,0,1,0,1,0,1,0;0,0,1,1,1,0,0,0,0,1;1,0,0,0,0,1,1,0,1,1;0,1,0,1,1,0,1,1,0,1;1,0,0,1,1,1,1,1,1,0
0,8900,9520,0,0,0,0,0,0,9140;11240,0,12800,10400,9120,0,10180,0,0,10620;9120,0,0,8520,11640,8520,15300,9020,10560,9420;13219,10400,11000,0,9680,11600,0,0,9180,0;9280,8940,0,9380,0,0,0,0,11200,0;10140,8440,0,0,12240,0,11300,0,9160,0;0,0,9020,10700,9860,0,0,0,0,8159;8920,0,0,0,0,9620,10620,0,13280,9680;0,9420,0,9340,11480,0,13480,10400,0,9040;13819,0,0,10380,12380,10120,11880,13940,10720,0
10
0.2,0.15,0.1,0.05,0.05,0.05,0.1,0.1,0.15,0.05
--Scenarios--
0,33,59,0,0,0,0,0,0,65;57,0,80,75,22,0,79,0,0,31;61,0,0,21,62,50,63,41,32,45;80,50,76,0,23,76,0,0,49,0;24,58,0,80,0,0,0,0,61,0;30,24,0,0,80,0,70,0,33,0;0,0,22,74,64,0,0,0,0,46;38,0,0,0,0,36,53,0,46,74;0,47,0,35,64,0,36,31,0,27;80,0,0,35,80,60,45,80,33,0
0,39,25,0,0,0,0,0,0,32;28,0,25,27,40,0,38,0,0,25;25,0,0,38,33,39,26,26,21,37;33,40,37,0,26,32,0,0,38,0;35,23,0,28,0,0,0,0,20,0;21,23,0,0,35,0,35,0,30,0;0,0,38,21,37,0,0,0,0,37;30,0,0,0,0,27,28,0,29,24;0,38,0,33,40,0,38,26,0,27;34,0,0,39,37,31,25,31,25,0
-10,24,0,29,-54,0,-18,0,0,29
------------- End of Scenario k = 0 -------
0,28,34,0,0,0,0,0,0,26;47,0,74,48,36,0,57,0,0,64;74,0,0,75,79,30,80,48,48,47;43,80,73,0,70,22,0,0,25,0;49,49,0,70,0,0,0,0,73,0;64,30,0,0,80,0,45,0,39,0;0,0,57,59,20,0,0,0,0,36;45,0,0,0,0,48,43,0,75,62;0,33,0,76,27,0,80,71,0,35;80,0,0,74,80,47,77,27,80,0
0,23,40,0,0,0,0,0,0,22;26,0,37,31,29,0,26,0,0,40;25,0,0,34,34,24,29,22,28,34;38,25,21,0,31,29,0,0,25,0;31,28,0,25,0,0,0,0,28,0;23,31,0,0,34,0,39,0,26,0;0,0,24,25,35,0,0,0,0,20;29,0,0,0,0,20,26,0,38,35;0,28,0,36,20,0,20,35,0,24;28,0,0,27,27,34,23,23,38,0
-6,29,0,19,-41,0,-17,0,0,16
------------- End of Scenario k = 1 -------
0,26,41,0,0,0,0,0,0,32;44,0,55,53,76,0,42,0,0,41;25,0,0,73,80,31,80,23,65,80;80,42,31,0,63,71,0,0,37,0;61,35,0,33,0,0,0,0,49,0;56,45,0,0,80,0,24,0,54,0;0,0,20,63,55,0,0,0,0,22;49,0,0,0,0,36,40,0,80,57;0,56,0,26,70,0,61,75,0,47;80,0,0,53,49,60,67,80,68,0
0,32,26,0,0,0,0,0,0,20;32,0,22,38,37,0,40,0,0,26;32,0,0,30,32,35,25,26,30,34;32,36,40,0,26,39,0,0,26,0;33,36,0,22,0,0,0,0,40,0;33,39,0,0,40,0,40,0,29,0;0,0,33,21,36,0,0,0,0,35;25,0,0,0,0,27,24,0,38,32;0,23,0,22,29,0,35,21,0,27;30,0,0,21,36,21,36,35,25,0
-42,18,0,28,-9,0,-24,0,0,29
------------- End of Scenario k = 2 -------
0,79,54,0,0,0,0,0,0,25;78,0,80,32,52,0,69,0,0,45;54,0,0,36,34,71,80,72,70,40;80,57,47,0,53,80,0,0,48,0;24,44,0,22,0,0,0,0,76,0;28,61,0,0,50,0,74,0,52,0;0,0,61,41,48,0,0,0,0,23;41,0,0,0,0,37,51,0,55,60;0,71,0,46,46,0,80,47,0,62;80,0,0,61,80,24,68,40,35,0
0,32,28,0,0,0,0,0,0,38;36,0,13,21,39,0,29,0,0,22;24,0,0,34,13,20,23,36,28,29;31,22,33,0,40,28,0,0,32,0;34,26,0,22,0,0,0,0,35,0;38,38,0,0,17,0,24,0,35,0;0,0,31,38,26,0,0,0,0,20;37,0,0,0,0,27,25,0,19,33;0,28,0,32,35,0,26,36,0,31;26,0,0,34,29,25,24,19,23,0
-16,13,0,15,-17,0,-5,0,0,10
------------- End of Scenario k = 3 -------
0,69,34,0,0,0,0,0,0,61;56,0,80,61,41,0,60,0,0,64;26,0,0,29,80,48,80,22,80,30;38,47,38,0,58,80,0,0,80,0;73,22,0,37,0,0,0,0,52,0;40,55,0,0,57,0,53,0,38,0;0,0,76,58,28,0,0,0,0,77;34,0,0,0,0,45,32,0,50,42;0,21,0,35,43,0,67,66,0,44;80,0,0,45,38,74,69,80,26,0
0,20,29,0,0,0,0,0,0,40;32,0,38,38,22,0,38,0,0,26;30,0,0,29,36,26,28,25,21,39;35,23,27,0,22,37,0,0,24,0;32,22,0,38,0,0,0,0,24,0;21,26,0,0,33,0,29,0,20,0;0,0,25,30,22,0,0,0,0,35;38,0,0,0,0,34,34,0,34,30;0,38,0,25,24,0,39,36,0,36;35,0,0,31,30,38,32,39,37,0
-25,28,0,23,-44,0,-12,0,0,30
------------- End of Scenario k = 4 -------
0,21,48,0,0,0,0,0,0,61;29,0,58,58,28,0,37,0,0,23;29,0,0,24,31,48,80,54,20,73;64,52,69,0,28,66,0,0,45,0;27,37,0,39,0,0,0,0,46,0;67,39,0,0,24,0,78,0,57,0;0,0,56,62,69,0,0,0,0,53;28,0,0,0,0,41,59,0,80,28;0,29,0,53,51,0,58,73,0,43;80,0,0,73,79,55,61,80,73,0
0,34,33,0,0,0,0,0,0,22;34,0,31,27,33,0,32,0,0,37;29,0,0,26,26,31,30,26,29,24;29,34,31,0,26,32,0,0,35,0;33,23,0,30,0,0,0,0,38,0;21,33,0,0,20,0,33,0,39,0;0,0,31,40,36,0,0,0,0,38;20,0,0,0,0,31,35,0,31,32;0,33,0,36,37,0,27,37,0,24;32,0,0,35,14,24,29,10,40,0
-10,16,0,13,-16,0,-13,0,0,10
------------- End of Scenario k = 5 -------
0,43,22,0,0,0,0,0,0,48;46,0,55,80,43,0,55,0,0,80;37,0,0,53,32,20,62,39,53,34;65,68,43,0,20,68,0,0,48,0;56,65,0,20,0,0,0,0,54,0;54,27,0,0,80,0,79,0,50,0;0,0,28,38,46,0,0,0,0,24;78,0,0,0,0,66,77,0,80,68;0,61,0,58,79,0,52,53,0,79;80,0,0,38,43,50,77,80,53,0
0,40,24,0,0,0,0,0,0,21;22,0,40,35,35,0,35,0,0,29;31,0,0,27,32,33,34,27,39,28;26,28,29,0,25,39,0,0,32,0;33,37,0,29,0,0,0,0,39,0;30,34,0,0,32,0,28,0,28,0;0,0,34,33,38,0,0,0,0,39;21,0,0,0,0,22,40,0,26,39;0,36,0,29,37,0,18,21,0,29;26,0,0,20,34,31,22,16,33,0
-18,29,0,14,-19,0,-22,0,0,16
------------- End of Scenario k = 6 -------
0,36,72,0,0,0,0,0,0,41;78,0,47,27,51,0,68,0,0,78;55,0,0,45,80,43,80,46,38,46;80,24,58,0,80,31,0,0,31,0;55,47,0,68,0,0,0,0,77,0;74,21,0,0,31,0,53,0,26,0;0,0,42,39,64,0,0,0,0,54;57,0,0,0,0,67,47,0,80,25;0,29,0,41,71,0,80,45,0,23;44,0,0,32,40,43,70,70,69,0
0,20,39,0,0,0,0,0,0,30;22,0,27,25,35,0,39,0,0,34;34,0,0,22,35,34,33,25,39,32;15,34,26,0,27,26,0,0,28,0;35,32,0,31,0,0,0,0,25,0;21,31,0,0,16,0,36,0,35,0;0,0,32,24,36,0,0,0,0,39;30,0,0,0,0,38,40,0,31,25;0,31,0,20,35,0,29,37,0,39;40,0,0,31,33,33,22,40,40,0
-24,27,0,11,-19,0,-21,0,0,26
------------- End of Scenario k = 7 -------
0,63,71,0,0,0,0,0,0,31;51,0,31,26,61,0,21,0,0,33;34,0,0,31,41,63,80,76,72,31;71,25,57,0,49,43,0,0,68,0;67,59,0,32,0,0,0,0,27,0;26,74,0,0,50,0,29,0,63,0;0,0,69,35,60,0,0,0,0,39;29,0,0,0,0,55,64,0,38,27;0,61,0,40,72,0,80,30,0,26;35,0,0,76,50,45,23,80,42,0
0,35,40,0,0,0,0,0,0,21;38,0,34,37,39,0,37,0,0,39;32,0,0,37,28,20,35,23,26,33;21,32,32,0,24,21,0,0,38,0;30,31,0,38,0,0,0,0,22,0;28,35,0,0,24,0,39,0,35,0;0,0,34,31,21,0,0,0,0,40;39,0,0,0,0,27,24,0,40,28;0,35,0,31,37,0,40,35,0,30;24,0,0,28,31,29,32,40,23,0
-20,21,0,21,-9,0,-33,0,0,20
------------- End of Scenario k = 8 -------
0,47,41,0,0,0,0,0,0,67;76,0,80,60,46,0,21,0,0,72;61,0,0,39,63,22,80,30,50,45;60,75,58,0,40,43,0,0,28,0;28,31,0,68,0,0,0,0,45,0;68,46,0,0,80,0,60,0,46,0;0,0,20,66,39,0,0,0,0,34;47,0,0,0,0,50,65,0,80,41;0,63,0,57,51,0,80,29,0,66;52,0,0,32,80,48,37,80,57,0
0,25,35,0,0,0,0,0,0,26;20,0,24,23,29,0,40,0,0,32;25,0,0,37,31,25,39,37,39,28;39,40,28,0,37,15,0,0,23,0;25,32,0,20,0,0,0,0,30,0;35,26,0,0,14,0,29,0,21,0;0,0,33,24,31,0,0,0,0,26;24,0,0,0,0,29,22,0,33,39;0,24,0,29,28,0,38,23,0,33;38,0,0,30,25,29,37,19,37,0
-19,13,0,14,-16,0,-9,0,0,17
------------- End of Scenario k = 9 -------
