/ -------------------------------------------------------------------------
An instance of the stochastic Fixed - charge Network Flow Problem using NETGEN.
/ -------------------------------------------------------------------------
Number of Nodes (no Dummy node is added), n
Graph Density, density
The fixed cost to variable cost ratio, f
Adjacency Matrix, A
Fixed Cost Matrix, c
Number of scenarios, K
Scenario Probabilities, p
----The following three rows will be repeated K times.----
Var Cost Matrix, d
Capacity, u
demand, b
/ -------------------------------------------------------------------------
+
30
0.6
200
0,1,1,1,1,1,1,1,1,1,1,1,0,0,0,1,1,1,1,1,1,0,1,1,1,0,0,0,1,1;1,0,1,1,1,1,1,0,0,0,0,0,0,1,1,1,0,1,0,0,1,0,1,0,1,1,1,1,0,1;1,0,0,1,1,1,0,1,0,1,1,0,0,0,0,0,1,1,1,1,1,1,1,1,1,0,1,1,1,0;1,1,0,0,1,0,0,1,1,0,0,0,0,1,0,0,0,1,0,1,1,0,1,1,0,0,1,0,1,0;1,1,1,1,0,1,0,0,1,0,0,0,1,1,0,1,1,1,1,1,0,0,1,1,0,1,0,1,0,1;1,1,0,0,0,0,1,1,0,1,1,1,1,0,1,1,1,0,0,1,1,0,0,0,1,1,0,1,1,1;0,1,0,1,0,1,0,1,1,1,0,1,1,0,1,0,1,1,1,1,1,0,1,0,1,1,0,1,1,1;1,0,1,1,1,0,1,0,1,0,1,0,0,1,1,1,0,1,0,1,0,0,0,1,1,0,1,1,0,0;0,0,0,0,0,1,1,1,0,0,1,1,0,0,0,1,0,0,0,0,1,1,1,0,0,1,1,0,1,1;0,1,0,1,1,1,0,1,0,0,0,1,1,1,1,1,1,0,1,1,1,1,1,0,0,1,0,0,0,1;1,0,1,0,1,0,1,0,1,0,0,1,0,0,0,0,0,0,1,1,0,1,1,0,1,0,0,0,0,0;0,1,0,0,1,1,1,1,1,1,1,0,1,0,1,1,0,0,1,1,1,0,1,0,1,1,0,0,0,0;0,0,0,1,0,1,1,0,0,0,1,1,0,1,1,0,1,0,1,1,0,1,0,0,0,1,1,1,0,0;1,1,1,1,1,1,1,1,1,1,1,0,1,0,1,0,0,1,0,1,1,0,1,1,1,0,0,0,1,1;0,0,1,1,0,1,0,1,0,0,0,1,0,0,0,1,1,0,1,1,0,1,0,1,1,1,1,1,1,1;0,1,0,1,0,0,0,1,1,1,1,1,1,0,1,0,1,1,0,0,1,0,1,1,1,1,1,1,1,0;1,1,0,1,1,1,1,1,0,1,0,1,1,0,1,1,0,0,1,0,1,1,0,0,1,0,1,0,1,1;1,1,1,0,0,1,1,0,0,1,1,0,0,1,1,0,0,0,1,1,0,1,0,1,1,1,1,1,1,0;0,1,1,0,1,0,0,1,0,1,0,0,1,1,1,0,1,0,0,0,1,0,0,1,1,0,1,0,0,1;1,1,0,0,0,0,1,1,1,1,1,0,1,0,0,1,0,0,1,0,1,1,1,0,0,1,1,0,1,1;1,1,1,1,0,1,1,0,1,0,1,1,0,1,1,1,1,1,0,0,0,1,0,1,0,1,0,1,1,1;1,0,1,1,1,0,0,0,1,1,1,0,0,1,0,0,1,1,1,0,1,0,1,1,1,1,1,1,0,0;1,1,0,1,1,1,1,0,1,0,0,1,1,1,1,1,1,1,1,1,1,1,0,1,1,0,0,1,1,1;0,0,0,0,0,1,1,0,1,1,0,0,1,0,1,1,1,1,1,1,1,1,1,0,1,0,0,1,0,1;0,0,1,0,1,1,1,0,0,1,1,1,1,0,0,1,0,1,1,1,1,0,0,0,0,1,1,0,1,0;1,1,1,1,0,1,1,0,0,0,1,1,1,1,1,1,1,1,1,0,1,1,0,1,0,0,1,0,0,0;0,1,1,1,1,1,1,1,0,0,0,0,0,1,1,1,0,1,1,0,0,1,1,1,1,1,0,1,1,0;1,0,0,0,1,1,0,1,1,0,0,1,1,1,1,1,1,1,1,0,0,1,0,0,0,1,1,0,0,1;0,0,0,1,1,0,1,0,0,1,0,1,1,0,0,1,0,1,0,1,0,1,1,1,1,0,1,0,0,0;0,0,1,1,1,1,1,1,0,0,0,0,1,1,1,1,1,1,1,0,1,1,0,1,0,0,0,1,1,0
0,9480,9720,8320,9760,11320,10140,10500,10040,10380,9660,10280,0,0,0,10260,10920,9380,10920,7740,9440,0,10320,11900,10160,0,0,0,11820,10300;8960,0,12880,11480,8740,9480,10700,0,0,0,0,0,0,9740,9000,8180,0,9300,0,0,10000,0,10240,0,12060,12280,9640,10420,0,11340;9260,0,0,10520,13360,9640,0,10480,0,10060,11540,0,0,0,0,0,8220,9480,9760,8620,9280,11060,9140,10280,9780,0,10300,10640,7020,0;9480,11760,0,0,10960,0,0,8940,9320,0,0,0,0,9520,0,0,0,8920,0,10240,11860,0,10840,7800,0,0,10240,0,10280,0;7820,10820,10760,11740,0,13080,0,0,11440,0,0,0,9240,10780,0,9880,9320,12680,9440,9500,0,0,9360,12960,0,9480,0,9180,0,8740;9880,10800,0,0,0,0,9380,10260,0,9580,10180,10980,9180,0,10360,8720,10560,0,0,10760,9520,0,0,0,11620,10940,0,10940,8620,7920;0,9900,0,9880,0,9220,0,10220,9760,8280,0,9240,10120,0,9640,0,9240,10620,9700,8620,9320,0,12520,0,8620,10740,0,8740,9080,10600;8580,0,11180,8420,9660,0,9740,0,10880,0,10640,0,0,10920,11060,7840,0,8360,0,10100,0,0,0,10740,12080,0,10660,8300,0,0;0,0,0,0,0,11820,10120,9920,0,0,8420,9080,0,0,0,9060,0,0,0,0,9300,9000,10960,0,0,8940,10500,0,9160,9220;0,10840,0,9860,10820,9280,0,10260,0,0,0,8460,12180,10000,9660,10860,10280,0,13360,10480,8980,10480,11120,0,0,9940,0,0,0,11040;8780,0,11160,0,8900,0,8100,0,9400,0,0,9100,0,0,0,0,0,0,11660,10800,0,10340,11740,0,9940,0,0,0,0,0;0,11880,0,0,8920,10480,13640,8520,10080,9800,11940,0,9820,0,10240,8560,0,0,11140,10720,9960,0,10900,0,10140,10720,0,0,0,0;0,0,0,8760,0,11120,11040,0,0,0,10180,9520,0,8840,10680,0,8740,0,10520,8920,0,9600,0,0,0,10480,9960,9940,0,0;14280,11660,8600,10580,11520,9700,10880,12880,10280,11540,13860,0,9340,0,9820,0,0,8380,0,9860,10180,0,10340,8640,9240,0,0,0,11020,9820;0,0,9980,14440,0,9700,0,8200,0,0,0,9780,0,0,0,10740,7500,0,9380,10240,0,9320,0,11920,10240,11920,10820,11820,8580,11140;0,11080,0,13980,0,0,0,10520,13700,10260,11840,12160,9820,0,10740,0,12120,11100,0,0,10580,0,13100,11440,11180,11320,11140,11740,9160,0;9800,10320,0,9040,10120,8380,9360,9460,0,11560,0,11780,10080,0,10160,7580,0,0,9260,0,10980,9340,0,0,10380,0,11620,0,9400,9820;9640,9020,10060,0,0,10380,9300,0,0,7740,10340,0,0,11680,10180,0,0,0,12020,10740,0,9840,0,10960,8380,12580,10080,8240,10360,0;0,10980,9220,0,10960,0,0,9260,0,8840,0,0,10600,8380,9640,0,8000,0,0,0,14500,0,0,9900,10200,0,8620,0,0,9320;8240,10500,0,0,0,0,10520,9280,9840,11660,10440,0,8700,0,0,10480,0,0,10180,0,10520,8580,13960,0,0,9000,10260,0,10660,8680;12440,10300,11620,8860,0,8940,10680,0,13300,0,11180,9140,0,9980,11180,10420,8760,9860,0,0,0,9620,0,12460,0,9820,0,9840,9460,10540;7600,0,8960,10240,10400,0,0,0,10920,9940,9280,0,0,10880,0,0,15060,9120,10520,0,11180,0,9240,9620,9040,9260,10900,9500,0,0;9360,11260,0,11260,10420,10380,8920,0,10000,0,0,10620,11080,9840,11260,8820,8620,11000,11940,9640,9040,9000,0,12980,8960,0,0,8380,10760,10460;0,0,0,0,0,11460,8840,0,9380,11820,0,0,10740,0,8780,11980,9340,10920,9120,11400,10500,9300,9540,0,12000,0,0,9860,0,11540;0,0,9900,0,10280,10420,10980,0,0,10720,10000,9860,9920,0,0,10280,0,9260,9160,9100,9920,0,0,0,0,11400,8580,0,13460,0;10440,9560,9120,10900,0,10440,9120,0,0,0,8000,9420,11300,11020,8320,8720,10220,9980,11540,0,9460,8440,0,12880,0,0,14019,0,0,0;0,11180,12840,9020,11260,10540,9220,10580,0,0,0,0,0,9900,12020,12560,0,10180,10700,0,0,10140,8760,8960,8800,10720,0,12819,10800,0;11100,0,0,0,11980,9780,0,10240,9320,0,0,9900,9600,8920,8580,10060,9420,11320,9240,0,0,11780,0,0,0,10860,10200,0,0,12960;0,0,0,10180,9400,0,9140,0,0,9080,0,8300,10440,0,0,9760,0,12819,0,9220,0,10860,10020,7800,9080,0,7920,0,0,0;0,0,9900,11160,8860,11120,9300,10940,0,0,0,0,8260,9080,8980,10240,9380,10540,11540,0,10380,11080,0,10540,0,0,0,10900,10500,0
10
0.05,0.1,0.1,0.15,0.25,0.05,0.1,0.1,0.05,0.05
--Scenarios--
0,27,70,70,47,51,51,60,80,79,54,33,0,0,0,80,42,42,62,24,31,0,70,62,62,0,0,0,77,26;57,0,50,79,29,55,77,0,0,0,0,0,0,77,66,24,0,37,0,0,65,0,40,0,51,35,54,63,0,74;28,0,0,21,79,46,0,40,0,61,63,0,0,0,0,0,38,33,72,29,46,33,55,41,40,0,79,34,31,0;59,75,0,0,61,0,0,20,30,0,0,0,0,52,0,0,0,30,0,34,80,0,48,32,0,0,48,0,68,0;60,30,62,25,0,80,0,0,59,0,0,0,32,77,0,43,72,75,65,26,0,0,25,69,0,23,0,38,0,63;32,63,0,0,0,0,62,25,0,67,36,68,64,0,50,76,54,0,0,66,29,0,0,0,64,36,0,64,43,25;0,72,0,50,0,42,0,31,43,40,0,71,42,0,51,0,60,31,51,26,25,0,66,0,27,57,0,66,36,58;46,0,57,75,75,0,76,0,64,0,67,0,0,70,80,38,0,46,0,78,0,0,0,35,80,0,43,25,0,0;0,0,0,0,0,41,70,56,0,0,43,72,0,0,0,32,0,0,0,0,52,58,75,0,0,72,39,0,69,66;0,55,0,35,75,20,0,23,0,0,0,73,44,69,51,72,71,0,57,73,24,27,36,0,0,36,0,0,0,27;41,0,76,0,21,0,51,0,32,0,0,24,0,0,0,0,0,0,76,56,0,76,56,0,51,0,0,0,0,0;0,63,0,0,49,50,80,21,55,60,53,0,70,0,51,20,0,0,70,73,80,0,24,0,49,25,0,0,0,0;0,0,0,38,0,32,52,0,0,0,80,23,0,25,65,0,25,0,72,36,0,56,0,0,0,54,27,69,0,0;80,72,24,73,48,60,56,80,44,66,42,0,40,0,76,0,0,72,0,38,78,0,80,77,64,0,0,0,37,34;0,0,58,80,0,51,0,29,0,0,0,32,0,0,0,79,34,0,29,35,0,45,0,73,38,80,36,79,78,45;0,56,0,80,0,0,0,79,47,61,50,62,64,0,30,0,55,47,0,0,32,0,80,29,71,55,44,78,65,0;74,22,0,44,69,41,22,72,0,21,0,72,61,0,64,44,0,0,28,0,77,46,0,0,21,0,30,0,30,41;61,27,31,0,0,66,33,0,0,32,53,0,0,64,33,0,0,0,40,34,0,71,0,46,61,40,74,21,30,0;0,43,77,0,70,0,0,79,0,34,0,0,63,46,38,0,29,0,0,0,64,0,0,37,50,0,48,0,0,42;41,69,0,0,0,0,73,69,50,64,22,0,21,0,0,66,0,0,20,0,67,33,80,0,0,38,78,0,67,80;33,64,34,26,0,72,75,0,59,0,60,39,0,29,30,76,37,38,0,0,0,79,0,73,0,21,0,73,21,27;73,0,31,54,62,0,0,0,64,78,38,0,0,33,0,0,80,36,43,0,80,0,67,52,71,64,80,30,0,0;67,56,0,49,63,45,28,0,42,0,0,40,48,48,72,20,28,77,74,53,49,64,0,70,37,0,0,50,71,27;0,0,0,0,0,64,21,0,63,74,0,0,75,0,24,77,36,57,28,52,33,29,31,0,80,0,0,79,0,73;0,0,65,0,69,59,74,0,0,43,75,80,80,0,0,34,0,62,33,43,55,0,0,0,0,63,36,0,62,0;38,31,27,60,0,30,26,0,0,0,43,35,54,35,42,20,37,36,22,0,24,49,0,69,0,0,80,0,0,0;0,51,54,60,73,26,42,64,0,0,0,0,0,30,67,46,0,62,49,0,0,25,53,80,38,72,0,54,79,0;35,0,0,0,61,71,0,40,75,0,0,45,53,39,56,69,30,80,51,0,0,44,0,0,0,41,68,0,0,80;0,0,0,25,44,0,38,0,0,46,0,31,79,0,0,62,0,35,0,21,0,65,33,37,31,0,50,0,0,0;0,0,38,60,38,33,35,80,0,0,0,0,57,51,22,51,64,44,61,0,35,80,0,25,0,0,0,54,46,0
0,28,37,20,26,29,36,27,21,26,34,30,0,0,0,25,33,33,32,22,34,0,20,28,24,0,0,0,28,31;30,0,22,21,32,30,27,0,0,0,0,0,0,32,31,35,0,37,0,0,30,0,26,0,32,30,26,25,0,29;37,0,0,27,35,25,0,35,0,35,38,0,0,0,0,0,27,39,22,36,20,34,32,33,24,0,36,38,29,0;24,34,0,0,28,0,0,37,38,0,0,0,0,36,0,0,0,36,0,34,32,0,34,36,0,0,36,0,37,0;25,38,34,29,0,30,0,0,33,0,0,0,30,22,0,23,27,26,37,35,0,0,36,26,0,24,0,21,0,23;21,29,0,0,0,0,27,21,0,25,37,35,35,0,21,34,34,0,0,31,38,0,0,0,37,24,0,32,24,21;0,22,0,27,0,31,0,30,37,26,0,38,23,0,33,0,38,22,30,28,24,0,38,0,25,33,0,37,40,28;28,0,28,23,37,0,33,0,37,0,22,0,0,34,31,40,0,34,0,24,0,0,0,30,24,0,21,25,0,0;0,0,0,0,0,34,21,36,0,0,22,37,0,0,0,32,0,0,0,0,32,20,28,0,0,26,37,0,32,25;0,27,0,22,20,32,0,30,0,0,0,23,34,20,39,34,22,0,28,28,34,35,29,0,0,22,0,0,0,32;39,0,26,0,27,0,23,0,22,0,0,23,0,0,0,0,0,0,39,29,0,24,21,0,20,0,0,0,0,0;0,21,0,0,35,40,28,35,39,31,40,0,36,0,22,30,0,0,28,31,40,0,25,0,32,37,0,0,0,0;0,0,0,36,0,27,38,0,0,0,38,29,0,24,13,0,20,0,28,32,0,39,0,0,0,28,25,39,0,0;31,20,21,37,32,21,29,36,30,40,29,0,21,0,21,0,0,27,0,24,40,0,30,38,27,0,0,0,32,20;0,0,38,18,0,21,0,28,0,0,0,37,0,0,0,37,31,0,28,24,0,37,0,25,22,38,27,27,36,36;0,30,0,40,0,0,0,34,27,33,39,29,34,0,20,0,39,40,0,0,25,0,32,22,30,28,27,26,28,0;20,30,0,38,37,36,24,31,0,38,0,29,28,0,38,35,0,0,40,0,34,24,0,0,22,0,30,0,26,29;29,22,28,0,0,23,36,0,0,23,28,0,0,35,39,0,0,0,35,36,0,29,0,32,27,24,21,38,35,0;0,21,32,0,26,0,0,23,0,26,0,0,24,34,32,0,28,0,0,0,34,0,0,24,28,0,27,0,0,26;29,33,0,0,0,0,38,20,31,18,39,0,37,0,0,30,0,0,26,0,27,40,35,0,0,22,37,0,35,37;35,23,29,20,0,34,31,0,30,0,37,23,0,34,24,21,31,40,0,0,0,37,0,22,0,26,0,27,21,28;23,0,35,31,34,0,0,0,24,33,34,0,0,27,0,0,30,31,37,0,40,0,28,36,27,29,31,21,0,0;24,34,0,24,39,32,35,0,31,0,0,39,22,28,39,38,23,33,31,39,34,28,0,39,35,0,0,23,26,32;0,0,0,0,0,27,34,0,21,39,0,0,34,0,30,27,31,22,27,30,30,22,40,0,25,0,0,26,0,34;0,0,26,0,28,33,30,0,0,22,34,26,21,0,0,22,0,26,25,21,32,0,0,0,0,35,29,0,28,0;34,25,21,21,0,40,20,0,0,0,35,39,40,32,29,20,27,24,37,0,37,32,0,28,0,0,33,0,0,0;0,36,24,25,27,38,28,40,0,0,0,0,0,24,25,29,0,27,24,0,0,25,26,38,38,20,0,26,29,0;32,0,0,0,28,20,0,25,21,0,0,23,35,23,22,34,24,36,24,0,0,38,0,0,0,29,37,0,0,30;0,0,0,23,39,0,29,0,0,37,0,23,39,0,0,31,0,38,0,36,0,29,24,35,26,0,36,0,0,0;0,0,26,31,23,32,27,29,0,0,0,0,21,32,37,25,33,36,27,0,24,27,0,32,0,0,0,25,22,0
-18,18,0,-33,20,0,0,0,0,0,-57,26,0,25,0,22,0,0,0,12,0,24,-56,0,0,0,0,0,17,0
------------- End of Scenario k = 0 -------
0,80,39,34,52,40,76,35,29,59,31,25,0,0,0,77,74,57,58,27,35,0,38,55,65,0,0,0,60,74;61,0,80,35,51,52,45,0,0,0,0,0,0,34,30,54,0,22,0,0,40,0,40,0,67,54,20,36,0,45;49,0,0,75,76,63,0,43,0,65,20,0,0,0,0,0,33,52,25,60,31,34,20,38,71,0,55,23,33,0;32,34,0,0,32,0,0,61,38,0,0,0,0,76,0,0,0,46,0,70,68,0,57,40,0,0,72,0,50,0;67,27,55,80,0,63,0,0,53,0,0,0,79,42,0,42,46,56,22,39,0,0,74,67,0,44,0,48,0,31;28,59,0,0,0,0,35,68,0,72,24,51,52,0,75,59,29,0,0,66,80,0,0,0,27,42,0,70,62,33;0,40,0,76,0,21,0,33,31,52,0,25,32,0,76,0,57,78,57,38,25,0,41,0,69,34,0,40,65,31;58,0,61,31,61,0,64,0,51,0,26,0,0,63,76,38,0,51,0,79,0,0,0,78,38,0,78,46,0,0;0,0,0,0,0,40,28,76,0,0,71,41,0,0,0,55,0,0,0,0,27,55,29,0,0,46,41,0,35,46;0,44,0,79,53,48,0,68,0,0,0,24,80,62,32,35,80,0,69,78,54,45,64,0,0,61,0,0,0,47;41,0,68,0,36,0,33,0,57,0,0,48,0,0,0,0,0,0,62,64,0,27,60,0,70,0,0,0,0,0;0,48,0,0,61,55,80,67,43,56,80,0,25,0,57,60,0,0,24,54,22,0,44,0,57,25,0,0,0,0;0,0,0,70,0,40,78,0,0,0,33,29,0,49,80,0,48,0,80,69,0,57,0,0,0,69,44,26,0,0;80,30,29,43,40,78,47,56,55,46,69,0,74,0,22,0,0,46,0,40,78,0,56,80,29,0,0,0,70,78;0,0,46,80,0,75,0,56,0,0,0,46,0,0,0,42,48,0,31,34,0,56,0,55,61,64,37,77,37,51;0,28,0,69,0,0,0,25,80,70,32,46,23,0,36,0,63,73,0,0,51,0,24,78,79,62,77,70,47,0;37,55,0,49,47,49,52,62,0,75,0,51,51,0,34,65,0,0,71,0,40,70,0,0,63,0,30,0,67,42;54,20,28,0,0,64,56,0,0,62,34,0,0,76,71,0,0,0,80,71,0,46,0,69,28,71,48,51,35,0;0,67,20,0,56,0,0,78,0,54,0,0,27,35,46,0,45,0,0,0,71,0,0,78,40,0,21,0,0,51;20,46,0,0,0,0,46,66,25,34,54,0,80,0,0,75,0,0,61,0,51,75,46,0,0,76,30,0,63,37;80,45,73,73,0,34,35,0,79,0,60,64,0,80,45,21,45,73,0,0,0,24,0,24,0,52,0,67,79,61;59,0,80,44,62,0,0,0,50,24,33,0,0,38,0,0,80,39,48,0,59,0,39,31,22,59,74,48,0,0;79,66,0,70,70,78,48,0,55,0,0,27,80,21,41,26,52,70,66,39,75,38,0,78,27,0,0,48,33,66;0,0,0,0,0,71,60,0,49,78,0,0,48,0,57,59,26,44,48,61,54,30,53,0,80,0,0,78,0,67;0,0,26,0,27,67,48,0,0,74,45,50,40,0,0,76,0,39,32,77,66,0,0,0,0,55,38,0,70,0;43,34,36,76,0,49,52,0,0,0,28,31,73,65,76,41,25,27,37,0,57,48,0,69,0,0,58,0,0,0;0,39,75,26,47,47,35,42,0,0,0,0,0,50,52,51,0,31,67,0,0,67,30,43,24,22,0,23,34,0;28,0,0,0,80,28,0,35,28,0,0,34,23,59,39,57,54,57,36,0,0,58,0,0,0,61,22,0,0,80;0,0,0,33,53,0,26,0,0,71,0,22,56,0,0,66,0,23,0,39,0,21,70,48,32,0,25,0,0,0;0,0,43,69,59,75,26,36,0,0,0,0,42,22,31,61,43,57,31,0,21,58,0,38,0,0,0,46,42,0
0,36,40,38,33,22,40,39,26,22,22,29,0,0,0,26,22,37,39,28,38,0,39,29,39,0,0,0,21,34;27,0,34,30,30,38,39,0,0,0,0,0,0,24,26,26,0,27,0,0,35,0,28,0,27,32,36,38,0,21;28,0,0,24,28,25,0,25,0,38,34,0,0,0,0,0,34,32,29,33,26,33,33,26,29,0,33,40,25,0;35,38,0,0,38,0,0,34,29,0,0,0,0,35,0,0,0,29,0,38,21,0,32,28,0,0,24,0,37,0;34,35,40,23,0,37,0,0,40,0,0,0,26,32,0,24,31,40,20,20,0,0,29,25,0,33,0,24,0,23;21,24,0,0,0,0,29,34,0,37,39,31,26,0,28,23,31,0,0,22,22,0,0,0,27,24,0,40,34,29;0,39,0,36,0,39,0,38,23,20,0,36,22,0,38,0,33,37,32,30,20,0,34,0,33,20,0,38,21,31;36,0,25,35,39,0,33,0,22,0,27,0,0,29,29,20,0,28,0,29,0,0,0,32,33,0,32,32,0,0;0,0,0,0,0,32,28,34,0,0,35,28,0,0,0,27,0,0,0,0,40,25,33,0,0,24,32,0,34,39;0,28,0,22,21,31,0,27,0,0,0,24,24,37,31,32,32,0,24,28,38,37,36,0,0,29,0,0,0,40;32,0,26,0,32,0,35,0,34,0,0,30,0,0,0,0,0,0,33,38,0,29,30,0,32,0,0,0,0,0;0,35,0,0,38,27,40,38,35,20,15,0,20,0,31,39,0,0,26,38,34,0,23,0,20,31,0,0,0,0;0,0,0,27,0,39,27,0,0,0,38,34,0,31,25,0,27,0,31,25,0,36,0,0,0,38,24,31,0,0;36,35,38,40,22,36,20,33,38,30,29,0,21,0,24,0,0,33,0,28,37,0,23,31,28,0,0,0,40,39;0,0,36,18,0,24,0,29,0,0,0,40,0,0,0,24,38,0,28,35,0,37,0,39,25,22,20,39,29,32;0,36,0,33,0,0,0,40,32,20,34,23,35,0,34,0,35,40,0,0,37,0,36,31,37,27,28,27,30,0;29,29,0,27,38,38,32,32,0,29,0,29,37,0,20,31,0,0,37,0,28,36,0,0,32,0,24,0,30,28;26,39,20,0,0,39,21,0,0,24,33,0,0,20,25,0,0,0,37,28,0,22,0,21,28,22,23,30,24,0;0,23,26,0,27,0,0,37,0,27,0,0,35,31,30,0,32,0,0,0,35,0,0,35,34,0,35,0,0,34;27,23,0,0,0,0,29,27,40,19,32,0,33,0,0,38,0,0,20,0,37,21,24,0,0,38,38,0,24,28;36,32,21,27,0,28,37,0,35,0,21,40,0,26,23,23,37,20,0,0,0,32,0,21,0,28,0,21,32,37;38,0,30,40,29,0,0,0,30,25,25,0,0,39,0,0,36,36,30,0,34,0,29,40,32,25,28,36,0,0;35,39,0,21,31,24,28,0,26,0,0,39,21,30,27,39,21,26,20,35,25,31,0,38,24,0,0,20,34,23;0,0,0,0,0,33,24,0,21,27,0,0,38,0,25,30,32,22,33,27,37,21,31,0,37,0,0,31,0,36;0,0,37,0,29,33,35,0,0,21,27,23,34,0,0,36,0,27,22,24,31,0,0,0,0,19,31,0,28,0;28,25,23,36,0,34,23,0,0,0,33,36,20,37,40,29,21,20,39,0,35,36,0,22,0,0,24,0,0,0;0,29,39,32,27,21,35,23,0,0,0,0,0,25,29,35,0,37,24,0,0,23,32,21,24,20,0,35,26,0;30,0,0,0,39,32,0,23,22,0,0,32,36,29,26,37,39,29,27,0,0,31,0,0,0,31,39,0,0,35;0,0,0,33,26,0,28,0,0,21,0,36,39,0,0,23,0,24,0,22,0,31,39,25,33,0,22,0,0,0;0,0,25,33,40,34,32,36,0,0,0,0,28,29,35,36,24,33,37,0,37,25,0,27,0,0,0,21,27,0
-35,17,0,-45,21,0,0,0,0,0,-55,12,0,29,0,30,0,0,0,18,0,24,-34,0,0,0,0,0,18,0
------------- End of Scenario k = 1 -------
0,55,65,23,26,57,75,60,41,40,62,50,0,0,0,24,70,43,66,44,65,0,64,69,42,0,0,0,68,56;30,0,80,80,42,33,71,0,0,0,0,0,0,67,61,23,0,51,0,0,73,0,60,0,69,66,80,36,0,69;39,0,0,31,71,44,0,28,0,48,56,0,0,0,0,0,50,80,43,22,40,68,20,61,69,0,35,60,27,0;60,70,0,0,48,0,0,71,65,0,0,0,0,20,0,0,0,42,0,31,36,0,70,38,0,0,74,0,37,0;31,45,63,50,0,52,0,0,75,0,0,0,38,20,0,61,35,79,41,33,0,0,39,59,0,68,0,75,0,31;54,57,0,0,0,0,63,75,0,37,72,56,31,0,34,32,75,0,0,59,45,0,0,0,60,74,0,41,66,50;0,62,0,66,0,48,0,80,75,48,0,35,68,0,37,0,39,71,78,49,24,0,80,0,33,55,0,24,72,66;63,0,33,23,44,0,40,0,61,0,71,0,0,33,42,31,0,48,0,39,0,0,0,45,65,0,72,37,0,0;0,0,0,0,0,74,52,32,0,0,21,42,0,0,0,60,0,0,0,0,33,22,69,0,0,68,63,0,52,30;0,53,0,38,76,62,0,59,0,0,0,28,80,66,30,48,78,0,72,68,25,76,38,0,0,43,0,0,0,35;45,0,54,0,41,0,30,0,38,0,0,44,0,0,0,0,0,0,77,39,0,51,69,0,48,0,0,0,0,0;0,74,0,0,31,53,45,78,58,68,80,0,54,0,43,32,0,0,68,58,60,0,70,0,30,63,0,0,0,0;0,0,0,32,0,79,45,0,0,0,72,50,0,46,23,0,63,0,38,24,0,32,0,0,0,64,63,79,0,0;80,33,25,34,69,30,47,80,73,58,80,0,62,0,45,0,0,20,0,78,30,0,48,33,61,0,0,0,60,33;0,0,61,80,0,61,0,61,0,0,0,39,0,0,0,45,46,0,55,48,0,77,0,61,45,58,69,43,41,36;0,54,0,75,0,0,0,59,60,21,80,42,32,0,27,0,79,78,0,0,72,0,59,43,74,75,58,43,36,0;25,65,0,28,20,40,79,23,0,68,0,50,66,0,60,30,0,0,67,0,33,71,0,0,28,0,71,0,25,57;56,58,62,0,0,36,25,0,0,58,39,0,0,51,27,0,0,0,80,47,0,64,0,54,23,57,39,22,32,0;0,60,53,0,67,0,0,79,0,38,0,0,74,30,29,0,68,0,0,0,80,0,0,33,50,0,71,0,0,56;32,40,0,0,0,0,23,54,62,68,47,0,44,0,0,57,0,0,79,0,48,32,80,0,0,49,49,0,22,44;80,76,55,48,0,42,79,0,78,0,40,51,0,41,21,36,43,23,0,0,0,67,0,65,0,50,0,37,40,29;27,0,28,28,43,0,0,0,80,51,23,0,0,73,0,0,80,38,70,0,74,0,31,34,75,49,45,53,0,0;20,34,0,60,72,35,32,0,58,0,0,31,60,63,76,40,48,23,67,76,74,70,0,71,34,0,0,30,70,79;0,0,0,0,0,42,20,0,37,31,0,0,46,0,22,39,80,49,55,50,66,33,66,0,27,0,0,66,0,80;0,0,66,0,34,35,77,0,0,68,40,28,66,0,0,72,0,48,44,53,39,0,0,0,0,80,29,0,73,0;52,72,55,56,0,80,58,0,0,0,23,43,68,39,31,68,76,66,62,0,65,24,0,62,0,0,31,0,0,0;0,42,78,33,56,40,44,48,0,0,0,0,0,60,74,78,0,21,51,0,0,29,25,75,71,56,0,80,37,0;43,0,0,0,60,69,0,59,50,0,0,41,41,62,20,53,57,38,79,0,0,67,0,0,0,53,67,0,0,52;0,0,0,44,27,0,59,0,0,60,0,46,25,0,0,49,0,80,0,45,0,65,46,45,80,0,62,0,0,0;0,0,42,34,37,59,78,65,0,0,0,0,32,71,54,62,34,26,48,0,25,45,0,54,0,0,0,54,76,0
0,40,30,20,35,31,32,22,32,22,35,20,0,0,0,26,24,39,35,27,26,0,36,33,33,0,0,0,30,24;26,0,23,29,23,29,34,0,0,0,0,0,0,25,21,33,0,28,0,0,31,0,23,0,20,21,30,34,0,23;24,0,0,21,31,29,0,38,0,38,39,0,0,0,0,0,29,37,28,37,24,37,36,22,38,0,22,27,27,0;26,33,0,0,28,0,0,33,33,0,0,0,0,40,0,0,0,27,0,27,34,0,25,38,0,0,37,0,35,0;26,22,37,11,0,20,0,0,25,0,0,0,24,24,0,22,31,22,38,20,0,0,21,36,0,23,0,27,0,36;20,28,0,0,0,0,32,23,0,21,26,36,31,0,33,30,24,0,0,31,32,0,0,0,38,36,0,31,38,29;0,35,0,26,0,36,0,30,22,37,0,20,37,0,25,0,38,28,36,21,35,0,29,0,31,39,0,36,37,24;20,0,37,34,35,0,22,0,31,0,37,0,0,35,39,31,0,26,0,25,0,0,0,23,38,0,32,20,0,0;0,0,0,0,0,21,24,33,0,0,29,21,0,0,0,28,0,0,0,0,27,21,27,0,0,24,23,0,35,25;0,26,0,25,25,29,0,31,0,0,0,27,30,36,37,23,29,0,40,40,23,23,32,0,0,28,0,0,0,28;36,0,36,0,26,0,33,0,40,0,0,32,0,0,0,0,0,0,39,26,0,27,21,0,37,0,0,0,0,0;0,28,0,0,30,34,26,29,26,30,34,0,32,0,24,32,0,0,28,37,38,0,35,0,36,31,0,0,0,0;0,0,0,25,0,39,20,0,0,0,30,35,0,38,32,0,40,0,22,23,0,30,0,0,0,25,33,34,0,0;35,34,34,35,34,33,36,38,25,25,39,0,23,0,37,0,0,20,0,21,25,0,37,36,37,0,0,0,29,21;0,0,39,37,0,20,0,36,0,0,0,20,0,0,0,28,33,0,20,23,0,39,0,31,29,20,40,25,24,34;0,32,0,31,0,0,0,20,28,32,30,20,23,0,33,0,32,38,0,0,38,0,30,21,32,36,32,25,33,0;22,34,0,21,37,38,29,35,0,21,0,28,39,0,33,22,0,0,33,0,38,38,0,0,36,0,21,0,24,25;40,40,22,0,0,33,21,0,0,33,33,0,0,34,28,0,0,0,23,31,0,28,0,28,38,25,39,26,34,0;0,27,24,0,21,0,0,32,0,27,0,0,39,20,24,0,25,0,0,0,23,0,0,20,27,0,24,0,0,22;25,23,0,0,0,0,25,40,34,38,40,0,24,0,0,36,0,0,34,0,20,24,33,0,0,31,34,0,38,20;27,33,33,29,0,35,31,0,36,0,30,33,0,20,29,30,26,20,0,0,0,24,0,36,0,24,0,26,28,20;23,0,31,22,34,0,0,0,36,34,26,0,0,35,0,0,36,27,22,0,34,0,20,34,36,38,35,31,0,0;22,33,0,38,27,37,22,0,35,0,0,31,40,22,27,31,23,39,31,34,23,38,0,38,23,0,0,23,33,22;0,0,0,0,0,35,29,0,29,39,0,0,25,0,33,29,23,25,24,27,36,25,37,0,20,0,0,33,0,39;0,0,35,0,40,25,21,0,0,35,26,21,32,0,0,37,0,28,21,32,34,0,0,0,0,33,34,0,22,0;26,40,32,27,0,28,28,0,0,0,32,23,36,37,37,28,21,28,36,0,37,32,0,38,0,0,35,0,0,0;0,20,22,37,28,24,24,29,0,0,0,0,0,37,37,33,0,38,34,0,0,24,38,37,28,33,0,24,36,0;35,0,0,0,21,39,0,24,23,0,0,40,31,34,33,30,22,20,32,0,0,29,0,0,0,20,28,0,0,35;0,0,0,20,22,0,22,0,0,36,0,22,25,0,0,22,0,30,0,30,0,22,21,32,21,0,26,0,0,0;0,0,38,29,24,34,37,23,0,0,0,0,26,30,22,27,20,33,27,0,34,38,0,37,0,0,0,39,33,0
-28,20,0,-26,10,0,0,0,0,0,-48,11,0,19,0,18,0,0,0,27,0,12,-33,0,0,0,0,0,18,0
------------- End of Scenario k = 2 -------
0,31,27,45,34,76,76,68,40,35,34,68,0,0,0,64,75,54,44,71,53,0,47,24,21,0,0,0,37,57;67,0,76,58,52,35,28,0,0,0,0,0,0,30,65,75,0,47,0,0,22,0,23,0,78,69,25,47,0,26;50,0,0,80,45,30,0,80,0,80,71,0,0,0,0,0,42,55,42,65,64,60,24,45,54,0,33,77,32,0;52,59,0,0,39,0,0,30,48,0,0,0,0,57,0,0,0,63,0,75,64,0,70,22,0,0,21,0,29,0;20,65,69,71,0,80,0,0,60,0,0,0,55,70,0,65,22,39,49,78,0,0,28,79,0,55,0,25,0,22;45,80,0,0,0,0,23,31,0,62,23,33,26,0,26,24,65,0,0,26,23,0,0,0,75,70,0,46,30,23;0,54,0,58,0,64,0,48,46,61,0,34,33,0,27,0,32,46,21,47,68,0,46,0,47,61,0,37,45,64;20,0,53,63,22,0,75,0,74,0,47,0,0,32,47,22,0,21,0,73,0,0,0,62,24,0,60,24,0,0;0,0,0,0,0,62,36,40,0,0,50,49,0,0,0,73,0,0,0,0,37,47,71,0,0,30,47,0,27,54;0,65,0,32,64,40,0,50,0,0,0,63,80,46,41,79,47,0,57,78,60,41,58,0,0,48,0,0,0,63;79,0,71,0,34,0,35,0,67,0,0,52,0,0,0,0,0,0,50,62,0,75,72,0,72,0,0,0,0,0;0,55,0,0,32,54,26,37,71,45,68,0,71,0,24,39,0,0,65,56,25,0,71,0,30,75,0,0,0,0;0,0,0,29,0,54,24,0,0,0,31,48,0,67,73,0,42,0,32,29,0,70,0,0,0,22,79,36,0,0;80,59,27,79,50,22,49,80,59,71,80,0,68,0,26,0,0,33,0,25,66,0,39,55,29,0,0,0,51,58;0,0,57,35,0,27,0,38,0,0,0,70,0,0,0,41,22,0,80,35,0,46,0,66,66,51,78,67,35,75;0,62,0,38,0,0,0,25,80,39,33,80,27,0,43,0,53,79,0,0,37,0,68,57,51,33,63,52,58,0;28,21,0,74,40,52,72,45,0,21,0,41,57,0,51,43,0,0,35,0,35,57,0,0,27,0,76,0,59,65;64,63,47,0,0,63,43,0,0,52,64,0,0,77,39,0,0,0,56,45,0,33,0,40,30,56,60,43,79,0;0,58,21,0,59,0,0,43,0,24,0,0,22,55,79,0,25,0,0,0,63,0,0,69,43,0,50,0,0,72;22,39,0,0,0,0,79,31,28,80,68,0,46,0,0,28,0,0,61,0,76,44,24,0,0,41,48,0,22,37;25,22,77,20,0,41,58,0,59,0,61,28,0,46,78,80,34,22,0,0,0,69,0,62,0,27,0,28,37,76;31,0,70,21,51,0,0,0,79,75,52,0,0,39,0,0,80,43,51,0,20,0,80,20,79,32,76,42,0,0;25,49,0,64,48,66,66,0,80,0,0,49,58,46,38,71,29,35,33,67,41,55,0,65,52,0,0,52,32,47;0,0,0,0,0,49,56,0,26,66,0,0,47,0,58,71,43,71,70,77,78,64,35,0,29,0,0,37,0,70;0,0,44,0,70,66,56,0,0,44,68,46,67,0,0,37,0,62,45,40,41,0,0,0,0,21,57,0,55,0;68,69,51,60,0,42,55,0,0,0,65,25,53,64,41,46,75,33,72,0,53,40,0,74,0,0,80,0,0,0;0,61,77,46,36,70,29,41,0,0,0,0,0,30,78,52,0,37,46,0,0,61,69,31,36,27,0,80,39,0;78,0,0,0,31,26,0,22,28,0,0,39,59,25,25,25,60,69,24,0,0,48,0,0,0,77,50,0,0,80;0,0,0,29,65,0,59,0,0,46,0,61,42,0,0,48,0,50,0,79,0,36,58,33,49,0,22,0,0,0;0,0,56,56,20,65,37,48,0,0,0,0,30,23,29,80,27,71,74,0,70,50,0,75,0,0,0,79,44,0
0,33,32,28,21,35,35,38,28,30,22,34,0,0,0,27,28,30,21,20,33,0,25,25,25,0,0,0,21,40;21,0,38,35,36,40,24,0,0,0,0,0,0,35,39,34,0,28,0,0,22,0,24,0,32,24,23,31,0,22;22,0,0,23,28,31,0,39,0,22,29,0,0,0,0,0,30,23,34,25,39,23,29,31,40,0,32,27,36,0;31,35,0,0,30,0,0,32,27,0,0,0,0,32,0,0,0,23,0,24,25,0,30,20,0,0,20,0,37,0;37,25,33,38,0,33,0,0,39,0,0,0,38,31,0,26,40,33,36,24,0,0,25,30,0,23,0,38,0,38;21,36,0,0,0,0,40,32,0,39,24,22,34,0,20,40,38,0,0,37,24,0,0,0,30,25,0,32,32,35;0,23,0,29,0,29,0,33,30,27,0,23,25,0,31,0,23,34,20,27,37,0,40,0,31,40,0,38,24,20;25,0,36,27,29,0,40,0,36,0,30,0,0,23,34,31,0,21,0,27,0,0,0,35,24,0,39,27,0,0;0,0,0,0,0,40,39,34,0,0,31,23,0,0,0,31,0,0,0,0,26,22,21,0,0,20,29,0,21,27;0,30,0,37,32,37,0,40,0,0,0,20,25,37,28,38,35,0,35,22,30,28,27,0,0,27,0,0,0,25;25,0,38,0,28,0,21,0,38,0,0,38,0,0,0,0,0,0,27,26,0,25,28,0,23,0,0,0,0,0;0,35,0,0,39,27,32,37,34,35,40,0,27,0,36,27,0,0,39,38,31,0,34,0,28,37,0,0,0,0;0,0,0,26,0,35,28,0,0,0,32,29,0,20,16,0,27,0,36,28,0,31,0,0,0,23,37,28,0,0;18,22,35,31,27,35,34,19,23,37,30,0,34,0,26,0,0,34,0,24,20,0,25,26,33,0,0,0,40,40;0,0,24,28,0,20,0,39,0,0,0,29,0,0,0,34,30,0,39,24,0,34,0,34,33,35,20,24,30,35;0,38,0,36,0,0,0,39,35,35,14,27,28,0,34,0,39,29,0,0,23,0,10,33,30,28,30,31,35,0;21,24,0,30,23,25,34,23,0,30,0,37,25,0,29,32,0,0,25,0,26,36,0,0,32,0,23,0,32,34;21,23,21,0,0,20,39,0,0,32,40,0,0,32,27,0,0,0,25,29,0,36,0,31,35,33,23,35,28,0;0,40,24,0,22,0,0,34,0,31,0,0,22,40,38,0,27,0,0,0,38,0,0,38,37,0,24,0,0,24;23,21,0,0,0,0,37,30,24,24,26,0,39,0,0,31,0,0,35,0,36,34,37,0,0,32,26,0,25,39;40,32,40,27,0,25,32,0,23,0,22,40,0,27,36,31,21,29,0,0,0,29,0,27,0,30,0,22,37,24;32,0,28,39,20,0,0,0,39,35,20,0,0,20,0,0,31,30,38,0,40,0,25,40,32,22,23,32,0,0;40,27,0,22,20,32,39,0,32,0,0,27,26,21,34,29,39,23,35,36,33,31,0,20,30,0,0,25,36,37;0,0,0,0,0,26,20,0,23,26,0,0,39,0,23,22,38,35,36,27,38,28,37,0,40,0,0,31,0,39;0,0,37,0,33,22,36,0,0,22,35,23,33,0,0,30,0,27,37,35,20,0,0,0,0,21,29,0,33,0;25,26,29,38,0,22,28,0,0,0,21,30,27,28,25,22,33,26,33,0,21,39,0,32,0,0,18,0,0,0;0,38,36,27,31,28,39,40,0,0,0,0,0,35,36,21,0,24,39,0,0,24,39,32,38,36,0,35,21,0;38,0,0,0,36,30,0,27,34,0,0,40,23,38,38,28,22,21,37,0,0,21,0,0,0,37,40,0,0,36;0,0,0,29,31,0,22,0,0,37,0,23,32,0,0,20,0,38,0,30,0,39,23,22,25,0,35,0,0,0;0,0,20,21,32,30,30,28,0,0,0,0,26,35,27,24,20,26,35,0,21,28,0,24,0,0,0,23,35,0
-21,26,0,-47,28,0,0,0,0,0,-37,29,0,11,0,10,0,0,0,11,0,17,-41,0,0,0,0,0,14,0
------------- End of Scenario k = 3 -------
0,24,29,29,45,49,43,23,43,35,25,67,0,0,0,44,24,28,27,20,76,0,63,71,41,0,0,0,60,69;26,0,80,55,64,55,74,0,0,0,0,0,0,65,37,61,0,20,0,0,77,0,70,0,30,74,48,32,0,23;41,0,0,74,42,46,0,52,0,35,32,0,0,0,0,0,59,55,47,24,67,65,61,74,52,0,56,69,65,0;41,72,0,0,73,0,0,70,62,0,0,0,0,79,0,0,0,58,0,26,78,0,60,55,0,0,38,0,78,0;37,48,34,56,0,80,0,0,45,0,0,0,44,64,0,65,24,71,70,50,0,0,73,50,0,28,0,24,0,61;47,68,0,0,0,0,49,38,0,41,48,41,28,0,69,54,78,0,0,64,63,0,0,0,42,76,0,76,22,58;0,31,0,24,0,77,0,59,45,64,0,47,37,0,64,0,60,59,27,28,37,0,59,0,39,34,0,55,39,46;47,0,63,55,46,0,30,0,27,0,47,0,0,57,54,62,0,32,0,25,0,0,0,80,78,0,22,74,0,0;0,0,0,0,0,78,61,59,0,0,52,42,0,0,0,30,0,0,0,0,42,40,36,0,0,26,34,0,75,72;0,74,0,78,28,60,0,25,0,0,0,51,80,56,53,36,43,0,73,28,37,64,79,0,0,66,0,0,0,59;79,0,34,0,78,0,37,0,75,0,0,50,0,0,0,0,0,0,27,52,0,64,25,0,38,0,0,0,0,0;0,69,0,0,45,53,80,27,52,44,80,0,23,0,64,50,0,0,53,35,39,0,71,0,57,66,0,0,0,0;0,0,0,26,0,76,50,0,0,0,76,71,0,33,27,0,74,0,41,39,0,34,0,0,0,62,62,74,0,0;77,80,29,41,72,35,59,43,53,39,80,0,51,0,59,0,0,43,0,62,45,0,21,30,42,0,0,0,74,80;0,0,21,68,0,39,0,42,0,0,0,77,0,0,0,28,29,0,65,56,0,27,0,63,72,39,31,70,39,78;0,42,0,80,0,0,0,60,65,43,80,68,21,0,53,0,61,30,0,0,26,0,48,79,37,57,38,25,24,0;25,25,0,38,77,29,23,53,0,65,0,72,43,0,68,30,0,0,40,0,46,36,0,0,64,0,73,0,57,69;55,49,34,0,0,28,25,0,0,42,51,0,0,64,71,0,0,0,79,21,0,75,0,67,51,51,22,64,73,0;0,70,32,0,30,0,0,34,0,40,0,0,55,45,51,0,34,0,0,0,72,0,0,36,69,0,48,0,0,22;32,25,0,0,0,0,41,53,55,80,48,0,58,0,0,39,0,0,61,0,53,39,80,0,0,40,71,0,75,53;50,21,39,37,0,20,76,0,72,0,69,28,0,60,75,22,42,58,0,0,0,46,0,80,0,53,0,54,65,39;20,0,32,56,69,0,0,0,32,62,54,0,0,52,0,0,80,40,78,0,63,0,29,35,20,76,46,71,0,0;44,80,0,39,53,38,34,0,52,0,0,70,64,34,79,48,31,66,68,21,29,67,0,66,43,0,0,27,78,72;0,0,0,0,0,43,68,0,53,62,0,0,60,0,69,72,43,79,20,21,51,35,53,0,32,0,0,33,0,33;0,0,56,0,51,57,34,0,0,37,36,56,63,0,0,22,0,20,58,26,39,0,0,0,0,80,37,0,59,0;80,27,27,31,0,26,20,0,0,0,38,63,77,50,41,41,74,23,76,0,68,34,0,71,0,0,80,0,0,0;0,71,68,40,77,55,29,50,0,0,0,0,0,75,32,80,0,61,48,0,0,34,20,55,34,68,0,73,49,0;72,0,0,0,63,28,0,77,34,0,0,55,57,59,33,61,78,70,58,0,0,69,0,0,0,64,70,0,0,80;0,0,0,74,79,0,57,0,0,43,0,21,56,0,0,56,0,80,0,20,0,72,75,49,41,0,40,0,0,0;0,0,67,55,78,33,40,40,0,0,0,0,33,31,36,23,46,80,46,0,68,48,0,65,0,0,0,68,80,0
0,30,36,31,39,33,36,20,26,31,34,31,0,0,0,39,31,22,34,35,30,0,28,22,23,0,0,0,26,31;21,0,40,28,38,27,24,0,0,0,0,0,0,36,25,36,0,32,0,0,32,0,35,0,37,38,26,30,0,24;27,0,0,37,21,36,0,22,0,34,24,0,0,0,0,0,36,26,27,25,34,22,36,36,23,0,26,33,27,0;37,31,0,0,31,0,0,38,36,0,0,0,0,37,0,0,0,35,0,39,27,0,30,30,0,0,32,0,37,0;32,29,23,39,0,13,0,0,39,0,0,0,20,30,0,31,24,26,30,25,0,0,28,27,0,23,0,31,0,35;36,25,0,0,0,0,33,36,0,24,35,32,34,0,40,21,24,0,0,30,30,0,0,0,28,39,0,24,31,37;0,39,0,29,0,35,0,31,25,31,0,25,28,0,20,0,24,38,31,27,34,0,28,0,26,33,0,38,34,35;28,0,21,28,37,0,25,0,24,0,27,0,0,40,25,34,0,25,0,33,0,0,0,32,24,0,31,35,0,0;0,0,0,0,0,33,31,39,0,0,40,32,0,0,0,25,0,0,0,0,30,32,23,0,0,24,33,0,26,35;0,21,0,29,38,26,0,36,0,0,0,29,40,37,23,20,39,0,30,36,30,30,23,0,0,22,0,0,0,26;23,0,30,0,32,0,24,0,20,0,0,40,0,0,0,0,0,0,34,33,0,21,22,0,35,0,0,0,0,0;0,20,0,0,27,34,22,24,22,35,27,0,39,0,32,32,0,0,26,39,23,0,36,0,25,30,0,0,0,0;0,0,0,40,0,21,20,0,0,0,36,31,0,21,31,0,20,0,25,32,0,31,0,0,0,23,24,33,0,0;21,35,30,22,38,29,22,30,27,37,27,0,22,0,32,0,0,23,0,26,22,0,36,40,29,0,0,0,26,29;0,0,35,34,0,21,0,33,0,0,0,40,0,0,0,20,37,0,38,23,0,28,0,26,36,28,35,21,22,22;0,22,0,28,0,0,0,32,37,35,36,24,30,0,31,0,31,25,0,0,33,0,30,22,35,20,32,21,28,0;21,22,0,23,21,25,34,40,0,35,0,21,27,0,33,33,0,0,31,0,40,35,0,0,26,0,23,0,24,33;31,34,24,0,0,23,32,0,0,34,39,0,0,36,38,0,0,0,30,20,0,33,0,21,32,21,30,40,24,0;0,20,29,0,36,0,0,32,0,22,0,0,26,33,25,0,24,0,0,0,34,0,0,34,22,0,21,0,0,23;38,21,0,0,0,0,28,37,37,38,36,0,23,0,0,32,0,0,30,0,40,40,32,0,0,34,33,0,27,35;29,21,28,30,0,25,38,0,39,0,22,30,0,28,22,26,22,37,0,0,0,39,0,17,0,30,0,40,24,24;29,0,21,27,22,0,0,0,34,29,24,0,0,33,0,0,22,31,29,0,27,0,38,23,28,23,34,22,0,0;37,21,0,26,23,30,22,0,25,0,0,35,23,31,31,20,20,31,39,38,30,34,0,36,40,0,0,34,34,33;0,0,0,0,0,34,22,0,25,38,0,0,38,0,32,36,26,28,39,25,37,20,26,0,33,0,0,37,0,34;0,0,33,0,27,20,27,0,0,40,21,40,25,0,0,39,0,33,22,24,39,0,0,0,0,38,20,0,31,0;21,34,36,20,0,36,25,0,0,0,36,21,25,39,21,37,30,22,34,0,37,22,0,21,0,0,38,0,0,0;0,40,37,33,26,26,22,39,0,0,0,0,0,38,31,23,0,23,21,0,0,23,40,25,20,27,0,23,36,0;30,0,0,0,26,23,0,37,23,0,0,27,38,31,20,20,39,23,21,0,0,22,0,0,0,36,30,0,0,29;0,0,0,38,32,0,32,0,0,38,0,20,28,0,0,31,0,29,0,34,0,31,35,23,36,0,39,0,0,0;0,0,36,32,27,23,29,28,0,0,0,0,27,36,25,22,38,22,30,0,26,39,0,25,0,0,0,24,32,0
-19,24,0,-27,12,0,0,0,0,0,-48,21,0,10,0,27,0,0,0,29,0,17,-63,0,0,0,0,0,17,0
------------- End of Scenario k = 4 -------
0,54,26,53,33,26,23,42,32,67,58,30,0,0,0,57,46,62,66,22,51,0,44,75,36,0,0,0,53,53;48,0,54,41,30,64,20,0,0,0,0,0,0,36,31,59,0,69,0,0,65,0,63,0,50,62,39,66,0,67;63,0,0,28,75,29,0,47,0,41,57,0,0,0,0,0,38,42,73,55,56,40,39,56,33,0,79,37,21,0;33,30,0,0,77,0,0,46,20,0,0,0,0,45,0,0,0,22,0,76,57,0,59,42,0,0,34,0,66,0;34,49,29,80,0,26,0,0,74,0,0,0,28,52,0,61,47,45,35,76,0,0,39,72,0,50,0,73,0,38;65,57,0,0,0,0,31,60,0,47,60,65,52,0,75,20,71,0,0,36,74,0,0,0,78,46,0,57,77,39;0,64,0,33,0,66,0,31,56,31,0,62,47,0,21,0,39,21,72,44,23,0,80,0,31,33,0,33,32,60;27,0,59,43,56,0,21,0,64,0,59,0,0,26,73,28,0,58,0,53,0,0,0,46,68,0,63,26,0,0;0,0,0,0,0,36,47,44,0,0,31,55,0,0,0,61,0,0,0,0,48,57,50,0,0,34,50,0,66,23;0,39,0,68,28,57,0,77,0,0,0,34,56,46,67,59,65,0,73,31,60,20,58,0,0,47,0,0,0,50;21,0,76,0,76,0,20,0,23,0,0,52,0,0,0,0,0,0,50,67,0,34,75,0,44,0,0,0,0,0;0,35,0,0,70,62,80,73,37,27,40,0,46,0,55,26,0,0,50,76,79,0,68,0,43,71,0,0,0,0;0,0,0,55,0,66,64,0,0,0,37,36,0,32,80,0,37,0,58,64,0,66,0,0,0,23,33,37,0,0;48,74,79,35,61,75,78,80,22,58,80,0,30,0,39,0,0,38,0,58,46,0,41,32,25,0,0,0,64,35;0,0,61,70,0,21,0,42,0,0,0,73,0,0,0,64,45,0,24,40,0,46,0,72,49,48,50,52,31,61;0,71,0,80,0,0,0,55,80,79,33,63,66,0,59,0,77,24,0,0,65,0,80,68,67,41,30,74,70,0;77,61,0,59,65,40,29,32,0,74,0,50,28,0,57,24,0,0,22,0,73,64,0,0,67,0,62,0,43,47;25,21,53,0,0,36,61,0,0,21,33,0,0,61,50,0,0,0,80,65,0,57,0,62,79,78,71,71,34,0;0,40,21,0,61,0,0,22,0,52,0,0,71,44,79,0,56,0,0,0,80,0,0,50,57,0,34,0,0,43;74,71,0,0,0,0,38,32,68,39,70,0,31,0,0,64,0,0,31,0,69,38,80,0,0,30,57,0,67,45;34,59,66,22,0,37,60,0,75,0,68,54,0,66,27,63,45,48,0,0,0,57,0,80,0,69,0,23,28,80;38,0,59,35,20,0,0,0,67,31,30,0,0,75,0,0,63,70,21,0,51,0,28,76,37,34,26,27,0,0;52,20,0,73,42,68,37,0,31,0,0,66,80,61,41,76,60,60,30,62,35,33,0,80,59,0,0,36,37,76;0,0,0,0,0,50,31,0,43,77,0,0,68,0,38,64,23,41,59,54,58,72,61,0,71,0,0,53,0,56;0,0,66,0,72,75,73,0,0,49,70,56,49,0,0,51,0,74,48,20,34,0,0,0,0,80,63,0,69,0;47,32,37,64,0,67,47,0,0,0,79,39,35,22,55,41,80,63,49,0,68,56,0,58,0,0,52,0,0,0;0,60,58,35,72,65,70,66,0,0,0,0,0,64,50,77,0,34,80,0,0,23,78,47,66,77,0,49,72,0;39,0,0,0,33,51,0,66,36,0,0,39,72,33,67,51,40,69,58,0,0,29,0,0,0,23,24,0,0,71;0,0,0,65,51,0,23,0,0,23,0,20,27,0,0,47,0,80,0,22,0,74,48,48,29,0,39,0,0,0;0,0,59,49,44,71,27,25,0,0,0,0,48,25,63,68,23,74,62,0,61,74,0,42,0,0,0,38,67,0
0,39,26,20,37,31,37,35,22,27,30,35,0,0,0,37,25,22,29,24,30,0,21,25,40,0,0,0,21,36;30,0,29,37,30,33,26,0,0,0,0,0,0,27,39,26,0,33,0,0,40,0,27,0,33,24,34,36,0,20;23,0,0,32,25,26,0,31,0,29,33,0,0,0,0,0,24,40,34,31,36,33,23,28,31,0,33,23,24,0;20,28,0,0,36,0,0,22,22,0,0,0,0,39,0,0,0,29,0,23,28,0,30,24,0,0,34,0,20,0;25,29,38,39,0,24,0,0,29,0,0,0,40,28,0,25,27,25,36,35,0,0,39,27,0,25,0,29,0,30;31,39,0,0,0,0,21,21,0,29,39,22,21,0,34,32,39,0,0,29,32,0,0,0,31,38,0,37,28,34;0,26,0,29,0,24,0,24,36,22,0,34,36,0,36,0,30,26,33,39,34,0,35,0,39,20,0,33,24,25;21,0,31,21,22,0,36,0,32,0,39,0,0,22,38,22,0,30,0,39,0,0,0,35,25,0,35,34,0,0;0,0,0,0,0,24,24,31,0,0,35,35,0,0,0,24,0,0,0,0,36,38,31,0,0,38,24,0,32,32;0,22,0,26,24,33,0,20,0,0,0,25,38,33,21,38,28,0,23,39,31,31,25,0,0,24,0,0,0,24;24,0,38,0,27,0,40,0,22,0,0,28,0,0,0,0,0,0,22,38,0,40,24,0,28,0,0,0,0,0;0,39,0,0,36,39,39,30,40,20,38,0,36,0,36,38,0,0,27,38,28,0,35,0,32,20,0,0,0,0;0,0,0,37,0,25,21,0,0,0,26,33,0,33,18,0,27,0,33,27,0,26,0,0,0,20,40,39,0,0;33,38,30,35,34,20,20,19,38,38,29,0,27,0,24,0,0,39,0,37,34,0,29,24,33,0,0,0,34,37;0,0,40,38,0,37,0,29,0,0,0,25,0,0,0,26,32,0,21,40,0,32,0,32,24,21,24,33,32,33;0,34,0,22,0,0,0,20,26,39,30,22,28,0,36,0,39,27,0,0,22,0,28,36,23,37,20,28,21,0;29,31,0,33,37,20,22,30,0,34,0,40,28,0,25,28,0,0,35,0,40,36,0,0,20,0,26,0,28,29;39,26,40,0,0,40,30,0,0,25,31,0,0,29,23,0,0,0,31,34,0,34,0,28,20,24,35,27,22,0;0,24,20,0,23,0,0,32,0,37,0,0,36,28,27,0,26,0,0,0,38,0,0,40,25,0,34,0,0,39;23,39,0,0,0,0,21,39,27,29,28,0,26,0,0,25,0,0,24,0,29,31,34,0,0,27,23,0,33,29;39,33,27,28,0,39,25,0,38,0,27,23,0,25,34,32,38,34,0,0,0,23,0,40,0,28,0,38,20,30;21,0,28,22,27,0,0,0,27,22,38,0,0,32,0,0,40,25,23,0,21,0,29,23,24,37,27,40,0,0;31,24,0,39,34,39,35,0,34,0,0,37,33,23,30,22,26,34,31,40,27,32,0,22,28,0,0,21,31,24;0,0,0,0,0,27,23,0,29,40,0,0,20,0,37,27,28,21,33,35,27,21,27,0,35,0,0,24,0,20;0,0,36,0,25,27,34,0,0,24,26,36,34,0,0,35,0,22,29,21,20,0,0,0,0,34,22,0,31,0;23,32,40,35,0,39,36,0,0,0,36,40,23,24,29,26,23,34,29,0,27,38,0,27,0,0,31,0,0,0;0,33,34,34,36,22,27,20,0,0,0,0,0,39,20,38,0,20,28,0,0,22,27,22,40,39,0,32,33,0;27,0,0,0,33,29,0,27,20,0,0,29,40,24,38,39,37,20,28,0,0,25,0,0,0,25,21,0,0,40;0,0,0,39,35,0,32,0,0,39,0,31,35,0,0,22,0,39,0,32,0,32,20,24,39,0,39,0,0,0;0,0,32,22,33,23,24,21,0,0,0,0,24,26,33,32,31,27,24,0,22,21,0,37,0,0,0,29,39,0
-43,15,0,-46,21,0,0,0,0,0,-39,30,0,16,0,20,0,0,0,14,0,22,-39,0,0,0,0,0,29,0
------------- End of Scenario k = 5 -------
0,79,74,44,73,59,41,55,79,53,28,46,0,0,0,51,68,28,64,39,37,0,21,61,70,0,0,0,43,44;46,0,34,53,68,34,55,0,0,0,0,0,0,40,39,36,0,44,0,0,23,0,45,0,57,72,24,75,0,72;58,0,0,76,72,31,0,52,0,43,74,0,0,0,0,0,53,35,64,58,41,73,78,35,22,0,29,77,20,0;74,71,0,0,53,0,0,52,49,0,0,0,0,22,0,0,0,43,0,24,29,0,42,36,0,0,58,0,57,0;26,63,29,27,0,34,0,0,40,0,0,0,68,55,0,54,52,66,46,43,0,0,29,59,0,45,0,62,0,60;65,29,0,0,0,0,43,43,0,34,44,71,65,0,36,51,46,0,0,68,77,0,0,0,71,27,0,38,22,38;0,47,0,56,0,57,0,70,46,24,0,62,73,0,65,0,47,56,20,68,77,0,49,0,74,77,0,33,30,37;20,0,69,22,75,0,34,0,55,0,45,0,0,67,66,45,0,37,0,34,0,0,0,60,55,0,29,67,0,0;0,0,0,0,0,41,73,61,0,0,53,56,0,0,0,56,0,0,0,0,54,57,71,0,0,53,44,0,39,79;0,61,0,25,72,26,0,73,0,0,0,37,25,44,32,38,25,0,80,34,26,50,57,0,0,25,0,0,0,79;39,0,39,0,60,0,49,0,37,0,0,60,0,0,0,0,0,0,27,41,0,37,45,0,24,0,0,0,0,0;0,63,0,0,50,57,80,27,31,37,43,0,56,0,44,53,0,0,79,39,38,0,29,0,62,53,0,0,0,0;0,0,0,59,0,29,66,0,0,0,27,62,0,63,29,0,60,0,59,64,0,36,0,0,0,60,24,27,0,0;58,72,79,51,40,53,64,80,50,71,80,0,27,0,71,0,0,24,0,70,29,0,43,24,50,0,0,0,61,62;0,0,60,80,0,39,0,45,0,0,0,32,0,0,0,70,64,0,21,79,0,37,0,25,70,71,52,42,30,23;0,38,0,37,0,0,0,42,33,27,80,69,71,0,80,0,59,64,0,0,63,0,80,28,49,55,64,47,46,0;57,40,0,31,24,24,67,52,0,72,0,53,66,0,71,38,0,0,52,0,66,22,0,0,52,0,73,0,52,48;67,51,80,0,0,61,53,0,0,46,57,0,0,20,46,0,0,0,71,49,0,24,0,47,22,57,30,47,73,0;0,65,63,0,67,0,0,57,0,21,0,0,37,51,36,0,33,0,0,0,55,0,0,66,55,0,35,0,0,45;72,60,0,0,0,0,27,79,65,29,46,0,35,0,0,49,0,0,46,0,54,30,80,0,0,26,46,0,68,45;80,75,54,28,0,49,25,0,73,0,24,64,0,68,64,37,36,30,0,0,0,65,0,21,0,46,0,40,35,32;37,0,49,80,37,0,0,0,40,56,59,0,0,66,0,0,80,32,54,0,25,0,33,50,20,37,78,50,0,0;40,71,0,64,64,40,60,0,45,0,0,74,21,73,61,35,58,49,72,33,31,20,0,64,44,0,0,36,71,26;0,0,0,0,0,63,33,0,33,72,0,0,29,0,55,47,72,34,20,62,24,21,40,0,54,0,0,38,0,51;0,0,31,0,71,31,65,0,0,51,61,50,20,0,0,43,0,54,74,65,72,0,0,0,0,80,80,0,79,0;21,61,26,41,0,79,76,0,0,0,29,42,62,79,23,40,63,78,71,0,40,37,0,74,0,0,80,0,0,0;0,70,23,52,73,52,60,50,0,0,0,0,0,42,65,72,0,40,68,0,0,75,23,34,65,76,0,68,61,0;32,0,0,0,45,41,0,69,51,0,0,33,54,23,57,58,21,48,30,0,0,74,0,0,0,60,51,0,0,75;0,0,0,77,41,0,42,0,0,29,0,68,74,0,0,23,0,53,0,53,0,38,45,36,79,0,39,0,0,0;0,0,58,58,39,39,67,48,0,0,0,0,37,73,66,22,52,22,71,0,73,43,0,80,0,0,0,79,47,0
0,31,22,35,28,34,26,30,32,26,28,28,0,0,0,23,36,29,22,33,27,0,21,24,29,0,0,0,39,37;37,0,35,22,40,27,27,0,0,0,0,0,0,21,20,36,0,39,0,0,25,0,29,0,27,30,28,27,0,26;22,0,0,25,24,31,0,30,0,23,27,0,0,0,0,0,21,20,30,28,23,37,32,22,26,0,28,21,25,0;29,34,0,0,39,0,0,36,39,0,0,0,0,26,0,0,0,40,0,40,31,0,29,37,0,0,39,0,33,0;31,29,38,25,0,36,0,0,21,0,0,0,39,22,0,25,32,30,22,30,0,0,29,20,0,38,0,36,0,36;31,35,0,0,0,0,23,24,0,28,25,25,36,0,37,30,22,0,0,30,40,0,0,0,24,29,0,27,36,25;0,33,0,21,0,29,0,23,35,25,0,32,33,0,26,0,26,25,30,39,22,0,40,0,25,31,0,27,38,35;29,0,38,24,30,0,24,0,33,0,21,0,0,27,31,29,0,34,0,20,0,0,0,35,25,0,24,26,0,0;0,0,0,0,0,31,36,37,0,0,26,37,0,0,0,25,0,0,0,0,29,20,22,0,0,39,33,0,26,36;0,34,0,36,25,36,0,40,0,0,0,31,30,35,34,31,35,0,20,30,38,23,38,0,0,21,0,0,0,28;22,0,40,0,37,0,34,0,35,0,0,35,0,0,0,0,0,0,33,22,0,24,37,0,39,0,0,0,0,0;0,40,0,0,28,21,32,33,24,38,29,0,35,0,35,40,0,0,37,20,40,0,27,0,23,40,0,0,0,0;0,0,0,31,0,37,27,0,0,0,23,26,0,25,27,0,26,0,26,38,0,28,0,0,0,26,40,20,0,0;29,27,25,26,23,30,36,35,25,31,29,0,24,0,36,0,0,34,0,34,35,0,21,35,40,0,0,0,33,36;0,0,36,30,0,26,0,26,0,0,0,32,0,0,0,22,35,0,35,37,0,23,0,21,21,23,28,20,34,23;0,30,0,34,0,0,0,24,35,31,30,31,27,0,36,0,34,33,0,0,34,0,21,20,40,21,36,31,36,0;31,20,0,31,25,37,34,26,0,28,0,40,31,0,24,32,0,0,21,0,24,28,0,0,25,0,24,0,36,34;21,36,25,0,0,26,40,0,0,32,21,0,0,40,31,0,0,0,19,35,0,34,0,29,29,38,32,40,26,0;0,31,39,0,26,0,0,33,0,33,0,0,30,29,31,0,20,0,0,0,27,0,0,28,33,0,21,0,0,21;35,37,0,0,0,0,37,30,21,35,35,0,33,0,0,35,0,0,37,0,20,20,24,0,0,31,39,0,37,38;40,33,22,29,0,28,22,0,39,0,36,27,0,37,26,21,25,36,0,0,0,39,0,24,0,20,0,32,23,35;22,0,26,40,33,0,0,0,30,20,32,0,0,31,0,0,20,37,40,0,32,0,19,29,33,23,34,21,0,0;39,23,0,22,31,21,27,0,30,0,0,40,39,35,34,32,38,37,21,33,29,23,0,26,39,0,0,36,30,37;0,0,0,0,0,31,36,0,27,25,0,0,28,0,31,23,35,26,23,24,28,20,29,0,30,0,0,27,0,26;0,0,35,0,28,22,24,0,0,24,36,28,25,0,0,32,0,22,20,22,40,0,0,0,0,34,21,0,36,0;22,21,40,23,0,21,28,0,0,0,27,27,34,20,34,30,34,40,38,0,35,35,0,20,0,0,23,0,0,0;0,40,34,28,24,37,40,34,0,0,0,0,0,28,23,30,0,28,21,0,0,28,35,34,38,24,0,36,22,0;29,0,0,0,31,24,0,32,26,0,0,36,32,21,23,35,40,21,22,0,0,34,0,0,0,24,20,0,0,36;0,0,0,39,23,0,32,0,0,21,0,31,36,0,0,27,0,32,0,36,0,36,31,28,27,0,36,0,0,0;0,0,25,27,33,38,23,37,0,0,0,0,24,23,33,33,37,38,25,0,34,27,0,35,0,0,0,23,22,0
-38,23,0,-49,12,0,0,0,0,0,-50,24,0,28,0,21,0,0,0,16,0,18,-23,0,0,0,0,0,18,0
------------- End of Scenario k = 6 -------
0,28,22,27,59,58,56,80,27,53,55,61,0,0,0,55,49,28,36,70,53,0,71,40,59,0,0,0,79,73;63,0,30,53,41,22,33,0,0,0,0,0,0,61,62,27,0,60,0,0,51,0,76,0,55,51,54,75,0,64;33,0,0,53,67,41,0,67,0,41,44,0,0,0,0,0,49,44,44,34,46,65,57,74,42,0,44,56,65,0;41,70,0,0,44,0,0,42,29,0,0,0,0,44,0,0,0,50,0,80,73,0,28,46,0,0,55,0,79,0;21,70,79,49,0,80,0,0,56,0,0,0,31,55,0,46,35,70,41,31,0,0,77,52,0,28,0,66,0,32;62,23,0,0,0,0,69,34,0,46,56,79,60,0,42,32,38,0,0,79,30,0,0,0,46,61,0,63,25,27;0,43,0,22,0,27,0,68,39,21,0,55,71,0,40,0,28,38,53,20,46,0,80,0,26,66,0,40,45,70;48,0,62,20,42,0,25,0,45,0,66,0,0,63,39,27,0,30,0,41,0,0,0,56,50,0,69,43,0,0;0,0,0,0,0,73,80,59,0,0,34,23,0,0,0,23,0,0,0,0,63,69,40,0,0,54,63,0,25,49;0,61,0,26,20,48,0,37,0,0,0,42,80,31,36,34,59,0,77,27,54,59,58,0,0,57,0,0,0,41;43,0,76,0,38,0,55,0,35,0,0,27,0,0,0,0,0,0,64,35,0,46,79,0,56,0,0,0,0,0;0,80,0,0,21,34,80,29,74,45,45,0,42,0,43,33,0,0,32,71,59,0,71,0,45,22,0,0,0,0;0,0,0,22,0,64,50,0,0,0,43,60,0,57,48,0,29,0,42,24,0,64,0,0,0,58,53,49,0,0;80,27,38,26,68,50,38,34,42,28,49,0,52,0,68,0,0,49,0,21,42,0,65,23,75,0,0,0,61,36;0,0,34,80,0,74,0,34,0,0,0,61,0,0,0,53,32,0,57,52,0,46,0,75,45,48,53,44,35,72;0,71,0,80,0,0,0,75,80,48,80,47,47,0,75,0,62,25,0,0,39,0,80,75,21,56,69,64,29,0;60,69,0,58,52,26,38,25,0,69,0,67,76,0,24,25,0,0,50,0,78,58,0,0,69,0,50,0,38,24;22,50,75,0,0,77,40,0,0,31,75,0,0,71,79,0,0,0,39,68,0,48,0,78,49,70,78,24,53,0;0,52,62,0,64,0,0,29,0,76,0,0,54,30,48,0,53,0,0,0,80,0,0,48,35,0,20,0,0,34;45,67,0,0,0,0,79,31,61,34,74,0,38,0,0,45,0,0,59,0,38,58,80,0,0,74,58,0,78,22;80,59,73,65,0,61,49,0,39,0,70,34,0,22,70,79,34,48,0,0,0,27,0,80,0,41,0,74,25,67;21,0,29,80,47,0,0,0,67,37,42,0,0,64,0,0,80,67,61,0,60,0,36,40,27,23,52,50,0,0;52,74,0,68,50,31,72,0,20,0,0,72,36,24,56,22,27,73,69,70,33,43,0,47,60,0,0,54,39,20;0,0,0,0,0,63,37,0,79,58,0,0,62,0,23,54,56,70,74,80,80,56,71,0,67,0,0,35,0,31;0,0,36,0,39,78,39,0,0,72,24,72,56,0,0,72,0,20,36,62,57,0,0,0,0,44,27,0,64,0;71,54,75,63,0,57,27,0,0,0,37,73,37,73,32,61,31,69,65,0,35,64,0,70,0,0,80,0,0,0;0,55,75,53,59,34,59,71,0,0,0,0,0,30,51,77,0,80,63,0,0,73,31,26,31,24,0,80,51,0;76,0,0,0,78,67,0,72,38,0,0,52,26,76,24,28,26,76,67,0,0,58,0,0,0,71,67,0,0,80;0,0,0,33,33,0,29,0,0,40,0,65,63,0,0,60,0,80,0,75,0,72,36,24,29,0,25,0,0,0;0,0,59,74,31,62,69,67,0,0,0,0,21,42,37,31,66,77,78,0,48,66,0,55,0,0,0,24,46,0
0,35,34,24,33,38,28,27,38,30,30,32,0,0,0,27,37,30,33,31,29,0,37,31,30,0,0,0,34,31;40,0,33,20,30,31,36,0,0,0,0,0,0,36,22,22,0,22,0,0,38,0,28,0,27,35,39,37,0,21;36,0,0,32,28,24,0,34,0,38,26,0,0,0,0,0,36,40,40,26,20,36,40,35,35,0,29,35,28,0;20,38,0,0,35,0,0,36,24,0,0,0,0,32,0,0,0,22,0,25,21,0,24,32,0,0,25,0,32,0;31,28,38,39,0,40,0,0,21,0,0,0,31,32,0,20,35,25,26,22,0,0,28,28,0,33,0,21,0,39;24,20,0,0,0,0,32,22,0,26,30,25,35,0,40,34,31,0,0,24,38,0,0,0,39,27,0,28,27,40;0,25,0,31,0,27,0,34,29,39,0,39,24,0,23,0,31,24,21,34,38,0,40,0,37,29,0,23,39,23;23,0,36,22,37,0,32,0,38,0,35,0,0,36,25,20,0,35,0,40,0,0,0,28,39,0,20,23,0,0;0,0,0,0,0,30,21,24,0,0,30,26,0,0,0,33,0,0,0,0,23,30,27,0,0,40,23,0,40,33;0,29,0,28,39,24,0,25,0,0,0,34,16,25,30,24,29,0,38,24,22,26,21,0,0,27,0,0,0,38;34,0,37,0,20,0,25,0,35,0,0,37,0,0,0,0,0,0,40,28,0,29,28,0,20,0,0,0,0,0;0,40,0,0,37,30,27,36,28,32,39,0,20,0,31,21,0,0,40,22,23,0,27,0,40,29,0,0,0,0;0,0,0,23,0,37,36,0,0,0,21,38,0,28,26,0,36,0,20,31,0,32,0,0,0,27,24,22,0,0;39,22,27,38,24,39,37,37,37,28,19,0,27,0,32,0,0,40,0,28,38,0,39,21,23,0,0,0,22,24;0,0,27,16,0,27,0,23,0,0,0,31,0,0,0,34,20,0,31,27,0,38,0,40,26,21,30,24,23,37;0,20,0,26,0,0,0,39,24,37,34,26,25,0,26,0,20,34,0,0,33,0,36,39,40,29,33,32,23,0;20,35,0,34,34,34,25,35,0,33,0,37,22,0,23,20,0,0,32,0,30,40,0,0,34,0,35,0,32,33;25,34,39,0,0,38,27,0,0,32,33,0,0,22,38,0,0,0,20,37,0,25,0,26,21,33,31,23,25,0;0,33,39,0,33,0,0,34,0,27,0,0,21,22,29,0,34,0,0,0,33,0,0,39,23,0,28,0,0,24;25,28,0,0,0,0,39,37,22,34,25,0,32,0,0,38,0,0,26,0,29,27,18,0,0,35,23,0,25,22;20,23,20,39,0,20,22,0,26,0,40,25,0,26,20,39,33,31,0,0,0,35,0,36,0,27,0,31,29,34;20,0,26,14,25,0,0,0,36,27,40,0,0,31,0,0,38,28,26,0,39,0,24,23,29,40,35,35,0,0;22,28,0,39,28,35,30,0,21,0,0,38,31,35,23,39,35,31,23,35,30,29,0,36,40,0,0,25,24,29;0,0,0,0,0,30,29,0,26,37,0,0,27,0,31,34,20,26,20,31,33,28,32,0,39,0,0,35,0,37;0,0,35,0,40,24,34,0,0,35,39,23,26,0,0,29,0,21,37,30,30,0,0,0,0,25,26,0,29,0;30,25,31,22,0,35,24,0,0,0,23,36,30,22,29,30,35,23,36,0,40,28,0,32,0,0,37,0,0,0;0,36,26,32,28,24,38,30,0,0,0,0,0,32,32,36,0,21,38,0,0,34,37,32,22,27,0,27,20,0;38,0,0,0,22,40,0,24,20,0,0,20,21,37,22,36,27,32,39,0,0,28,0,0,0,33,36,0,0,26;0,0,0,23,27,0,22,0,0,26,0,29,21,0,0,32,0,26,0,36,0,36,34,24,38,0,27,0,0,0;0,0,27,37,29,24,38,36,0,0,0,0,28,26,20,38,30,25,35,0,40,24,0,38,0,0,0,21,37,0
-23,15,0,-39,17,0,0,0,0,0,-40,23,0,15,0,20,0,0,0,12,0,13,-33,0,0,0,0,0,20,0
------------- End of Scenario k = 7 -------
0,57,58,62,40,78,20,53,63,40,71,67,0,0,0,32,56,67,55,42,27,0,36,75,75,0,0,0,44,26;22,0,80,54,29,57,71,0,0,0,0,0,0,51,27,27,0,60,0,0,45,0,28,0,66,63,60,42,0,78;35,0,0,65,76,80,0,43,0,42,80,0,0,0,0,0,24,49,35,53,37,63,72,57,76,0,60,44,29,0;26,46,0,0,51,0,0,28,70,0,0,0,0,57,0,0,0,65,0,51,37,0,75,51,0,0,37,0,26,0;70,72,79,80,0,80,0,0,30,0,0,0,25,53,0,20,66,58,38,75,0,0,45,70,0,67,0,28,0,44;56,33,0,0,0,0,59,62,0,23,69,41,60,0,80,21,43,0,0,48,28,0,0,0,43,53,0,52,29,30;0,54,0,43,0,31,0,25,35,40,0,32,80,0,52,0,28,53,77,42,62,0,69,0,40,40,0,46,31,52;36,0,48,49,32,0,62,0,36,0,37,0,0,80,46,46,0,72,0,53,0,0,0,22,69,0,72,40,0,0;0,0,0,0,0,67,34,41,0,0,41,20,0,0,0,29,0,0,0,0,57,22,40,0,0,24,79,0,27,22;0,52,0,45,69,48,0,55,0,0,0,45,30,32,74,64,26,0,77,76,77,79,36,0,0,58,0,0,0,80;22,0,32,0,36,0,44,0,55,0,0,69,0,0,0,0,0,0,80,78,0,78,63,0,22,0,0,0,0,0;0,34,0,0,35,77,51,40,46,79,80,0,79,0,53,65,0,0,52,47,67,0,55,0,78,75,0,0,0,0;0,0,0,60,0,56,54,0,0,0,39,48,0,44,29,0,31,0,30,46,0,21,0,0,0,49,61,75,0,0;52,75,73,68,57,30,28,80,80,71,53,0,37,0,31,0,0,30,0,45,48,0,47,35,22,0,0,0,25,31;0,0,54,69,0,22,0,25,0,0,0,31,0,0,0,65,34,0,51,57,0,46,0,70,36,57,58,59,48,51;0,62,0,80,0,0,0,34,80,69,44,64,60,0,60,0,64,66,0,0,68,0,80,76,35,55,52,54,29,0;63,79,0,29,38,58,30,73,0,65,0,66,29,0,45,24,0,0,25,0,67,20,0,0,66,0,64,0,74,76;28,35,46,0,0,50,76,0,0,23,48,0,0,42,53,0,0,0,20,62,0,23,0,31,30,77,34,40,64,0;0,39,57,0,44,0,0,22,0,43,0,0,57,49,28,0,31,0,0,0,80,0,0,31,48,0,48,0,0,55;45,34,0,0,0,0,74,22,35,75,32,0,49,0,0,40,0,0,68,0,42,32,68,0,0,30,28,0,46,42;80,66,49,71,0,64,33,0,51,0,34,60,0,37,77,78,74,78,0,0,0,23,0,80,0,56,0,48,65,72;54,0,43,34,50,0,0,0,42,37,69,0,0,40,0,0,80,42,71,0,69,0,39,75,51,52,24,62,0,0;37,55,0,43,26,63,22,0,68,0,0,34,59,57,49,38,77,47,78,21,26,28,0,65,41,0,0,22,27,72;0,0,0,0,0,52,48,0,55,27,0,0,78,0,39,43,42,33,62,65,54,59,42,0,80,0,0,33,0,36;0,0,78,0,33,30,48,0,0,77,52,26,29,0,0,44,0,32,21,43,39,0,0,0,0,43,21,0,78,0;30,32,78,63,0,52,49,0,0,0,28,66,40,62,44,56,21,38,74,0,29,22,0,66,0,0,80,0,0,0;0,61,79,46,39,79,26,37,0,0,0,0,0,45,68,54,0,76,24,0,0,40,47,24,32,77,0,54,68,0;77,0,0,0,77,73,0,34,74,0,0,79,31,24,69,24,35,34,22,0,0,72,0,0,0,63,71,0,0,28;0,0,0,58,39,0,44,0,0,45,0,49,77,0,0,24,0,80,0,71,0,76,65,43,60,0,45,0,0,0;0,0,36,76,76,43,29,70,0,0,0,0,58,55,62,78,45,48,79,0,74,52,0,51,0,0,0,65,47,0
0,36,24,31,20,39,29,30,22,29,23,27,0,0,0,22,23,40,36,20,38,0,26,26,20,0,0,0,28,40;40,0,26,33,33,26,32,0,0,0,0,0,0,23,39,31,0,23,0,0,34,0,37,0,40,29,24,24,0,32;36,0,0,26,40,40,0,35,0,34,39,0,0,0,0,0,32,31,39,32,31,40,28,20,29,0,32,37,40,0;24,21,0,0,36,0,0,33,25,0,0,0,0,35,0,0,0,27,0,26,23,0,32,35,0,0,29,0,24,0;24,40,22,38,0,20,0,0,26,0,0,0,38,31,0,37,21,38,23,40,0,0,34,20,0,37,0,30,0,35;29,22,0,0,0,0,24,25,0,31,39,37,38,0,21,25,35,0,0,20,37,0,0,0,23,35,0,26,30,30;0,37,0,22,0,34,0,34,23,38,0,24,26,0,28,0,38,22,28,24,29,0,20,0,40,31,0,40,21,21;38,0,26,30,21,0,24,0,28,0,40,0,0,21,26,34,0,26,0,27,0,0,0,20,36,0,20,31,0,0;0,0,0,0,0,20,37,36,0,0,20,21,0,0,0,28,0,0,0,0,34,24,25,0,0,28,34,0,38,23;0,33,0,37,35,24,0,27,0,0,0,31,24,36,37,31,36,0,39,40,37,28,28,0,0,22,0,0,0,35;20,0,40,0,29,0,29,0,22,0,0,35,0,0,0,0,0,0,26,32,0,35,37,0,30,0,0,0,0,0;0,36,0,0,23,30,20,30,28,22,28,0,28,0,25,37,0,0,36,22,34,0,37,0,26,23,0,0,0,0;0,0,0,32,0,26,36,0,0,0,23,31,0,31,23,0,32,0,22,30,0,32,0,0,0,30,33,26,0,0;35,30,29,40,32,34,37,40,27,21,34,0,31,0,22,0,0,29,0,24,40,0,37,25,29,0,0,0,32,32;0,0,36,39,0,30,0,31,0,0,0,37,0,0,0,21,38,0,31,31,0,29,0,38,34,40,39,28,36,20;0,22,0,39,0,0,0,24,29,33,30,40,34,0,21,0,23,33,0,0,25,0,31,40,32,21,32,20,37,0;32,22,0,36,25,35,22,30,0,33,0,35,37,0,36,37,0,0,33,0,30,22,0,0,31,0,30,0,20,34;36,32,37,0,0,26,23,0,0,38,35,0,0,38,20,0,0,0,33,29,0,23,0,35,22,33,40,22,38,0;0,30,27,0,40,0,0,24,0,26,0,0,37,40,36,0,34,0,0,0,29,0,0,36,34,0,26,0,0,35;33,34,0,0,0,0,39,37,37,23,24,0,40,0,0,22,0,0,27,0,30,30,30,0,0,30,30,0,34,29;36,23,26,24,0,38,30,0,39,0,32,26,0,32,26,20,40,21,0,0,0,20,0,34,0,37,0,23,27,20;29,0,32,22,35,0,0,0,20,34,38,0,0,20,0,0,36,28,39,0,34,0,37,23,33,36,25,26,0,0;27,34,0,21,20,31,38,0,26,0,0,35,30,30,37,39,25,39,27,26,39,37,0,25,40,0,0,34,25,23;0,0,0,0,0,39,37,0,24,31,0,0,38,0,35,40,39,26,36,39,38,39,33,0,30,0,0,40,0,33;0,0,27,0,24,23,21,0,0,26,31,32,21,0,0,33,0,38,36,28,40,0,0,0,0,38,26,0,24,0;30,22,20,20,0,21,33,0,0,0,23,29,28,32,20,25,20,34,25,0,25,31,0,26,0,0,29,0,0,0;0,38,35,27,35,35,28,39,0,0,0,0,0,28,26,25,0,22,30,0,0,37,22,32,28,29,0,39,26,0;32,0,0,0,23,25,0,32,40,0,0,23,36,39,37,22,26,34,37,0,0,24,0,0,0,37,38,0,0,34;0,0,0,25,27,0,38,0,0,35,0,40,20,0,0,28,0,36,0,33,0,24,21,28,26,0,23,0,0,0;0,0,39,30,40,29,34,20,0,0,0,0,26,26,40,35,32,20,26,0,37,24,0,30,0,0,0,32,32,0
-44,23,0,-51,15,0,0,0,0,0,-62,10,0,29,0,29,0,0,0,19,0,18,-15,0,0,0,0,0,29,0
------------- End of Scenario k = 8 -------
0,39,76,29,79,72,46,49,68,58,65,67,0,0,0,29,42,60,68,28,44,0,62,63,37,0,0,0,70,37;28,0,80,66,31,67,61,0,0,0,0,0,0,26,32,23,0,55,0,0,39,0,67,0,80,68,78,49,0,49;67,0,0,23,65,72,0,72,0,47,80,0,0,0,0,0,25,29,43,31,36,52,31,33,30,0,45,55,28,0;56,61,0,0,70,0,0,27,55,0,0,0,0,24,0,0,0,27,0,45,71,0,33,28,0,0,75,0,24,0;25,72,39,69,0,79,0,0,80,0,0,0,62,51,0,37,67,75,65,24,0,0,39,71,0,66,0,20,0,55;40,71,0,0,0,0,35,77,0,50,77,44,21,0,31,67,29,0,0,26,27,0,0,0,75,62,0,40,55,73;0,28,0,66,0,28,0,66,72,33,0,39,23,0,49,0,72,78,29,69,79,0,56,0,45,80,0,63,59,46;64,0,54,40,30,0,60,0,67,0,67,0,0,55,30,55,0,23,0,30,0,0,0,53,77,0,25,33,0,0;0,0,0,0,0,79,25,28,0,0,25,54,0,0,0,34,0,0,0,0,52,23,67,0,0,40,65,0,43,20;0,38,0,67,56,55,0,46,0,0,0,26,54,48,67,78,20,0,33,31,32,63,72,0,0,56,0,0,0,71;29,0,32,0,25,0,51,0,51,0,0,29,0,0,0,0,0,0,70,46,0,29,43,0,72,0,0,0,0,0;0,73,0,0,52,29,80,27,37,29,28,0,25,0,78,50,0,0,64,27,29,0,42,0,56,61,0,0,0,0;0,0,0,47,0,60,69,0,0,0,71,49,0,26,80,0,28,0,74,51,0,44,0,0,0,63,52,25,0,0;79,61,27,79,71,52,78,31,36,69,80,0,26,0,54,0,0,64,0,56,47,0,77,43,65,0,0,0,48,44;0,0,47,80,0,76,0,38,0,0,0,28,0,0,0,50,21,0,56,76,0,40,0,36,30,80,77,58,55,65;0,70,0,80,0,0,0,72,80,56,80,67,80,0,74,0,33,69,0,0,76,0,56,39,75,77,62,80,54,0;44,79,0,42,74,60,56,36,0,48,0,67,27,0,34,56,0,0,73,0,34,23,0,0,62,0,52,0,25,22;50,77,47,0,0,38,53,0,0,20,63,0,0,58,40,0,0,0,56,75,0,51,0,54,46,72,48,29,45,0;0,55,55,0,30,0,0,20,0,60,0,0,70,34,48,0,26,0,0,0,80,0,0,47,63,0,56,0,0,46;29,74,0,0,0,0,46,27,43,80,61,0,33,0,0,61,0,0,23,0,28,48,80,0,0,46,48,0,25,29;80,28,61,53,0,27,44,0,80,0,73,35,0,50,72,29,48,75,0,0,0,24,0,58,0,76,0,48,78,44;20,0,27,80,79,0,0,0,25,46,64,0,0,64,0,0,50,49,29,0,58,0,80,68,50,37,44,42,0,0;52,58,0,33,33,55,47,0,49,0,0,68,48,65,50,65,21,50,40,40,59,32,0,43,51,0,0,64,80,38;0,0,0,0,0,76,68,0,31,46,0,0,24,0,54,73,46,68,20,48,27,66,25,0,80,0,0,41,0,80;0,0,27,0,48,23,35,0,0,21,29,29,26,0,0,63,0,52,67,26,54,0,0,0,0,24,41,0,64,0;72,66,44,31,0,40,46,0,0,0,30,54,66,62,31,22,29,66,49,0,34,48,0,31,0,0,80,0,0,0;0,49,55,60,31,59,67,60,0,0,0,0,0,69,64,41,0,67,39,0,0,80,62,33,43,37,0,80,50,0;75,0,0,0,71,35,0,38,52,0,0,78,64,46,39,77,70,25,37,0,0,70,0,0,0,30,20,0,0,22;0,0,0,71,38,0,80,0,0,51,0,32,23,0,0,53,0,80,0,36,0,24,25,27,24,0,49,0,0,0;0,0,37,27,21,76,57,68,0,0,0,0,55,61,49,36,69,28,27,0,44,38,0,42,0,0,0,38,30,0
0,29,31,39,27,39,29,33,30,32,25,22,0,0,0,26,21,36,28,24,25,0,34,24,28,0,0,0,35,35;37,0,39,24,32,22,33,0,0,0,0,0,0,28,37,34,0,40,0,0,37,0,31,0,27,21,39,20,0,37;23,0,0,26,33,20,0,29,0,26,35,0,0,0,0,0,40,20,28,39,39,22,35,29,38,0,35,26,34,0;22,36,0,0,31,0,0,32,35,0,0,0,0,29,0,0,0,35,0,27,30,0,28,39,0,0,39,0,26,0;29,37,22,29,0,36,0,0,27,0,0,0,32,40,0,30,21,33,39,38,0,0,35,22,0,22,0,31,0,37;28,25,0,0,0,0,37,28,0,20,22,27,21,0,23,34,40,0,0,30,39,0,0,0,26,30,0,24,37,26;0,39,0,25,0,20,0,27,35,40,0,36,23,0,38,0,23,38,40,22,40,0,27,0,22,25,0,21,32,31;27,0,35,35,36,0,30,0,35,0,33,0,0,24,31,34,0,27,0,28,0,0,0,24,32,0,35,38,0,0;0,0,0,0,0,31,31,34,0,0,29,20,0,0,0,32,0,0,0,0,26,25,27,0,0,20,33,0,22,21;0,30,0,33,31,22,0,34,0,0,0,38,30,35,35,32,33,0,33,27,33,31,26,0,0,30,0,0,0,33;36,0,34,0,36,0,34,0,29,0,0,38,0,0,0,0,0,0,25,21,0,36,22,0,20,0,0,0,0,0;0,38,0,0,36,34,27,35,25,38,25,0,24,0,40,37,0,0,26,33,39,0,36,0,26,23,0,0,0,0;0,0,0,25,0,27,33,0,0,0,28,30,0,24,20,0,25,0,21,30,0,30,0,0,0,35,40,34,0,0;29,38,32,31,34,20,38,37,25,31,34,0,33,0,30,0,0,35,0,37,38,0,25,31,25,0,0,0,28,35;0,0,20,13,0,34,0,32,0,0,0,24,0,0,0,39,31,0,32,36,0,23,0,40,23,38,28,39,23,29;0,29,0,38,0,0,0,37,30,28,34,28,21,0,21,0,29,36,0,0,27,0,39,29,32,22,38,23,40,0;35,23,0,40,38,38,40,34,0,35,0,25,37,0,21,25,0,0,29,0,24,36,0,0,23,0,29,0,22,38;22,34,24,0,0,39,38,0,0,20,28,0,0,24,38,0,0,0,20,32,0,31,0,27,21,26,23,36,35,0;0,20,28,0,24,0,0,21,0,34,0,0,35,23,31,0,36,0,0,0,14,0,0,25,40,0,27,0,0,23;27,22,0,0,0,0,24,27,31,20,20,0,27,0,0,22,0,0,23,0,29,39,22,0,0,37,26,0,32,37;15,29,33,28,0,28,29,0,35,0,36,30,0,25,38,38,22,28,0,0,0,38,0,39,0,36,0,22,32,29;23,0,40,38,38,0,0,0,20,23,40,0,0,26,0,0,28,34,31,0,26,0,37,21,20,27,39,23,0,0;32,32,0,31,30,37,22,0,20,0,0,38,21,35,36,38,32,26,28,28,35,23,0,29,29,0,0,34,29,38;0,0,0,0,0,20,33,0,21,33,0,0,25,0,28,20,25,34,35,33,25,36,22,0,20,0,0,31,0,39;0,0,30,0,23,29,22,0,0,37,35,39,29,0,0,37,0,37,35,29,25,0,0,0,0,35,20,0,20,0;39,26,34,39,0,40,27,0,0,0,34,34,27,38,25,34,33,39,20,0,22,34,0,30,0,0,36,0,0,0;0,33,31,39,21,33,25,33,0,0,0,0,0,27,34,27,0,30,37,0,0,24,33,28,31,24,0,34,33,0;25,0,0,0,37,27,0,27,29,0,0,39,38,20,37,20,22,20,31,0,0,39,0,0,0,34,21,0,0,15;0,0,0,39,20,0,25,0,0,39,0,40,36,0,0,27,0,30,0,30,0,38,27,21,34,0,40,0,0,0;0,0,32,24,30,31,28,25,0,0,0,0,21,39,24,25,27,35,34,0,36,36,0,31,0,0,0,27,36,0
-24,25,0,-63,20,0,0,0,0,0,-59,24,0,27,0,30,0,0,0,13,0,19,-26,0,0,0,0,0,14,0
------------- End of Scenario k = 9 -------
