/ -------------------------------------------------------------------------
An instance of the stochastic Fixed - charge Network Flow Problem using NETGEN.
/ -------------------------------------------------------------------------
Number of Nodes (no Dummy node is added), n
Graph Density, density
The fixed cost to variable cost ratio, f
Adjacency Matrix, A
Fixed Cost Matrix, c
Number of scenarios, K
Scenario Probabilities, p
----The following three rows will be repeated K times.----
Var Cost Matrix, d
Capacity, u
demand, b
/ -------------------------------------------------------------------------
+
10
0.6
200
0,0,0,1,1,1,1,1,1,1;1,0,1,0,0,1,1,1,0,1;0,0,0,0,1,1,0,0,0,1;1,0,1,0,1,0,0,1,0,1;1,0,0,1,0,0,1,1,0,1;1,0,1,0,1,0,1,0,0,1;1,1,1,1,1,1,0,1,1,0;1,0,1,0,1,0,0,0,1,1;1,0,1,0,1,0,1,1,0,0;1,1,0,0,0,0,1,1,1,0
0,0,0,9440,10040,10220,9746,9213,11093,9413;13693,0,12440,0,0,10940,10746,9526,0,9653;0,0,0,0,10206,9740,0,0,0,9666;10726,0,10626,0,13813,0,0,10126,0,10053;13219,0,0,10546,0,0,10560,9640,0,10146;11080,0,9140,0,9393,0,11306,0,0,9493;9973,9753,9920,10266,10260,12586,0,9340,9686,0;12746,0,8860,0,10600,0,0,0,10133,13626;10293,0,8806,0,10273,0,10300,13213,0,0;9680,10400,0,0,0,0,8986,10266,10086,0
30
0.01,0.05,0.01,0.06,0.06,0.01,0.01,0.03,0.03,0.01,0.03,0.03,0.05,0.01,0.03,0.01,0.01,0.03,0.01,0.03,0.05,0.08,0.01,0.05,0.03,0.05,0.03,0.01,0.03,0.14
--Scenarios--
0,0,0,49,41,45,27,51,73,30;80,0,20,0,0,26,21,77,0,35;0,0,0,0,69,60,0,0,0,52;20,0,50,0,80,0,0,70,0,78;80,0,0,78,0,0,54,69,0,60;80,0,43,0,26,0,25,0,0,47;43,21,80,80,68,34,0,32,78,0;54,0,45,0,72,0,0,0,21,80;70,0,72,0,70,0,62,80,0,0;26,47,0,0,0,0,62,56,76,0
0,0,0,25,39,34,24,39,21,25;31,0,25,0,0,36,40,40,0,38;0,0,0,0,20,23,0,0,0,31;25,0,40,0,34,0,0,20,0,33;31,0,0,22,0,0,26,21,0,40;36,0,38,0,40,0,39,0,0,33;22,26,22,30,33,19,0,31,23,0;31,0,23,0,39,0,0,0,38,28;27,0,27,0,39,0,39,34,0,0;24,25,0,0,0,0,34,34,23,0
-85,20,0,21,0,0,17,0,27,0
------------- End of Scenario k = 0 -------
0,0,0,50,68,43,58,28,25,31;80,0,80,0,0,43,53,51,0,28;0,0,0,0,46,37,0,0,0,37;52,0,55,0,80,0,0,58,0,51;80,0,0,43,0,0,62,59,0,74;80,0,63,0,32,0,71,0,0,56;58,74,22,76,68,41,0,59,33,0;59,0,63,0,38,0,0,0,53,80;60,0,75,0,23,0,30,80,0,0;76,24,0,0,0,0,24,23,38,0
0,0,0,28,28,21,22,38,22,33;31,0,26,0,0,23,24,36,0,35;0,0,0,0,29,36,0,0,0,33;35,0,35,0,37,0,0,32,0,35;37,0,0,40,0,0,33,26,0,38;24,0,33,0,36,0,26,0,0,36;21,27,23,21,28,34,0,26,23,0;30,0,26,0,35,0,0,0,29,26;39,0,21,0,29,0,34,15,0,0;26,30,0,0,0,0,30,38,32,0
-68,19,0,19,0,0,18,0,12,0
------------- End of Scenario k = 1 -------
0,0,0,44,58,54,73,24,35,43;30,0,80,0,0,70,70,65,0,76;0,0,0,0,78,79,0,0,0,31;40,0,79,0,71,0,0,48,0,54;80,0,0,43,0,0,38,49,0,21;24,0,43,0,28,0,54,0,0,33;54,74,44,44,76,80,0,55,36,0;80,0,37,0,57,0,0,0,78,43;72,0,56,0,54,0,71,80,0,0;25,67,0,0,0,0,59,74,53,0
0,0,0,33,40,37,37,33,30,27;25,0,39,0,0,39,28,29,0,28;0,0,0,0,23,24,0,0,0,20;38,0,23,0,23,0,0,29,0,31;27,0,0,38,0,0,35,25,0,35;13,0,36,0,36,0,37,0,0,25;21,21,21,24,31,17,0,34,34,0;20,0,40,0,33,0,0,0,23,35;21,0,30,0,27,0,36,25,0,0;21,23,0,0,0,0,36,22,34,0
-59,19,0,12,0,0,11,0,17,0
------------- End of Scenario k = 2 -------
0,0,0,66,74,25,42,55,80,65;70,0,61,0,0,76,53,49,0,26;0,0,0,0,32,21,0,0,0,65;65,0,27,0,80,0,0,51,0,30;74,0,0,69,0,0,79,67,0,74;48,0,60,0,79,0,77,0,0,35;36,57,58,60,32,80,0,23,69,0;80,0,75,0,80,0,0,0,39,49;62,0,39,0,31,0,64,80,0,0;41,36,0,0,0,0,21,65,77,0
0,0,0,20,22,40,36,28,22,39;24,0,19,0,0,26,40,22,0,36;0,0,0,0,23,31,0,0,0,40;28,0,26,0,28,0,0,24,0,38;34,0,0,20,0,0,39,33,0,29;33,0,30,0,21,0,30,0,0,24;33,39,39,25,21,21,0,39,24,0;32,0,23,0,38,0,0,0,37,37;28,0,23,0,32,0,24,33,0,0;40,21,0,0,0,0,20,29,35,0
-82,14,0,28,0,0,10,0,30,0
------------- End of Scenario k = 3 -------
0,0,0,59,49,78,37,24,64,45;34,0,33,0,0,56,79,48,0,65;0,0,0,0,77,60,0,0,0,52;75,0,61,0,44,0,0,29,0,46;47,0,0,69,0,0,74,21,0,46;47,0,59,0,25,0,74,0,0,59;77,59,21,25,79,80,0,56,37,0;80,0,29,0,55,0,0,0,70,59;44,0,63,0,73,0,51,36,0,0;67,67,0,0,0,0,43,71,47,0
0,0,0,39,27,21,21,38,37,31;34,0,39,0,0,34,28,32,0,26;0,0,0,0,28,29,0,0,0,22;20,0,21,0,38,0,0,35,0,21;31,0,0,26,0,0,20,33,0,29;40,0,37,0,23,0,29,0,0,27;26,31,27,22,40,33,0,34,31,0;15,0,39,0,20,0,0,0,22,18;36,0,24,0,34,0,28,25,0,0;39,22,0,0,0,0,39,36,36,0
-97,25,0,27,0,0,30,0,15,0
------------- End of Scenario k = 4 -------
0,0,0,53,22,75,79,71,48,30;80,0,46,0,0,62,52,31,0,37;0,0,0,0,31,66,0,0,0,62;68,0,28,0,80,0,0,56,0,67;38,0,0,20,0,0,32,38,0,52;44,0,68,0,76,0,72,0,0,64;28,47,64,80,26,80,0,44,28,0;44,0,54,0,43,0,0,0,26,80;26,0,34,0,39,0,75,55,0,0;52,27,0,0,0,0,27,48,34,0
0,0,0,22,34,40,24,20,20,20;36,0,24,0,0,24,25,33,0,28;0,0,0,0,40,38,0,0,0,33;40,0,34,0,29,0,0,31,0,33;38,0,0,37,0,0,35,38,0,24;36,0,28,0,37,0,20,0,0,39;33,27,24,22,22,40,0,38,37,0;28,0,24,0,33,0,0,0,30,35;22,0,21,0,34,0,30,28,0,0;25,38,0,0,0,0,39,36,29,0
-90,24,0,17,0,0,21,0,28,0
------------- End of Scenario k = 5 -------
0,0,0,66,51,55,48,47,45,75;29,0,43,0,0,74,52,25,0,33;0,0,0,0,49,21,0,0,0,21;51,0,40,0,80,0,0,48,0,72;70,0,0,61,0,0,40,50,0,62;25,0,76,0,55,0,78,0,0,43;20,74,70,28,58,66,0,63,27,0;80,0,65,0,75,0,0,0,74,59;31,0,61,0,73,0,51,80,0,0;40,72,0,0,0,0,67,63,20,0
0,0,0,29,38,26,28,36,22,26;37,0,19,0,0,30,28,23,0,31;0,0,0,0,25,30,0,0,0,26;37,0,34,0,21,0,0,34,0,30;24,0,0,33,0,0,26,22,0,37;35,0,40,0,35,0,30,0,0,38;38,27,29,21,36,23,0,22,22,0;30,0,37,0,36,0,0,0,31,35;27,0,30,0,37,0,26,22,0,0;32,25,0,0,0,0,21,20,29,0
-55,13,0,16,0,0,13,0,13,0
------------- End of Scenario k = 6 -------
0,0,0,21,70,28,28,40,26,31;80,0,30,0,0,38,43,55,0,41;0,0,0,0,30,67,0,0,0,34;27,0,35,0,44,0,0,22,0,29;21,0,0,69,0,0,73,41,0,69;64,0,62,0,70,0,45,0,0,32;66,71,63,59,74,80,0,26,58,0;52,0,42,0,36,0,0,0,48,80;50,0,34,0,36,0,67,79,0,0;38,45,0,0,0,0,42,74,44,0
0,0,0,28,35,25,34,29,22,26;26,0,23,0,0,20,37,21,0,26;0,0,0,0,24,21,0,0,0,21;29,0,26,0,23,0,0,24,0,29;23,0,0,40,0,0,36,35,0,37;37,0,35,0,31,0,30,0,0,20;31,20,40,33,27,37,0,34,40,0;28,0,25,0,38,0,0,0,27,34;20,0,32,0,34,0,23,25,0,0;34,25,0,0,0,0,21,38,36,0
-68,15,0,14,0,0,15,0,24,0
------------- End of Scenario k = 7 -------
0,0,0,28,34,43,33,56,73,24;80,0,80,0,0,74,48,31,0,58;0,0,0,0,28,26,0,0,0,23;66,0,36,0,80,0,0,79,0,66;68,0,0,64,0,0,20,55,0,43;21,0,62,0,34,0,49,0,0,36;37,49,78,62,35,80,0,54,62,0;80,0,32,0,51,0,0,0,58,80;27,0,21,0,26,0,69,57,0,0;54,75,0,0,0,0,73,22,40,0
0,0,0,21,23,22,25,31,32,35;39,0,24,0,0,20,22,35,0,40;0,0,0,0,29,31,0,0,0,25;28,0,40,0,30,0,0,28,0,21;29,0,0,39,0,0,25,31,0,35;27,0,22,0,40,0,34,0,0,37;33,36,21,35,23,21,0,21,26,0;34,0,22,0,33,0,0,0,29,18;31,0,24,0,20,0,31,16,0,0;34,29,0,0,0,0,27,20,37,0
-72,21,0,29,0,0,11,0,11,0
------------- End of Scenario k = 8 -------
0,0,0,79,44,64,48,60,34,27;80,0,80,0,0,26,80,23,0,51;0,0,0,0,70,51,0,0,0,30;76,0,52,0,80,0,0,64,0,36;80,0,0,42,0,0,76,22,0,29;80,0,38,0,31,0,74,0,0,51;21,69,28,60,22,29,0,45,26,0;29,0,39,0,64,0,0,0,52,80;22,0,67,0,34,0,20,63,0,0;71,78,0,0,0,0,29,61,37,0
0,0,0,24,38,32,24,21,37,31;35,0,19,0,0,31,34,20,0,20;0,0,0,0,29,21,0,0,0,25;24,0,27,0,22,0,0,26,0,37;19,0,0,37,0,0,29,27,0,30;39,0,24,0,21,0,27,0,0,24;23,34,31,21,33,31,0,32,23,0;32,0,40,0,37,0,0,0,22,24;22,0,31,0,21,0,34,23,0,0;34,26,0,0,0,0,24,38,23,0
-76,14,0,18,0,0,27,0,17,0
------------- End of Scenario k = 9 -------
0,0,0,60,75,33,62,32,34,46;80,0,80,0,0,48,44,49,0,68;0,0,0,0,66,28,0,0,0,73;63,0,32,0,29,0,0,41,0,22;65,0,0,80,0,0,73,31,0,33;80,0,28,0,38,0,51,0,0,22;25,46,46,53,42,40,0,29,79,0;40,0,27,0,63,0,0,0,67,55;27,0,26,0,53,0,63,80,0,0;48,23,0,0,0,0,20,56,42,0
0,0,0,32,25,31,23,28,25,33;34,0,36,0,0,22,32,23,0,25;0,0,0,0,20,27,0,0,0,24;35,0,26,0,19,0,0,36,0,33;35,0,0,37,0,0,39,20,0,31;28,0,22,0,31,0,39,0,0,34;20,24,30,23,32,28,0,20,36,0;28,0,25,0,22,0,0,0,28,17;22,0,32,0,39,0,40,32,0,0;37,26,0,0,0,0,28,26,33,0
-65,22,0,10,0,0,20,0,13,0
------------- End of Scenario k = 10 -------
0,0,0,78,23,39,22,80,32,20;62,0,72,0,0,42,29,26,0,37;0,0,0,0,24,32,0,0,0,75;65,0,67,0,46,0,0,72,0,59;80,0,0,44,0,0,50,72,0,21;37,0,28,0,38,0,32,0,0,44;73,26,24,41,29,80,0,43,66,0;80,0,37,0,62,0,0,0,73,80;31,0,37,0,59,0,26,36,0,0;45,22,0,0,0,0,32,36,26,0
0,0,0,22,30,26,30,30,33,38;38,0,22,0,0,33,26,30,0,37;0,0,0,0,21,29,0,0,0,35;37,0,38,0,29,0,0,35,0,29;38,0,0,20,0,0,25,21,0,30;28,0,35,0,40,0,38,0,0,31;27,25,30,30,32,24,0,26,33,0;35,0,28,0,21,0,0,0,39,39;23,0,22,0,33,0,24,34,0,0;22,39,0,0,0,0,37,28,34,0
-74,10,0,13,0,0,21,0,30,0
------------- End of Scenario k = 11 -------
0,0,0,26,30,79,33,26,76,72;68,0,69,0,0,70,74,29,0,48;0,0,0,0,59,61,0,0,0,46;50,0,56,0,80,0,0,63,0,64;60,0,0,25,0,0,65,29,0,76;56,0,34,0,55,0,58,0,0,34;70,63,76,34,62,80,0,28,52,0;33,0,37,0,49,0,0,0,53,80;75,0,31,0,26,0,47,80,0,0;60,36,0,0,0,0,38,39,59,0
0,0,0,24,37,37,31,38,30,22;33,0,28,0,0,34,34,26,0,30;0,0,0,0,31,20,0,0,0,37;20,0,39,0,22,0,0,27,0,22;37,0,0,22,0,0,23,37,0,21;29,0,23,0,24,0,40,0,0,39;35,26,32,23,35,37,0,31,26,0;27,0,29,0,39,0,0,0,28,28;27,0,38,0,40,0,27,20,0,0;30,30,0,0,0,0,26,26,30,0
-78,25,0,18,0,0,16,0,19,0
------------- End of Scenario k = 12 -------
0,0,0,59,79,78,35,35,75,72;80,0,61,0,0,48,43,69,0,43;0,0,0,0,64,44,0,0,0,67;67,0,38,0,63,0,0,41,0,80;47,0,0,63,0,0,73,41,0,31;80,0,27,0,41,0,66,0,0,76;20,66,75,78,64,71,0,72,55,0;80,0,52,0,59,0,0,0,51,80;56,0,68,0,39,0,49,80,0,0;68,46,0,0,0,0,55,75,58,0
0,0,0,20,27,24,28,36,30,20;31,0,22,0,0,27,20,27,0,35;0,0,0,0,20,30,0,0,0,39;30,0,26,0,28,0,0,36,0,25;29,0,0,38,0,0,36,38,0,25;40,0,29,0,23,0,23,0,0,31;27,33,21,35,36,35,0,30,36,0;22,0,39,0,24,0,0,0,28,23;36,0,23,0,25,0,34,27,0,0;30,23,0,0,0,0,32,35,29,0
-85,22,0,15,0,0,29,0,19,0
------------- End of Scenario k = 13 -------
0,0,0,76,28,50,34,31,71,48;80,0,80,0,0,57,67,65,0,21;0,0,0,0,38,67,0,0,0,33;63,0,58,0,44,0,0,38,0,59;80,0,0,32,0,0,37,42,0,41;58,0,28,0,38,0,58,0,0,56;33,62,54,44,80,65,0,23,24,0;80,0,48,0,32,0,0,0,49,49;36,0,24,0,76,0,62,67,0,0;26,74,0,0,0,0,65,67,35,0
0,0,0,38,27,34,24,33,36,25;28,0,32,0,0,22,25,21,0,35;0,0,0,0,36,38,0,0,0,25;21,0,31,0,31,0,0,30,0,27;33,0,0,40,0,0,39,40,0,37;19,0,33,0,40,0,36,0,0,29;40,35,33,27,21,17,0,21,30,0;30,0,27,0,39,0,0,0,33,38;32,0,23,0,26,0,33,31,0,0;40,24,0,0,0,0,26,39,28,0
-71,10,0,25,0,0,16,0,20,0
------------- End of Scenario k = 14 -------
0,0,0,76,49,65,78,20,73,58;36,0,70,0,0,56,40,44,0,78;0,0,0,0,75,64,0,0,0,33;39,0,76,0,80,0,0,70,0,35;57,0,0,70,0,0,49,76,0,61;28,0,44,0,56,0,38,0,0,30;69,41,75,52,48,47,0,66,60,0;27,0,59,0,21,0,0,0,49,80;76,0,21,0,53,0,21,68,0,0;34,59,0,0,0,0,53,58,78,0
0,0,0,23,35,37,32,28,22,20;40,0,29,0,0,39,40,23,0,22;0,0,0,0,36,35,0,0,0,25;30,0,23,0,37,0,0,23,0,33;32,0,0,24,0,0,25,27,0,28;30,0,34,0,40,0,27,0,0,36;22,28,33,29,20,34,0,39,21,0;37,0,35,0,35,0,0,0,35,40;22,0,29,0,30,0,21,23,0,0;40,36,0,0,0,0,25,28,21,0
-59,11,0,22,0,0,16,0,10,0
------------- End of Scenario k = 15 -------
0,0,0,37,80,69,60,41,51,36;80,0,80,0,0,62,73,73,0,30;0,0,0,0,59,33,0,0,0,70;44,0,60,0,80,0,0,36,0,25;80,0,0,29,0,0,27,39,0,39;80,0,36,0,49,0,20,0,0,60;65,22,37,63,42,80,0,74,78,0;80,0,21,0,44,0,0,0,34,40;51,0,20,0,69,0,51,64,0,0;30,41,0,0,0,0,24,67,58,0
0,0,0,30,40,31,40,26,24,21;37,0,39,0,0,28,33,25,0,27;0,0,0,0,24,21,0,0,0,27;23,0,25,0,38,0,0,37,0,20;31,0,0,26,0,0,30,21,0,39;20,0,31,0,35,0,20,0,0,33;27,21,30,26,28,17,0,36,34,0;27,0,22,0,29,0,0,0,31,30;20,0,31,0,31,0,28,15,0,0;31,30,0,0,0,0,33,21,21,0
-82,29,0,26,0,0,17,0,10,0
------------- End of Scenario k = 16 -------
0,0,0,24,31,38,42,31,64,46;55,0,80,0,0,64,65,80,0,25;0,0,0,0,28,70,0,0,0,32;70,0,70,0,49,0,0,44,0,73;80,0,0,67,0,0,44,43,0,25;80,0,46,0,74,0,57,0,0,76;50,30,33,41,39,59,0,33,27,0;23,0,60,0,53,0,0,0,20,52;54,0,36,0,61,0,67,80,0,0;34,70,0,0,0,0,46,27,44,0
0,0,0,32,38,26,29,31,29,30;27,0,37,0,0,39,36,21,0,28;0,0,0,0,37,23,0,0,0,30;33,0,31,0,28,0,0,29,0,33;32,0,0,32,0,0,30,24,0,24;37,0,27,0,31,0,35,0,0,26;29,40,39,33,38,30,0,20,33,0;30,0,40,0,26,0,0,0,31,38;24,0,27,0,36,0,21,28,0,0;22,20,0,0,0,0,28,27,35,0
-81,10,0,16,0,0,29,0,26,0
------------- End of Scenario k = 17 -------
0,0,0,41,59,69,46,21,67,38;54,0,80,0,0,63,71,62,0,28;0,0,0,0,80,33,0,0,0,62;61,0,23,0,80,0,0,45,0,32;51,0,0,42,0,0,46,63,0,64;75,0,59,0,58,0,70,0,0,37;34,43,24,29,41,80,0,48,46,0;56,0,46,0,51,0,0,0,44,45;43,0,42,0,33,0,25,80,0,0;74,47,0,0,0,0,23,36,48,0
0,0,0,30,21,24,37,20,31,23;26,0,36,0,0,31,32,34,0,38;0,0,0,0,23,24,0,0,0,38;26,0,30,0,11,0,0,38,0,21;39,0,0,38,0,0,24,36,0,23;29,0,36,0,34,0,33,0,0,40;25,27,23,23,21,26,0,24,40,0;34,0,37,0,38,0,0,0,29,35;35,0,20,0,40,0,32,37,0,0;30,25,0,0,0,0,24,40,27,0
-57,20,0,10,0,0,16,0,11,0
------------- End of Scenario k = 18 -------
0,0,0,64,79,73,47,27,45,33;28,0,48,0,0,43,72,67,0,79;0,0,0,0,25,45,0,0,0,50;51,0,57,0,57,0,0,77,0,48;80,0,0,72,0,0,63,22,0,78;49,0,21,0,44,0,63,0,0,31;47,39,32,35,47,42,0,22,42,0;80,0,59,0,65,0,0,0,66,80;60,0,49,0,71,0,31,80,0,0;58,69,0,0,0,0,46,79,76,0
0,0,0,35,37,36,33,20,40,26;21,0,39,0,0,25,34,32,0,35;0,0,0,0,25,23,0,0,0,24;21,0,28,0,22,0,0,29,0,38;32,0,0,26,0,0,40,36,0,35;32,0,25,0,23,0,29,0,0,23;39,22,22,32,36,38,0,33,35,0;35,0,23,0,39,0,0,0,34,25;22,0,28,0,39,0,24,39,0,0;29,28,0,0,0,0,31,25,39,0
-86,12,0,19,0,0,30,0,25,0
------------- End of Scenario k = 19 -------
0,0,0,30,46,62,63,35,79,35;80,0,35,0,0,78,25,35,0,42;0,0,0,0,53,32,0,0,0,68;71,0,47,0,80,0,0,68,0,39;80,0,0,73,0,0,28,36,0,62;28,0,37,0,30,0,24,0,0,73;58,33,70,74,74,38,0,33,22,0;70,0,55,0,26,0,0,0,47,80;78,0,49,0,67,0,28,39,0,0;21,27,0,0,0,0,28,43,22,0
0,0,0,21,31,34,23,29,30,33;18,0,35,0,0,30,28,36,0,38;0,0,0,0,20,29,0,0,0,36;27,0,37,0,31,0,0,25,0,20;31,0,0,27,0,0,24,40,0,35;37,0,25,0,29,0,39,0,0,37;37,32,28,23,30,25,0,25,27,0;32,0,32,0,36,0,0,0,34,39;39,0,35,0,40,0,39,33,0,0;20,38,0,0,0,0,36,38,35,0
-76,12,0,28,0,0,16,0,20,0
------------- End of Scenario k = 20 -------
0,0,0,53,71,26,39,31,53,65;80,0,80,0,0,64,51,25,0,51;0,0,0,0,27,22,0,0,0,53;34,0,65,0,80,0,0,26,0,42;80,0,0,34,0,0,50,68,0,26;80,0,68,0,62,0,74,0,0,75;55,80,30,58,62,80,0,22,76,0;80,0,31,0,37,0,0,0,40,80;44,0,27,0,25,0,38,56,0,0;34,78,0,0,0,0,36,35,56,0
0,0,0,20,25,33,35,36,27,25;35,0,22,0,0,26,30,30,0,27;0,0,0,0,24,40,0,0,0,35;32,0,38,0,27,0,0,40,0,34;11,0,0,37,0,0,21,25,0,37;21,0,26,0,27,0,27,0,0,37;39,29,26,33,26,28,0,37,26,0;30,0,20,0,27,0,0,0,36,38;23,0,26,0,37,0,28,36,0,0;21,26,0,0,0,0,22,32,39,0
-75,17,0,11,0,0,19,0,28,0
------------- End of Scenario k = 21 -------
0,0,0,23,22,62,80,77,32,40;80,0,80,0,0,44,53,22,0,58;0,0,0,0,57,46,0,0,0,53;57,0,62,0,80,0,0,38,0,26;49,0,0,31,0,0,79,66,0,53;25,0,73,0,66,0,51,0,0,48;27,33,37,22,67,80,0,49,79,0;80,0,67,0,43,0,0,0,27,80;64,0,47,0,71,0,35,52,0,0;35,56,0,0,0,0,54,32,69,0
0,0,0,22,27,28,26,26,35,34;38,0,29,0,0,30,40,26,0,25;0,0,0,0,39,34,0,0,0,29;22,0,20,0,31,0,0,27,0,31;39,0,0,26,0,0,24,23,0,38;34,0,25,0,38,0,31,0,0,33;25,35,34,37,21,38,0,35,33,0;36,0,36,0,24,0,0,0,34,39;34,0,38,0,21,0,29,35,0,0;25,31,0,0,0,0,21,22,35,0
-93,21,0,29,0,0,20,0,23,0
------------- End of Scenario k = 22 -------
0,0,0,23,35,79,71,58,52,42;68,0,26,0,0,78,46,40,0,45;0,0,0,0,60,52,0,0,0,73;48,0,23,0,80,0,0,46,0,78;75,0,0,45,0,0,65,75,0,42;80,0,23,0,32,0,78,0,0,46;63,49,40,27,59,80,0,54,25,0;80,0,31,0,77,0,0,0,75,80;25,0,28,0,66,0,68,38,0,0;52,37,0,0,0,0,80,69,40,0
0,0,0,40,23,35,39,25,33,24;35,0,25,0,0,35,35,35,0,35;0,0,0,0,32,23,0,0,0,37;35,0,39,0,29,0,0,22,0,40;29,0,0,39,0,0,35,28,0,24;38,0,27,0,26,0,33,0,0,25;23,26,27,40,37,27,0,21,25,0;35,0,22,0,35,0,0,0,24,14;26,0,32,0,22,0,38,36,0,0;24,39,0,0,0,0,25,23,40,0
-84,19,0,25,0,0,27,0,13,0
------------- End of Scenario k = 23 -------
0,0,0,39,20,49,60,70,49,78;80,0,57,0,0,64,76,76,0,77;0,0,0,0,45,70,0,0,0,22;20,0,46,0,80,0,0,50,0,23;80,0,0,25,0,0,42,52,0,40;77,0,48,0,60,0,70,0,0,38;42,53,79,68,70,80,0,63,40,0;80,0,41,0,60,0,0,0,76,30;42,0,48,0,75,0,48,80,0,0;57,74,0,0,0,0,46,77,80,0
0,0,0,25,39,36,33,22,35,25;26,0,29,0,0,20,30,37,0,21;0,0,0,0,24,29,0,0,0,21;27,0,29,0,25,0,0,36,0,26;20,0,0,24,0,0,37,38,0,37;37,0,31,0,25,0,20,0,0,30;33,37,22,25,22,39,0,20,24,0;23,0,29,0,38,0,0,0,20,22;34,0,20,0,30,0,34,30,0,0;26,35,0,0,0,0,40,29,31,0
-76,26,0,14,0,0,21,0,15,0
------------- End of Scenario k = 24 -------
0,0,0,26,50,35,63,69,54,55;80,0,80,0,0,39,51,41,0,20;0,0,0,0,71,36,0,0,0,32;47,0,78,0,80,0,0,44,0,54;80,0,0,40,0,0,48,26,0,56;61,0,41,0,21,0,60,0,0,26;50,41,32,55,23,52,0,78,26,0;80,0,42,0,74,0,0,0,64,80;73,0,29,0,36,0,64,40,0,0;50,23,0,0,0,0,28,64,66,0
0,0,0,28,35,38,39,24,40,26;25,0,29,0,0,32,30,29,0,21;0,0,0,0,20,39,0,0,0,34;28,0,37,0,40,0,0,30,0,23;33,0,0,32,0,0,25,20,0,20;36,0,30,0,35,0,38,0,0,40;29,26,21,40,32,24,0,29,37,0;36,0,32,0,22,0,0,0,23,38;37,0,32,0,24,0,36,31,0,0;37,27,0,0,0,0,32,32,35,0
-80,25,0,30,0,0,11,0,14,0
------------- End of Scenario k = 25 -------
0,0,0,39,70,24,33,51,41,45;80,0,80,0,0,57,46,37,0,62;0,0,0,0,54,79,0,0,0,41;43,0,67,0,80,0,0,68,0,31;80,0,0,59,0,0,35,68,0,51;24,0,47,0,61,0,59,0,0,57;54,63,39,37,23,28,0,51,32,0;25,0,29,0,30,0,0,0,65,80;42,0,49,0,36,0,78,80,0,0;72,79,0,0,0,0,56,30,77,0
0,0,0,26,36,30,27,31,34,33;28,0,23,0,0,35,39,27,0,35;0,0,0,0,36,22,0,0,0,22;40,0,30,0,36,0,0,25,0,21;33,0,0,32,0,0,25,38,0,25;31,0,37,0,30,0,39,0,0,39;21,36,33,24,38,39,0,32,31,0;38,0,38,0,21,0,0,0,34,30;40,0,34,0,23,0,26,36,0,0;28,38,0,0,0,0,39,30,34,0
-87,17,0,30,0,0,12,0,28,0
------------- End of Scenario k = 26 -------
0,0,0,45,46,22,40,54,66,63;80,0,80,0,0,76,68,49,0,70;0,0,0,0,34,64,0,0,0,31;68,0,63,0,25,0,0,49,0,62;27,0,0,80,0,0,63,54,0,65;44,0,41,0,42,0,55,0,0,53;80,29,42,40,38,39,0,37,72,0;80,0,29,0,39,0,0,0,51,80;74,0,33,0,65,0,66,32,0,0;55,29,0,0,0,0,56,25,57,0
0,0,0,30,24,34,25,33,28,33;22,0,19,0,0,40,29,32,0,33;0,0,0,0,34,31,0,0,0,34;29,0,33,0,39,0,0,30,0,35;38,0,0,40,0,0,38,36,0,38;28,0,34,0,33,0,21,0,0,31;39,36,34,30,30,22,0,31,27,0;40,0,24,0,23,0,0,0,28,31;37,0,30,0,30,0,25,34,0,0;28,37,0,0,0,0,20,30,36,0
-76,11,0,18,0,0,20,0,27,0
------------- End of Scenario k = 27 -------
0,0,0,43,47,33,59,59,67,70;80,0,44,0,0,20,27,49,0,49;0,0,0,0,41,37,0,0,0,75;56,0,79,0,80,0,0,56,0,73;34,0,0,37,0,0,27,33,0,64;27,0,30,0,32,0,52,0,0,65;61,22,61,62,65,37,0,72,57,0;72,0,53,0,77,0,0,0,21,50;49,0,58,0,66,0,72,80,0,0;39,67,0,0,0,0,40,44,36,0
0,0,0,34,26,36,21,29,31,30;28,0,27,0,0,36,37,21,0,40;0,0,0,0,24,40,0,0,0,29;21,0,33,0,32,0,0,39,0,35;36,0,0,21,0,0,25,39,0,35;40,0,21,0,27,0,23,0,0,22;21,31,29,39,35,35,0,26,28,0;32,0,34,0,22,0,0,0,33,22;26,0,30,0,31,0,37,28,0,0;37,24,0,0,0,0,20,26,40,0
-80,17,0,18,0,0,30,0,15,0
------------- End of Scenario k = 28 -------
0,0,0,39,55,38,22,78,80,49;80,0,31,0,0,23,40,36,0,67;0,0,0,0,61,58,0,0,0,54;52,0,64,0,80,0,0,22,0,54;80,0,0,76,0,0,72,39,0,64;80,0,38,0,56,0,41,0,0,21;80,27,54,53,26,80,0,47,41,0;48,0,24,0,57,0,0,0,29,73;80,0,77,0,35,0,46,80,0,0;70,65,0,0,0,0,75,24,20,0
0,0,0,31,24,21,20,33,26,38;28,0,38,0,0,26,34,26,0,22;0,0,0,0,29,23,0,0,0,40;21,0,21,0,33,0,0,23,0,31;32,0,0,35,0,0,29,34,0,20;28,0,32,0,29,0,20,0,0,27;32,26,30,30,31,23,0,32,38,0;24,0,26,0,37,0,0,0,32,26;37,0,33,0,35,0,40,26,0,0;28,25,0,0,0,0,22,20,21,0
-75,15,0,23,0,0,16,0,21,0
------------- End of Scenario k = 29 -------
