/ -------------------------------------------------------------------------
An instance of the stochastic Fixed - charge Network Flow Problem using NETGEN.
/ -------------------------------------------------------------------------
Number of Nodes (no Dummy node is added), n
Graph Density, density
The fixed cost to variable cost ratio, f
Adjacency Matrix, A
Fixed Cost Matrix, c
Number of scenarios, K
Scenario Probabilities, p
----The following three rows will be repeated K times.----
Var Cost Matrix, d
Capacity, u
demand, b
/ -------------------------------------------------------------------------
+
10
0.6
200
0,1,0,0,1,1,1,0,0,0;1,0,1,0,0,0,0,0,0,0;0,0,0,1,1,1,0,1,0,1;0,1,0,0,0,0,1,0,1,1;1,1,1,0,0,0,0,0,0,1;1,1,1,1,0,0,0,1,1,1;1,1,1,1,1,1,0,0,1,1;1,1,1,1,1,1,1,0,1,1;1,1,0,0,1,0,1,1,0,1;0,0,0,1,1,0,1,1,1,0
0,10873,0,0,8860,9780,9913,0,0,0;9193,0,13446,0,0,0,0,0,0,0;0,0,0,10413,8900,10306,0,9780,0,11346;0,10286,0,0,0,0,10546,0,8760,9400;11533,11293,9866,0,0,0,0,0,0,13060;9446,9480,10053,11900,0,0,0,9813,13806,10413;12580,10353,9860,11806,13240,9553,0,0,10953,11026;10086,10260,9926,9986,9473,11793,10053,0,10026,11713;8980,9146,0,0,10833,0,10273,10606,0,9693;0,0,0,10020,9186,0,11106,10086,10600,0
30
0.03,0.06,0.01,0.03,0.01,0.05,0.01,0.05,0.03,0.01,0.08,0.05,0.03,0.01,0.03,0.01,0.03,0.05,0.03,0.01,0.03,0.01,0.03,0.03,0.05,0.01,0.01,0.03,0.03,0.15
--Scenarios--
0,76,0,0,20,20,56,0,0,0;33,0,41,0,0,0,0,0,0,0;0,0,0,51,27,78,0,61,0,21;0,68,0,0,0,0,66,0,71,29;79,34,78,0,0,0,0,0,0,71;78,21,52,80,0,0,0,57,78,21;27,52,31,48,34,60,0,0,65,67;65,44,62,31,27,21,58,0,79,27;67,26,0,0,25,0,32,42,0,25;0,0,0,70,41,0,56,22,65,0
0,30,0,0,38,30,36,0,0,0;34,0,21,0,0,0,0,0,0,0;0,0,0,35,38,34,0,37,0,25;0,30,0,0,0,0,23,0,37,26;40,31,40,0,0,0,0,0,0,20;40,39,26,17,0,0,0,38,24,39;30,30,20,29,34,25,0,0,40,28;38,29,24,35,26,24,22,0,37,34;28,25,0,0,20,0,28,37,0,32;0,0,0,37,34,0,40,20,34,0
-8,19,0,-23,0,0,20,14,0,-22
------------- End of Scenario k = 0 -------
0,25,0,0,33,22,39,0,0,0;48,0,41,0,0,0,0,0,0,0;0,0,0,75,25,69,0,25,0,21;0,74,0,0,0,0,42,0,51,58;42,74,31,0,0,0,0,0,0,34;69,36,73,80,0,0,0,40,65,56;80,54,21,28,80,35,0,0,38,44;50,25,68,67,49,39,47,0,65,80;28,58,0,0,21,0,35,55,0,33;0,0,0,58,24,0,70,52,63,0
0,23,0,0,40,26,35,0,0,0;30,0,21,0,0,0,0,0,0,0;0,0,0,37,32,24,0,32,0,27;0,29,0,0,0,0,21,0,20,29;24,36,24,0,0,0,0,0,0,33;27,22,38,34,0,0,0,26,33,29;34,33,38,24,31,35,0,0,24,40;21,25,24,21,29,35,40,0,38,39;27,36,0,0,27,0,27,24,0,35;0,0,0,21,36,0,37,22,37,0
-3,14,0,-29,0,0,15,28,0,-25
------------- End of Scenario k = 1 -------
0,67,0,0,67,74,44,0,0,0;35,0,80,0,0,0,0,0,0,0;0,0,0,73,51,67,0,64,0,80;0,20,0,0,0,0,44,0,21,60;29,22,26,0,0,0,0,0,0,69;22,36,64,33,0,0,0,35,56,63;80,61,25,80,80,46,0,0,52,61;21,69,54,78,29,57,50,0,38,69;26,53,0,0,30,0,28,62,0,75;0,0,0,22,65,0,47,52,27,0
0,37,0,0,32,37,21,0,0,0;27,0,37,0,0,0,0,0,0,0;0,0,0,31,31,28,0,26,0,24;0,34,0,0,0,0,40,0,28,28;24,38,26,0,0,0,0,0,0,37;26,34,25,23,0,0,0,27,29,34;30,27,29,37,40,23,0,0,33,32;27,27,31,20,21,27,22,0,40,21;22,38,0,0,36,0,27,35,0,29;0,0,0,22,26,0,34,32,29,0
-4,22,0,-31,0,0,18,20,0,-25
------------- End of Scenario k = 2 -------
0,27,0,0,45,71,42,0,0,0;26,0,30,0,0,0,0,0,0,0;0,0,0,55,79,55,0,67,0,58;0,53,0,0,0,0,70,0,52,72;69,25,79,0,0,0,0,0,0,76;44,24,79,36,0,0,0,49,80,32;80,76,64,80,29,39,0,0,35,63;60,68,47,31,32,80,54,0,69,61;40,50,0,0,58,0,45,61,0,44;0,0,0,66,41,0,61,44,57,0
0,32,0,0,33,29,20,0,0,0;24,0,37,0,0,0,0,0,0,0;0,0,0,30,24,32,0,28,0,39;0,37,0,0,0,0,22,0,38,30;28,30,37,0,0,0,0,0,0,23;32,38,36,36,0,0,0,30,31,20;13,38,36,27,35,29,0,0,36,22;35,25,36,33,38,33,28,0,34,25;36,21,0,0,40,0,23,32,0,38;0,0,0,30,26,0,31,36,32,0
-3,24,0,-28,0,0,12,20,0,-25
------------- End of Scenario k = 3 -------
0,25,0,0,80,53,31,0,0,0;46,0,80,0,0,0,0,0,0,0;0,0,0,32,42,35,0,41,0,79;0,47,0,0,0,0,69,0,38,59;75,77,20,0,0,0,0,0,0,70;23,75,24,23,0,0,0,22,80,36;80,34,46,29,78,49,0,0,39,65;45,51,23,70,78,80,70,0,31,72;54,69,0,0,68,0,63,53,0,25;0,0,0,74,67,0,38,75,35,0
0,28,0,0,28,21,24,0,0,0;35,0,25,0,0,0,0,0,0,0;0,0,0,26,37,21,0,29,0,16;0,21,0,0,0,0,32,0,39,27;27,32,40,0,0,0,0,0,0,36;32,29,22,34,0,0,0,30,27,29;25,23,39,21,38,29,0,0,36,22;34,24,25,38,21,32,26,0,35,39;25,28,0,0,40,0,40,25,0,32;0,0,0,24,30,0,32,27,30,0
-4,11,0,-35,0,0,20,25,0,-17
------------- End of Scenario k = 4 -------
0,74,0,0,74,44,63,0,0,0;53,0,80,0,0,0,0,0,0,0;0,0,0,54,78,55,0,50,0,26;0,25,0,0,0,0,39,0,24,39;35,60,64,0,0,0,0,0,0,80;57,55,63,78,0,0,0,56,80,76;80,37,23,57,72,68,0,0,62,46;27,39,31,48,49,80,60,0,70,78;47,21,0,0,76,0,67,67,0,64;0,0,0,52,47,0,31,22,46,0
0,26,0,0,23,37,30,0,0,0;28,0,29,0,0,0,0,0,0,0;0,0,0,26,24,25,0,26,0,16;0,34,0,0,0,0,23,0,23,32;26,29,28,0,0,0,0,0,0,32;30,33,29,39,0,0,0,22,28,29;39,31,30,35,29,39,0,0,21,24;21,34,34,39,34,30,34,0,30,21;23,37,0,0,37,0,34,38,0,29;0,0,0,33,33,0,21,24,22,0
-15,15,0,-34,0,0,24,26,0,-16
------------- End of Scenario k = 5 -------
0,57,0,0,28,22,71,0,0,0;48,0,21,0,0,0,0,0,0,0;0,0,0,34,30,51,0,46,0,80;0,47,0,0,0,0,67,0,57,39;62,45,42,0,0,0,0,0,0,25;33,25,75,32,0,0,0,52,80,50;23,31,73,60,80,54,0,0,38,42;74,72,21,27,48,70,68,0,36,44;26,30,0,0,56,0,77,35,0,74;0,0,0,74,45,0,63,49,42,0
0,30,0,0,34,40,36,0,0,0;33,0,33,0,0,0,0,0,0,0;0,0,0,37,38,35,0,36,0,38;0,33,0,0,0,0,39,0,25,39;29,30,26,0,0,0,0,0,0,26;27,36,25,21,0,0,0,23,18,33;32,37,35,35,34,29,0,0,31,40;35,23,32,22,29,19,35,0,26,21;31,25,0,0,28,0,28,29,0,23;0,0,0,38,20,0,22,21,34,0
-4,23,0,-27,0,0,24,10,0,-26
------------- End of Scenario k = 6 -------
0,72,0,0,44,72,40,0,0,0;79,0,80,0,0,0,0,0,0,0;0,0,0,77,33,68,0,21,0,32;0,77,0,0,0,0,35,0,40,76;40,31,34,0,0,0,0,0,0,70;53,79,50,65,0,0,0,37,80,40;80,76,47,37,80,50,0,0,74,66;43,25,45,36,31,80,51,0,38,24;69,22,0,0,29,0,54,78,0,67;0,0,0,25,41,0,65,43,73,0
0,38,0,0,35,38,38,0,0,0;25,0,27,0,0,0,0,0,0,0;0,0,0,27,32,39,0,30,0,26;0,21,0,0,0,0,34,0,35,20;20,23,37,0,0,0,0,0,0,17;23,27,28,29,0,0,0,30,29,34;39,30,24,38,29,21,0,0,33,21;34,25,39,25,40,32,20,0,20,37;28,40,0,0,23,0,38,28,0,31;0,0,0,34,37,0,38,31,35,0
-1,10,0,-38,0,0,15,29,0,-15
------------- End of Scenario k = 7 -------
0,71,0,0,34,77,79,0,0,0;72,0,66,0,0,0,0,0,0,0;0,0,0,58,45,74,0,29,0,73;0,66,0,0,0,0,64,0,48,30;77,77,44,0,0,0,0,0,0,80;30,55,47,33,0,0,0,27,80,37;80,39,64,58,40,74,0,0,68,79;40,78,70,78,36,61,46,0,68,36;23,54,0,0,74,0,58,68,0,35;0,0,0,63,30,0,78,70,77,0
0,20,0,0,23,40,36,0,0,0;36,0,29,0,0,0,0,0,0,0;0,0,0,25,32,36,0,37,0,38;0,24,0,0,0,0,29,0,39,26;39,20,26,0,0,0,0,0,0,29;21,25,28,34,0,0,0,40,21,40;30,36,40,19,39,28,0,0,23,39;24,25,36,33,32,12,35,0,40,33;33,25,0,0,20,0,28,21,0,29;0,0,0,29,36,0,38,28,39,0
-3,27,0,-17,0,0,14,11,0,-32
------------- End of Scenario k = 8 -------
0,54,0,0,40,53,79,0,0,0;47,0,49,0,0,0,0,0,0,0;0,0,0,59,29,23,0,61,0,44;0,40,0,0,0,0,32,0,79,52;21,63,30,0,0,0,0,0,0,80;49,76,21,80,0,0,0,25,68,48;54,49,80,80,72,30,0,0,46,48;75,35,61,49,76,52,31,0,60,63;29,25,0,0,23,0,20,45,0,41;0,0,0,71,24,0,42,53,46,0
0,26,0,0,35,40,23,0,0,0;27,0,32,0,0,0,0,0,0,0;0,0,0,35,24,34,0,30,0,32;0,27,0,0,0,0,40,0,31,22;21,38,40,0,0,0,0,0,0,22;32,27,36,24,0,0,0,35,24,39;36,28,25,22,22,23,0,0,22,36;39,40,35,21,28,25,30,0,21,25;37,33,0,0,35,0,37,36,0,29;0,0,0,21,21,0,30,37,26,0
-10,27,0,-31,0,0,22,20,0,-28
------------- End of Scenario k = 9 -------
0,74,0,0,61,27,23,0,0,0;48,0,74,0,0,0,0,0,0,0;0,0,0,61,38,44,0,43,0,66;0,61,0,0,0,0,35,0,56,74;37,26,54,0,0,0,0,0,0,80;32,65,50,80,0,0,0,37,29,77;60,42,54,80,49,33,0,0,69,39;60,25,28,44,26,33,50,0,27,72;51,60,0,0,70,0,72,31,0,45;0,0,0,68,72,0,59,35,38,0
0,25,0,0,36,29,26,0,0,0;22,0,35,0,0,0,0,0,0,0;0,0,0,24,34,24,0,22,0,28;0,39,0,0,0,0,23,0,21,22;23,37,28,0,0,0,0,0,0,24;39,20,34,28,0,0,0,32,25,26;12,38,26,22,15,32,0,0,35,23;36,36,36,34,35,21,26,0,39,30;25,40,0,0,33,0,24,33,0,25;0,0,0,21,37,0,22,21,20,0
-3,24,0,-16,0,0,11,11,0,-27
------------- End of Scenario k = 10 -------
0,70,0,0,27,42,58,0,0,0;64,0,65,0,0,0,0,0,0,0;0,0,0,23,27,53,0,30,0,80;0,51,0,0,0,0,66,0,25,33;69,68,61,0,0,0,0,0,0,40;43,26,34,36,0,0,0,54,80,22;80,65,55,27,80,62,0,0,34,24;28,75,71,21,72,80,32,0,43,23;52,61,0,0,42,0,65,73,0,28;0,0,0,33,74,0,29,28,33,0
0,27,0,0,25,33,27,0,0,0;28,0,34,0,0,0,0,0,0,0;0,0,0,37,32,24,0,20,0,34;0,34,0,0,0,0,40,0,28,37;28,28,25,0,0,0,0,0,0,31;34,27,33,27,0,0,0,24,38,28;32,31,24,35,26,36,0,0,31,28;33,33,30,22,25,29,23,0,22,34;33,22,0,0,34,0,25,22,0,23;0,0,0,34,24,0,30,23,25,0
-5,23,0,-40,0,0,23,26,0,-27
------------- End of Scenario k = 11 -------
0,42,0,0,58,51,68,0,0,0;30,0,80,0,0,0,0,0,0,0;0,0,0,59,22,47,0,69,0,64;0,50,0,0,0,0,79,0,25,60;40,75,37,0,0,0,0,0,0,80;55,71,73,75,0,0,0,53,78,57;54,67,26,70,41,31,0,0,57,74;62,77,70,58,49,80,62,0,54,45;27,25,0,0,59,0,43,47,0,28;0,0,0,29,34,0,79,21,76,0
0,36,0,0,34,22,30,0,0,0;27,0,25,0,0,0,0,0,0,0;0,0,0,38,26,25,0,37,0,24;0,26,0,0,0,0,24,0,36,24;39,26,20,0,0,0,0,0,0,35;22,28,27,32,0,0,0,24,38,21;39,27,33,22,38,29,0,0,32,29;35,33,26,35,39,20,26,0,30,32;29,37,0,0,30,0,29,31,0,33;0,0,0,23,40,0,30,23,34,0
-7,16,0,-23,0,0,17,15,0,-18
------------- End of Scenario k = 12 -------
0,54,0,0,42,51,30,0,0,0;74,0,80,0,0,0,0,0,0,0;0,0,0,80,59,32,0,59,0,80;0,68,0,0,0,0,28,0,42,24;58,73,33,0,0,0,0,0,0,51;77,65,23,45,0,0,0,60,71,80;80,69,70,53,48,44,0,0,61,80;78,49,44,40,40,66,29,0,65,80;40,43,0,0,71,0,71,55,0,39;0,0,0,60,33,0,72,72,79,0
0,38,0,0,25,33,32,0,0,0;23,0,29,0,0,0,0,0,0,0;0,0,0,21,37,36,0,29,0,20;0,34,0,0,0,0,30,0,22,40;37,32,39,0,0,0,0,0,0,32;33,36,31,25,0,0,0,38,35,38;17,24,35,38,20,21,0,0,35,25;35,22,31,24,33,21,33,0,27,25;27,31,0,0,37,0,33,22,0,35;0,0,0,28,34,0,36,21,32,0
-2,12,0,-24,0,0,14,20,0,-20
------------- End of Scenario k = 13 -------
0,71,0,0,21,43,37,0,0,0;24,0,80,0,0,0,0,0,0,0;0,0,0,42,44,62,0,68,0,80;0,72,0,0,0,0,53,0,47,30;73,65,74,0,0,0,0,0,0,80;62,21,37,80,0,0,0,80,33,73;80,71,79,75,62,28,0,0,34,63;62,53,25,63,48,28,22,0,73,46;30,62,0,0,73,0,54,36,0,50;0,0,0,39,31,0,44,66,65,0
0,31,0,0,22,26,20,0,0,0;21,0,29,0,0,0,0,0,0,0;0,0,0,39,26,23,0,30,0,34;0,24,0,0,0,0,28,0,39,20;21,21,20,0,0,0,0,0,0,25;23,23,39,24,0,0,0,30,39,21;20,24,26,34,28,20,0,0,40,25;39,20,40,38,39,21,28,0,21,29;26,26,0,0,23,0,33,34,0,31;0,0,0,23,23,0,27,20,37,0
-8,27,0,-23,0,0,12,19,0,-27
------------- End of Scenario k = 14 -------
0,57,0,0,51,77,67,0,0,0;64,0,80,0,0,0,0,0,0,0;0,0,0,56,32,58,0,39,0,33;0,20,0,0,0,0,65,0,46,48;24,32,47,0,0,0,0,0,0,30;57,67,36,80,0,0,0,30,80,24;42,46,41,80,80,20,0,0,59,39;30,30,23,53,47,80,76,0,27,56;60,50,0,0,38,0,26,55,0,79;0,0,0,74,24,0,52,76,30,0
0,33,0,0,22,31,27,0,0,0;40,0,38,0,0,0,0,0,0,0;0,0,0,33,34,39,0,36,0,32;0,22,0,0,0,0,33,0,31,26;25,35,24,0,0,0,0,0,0,35;24,37,28,32,0,0,0,25,31,28;21,37,25,29,21,34,0,0,34,29;25,32,33,36,36,29,36,0,27,40;34,31,0,0,28,0,21,26,0,32;0,0,0,40,24,0,36,40,35,0
-1,30,0,-28,0,0,14,22,0,-37
------------- End of Scenario k = 15 -------
0,26,0,0,33,52,32,0,0,0;24,0,64,0,0,0,0,0,0,0;0,0,0,42,32,62,0,39,0,41;0,41,0,0,0,0,23,0,29,36;61,76,23,0,0,0,0,0,0,80;76,44,50,20,0,0,0,78,80,61;27,40,25,80,74,61,0,0,78,80;25,56,36,52,32,80,22,0,21,33;62,34,0,0,80,0,76,50,0,79;0,0,0,35,44,0,67,41,35,0
0,31,0,0,39,27,23,0,0,0;23,0,36,0,0,0,0,0,0,0;0,0,0,25,27,37,0,26,0,32;0,36,0,0,0,0,36,0,26,36;24,35,39,0,0,0,0,0,0,32;29,26,32,32,0,0,0,30,28,25;39,24,35,39,36,37,0,0,24,37;32,37,29,30,25,33,23,0,37,28;23,35,0,0,40,0,32,23,0,20;0,0,0,38,24,0,26,23,40,0
-9,23,0,-33,0,0,30,13,0,-24
------------- End of Scenario k = 16 -------
0,41,0,0,68,50,43,0,0,0;25,0,80,0,0,0,0,0,0,0;0,0,0,39,74,42,0,38,0,80;0,77,0,0,0,0,73,0,35,53;80,71,74,0,0,0,0,0,0,80;41,71,53,80,0,0,0,46,80,68;62,44,32,80,20,25,0,0,57,34;44,36,66,65,67,24,69,0,24,69;54,78,0,0,20,0,53,36,0,51;0,0,0,59,64,0,46,24,75,0
0,22,0,0,39,29,24,0,0,0;24,0,22,0,0,0,0,0,0,0;0,0,0,27,24,37,0,38,0,31;0,21,0,0,0,0,38,0,31,27;40,29,31,0,0,0,0,0,0,33;33,38,28,31,0,0,0,34,30,32;29,33,37,33,34,38,0,0,23,38;24,23,21,28,37,37,36,0,32,30;26,37,0,0,22,0,40,33,0,21;0,0,0,26,29,0,38,27,36,0
-1,16,0,-43,0,0,24,30,0,-26
------------- End of Scenario k = 17 -------
0,57,0,0,61,47,30,0,0,0;43,0,52,0,0,0,0,0,0,0;0,0,0,49,36,20,0,71,0,38;0,67,0,0,0,0,68,0,23,55;42,77,24,0,0,0,0,0,0,43;56,24,35,80,0,0,0,29,80,30;74,68,42,80,37,75,0,0,79,66;34,57,56,34,55,29,78,0,74,80;37,51,0,0,53,0,34,79,0,77;0,0,0,49,45,0,25,80,55,0
0,24,0,0,22,30,30,0,0,0;26,0,32,0,0,0,0,0,0,0;0,0,0,39,24,38,0,32,0,28;0,22,0,0,0,0,20,0,26,38;25,27,24,0,0,0,0,0,0,26;34,33,32,37,0,0,0,31,19,20;26,23,31,29,40,37,0,0,23,29;27,26,21,28,20,21,34,0,20,22;24,38,0,0,22,0,30,37,0,38;0,0,0,32,26,0,28,37,28,0
-12,22,0,-22,0,0,24,13,0,-25
------------- End of Scenario k = 18 -------
0,61,0,0,69,37,65,0,0,0;38,0,80,0,0,0,0,0,0,0;0,0,0,42,37,72,0,73,0,49;0,39,0,0,0,0,36,0,64,67;28,58,36,0,0,0,0,0,0,80;26,33,34,80,0,0,0,59,42,53;41,63,43,24,80,26,0,0,39,72;45,46,40,67,74,55,50,0,72,59;46,60,0,0,68,0,74,69,0,69;0,0,0,42,57,0,79,55,23,0
0,38,0,0,32,37,22,0,0,0;35,0,26,0,0,0,0,0,0,0;0,0,0,28,25,33,0,23,0,20;0,40,0,0,0,0,33,0,32,35;27,26,31,0,0,0,0,0,0,40;27,21,38,20,0,0,0,22,39,34;36,29,31,39,35,27,0,0,28,26;26,27,31,35,22,34,36,0,38,21;34,21,0,0,34,0,26,39,0,39;0,0,0,26,20,0,22,38,20,0
-7,13,0,-24,0,0,27,14,0,-23
------------- End of Scenario k = 19 -------
0,46,0,0,35,22,71,0,0,0;70,0,80,0,0,0,0,0,0,0;0,0,0,47,79,66,0,30,0,28;0,35,0,0,0,0,43,0,24,54;62,70,45,0,0,0,0,0,0,80;59,54,78,45,0,0,0,51,37,56;61,38,52,77,80,38,0,0,41,52;39,20,78,63,60,35,67,0,28,66;69,62,0,0,60,0,51,59,0,74;0,0,0,28,45,0,55,57,58,0
0,25,0,0,27,22,20,0,0,0;21,0,31,0,0,0,0,0,0,0;0,0,0,33,26,31,0,39,0,24;0,40,0,0,0,0,40,0,40,27;37,29,28,0,0,0,0,0,0,31;31,36,28,40,0,0,0,20,31,26;28,20,21,32,29,37,0,0,31,23;20,35,26,32,26,40,24,0,24,26;26,37,0,0,31,0,31,21,0,36;0,0,0,35,24,0,24,34,33,0
-3,14,0,-28,0,0,28,18,0,-29
------------- End of Scenario k = 20 -------
0,32,0,0,57,42,42,0,0,0;56,0,80,0,0,0,0,0,0,0;0,0,0,43,27,54,0,46,0,27;0,63,0,0,0,0,54,0,58,61;56,74,79,0,0,0,0,0,0,30;31,27,43,50,0,0,0,75,80,35;80,33,73,28,80,21,0,0,57,48;45,56,36,59,77,64,29,0,26,39;67,32,0,0,62,0,38,79,0,29;0,0,0,77,52,0,78,68,62,0
0,27,0,0,33,21,40,0,0,0;20,0,16,0,0,0,0,0,0,0;0,0,0,28,38,25,0,21,0,39;0,33,0,0,0,0,23,0,29,32;30,40,32,0,0,0,0,0,0,25;23,34,39,32,0,0,0,28,33,36;39,22,33,17,30,20,0,0,25,30;26,38,39,28,22,20,40,0,39,33;36,30,0,0,23,0,34,35,0,30;0,0,0,22,31,0,30,31,21,0
-2,13,0,-21,0,0,11,13,0,-14
------------- End of Scenario k = 21 -------
0,66,0,0,57,76,45,0,0,0;58,0,56,0,0,0,0,0,0,0;0,0,0,61,28,53,0,30,0,80;0,64,0,0,0,0,63,0,51,27;80,64,79,0,0,0,0,0,0,45;50,68,66,20,0,0,0,46,80,60;44,70,33,68,78,72,0,0,64,53;61,39,63,72,29,47,54,0,37,75;43,28,0,0,43,0,36,29,0,31;0,0,0,44,73,0,63,49,55,0
0,30,0,0,29,37,31,0,0,0;22,0,36,0,0,0,0,0,0,0;0,0,0,26,34,40,0,32,0,39;0,27,0,0,0,0,21,0,30,32;33,21,25,0,0,0,0,0,0,35;21,22,20,30,0,0,0,22,37,20;23,25,34,27,20,26,0,0,22,36;28,23,39,33,40,39,21,0,33,33;28,25,0,0,26,0,25,35,0,30;0,0,0,25,24,0,30,30,20,0
-6,30,0,-28,0,0,16,21,0,-33
------------- End of Scenario k = 22 -------
0,67,0,0,24,36,31,0,0,0;21,0,80,0,0,0,0,0,0,0;0,0,0,66,67,24,0,80,0,80;0,41,0,0,0,0,62,0,68,26;73,46,50,0,0,0,0,0,0,25;37,27,35,80,0,0,0,74,35,70;80,79,80,80,80,43,0,0,75,40;71,73,56,55,42,80,49,0,64,76;54,27,0,0,70,0,57,78,0,27;0,0,0,36,58,0,54,36,73,0
0,24,0,0,27,27,29,0,0,0;37,0,40,0,0,0,0,0,0,0;0,0,0,40,24,40,0,28,0,37;0,22,0,0,0,0,35,0,28,23;20,26,22,0,0,0,0,0,0,34;24,24,40,25,0,0,0,40,31,28;25,38,23,38,40,31,0,0,31,26;24,35,39,36,37,23,39,0,24,29;36,36,0,0,26,0,31,23,0,23;0,0,0,21,34,0,29,28,30,0
-12,18,0,-25,0,0,25,13,0,-19
------------- End of Scenario k = 23 -------
0,52,0,0,26,48,27,0,0,0;30,0,68,0,0,0,0,0,0,0;0,0,0,44,64,35,0,45,0,80;0,29,0,0,0,0,25,0,52,39;74,39,68,0,0,0,0,0,0,80;25,46,57,73,0,0,0,51,80,38;47,51,22,41,80,64,0,0,76,48;76,68,35,20,43,31,63,0,56,66;21,41,0,0,59,0,72,32,0,23;0,0,0,66,49,0,38,79,48,0
0,24,0,0,35,35,30,0,0,0;34,0,27,0,0,0,0,0,0,0;0,0,0,34,35,21,0,35,0,37;0,36,0,0,0,0,35,0,33,23;38,39,33,0,0,0,0,0,0,39;32,31,21,23,0,0,0,34,31,38;40,28,31,29,33,29,0,0,31,40;24,26,24,28,39,25,29,0,27,23;29,30,0,0,26,0,33,31,0,38;0,0,0,20,34,0,24,37,36,0
-7,21,0,-38,0,0,29,22,0,-27
------------- End of Scenario k = 24 -------
0,39,0,0,37,79,33,0,0,0;79,0,80,0,0,0,0,0,0,0;0,0,0,59,50,73,0,58,0,40;0,80,0,0,0,0,77,0,21,31;77,34,74,0,0,0,0,0,0,80;20,72,55,80,0,0,0,66,67,66;44,30,50,20,80,56,0,0,56,46;58,72,48,30,44,80,37,0,74,79;78,60,0,0,61,0,55,65,0,64;0,0,0,27,29,0,63,62,63,0
0,22,0,0,36,25,25,0,0,0;25,0,39,0,0,0,0,0,0,0;0,0,0,28,29,36,0,24,0,19;0,36,0,0,0,0,32,0,28,28;32,21,20,0,0,0,0,0,0,28;40,34,40,30,0,0,0,36,39,26;37,37,28,33,36,31,0,0,23,24;33,24,34,24,20,27,33,0,33,33;24,32,0,0,29,0,23,22,0,24;0,0,0,27,38,0,40,40,29,0
-15,15,0,-30,0,0,20,25,0,-15
------------- End of Scenario k = 25 -------
0,79,0,0,67,71,29,0,0,0;26,0,80,0,0,0,0,0,0,0;0,0,0,63,34,76,0,35,0,80;0,25,0,0,0,0,34,0,67,35;57,46,43,0,0,0,0,0,0,80;64,35,38,80,0,0,0,64,78,76;80,51,59,80,80,60,0,0,47,35;37,46,38,41,31,80,29,0,52,67;41,73,0,0,80,0,62,80,0,61;0,0,0,47,32,0,51,50,26,0
0,20,0,0,29,34,23,0,0,0;37,0,40,0,0,0,0,0,0,0;0,0,0,39,35,30,0,36,0,32;0,40,0,0,0,0,37,0,25,20;34,25,30,0,0,0,0,0,0,27;25,21,32,32,0,0,0,36,38,34;32,33,21,38,29,27,0,0,31,36;33,23,35,37,27,24,21,0,24,36;23,28,0,0,31,0,35,21,0,33;0,0,0,34,31,0,23,33,38,0
-9,29,0,-28,0,0,24,21,0,-37
------------- End of Scenario k = 26 -------
0,39,0,0,22,58,78,0,0,0;29,0,80,0,0,0,0,0,0,0;0,0,0,43,51,20,0,26,0,80;0,24,0,0,0,0,79,0,35,40;75,76,23,0,0,0,0,0,0,80;32,50,68,60,0,0,0,30,64,31;27,35,76,58,52,62,0,0,49,32;61,41,61,33,78,26,43,0,65,44;25,63,0,0,70,0,53,23,0,23;0,0,0,22,21,0,37,40,62,0
0,36,0,0,26,34,30,0,0,0;22,0,30,0,0,0,0,0,0,0;0,0,0,26,36,36,0,25,0,30;0,22,0,0,0,0,22,0,20,39;28,33,25,0,0,0,0,0,0,40;28,36,25,37,0,0,0,30,28,36;31,39,23,35,32,25,0,0,21,24;36,40,20,38,20,32,20,0,40,25;29,32,0,0,37,0,33,25,0,36;0,0,0,38,37,0,29,26,24,0
-13,29,0,-39,0,0,28,27,0,-32
------------- End of Scenario k = 27 -------
0,72,0,0,26,23,58,0,0,0;56,0,80,0,0,0,0,0,0,0;0,0,0,41,31,34,0,59,0,49;0,79,0,0,0,0,60,0,38,28;55,64,41,0,0,0,0,0,0,80;58,46,47,21,0,0,0,48,70,51;80,58,46,55,80,65,0,0,61,70;70,65,63,42,31,71,51,0,29,51;20,21,0,0,32,0,40,27,0,33;0,0,0,49,42,0,45,27,79,0
0,38,0,0,39,24,21,0,0,0;38,0,17,0,0,0,0,0,0,0;0,0,0,21,37,26,0,34,0,14;0,32,0,0,0,0,25,0,33,35;27,40,31,0,0,0,0,0,0,27;22,26,24,35,0,0,0,24,40,38;37,31,23,31,26,38,0,0,35,26;36,34,24,27,36,25,21,0,40,40;31,24,0,0,31,0,35,30,0,27;0,0,0,38,30,0,36,22,39,0
-14,12,0,-24,0,0,26,17,0,-17
------------- End of Scenario k = 28 -------
0,38,0,0,22,27,76,0,0,0;33,0,30,0,0,0,0,0,0,0;0,0,0,34,64,44,0,64,0,33;0,40,0,0,0,0,31,0,27,75;80,52,67,0,0,0,0,0,0,80;58,28,48,80,0,0,0,41,80,75;80,24,47,58,80,42,0,0,33,78;27,49,70,71,21,80,61,0,39,77;61,33,0,0,54,0,30,22,0,61;0,0,0,44,74,0,79,65,24,0
0,27,0,0,34,39,29,0,0,0;31,0,18,0,0,0,0,0,0,0;0,0,0,31,31,28,0,29,0,22;0,20,0,0,0,0,25,0,36,36;39,32,31,0,0,0,0,0,0,27;34,32,24,25,0,0,0,22,28,32;21,25,29,39,40,38,0,0,23,28;33,37,21,40,27,37,33,0,26,37;21,20,0,0,34,0,37,30,0,35;0,0,0,34,22,0,38,25,22,0
-4,18,0,-36,0,0,18,23,0,-19
------------- End of Scenario k = 29 -------
