/ -------------------------------------------------------------------------
An instance of the stochastic Fixed - charge Network Flow Problem using NETGEN.
/ -------------------------------------------------------------------------
Number of Nodes (no Dummy node is added), n
Graph Density, density
The fixed cost to variable cost ratio, f
Adjacency Matrix, A
Fixed Cost Matrix, c
Number of scenarios, K
Scenario Probabilities, p
----The following three rows will be repeated K times.----
Var Cost Matrix, d
Capacity, u
demand, b
/ -------------------------------------------------------------------------
+
10
0.6
200
0,1,1,1,1,1,1,1,0,1;0,0,1,0,1,0,0,0,1,1;1,1,0,1,0,1,1,0,1,1;0,1,0,0,1,1,1,1,1,1;1,1,1,0,0,1,1,0,0,0;0,0,1,0,1,0,1,1,1,1;0,0,1,0,1,0,0,1,1,1;1,1,1,0,0,0,1,0,1,0;0,1,1,0,1,0,0,0,0,1;0,1,0,0,1,1,0,0,0,0
0,10310,10870,10460,10360,9720,10230,8460,0,10810;0,0,13210,0,9540,0,0,0,9810,13069;11790,10800,0,9110,0,11320,9920,0,10820,9270;0,10380,0,0,11030,10070,10750,9610,9760,10980;14169,10340,10480,0,0,12320,9320,0,0,0;0,0,10070,0,11340,0,13750,10890,9140,9140;0,0,9510,0,9800,0,0,13850,9840,10570;10880,10580,10450,0,0,0,9570,0,13760,0;0,10260,9350,0,9910,0,0,0,0,10400;0,9720,0,0,10610,11350,0,0,0,0
20
0.02,0.02,0.05,0.07,0.05,0.02,0.02,0.05,0.02,0.02,0.02,0.07,0.1,0.05,0.07,0.07,0.07,0.07,0.05,0.09
--Scenarios--
0,71,48,48,26,47,39,74,0,43;0,0,80,0,40,0,0,0,64,63;80,72,0,23,0,64,77,0,55,50;0,66,0,0,37,36,64,59,52,59;80,33,54,0,0,41,30,0,0,0;0,0,63,0,36,0,80,62,28,33;0,0,33,0,62,0,0,80,77,36;55,48,59,0,0,0,26,0,61,0;0,51,33,0,33,0,0,0,0,59;0,57,0,0,58,25,0,0,0,0
0,34,26,22,31,39,35,31,0,30;0,0,36,0,24,0,0,0,22,29;29,25,0,29,0,36,24,0,31,39;0,39,0,0,21,21,24,30,27,33;22,32,20,0,0,28,23,0,0,0;0,0,20,0,35,0,37,27,38,20;0,0,21,0,33,0,0,20,25,37;36,22,24,0,0,0,22,0,28,0;0,30,25,0,29,0,0,0,0,25;0,34,0,0,22,39,0,0,0,0
-14,28,0,13,0,0,0,0,0,-27
------------- End of Scenario k = 0 -------
0,43,24,78,77,74,41,55,0,46;0,0,55,0,66,0,0,0,69,80;40,40,0,54,0,59,49,0,41,56;0,28,0,0,44,55,45,30,27,69;80,43,33,0,0,80,47,0,0,0;0,0,58,0,38,0,80,69,45,72;0,0,58,0,51,0,0,80,62,58;70,65,55,0,0,0,62,0,44,0;0,44,24,0,47,0,0,0,0,35;0,75,0,0,42,62,0,0,0,0
0,34,37,38,33,23,32,35,0,31;0,0,39,0,31,0,0,0,33,32;38,27,0,37,0,36,20,0,27,32;0,20,0,0,31,26,24,33,37,33;17,25,35,0,0,31,28,0,0,0;0,0,33,0,28,0,35,37,23,40;0,0,34,0,32,0,0,32,30,30;34,33,39,0,0,0,32,0,21,0;0,31,20,0,20,0,0,0,0,24;0,20,0,0,27,30,0,0,0,0
-40,30,0,14,0,0,0,0,0,-4
------------- End of Scenario k = 1 -------
0,76,53,58,67,73,72,60,0,32;0,0,80,0,33,0,0,0,55,53;47,47,0,46,0,65,21,0,62,69;0,51,0,0,35,70,38,64,38,70;80,73,46,0,0,38,36,0,0,0;0,0,37,0,80,0,80,65,43,67;0,0,26,0,30,0,0,80,43,56;49,48,45,0,0,0,80,0,80,0;0,30,40,0,38,0,0,0,0,41;0,60,0,0,66,46,0,0,0,0
0,30,35,24,31,32,23,36,0,35;0,0,24,0,23,0,0,0,25,34;31,30,0,34,0,25,29,0,32,23;0,32,0,0,28,36,23,32,23,37;40,25,36,0,0,21,26,0,0,0;0,0,27,0,22,0,22,36,27,37;0,0,23,0,40,0,0,38,28,22;32,33,32,0,0,0,29,0,33,0;0,28,40,0,39,0,0,0,0,20;0,29,0,0,23,33,0,0,0,0
-15,13,0,11,0,0,0,0,0,-9
------------- End of Scenario k = 2 -------
0,31,75,67,49,42,54,38,0,71;0,0,52,0,42,0,0,0,71,80;80,39,0,46,0,72,73,0,29,65;0,30,0,0,50,25,22,39,62,56;77,54,64,0,0,80,44,0,0,0;0,0,63,0,76,0,51,43,37,38;0,0,44,0,62,0,0,80,71,69;59,64,79,0,0,0,33,0,45,0;0,29,44,0,76,0,0,0,0,41;0,64,0,0,56,60,0,0,0,0
0,23,38,28,33,36,23,25,0,31;0,0,37,0,27,0,0,0,29,24;29,36,0,28,0,39,28,0,24,24;0,35,0,0,30,28,21,21,32,32;29,34,29,0,0,31,28,0,0,0;0,0,35,0,37,0,39,32,36,20;0,0,31,0,38,0,0,31,29,21;22,37,33,0,0,0,37,0,34,0;0,39,35,0,40,0,0,0,0,35;0,33,0,0,20,32,0,0,0,0
-37,15,0,28,0,0,0,0,0,-6
------------- End of Scenario k = 3 -------
0,74,62,78,56,28,42,51,0,56;0,0,80,0,34,0,0,0,75,80;80,66,0,57,0,77,75,0,68,59;0,46,0,0,27,65,77,61,68,23;51,47,70,0,0,50,39,0,0,0;0,0,34,0,31,0,80,66,45,67;0,0,35,0,62,0,0,66,74,65;54,29,20,0,0,0,64,0,80,0;0,76,68,0,41,0,0,0,0,73;0,66,0,0,29,21,0,0,0,0
0,39,30,24,29,29,40,30,0,25;0,0,39,0,26,0,0,0,31,35;36,31,0,40,0,33,34,0,30,32;0,37,0,0,27,22,25,33,32,40;21,39,31,0,0,30,38,0,0,0;0,0,23,0,34,0,38,25,40,22;0,0,30,0,40,0,0,24,26,39;27,20,30,0,0,0,23,0,32,0;0,39,37,0,34,0,0,0,0,22;0,35,0,0,32,21,0,0,0,0
-22,23,0,17,0,0,0,0,0,-18
------------- End of Scenario k = 4 -------
0,67,58,36,67,65,79,46,0,44;0,0,80,0,54,0,0,0,53,35;50,26,0,79,0,21,64,0,66,28;0,58,0,0,20,32,75,75,39,76;79,49,50,0,0,80,31,0,0,0;0,0,73,0,76,0,20,47,57,22;0,0,23,0,31,0,0,80,62,76;37,59,63,0,0,0,24,0,80,0;0,51,74,0,55,0,0,0,0,51;0,63,0,0,39,79,0,0,0,0
0,30,37,22,28,40,35,38,0,28;0,0,33,0,36,0,0,0,25,34;38,36,0,34,0,32,36,0,20,20;0,30,0,0,37,32,35,23,20,37;24,27,22,0,0,36,35,0,0,0;0,0,36,0,34,0,36,26,23,30;0,0,40,0,32,0,0,28,23,32;22,37,24,0,0,0,36,0,27,0;0,39,30,0,35,0,0,0,0,26;0,21,0,0,20,33,0,0,0,0
-27,16,0,19,0,0,0,0,0,-8
------------- End of Scenario k = 5 -------
0,40,30,30,26,72,51,52,0,49;0,0,80,0,48,0,0,0,29,79;75,56,0,30,0,66,24,0,24,27;0,31,0,0,80,56,77,58,34,74;80,32,59,0,0,80,69,0,0,0;0,0,60,0,78,0,29,29,34,29;0,0,64,0,51,0,0,74,64,49;71,45,52,0,0,0,43,0,41,0;0,41,24,0,79,0,0,0,0,70;0,33,0,0,71,62,0,0,0,0
0,20,24,31,29,29,25,22,0,34;0,0,18,0,40,0,0,0,33,34;18,24,0,26,0,37,40,0,33,37;0,33,0,0,30,32,21,30,28,21;37,38,22,0,0,38,35,0,0,0;0,0,38,0,27,0,34,23,35,24;0,0,21,0,33,0,0,36,32,37;30,39,32,0,0,0,36,0,26,0;0,29,30,0,23,0,0,0,0,39;0,21,0,0,33,26,0,0,0,0
-24,16,0,20,0,0,0,0,0,-12
------------- End of Scenario k = 6 -------
0,28,49,76,33,62,39,50,0,28;0,0,80,0,57,0,0,0,22,80;80,31,0,34,0,79,63,0,63,48;0,68,0,0,80,20,34,52,41,21;80,36,54,0,0,22,42,0,0,0;0,0,48,0,53,0,80,71,54,46;0,0,31,0,56,0,0,80,41,21;75,34,21,0,0,0,62,0,80,0;0,73,43,0,58,0,0,0,0,47;0,35,0,0,63,79,0,0,0,0
0,24,36,27,22,34,29,39,0,29;0,0,24,0,21,0,0,0,31,15;33,29,0,40,0,27,30,0,27,28;0,35,0,0,33,36,34,28,31,22;36,34,22,0,0,31,30,0,0,0;0,0,22,0,40,0,34,30,33,29;0,0,26,0,29,0,0,35,26,32;20,39,25,0,0,0,31,0,38,0;0,22,20,0,36,0,0,0,0,31;0,27,0,0,33,32,0,0,0,0
-28,11,0,22,0,0,0,0,0,-5
------------- End of Scenario k = 7 -------
0,54,68,79,47,20,64,23,0,66;0,0,28,0,74,0,0,0,72,80;21,46,0,41,0,51,54,0,50,43;0,70,0,0,47,40,29,51,61,44;80,68,73,0,0,55,26,0,0,0;0,0,21,0,26,0,38,63,54,77;0,0,74,0,30,0,0,80,25,43;42,77,73,0,0,0,46,0,80,0;0,45,25,0,24,0,0,0,0,70;0,33,0,0,73,59,0,0,0,0
0,22,28,35,21,38,25,27,0,28;0,0,37,0,24,0,0,0,38,32;25,39,0,20,0,34,34,0,29,30;0,40,0,0,21,40,25,28,26,32;28,38,30,0,0,33,37,0,0,0;0,0,32,0,25,0,36,23,21,33;0,0,21,0,22,0,0,26,40,39;27,23,39,0,0,0,26,0,38,0;0,38,39,0,27,0,0,0,0,38;0,21,0,0,36,27,0,0,0,0
-27,14,0,21,0,0,0,0,0,-8
------------- End of Scenario k = 8 -------
0,51,38,24,68,41,54,48,0,63;0,0,73,0,30,0,0,0,24,43;27,48,0,38,0,75,42,0,59,47;0,72,0,0,55,62,41,30,45,44;80,21,75,0,0,49,68,0,0,0;0,0,46,0,75,0,80,43,38,21;0,0,46,0,29,0,0,35,62,53;20,54,36,0,0,0,45,0,43,0;0,38,45,0,27,0,0,0,0,35;0,52,0,0,75,68,0,0,0,0
0,32,38,22,29,23,35,24,0,24;0,0,35,0,33,0,0,0,37,39;38,34,0,37,0,40,36,0,35,29;0,20,0,0,20,27,32,33,40,25;19,20,40,0,0,24,30,0,0,0;0,0,36,0,28,0,19,22,26,39;0,0,38,0,34,0,0,39,33,31;24,22,21,0,0,0,30,0,20,0;0,21,22,0,37,0,0,0,0,27;0,29,0,0,32,40,0,0,0,0
-37,30,0,19,0,0,0,0,0,-12
------------- End of Scenario k = 9 -------
0,49,74,66,54,42,33,43,0,45;0,0,80,0,43,0,0,0,48,80;28,42,0,34,0,31,32,0,70,21;0,43,0,0,73,40,38,35,74,46;80,72,22,0,0,80,77,0,0,0;0,0,23,0,26,0,80,79,56,34;0,0,24,0,29,0,0,55,29,71;29,64,66,0,0,0,54,0,80,0;0,33,78,0,74,0,0,0,0,49;0,20,0,0,78,47,0,0,0,0
0,31,24,33,28,21,20,39,0,27;0,0,34,0,39,0,0,0,21,33;29,28,0,31,0,26,25,0,31,32;0,33,0,0,22,20,27,39,38,21;25,35,38,0,0,15,24,0,0,0;0,0,39,0,27,0,36,32,26,32;0,0,33,0,36,0,0,18,30,35;34,39,39,0,0,0,39,0,36,0;0,31,21,0,25,0,0,0,0,27;0,39,0,0,21,31,0,0,0,0
-17,28,0,11,0,0,0,0,0,-22
------------- End of Scenario k = 10 -------
0,30,75,22,80,78,54,75,0,65;0,0,80,0,51,0,0,0,60,80;24,61,0,71,0,26,37,0,35,65;0,44,0,0,32,25,55,27,77,47;80,33,43,0,0,26,47,0,0,0;0,0,45,0,47,0,37,52,21,21;0,0,77,0,52,0,0,80,41,69;31,25,67,0,0,0,68,0,22,0;0,21,29,0,62,0,0,0,0,75;0,52,0,0,62,57,0,0,0,0
0,27,32,22,38,31,28,37,0,40;0,0,18,0,25,0,0,0,27,25;15,25,0,25,0,24,22,0,23,21;0,35,0,0,33,20,28,36,20,30;38,33,33,0,0,35,35,0,0,0;0,0,37,0,20,0,39,31,23,36;0,0,25,0,34,0,0,23,39,24;27,36,22,0,0,0,37,0,23,0;0,39,31,0,38,0,0,0,0,40;0,37,0,0,25,36,0,0,0,0
-31,14,0,22,0,0,0,0,0,-5
------------- End of Scenario k = 11 -------
0,56,21,27,65,61,27,23,0,80;0,0,22,0,75,0,0,0,34,80;42,61,0,71,0,73,56,0,39,31;0,56,0,0,80,57,80,29,27,69;41,77,60,0,0,80,34,0,0,0;0,0,40,0,73,0,80,38,66,47;0,0,40,0,76,0,0,66,20,46;69,53,47,0,0,0,28,0,80,0;0,77,28,0,78,0,0,0,0,40;0,41,0,0,24,60,0,0,0,0
0,25,29,30,26,33,30,20,0,33;0,0,25,0,37,0,0,0,28,32;31,33,0,20,0,23,36,0,20,31;0,25,0,0,31,23,26,35,23,28;28,27,33,0,0,34,39,0,0,0;0,0,35,0,30,0,28,26,34,20;0,0,40,0,23,0,0,30,37,36;21,31,22,0,0,0,39,0,37,0;0,27,33,0,37,0,0,0,0,22;0,25,0,0,33,27,0,0,0,0
-29,22,0,27,0,0,0,0,0,-20
------------- End of Scenario k = 12 -------
0,25,39,69,63,23,71,27,0,75;0,0,80,0,43,0,0,0,40,31;48,70,0,32,0,70,42,0,40,38;0,59,0,0,37,77,29,39,62,78;80,50,32,0,0,80,36,0,0,0;0,0,29,0,43,0,80,76,37,71;0,0,48,0,62,0,0,80,20,33;77,54,36,0,0,0,28,0,80,0;0,42,47,0,30,0,0,0,0,74;0,54,0,0,68,57,0,0,0,0
0,22,40,25,40,34,40,20,0,39;0,0,18,0,30,0,0,0,31,10;27,37,0,29,0,25,22,0,36,31;0,38,0,0,25,34,40,32,20,38;19,28,35,0,0,31,22,0,0,0;0,0,27,0,38,0,30,36,38,32;0,0,27,0,32,0,0,17,25,36;36,25,39,0,0,0,20,0,28,0;0,39,39,0,22,0,0,0,0,30;0,40,0,0,26,24,0,0,0,0
-20,10,0,17,0,0,0,0,0,-7
------------- End of Scenario k = 13 -------
0,22,66,64,42,25,80,38,0,66;0,0,33,0,48,0,0,0,27,31;80,75,0,51,0,47,79,0,74,37;0,74,0,0,51,70,77,59,50,52;49,47,53,0,0,80,44,0,0,0;0,0,54,0,71,0,80,54,79,42;0,0,46,0,36,0,0,80,25,38;71,42,33,0,0,0,26,0,80,0;0,68,25,0,27,0,0,0,0,52;0,27,0,0,27,73,0,0,0,0
0,33,33,40,27,39,23,30,0,36;0,0,34,0,40,0,0,0,34,29;38,31,0,36,0,31,29,0,20,21;0,31,0,0,20,38,39,29,34,35;17,24,20,0,0,27,27,0,0,0;0,0,34,0,23,0,24,26,40,27;0,0,40,0,26,0,0,22,28,23;20,29,33,0,0,0,30,0,39,0;0,23,35,0,23,0,0,0,0,20;0,35,0,0,29,34,0,0,0,0
-22,26,0,16,0,0,0,0,0,-20
------------- End of Scenario k = 14 -------
0,71,61,33,59,55,55,26,0,28;0,0,26,0,42,0,0,0,78,80;65,80,0,45,0,61,48,0,36,31;0,43,0,0,80,45,65,64,40,38;47,79,34,0,0,63,65,0,0,0;0,0,76,0,41,0,80,56,27,32;0,0,35,0,60,0,0,44,31,80;80,73,63,0,0,0,34,0,80,0;0,58,35,0,22,0,0,0,0,62;0,75,0,0,21,74,0,0,0,0
0,32,31,35,32,36,23,37,0,29;0,0,39,0,25,0,0,0,20,36;27,33,0,36,0,20,23,0,39,27;0,33,0,0,38,37,39,20,30,21;37,29,34,0,0,35,31,0,0,0;0,0,21,0,22,0,37,38,38,21;0,0,39,0,38,0,0,36,20,39;36,33,20,0,0,0,22,0,40,0;0,23,31,0,30,0,0,0,0,25;0,23,0,0,25,21,0,0,0,0
-41,22,0,29,0,0,0,0,0,-10
------------- End of Scenario k = 15 -------
0,33,58,50,44,74,28,22,0,58;0,0,72,0,44,0,0,0,50,60;72,70,0,22,0,79,23,0,77,80;0,34,0,0,80,72,69,35,21,69;47,75,21,0,0,80,76,0,0,0;0,0,57,0,70,0,80,51,20,74;0,0,40,0,75,0,0,32,73,46;54,33,33,0,0,0,65,0,80,0;0,80,77,0,43,0,0,0,0,26;0,78,0,0,53,28,0,0,0,0
0,33,37,25,30,28,33,30,0,24;0,0,31,0,28,0,0,0,26,27;12,32,0,20,0,21,29,0,22,40;0,34,0,0,32,39,26,24,32,25;38,40,33,0,0,19,27,0,0,0;0,0,27,0,36,0,29,30,24,31;0,0,24,0,33,0,0,32,27,37;31,30,26,0,0,0,38,0,40,0;0,36,33,0,39,0,0,0,0,37;0,26,0,0,29,28,0,0,0,0
-20,10,0,18,0,0,0,0,0,-8
------------- End of Scenario k = 16 -------
0,75,74,32,21,23,43,29,0,66;0,0,80,0,47,0,0,0,48,80;80,24,0,52,0,48,40,0,50,43;0,76,0,0,80,27,49,70,69,48;67,39,76,0,0,56,52,0,0,0;0,0,76,0,79,0,80,34,47,41;0,0,67,0,70,0,0,53,48,49;42,55,41,0,0,0,47,0,80,0;0,78,79,0,29,0,0,0,0,72;0,26,0,0,48,74,0,0,0,0
0,27,37,39,25,35,26,22,0,33;0,0,25,0,22,0,0,0,27,38;26,31,0,40,0,37,38,0,28,38;0,35,0,0,24,35,21,35,38,23;21,25,28,0,0,38,22,0,0,0;0,0,25,0,29,0,38,35,39,29;0,0,30,0,37,0,0,35,26,29;30,31,20,0,0,0,34,0,26,0;0,24,35,0,32,0,0,0,0,24;0,24,0,0,34,31,0,0,0,0
-21,15,0,18,0,0,0,0,0,-12
------------- End of Scenario k = 17 -------
0,72,40,52,35,45,27,34,0,60;0,0,80,0,55,0,0,0,21,32;80,71,0,24,0,22,25,0,72,53;0,34,0,0,63,79,69,43,24,61;80,35,76,0,0,80,23,0,0,0;0,0,44,0,73,0,80,46,58,42;0,0,68,0,20,0,0,80,69,55;61,65,79,0,0,0,47,0,80,0;0,62,57,0,74,0,0,0,0,35;0,27,0,0,40,59,0,0,0,0
0,32,30,40,20,37,28,33,0,34;0,0,37,0,26,0,0,0,28,30;26,37,0,39,0,31,21,0,20,20;0,27,0,0,34,37,40,38,20,36;18,23,21,0,0,28,37,0,0,0;0,0,40,0,34,0,23,40,20,32;0,0,23,0,21,0,0,25,29,20;27,22,20,0,0,0,20,0,34,0;0,33,31,0,21,0,0,0,0,34;0,36,0,0,24,31,0,0,0,0
-28,21,0,12,0,0,0,0,0,-5
------------- End of Scenario k = 18 -------
0,63,74,57,57,22,70,32,0,40;0,0,80,0,28,0,0,0,41,80;80,55,0,61,0,46,68,0,72,36;0,55,0,0,52,54,42,41,65,54;79,71,53,0,0,32,46,0,0,0;0,0,60,0,42,0,80,45,68,38;0,0,72,0,36,0,0,80,47,44;42,71,77,0,0,0,75,0,80,0;0,29,60,0,74,0,0,0,0,33;0,34,0,0,68,45,0,0,0,0
0,21,24,22,33,23,29,36,0,20;0,0,31,0,22,0,0,0,39,39;28,20,0,22,0,23,33,0,23,39;0,29,0,0,34,34,31,40,21,27;26,22,34,0,0,30,20,0,0,0;0,0,25,0,40,0,30,27,28,24;0,0,34,0,34,0,0,40,40,34;31,31,22,0,0,0,31,0,15,0;0,32,37,0,39,0,0,0,0,28;0,39,0,0,34,23,0,0,0,0
-18,20,0,15,0,0,0,0,0,-17
------------- End of Scenario k = 19 -------
