/ -------------------------------------------------------------------------
An instance of the stochastic Fixed - charge Network Flow Problem using NETGEN.
/ -------------------------------------------------------------------------
Number of Nodes (no Dummy node is added), n
Graph Density, density
The fixed cost to variable cost ratio, f
Adjacency Matrix, A
Fixed Cost Matrix, c
Number of scenarios, K
Scenario Probabilities, p
----The following three rows will be repeated K times.----
Var Cost Matrix, d
Capacity, u
demand, b
/ -------------------------------------------------------------------------
+
30
0.3
200
0,0,0,0,0,0,0,1,1,0,0,1,1,1,0,1,0,1,1,1,0,1,0,1,0,0,0,0,0,0;0,0,1,0,1,0,0,0,0,1,1,0,0,1,0,0,1,1,0,0,0,1,0,0,0,1,0,1,1,0;1,0,0,0,1,1,0,0,0,0,0,0,0,0,0,0,0,0,1,0,0,0,0,1,1,0,0,0,1,0;1,1,0,0,0,0,0,0,0,1,0,0,1,0,0,0,0,0,0,0,1,0,0,0,0,0,1,0,0,0;1,0,0,1,0,0,0,0,0,0,1,1,1,0,0,0,1,0,0,1,0,0,1,1,1,0,0,0,0,0;0,0,0,0,1,0,1,1,0,1,0,1,1,0,0,0,0,0,0,0,0,0,0,1,0,1,0,0,0,1;1,0,0,0,0,0,0,1,0,0,1,0,0,0,0,0,0,0,0,0,1,0,0,1,0,0,0,1,0,0;0,1,1,1,1,0,0,0,0,1,1,0,0,0,0,1,0,0,0,0,0,1,0,1,0,0,0,0,0,0;0,0,0,0,0,0,1,0,0,0,0,0,0,1,0,0,0,0,0,1,0,0,1,0,0,0,0,0,0,0;0,1,0,0,1,1,1,0,0,0,0,1,1,0,0,1,0,0,0,1,1,1,0,1,0,0,0,0,0,0;0,0,1,0,0,0,1,0,1,1,0,0,0,0,0,0,0,1,0,0,0,0,0,0,0,0,0,1,0,0;0,0,0,0,0,1,0,0,1,0,0,0,1,0,1,1,0,0,0,0,1,0,0,0,1,0,0,1,0,0;0,0,1,1,0,1,0,1,0,1,1,1,0,0,0,0,0,0,0,0,0,0,0,0,0,0,1,1,1,0;1,0,0,1,0,0,1,0,0,1,0,1,1,0,1,0,0,1,1,1,0,0,1,1,0,0,1,1,0,0;0,1,0,1,0,0,0,0,1,0,0,0,0,0,0,1,0,0,0,0,0,0,0,1,1,0,0,0,1,0;1,0,0,0,1,1,0,1,0,0,0,1,1,0,0,0,1,0,0,0,0,0,1,0,0,0,0,0,0,1;0,1,0,1,0,0,0,0,1,0,0,1,0,0,0,0,0,1,1,1,0,1,0,0,0,0,1,0,1,0;0,0,1,0,0,1,1,0,0,0,1,0,0,0,1,0,0,0,1,0,1,0,1,0,0,0,0,0,1,0;1,0,0,0,0,1,1,0,0,1,1,0,0,1,0,1,0,0,0,1,1,0,0,0,1,0,0,1,0,0;0,0,0,0,1,0,0,1,1,0,0,1,0,1,0,0,1,0,0,0,0,0,0,0,0,0,0,1,1,0;0,1,0,0,0,0,1,0,0,0,1,0,1,0,0,1,0,1,1,0,0,1,0,1,0,0,0,0,0,1;0,0,0,0,0,0,0,0,0,0,0,0,0,1,0,0,0,0,0,0,0,0,0,1,1,1,0,0,0,1;0,1,1,0,0,1,1,0,0,0,0,0,1,1,0,0,0,0,0,0,0,0,0,1,1,1,0,0,0,0;0,0,0,1,0,0,0,0,0,0,1,1,0,0,0,0,0,0,1,0,0,0,1,0,0,0,0,1,1,0;0,0,0,0,0,0,0,1,0,0,1,1,0,0,0,0,0,0,0,1,0,0,0,0,0,1,0,0,0,1;1,1,0,0,0,1,0,1,0,0,1,1,0,0,0,0,0,0,0,1,0,0,0,0,0,0,0,1,0,0;1,0,0,0,0,0,0,0,0,0,0,0,1,0,1,1,1,1,1,0,1,0,0,0,1,0,0,0,0,0;0,0,0,1,1,1,1,0,0,1,1,0,0,0,0,0,0,0,1,1,0,0,0,1,0,1,1,0,1,0;1,0,0,0,0,0,0,0,1,0,0,0,0,0,1,0,1,0,0,1,0,1,0,0,0,1,0,0,0,1;0,0,0,0,1,0,1,1,0,0,0,1,0,0,1,1,1,0,1,0,1,1,0,0,0,0,1,0,0,0
0,0,0,0,0,0,0,9150,10150,0,0,9380,9870,8980,0,10470,0,8350,11050,10110,0,9960,0,11400,0,0,0,0,0,0;0,0,13000,0,9570,0,0,0,0,9950,12120,0,0,9400,0,0,10050,9960,0,0,0,9810,0,0,0,10840,0,10020,9890,0;10240,0,0,0,10580,9950,0,0,0,0,0,0,0,0,0,0,0,0,9970,0,0,0,0,9300,9590,0,0,0,10230,0;12720,10250,0,0,0,0,0,0,0,10820,0,0,10070,0,0,0,0,0,0,0,9270,0,0,0,0,0,10670,0,0,0;10390,0,0,13630,0,0,0,0,0,0,13140,12880,9450,0,0,0,10190,0,0,9900,0,0,8100,9600,9200,0,0,0,0,0;0,0,0,0,9140,0,13640,10970,0,11740,0,9610,10080,0,0,0,0,0,0,0,0,0,0,8840,0,9440,0,0,0,9360;12810,0,0,0,0,0,0,9630,0,0,12170,0,0,0,0,0,0,0,0,0,11210,0,0,10450,0,0,0,8540,0,0;0,10000,9520,11000,11060,0,0,0,0,10420,10430,0,0,0,0,10480,0,0,0,0,0,8840,0,11760,0,0,0,0,0,0;0,0,0,0,0,0,10430,0,0,0,0,0,0,11810,0,0,0,0,0,9650,0,0,11490,0,0,0,0,0,0,0;0,10450,0,0,10350,12700,9600,0,0,0,0,12840,9210,0,0,10760,0,0,0,9140,8050,10170,0,12470,0,0,0,0,0,0;0,0,9970,0,0,0,11040,0,9920,9860,0,0,0,0,0,0,0,9240,0,0,0,0,0,0,0,0,0,10490,0,0;0,0,0,0,0,10260,0,0,9060,0,0,0,10210,0,9280,9240,0,0,0,0,10500,0,0,0,10420,0,0,9480,0,0;0,0,9280,9440,0,12000,0,13819,0,10500,10140,8290,0,0,0,0,0,0,0,0,0,0,0,0,0,0,10310,9410,10120,0;10770,0,0,9230,0,0,9980,0,0,8920,0,13650,10530,0,13540,0,0,10620,10540,9280,0,0,9360,8770,0,0,9610,10520,0,0;0,9370,0,10240,0,0,0,0,9510,0,0,0,0,0,0,11280,0,0,0,0,0,0,0,7809,10360,0,0,0,10380,0;10770,0,0,0,10560,11240,0,8660,0,0,0,11610,9060,0,0,0,12260,0,0,0,0,0,10850,0,0,0,0,0,0,9290;0,9390,0,11200,0,0,0,0,8560,0,0,13219,0,0,0,0,0,11680,9510,10490,0,10400,0,0,0,0,10180,0,9930,0;0,0,9830,0,0,10070,10540,0,0,0,11290,0,0,0,9560,0,0,0,12830,0,8830,0,11090,0,0,0,0,0,10160,0;9830,0,0,0,0,11220,10920,0,0,9390,10070,0,0,8820,0,10050,0,0,0,10900,12020,0,0,0,9870,0,0,9760,0,0;0,0,0,0,10350,0,0,10150,13400,0,0,12690,0,9600,0,0,8250,0,0,0,0,0,0,0,0,0,0,11120,10740,0;0,10510,0,0,0,0,9940,0,0,0,10590,0,10160,0,0,10030,0,10200,10350,0,0,11910,0,9690,0,0,0,0,0,9760;0,0,0,0,0,0,0,0,0,0,0,0,0,9990,0,0,0,0,0,0,0,0,0,11110,13160,9010,0,0,0,9490;0,9910,10480,0,0,10290,9580,0,0,0,0,0,9270,14240,0,0,0,0,0,0,0,0,0,12470,10300,10110,0,0,0,0;0,0,0,10420,0,0,0,0,0,0,12260,9440,0,0,0,0,0,0,11270,0,0,0,8610,0,0,0,0,9550,10700,0;0,0,0,0,0,0,0,10050,0,0,13350,10430,0,0,0,0,0,0,0,9600,0,0,0,0,0,11900,0,0,0,11130;10910,10820,0,0,0,10520,0,10930,0,0,10530,10060,0,0,0,0,0,0,0,10070,0,0,0,0,0,0,0,10720,0,0;9130,0,0,0,0,0,0,0,0,0,0,0,9850,0,9350,13290,9170,10570,9730,0,9630,0,0,0,11060,0,0,0,0,0;0,0,0,10220,10220,10080,10090,0,0,9330,10020,0,0,0,0,0,0,0,9300,9790,0,0,0,9130,0,9520,11160,0,12530,0;9090,0,0,0,0,0,0,0,10200,0,0,0,0,0,8510,0,9250,0,0,9080,0,9510,0,0,0,10030,0,0,0,13610;0,0,0,0,10010,0,8850,10740,0,0,0,10530,0,0,8490,10910,9790,0,8450,0,11160,10070,0,0,0,0,10430,0,0,0
20
0.2,0.05,0.02,0.02,0.02,0.05,0.02,0.15,0.02,0.02,0.02,0.02,0.02,0.07,0.02,0.02,0.02,0.1,0.05,0.09
--Scenarios--
0,0,0,0,0,0,0,47,21,0,0,70,63,23,0,58,0,32,58,70,0,20,0,35,0,0,0,0,0,0;0,0,80,0,61,0,0,0,0,50,80,0,0,60,0,0,51,57,0,0,0,39,0,0,0,66,0,44,42,0;52,0,0,0,74,80,0,0,0,0,0,0,0,0,0,0,0,0,32,0,0,0,0,39,51,0,0,0,57,0;80,52,0,0,0,0,0,0,0,64,0,0,24,0,0,0,0,0,0,0,20,0,0,0,0,0,50,0,0,0;44,0,0,76,0,0,0,0,0,0,80,80,69,0,0,0,66,0,0,44,0,0,31,68,64,0,0,0,0,0;0,0,0,0,51,0,80,76,0,77,0,32,80,0,0,0,0,0,0,0,0,0,0,26,0,32,0,0,0,24;80,0,0,0,0,0,0,60,0,0,80,0,0,0,0,0,0,0,0,0,80,0,0,39,0,0,0,79,0,0;0,74,74,78,54,0,0,0,0,74,74,0,0,0,0,36,0,0,0,0,0,46,0,80,0,0,0,0,0,0;0,0,0,0,0,0,59,0,0,0,0,0,0,52,0,0,0,0,0,38,0,0,59,0,0,0,0,0,0,0;0,45,0,0,38,80,28,0,0,0,0,80,71,0,0,58,0,0,0,77,33,23,0,80,0,0,0,0,0,0;0,0,65,0,0,0,74,0,58,72,0,0,0,0,0,0,0,38,0,0,0,0,0,0,0,0,0,41,0,0;0,0,0,0,0,66,0,0,27,0,0,0,69,0,47,45,0,0,0,0,39,0,0,0,34,0,0,42,0,0;0,0,59,39,0,78,0,80,0,49,36,40,0,0,0,0,0,0,0,0,0,0,0,0,0,0,26,64,47,0;79,0,0,32,0,0,44,0,0,42,0,43,54,0,80,0,0,44,55,39,0,0,35,67,0,0,66,72,0,0;0,72,0,21,0,0,0,0,72,0,0,0,0,0,0,62,0,0,0,0,0,0,0,38,20,0,0,0,61,0;36,0,0,0,47,48,0,74,0,0,0,61,22,0,0,0,80,0,0,0,0,0,64,0,0,0,0,0,0,22;0,27,0,40,0,0,0,0,57,0,0,80,0,0,0,0,0,22,42,73,0,20,0,0,0,0,29,0,47,0;0,0,22,0,0,72,47,0,0,0,60,0,0,0,44,0,0,0,80,0,36,0,58,0,0,0,0,0,58,0;79,0,0,0,0,34,37,0,0,37,51,0,0,43,0,51,0,0,0,65,80,0,0,0,34,0,0,48,0,0;0,0,0,0,62,0,0,45,80,0,0,80,0,26,0,0,38,0,0,0,0,0,0,0,0,0,0,71,40,0;0,50,0,0,0,0,40,0,0,0,77,0,57,0,0,64,0,78,72,0,0,80,0,53,0,0,0,0,0,35;0,0,0,0,0,0,0,0,0,0,0,0,0,33,0,0,0,0,0,0,0,0,0,66,30,62,0,0,0,77;0,46,43,0,0,54,63,0,0,0,0,0,50,80,0,0,0,0,0,0,0,0,0,79,79,72,0,0,0,0;0,0,0,48,0,0,0,0,0,0,29,26,0,0,0,0,0,0,29,0,0,0,45,0,0,0,0,36,75,0;0,0,0,0,0,0,0,77,0,0,80,31,0,0,0,0,0,0,0,36,0,0,0,0,0,71,0,0,0,63;61,27,0,0,0,68,0,24,0,0,23,77,0,0,0,0,0,0,0,72,0,0,0,0,0,0,0,74,0,0;77,0,0,0,0,0,0,0,0,0,0,0,62,0,43,68,43,32,24,0,56,0,0,0,51,0,0,0,0,0;0,0,0,48,26,67,43,0,0,53,25,0,0,0,0,0,0,0,52,65,0,0,0,31,0,23,45,0,80,0;31,0,0,0,0,0,0,0,63,0,0,0,0,0,20,0,20,0,0,40,0,65,0,0,0,38,0,0,0,80;0,0,0,0,44,0,30,61,0,0,0,50,0,0,21,76,27,0,34,0,79,44,0,0,0,0,23,0,0,0
0,0,0,0,0,0,0,24,20,0,0,20,27,30,0,37,0,30,20,31,0,24,0,29,0,0,0,0,0,0;0,0,36,0,32,0,0,0,0,38,31,0,0,34,0,0,38,37,0,0,0,29,0,0,0,25,0,37,20,0;36,0,0,0,38,40,0,0,0,0,0,0,0,0,0,0,0,0,20,0,0,0,0,27,33,0,0,0,20,0;36,38,0,0,0,0,0,0,0,22,0,0,24,0,0,0,0,0,0,0,25,0,0,0,0,0,20,0,0,0;32,0,0,39,0,0,0,0,0,0,32,32,38,0,0,0,28,0,0,25,0,0,30,38,29,0,0,0,0,0;0,0,0,0,28,0,21,36,0,39,0,32,32,0,0,0,0,0,0,0,0,0,0,29,0,27,0,0,0,35;23,0,0,0,0,0,0,21,0,0,38,0,0,0,0,0,0,0,0,0,38,0,0,29,0,0,0,39,0,0;0,37,33,27,34,0,0,0,0,23,32,0,0,0,0,20,0,0,0,0,0,39,0,16,0,0,0,0,0,0;0,0,0,0,0,0,30,0,0,0,0,0,0,37,0,0,0,0,0,24,0,0,24,0,0,0,0,0,0,0;0,35,0,0,21,29,34,0,0,0,0,26,21,0,0,28,0,0,0,25,23,23,0,37,0,0,0,0,0,0;0,0,27,0,0,0,33,0,38,23,0,0,0,0,0,0,0,25,0,0,0,0,0,0,0,0,0,21,0,0;0,0,0,0,0,25,0,0,23,0,0,0,26,0,21,39,0,0,0,0,26,0,0,0,20,0,0,25,0,0;0,0,39,31,0,22,0,40,0,25,39,25,0,0,0,0,0,0,0,0,0,0,0,0,0,0,24,31,25,0;32,0,0,23,0,0,37,0,0,36,0,31,36,0,34,0,0,27,29,39,0,0,22,21,0,0,26,21,0,0;0,39,0,39,0,0,0,0,34,0,0,0,0,0,0,34,0,0,0,0,0,0,0,36,28,0,0,0,24,0;26,0,0,0,25,24,0,31,0,0,0,21,35,0,0,0,17,0,0,0,0,0,25,0,0,0,0,0,0,27;0,20,0,29,0,0,0,0,37,0,0,17,0,0,0,0,0,36,30,25,0,32,0,0,0,0,37,0,30,0;0,0,35,0,0,34,31,0,0,0,37,0,0,0,32,0,0,0,26,0,31,0,36,0,0,0,0,0,40,0;34,0,0,0,0,27,25,0,0,29,24,0,0,29,0,40,0,0,0,34,33,0,0,0,37,0,0,25,0,0;0,0,0,0,27,0,0,36,27,0,0,16,0,25,0,0,21,0,0,0,0,0,0,0,0,0,0,29,35,0;0,25,0,0,0,0,25,0,0,0,29,0,37,0,0,27,0,30,27,0,0,34,0,25,0,0,0,0,0,28;0,0,0,0,0,0,0,0,0,0,0,0,0,33,0,0,0,0,0,0,0,0,0,33,32,38,0,0,0,21;0,22,33,0,0,30,31,0,0,0,0,0,25,36,0,0,0,0,0,0,0,0,0,30,35,31,0,0,0,0;0,0,0,24,0,0,0,0,0,0,38,38,0,0,0,0,0,0,37,0,0,0,36,0,0,0,0,37,26,0;0,0,0,0,0,0,0,30,0,0,25,22,0,0,0,0,0,0,0,34,0,0,0,0,0,37,0,0,0,30;35,22,0,0,0,35,0,33,0,0,34,34,0,0,0,0,0,0,0,40,0,0,0,0,0,0,0,19,0,0;28,0,0,0,0,0,0,0,0,0,0,0,39,0,20,18,40,29,31,0,37,0,0,0,27,0,0,0,0,0;0,0,0,31,24,24,40,0,0,32,32,0,0,0,0,0,0,0,23,21,0,0,0,23,0,40,34,0,29,0;38,0,0,0,0,0,0,0,40,0,0,0,0,0,40,0,26,0,0,21,0,32,0,0,0,31,0,0,0,22;0,0,0,0,34,0,34,40,0,0,0,37,0,0,39,35,33,0,33,0,25,40,0,0,0,0,25,0,0,0
-2,25,0,0,26,0,0,0,0,14,-52,-35,15,0,0,0,0,0,0,11,0,0,13,-28,0,0,13,0,0,0
------------- End of Scenario k = 0 -------
0,0,0,0,0,0,0,30,79,0,0,56,29,49,0,47,0,21,40,65,0,50,0,60,0,0,0,0,0,0;0,0,40,0,24,0,0,0,0,20,80,0,0,78,0,0,70,78,0,0,0,69,0,0,0,78,0,49,32,0;73,0,0,0,29,56,0,0,0,0,0,0,0,0,0,0,0,0,53,0,0,0,0,42,62,0,0,0,34,0;80,77,0,0,0,0,0,0,0,41,0,0,62,0,0,0,0,0,0,0,45,0,0,0,0,0,31,0,0,0;32,0,0,80,0,0,0,0,0,0,27,48,77,0,0,0,50,0,0,42,0,0,47,37,40,0,0,0,0,0;0,0,0,0,36,0,80,38,0,70,0,22,72,0,0,0,0,0,0,0,0,0,0,39,0,43,0,0,0,79;33,0,0,0,0,0,0,61,0,0,39,0,0,0,0,0,0,0,0,0,34,0,0,60,0,0,0,40,0,0;0,23,26,37,77,0,0,0,0,75,46,0,0,0,0,45,0,0,0,0,0,60,0,32,0,0,0,0,0,0;0,0,0,0,0,0,45,0,0,0,0,0,0,74,0,0,0,0,0,69,0,0,36,0,0,0,0,0,0,0;0,29,0,0,78,68,77,0,0,0,0,67,24,0,0,24,0,0,0,67,58,20,0,23,0,0,0,0,0,0;0,0,46,0,0,0,51,0,68,41,0,0,0,0,0,0,0,40,0,0,0,0,0,0,0,0,0,52,0,0;0,0,0,0,0,62,0,0,42,0,0,0,30,0,45,45,0,0,0,0,80,0,0,0,52,0,0,67,0,0;0,0,41,71,0,70,0,61,0,49,61,56,0,0,0,0,0,0,0,0,0,0,0,0,0,0,58,58,63,0;77,0,0,39,0,0,79,0,0,24,0,75,48,0,45,0,0,70,73,32,0,0,28,53,0,0,75,59,0,0;0,49,0,80,0,0,0,0,30,0,0,0,0,0,0,52,0,0,0,0,0,0,0,32,48,0,0,0,52,0;56,0,0,0,63,41,0,61,0,0,0,70,43,0,0,0,80,0,0,0,0,0,37,0,0,0,0,0,0,50;0,24,0,40,0,0,0,0,43,0,0,46,0,0,0,0,0,29,20,61,0,52,0,0,0,0,76,0,46,0;0,0,70,0,0,27,70,0,0,0,58,0,0,0,72,0,0,0,80,0,45,0,39,0,0,0,0,0,28,0;31,0,0,0,0,56,73,0,0,75,78,0,0,28,0,31,0,0,0,25,35,0,0,0,28,0,0,31,0,0;0,0,0,0,68,0,0,53,80,0,0,80,0,28,0,0,58,0,0,0,0,0,0,0,0,0,0,65,51,0;0,43,0,0,0,0,72,0,0,0,30,0,39,0,0,33,0,59,31,0,0,34,0,54,0,0,0,0,0,40;0,0,0,0,0,0,0,0,0,0,0,0,0,68,0,0,0,0,0,0,0,0,0,52,44,50,0,0,0,56;0,47,77,0,0,78,69,0,0,0,0,0,45,71,0,0,0,0,0,0,0,0,0,80,50,60,0,0,0,0;0,0,0,73,0,0,0,0,0,0,21,51,0,0,0,0,0,0,77,0,0,0,31,0,0,0,0,38,50,0;0,0,0,0,0,0,0,52,0,0,80,56,0,0,0,0,0,0,0,51,0,0,0,0,0,29,0,0,0,51;78,69,0,0,0,63,0,28,0,0,46,64,0,0,0,0,0,0,0,64,0,0,0,0,0,0,0,80,0,0;25,0,0,0,0,0,0,0,0,0,0,0,33,0,70,53,23,69,31,0,55,0,0,0,55,0,0,0,0,0;0,0,0,73,35,57,79,0,0,80,26,0,0,0,0,0,0,0,44,48,0,0,0,33,0,48,56,0,22,0;21,0,0,0,0,0,0,0,36,0,0,0,0,0,22,0,49,0,0,53,0,55,0,0,0,68,0,0,0,28;0,0,0,0,76,0,43,33,0,0,0,33,0,0,60,68,32,0,44,0,48,54,0,0,0,0,21,0,0,0
0,0,0,0,0,0,0,21,37,0,0,22,20,23,0,36,0,25,31,39,0,29,0,21,0,0,0,0,0,0;0,0,24,0,34,0,0,0,0,27,40,0,0,25,0,0,28,21,0,0,0,37,0,0,0,25,0,40,40,0;28,0,0,0,22,28,0,0,0,0,0,0,0,0,0,0,0,0,32,0,0,0,0,25,38,0,0,0,32,0;19,39,0,0,0,0,0,0,0,36,0,0,26,0,0,0,0,0,0,0,39,0,0,0,0,0,37,0,0,0;38,0,0,40,0,0,0,0,0,0,36,27,37,0,0,0,21,0,0,38,0,0,39,28,30,0,0,0,0,0;0,0,0,0,40,0,27,39,0,30,0,22,20,0,0,0,0,0,0,0,0,0,0,22,0,22,0,0,0,30;25,0,0,0,0,0,0,27,0,0,39,0,0,0,0,0,0,0,0,0,31,0,0,24,0,0,0,36,0,0;0,31,30,30,38,0,0,0,0,33,33,0,0,0,0,23,0,0,0,0,0,23,0,29,0,0,0,0,0,0;0,0,0,0,0,0,21,0,0,0,0,0,0,20,0,0,0,0,0,23,0,0,25,0,0,0,0,0,0,0;0,25,0,0,40,28,40,0,0,0,0,27,25,0,0,38,0,0,0,40,37,36,0,26,0,0,0,0,0,0;0,0,39,0,0,0,24,0,27,25,0,0,0,0,0,0,0,31,0,0,0,0,0,0,0,0,0,40,0,0;0,0,0,0,0,26,0,0,29,0,0,0,31,0,39,40,0,0,0,0,22,0,0,0,23,0,0,20,0,0;0,0,24,40,0,34,0,32,0,26,25,32,0,0,0,0,0,0,0,0,0,0,0,0,0,0,35,22,37,0;35,0,0,27,0,0,39,0,0,23,0,28,37,0,27,0,0,20,37,31,0,0,34,37,0,0,40,27,0,0;0,20,0,37,0,0,0,0,39,0,0,0,0,0,0,29,0,0,0,0,0,0,0,23,40,0,0,0,28,0;25,0,0,0,39,27,0,22,0,0,0,24,36,0,0,0,24,0,0,0,0,0,28,0,0,0,0,0,0,38;0,26,0,28,0,0,0,0,31,0,0,24,0,0,0,0,0,32,28,25,0,39,0,0,0,0,21,0,23,0;0,0,25,0,0,22,25,0,0,0,24,0,0,0,21,0,0,0,29,0,22,0,36,0,0,0,0,0,30,0;32,0,0,0,0,36,40,0,0,39,37,0,0,22,0,40,0,0,0,20,40,0,0,0,38,0,0,21,0,0;0,0,0,0,37,0,0,35,39,0,0,33,0,22,0,0,39,0,0,0,0,0,0,0,0,0,0,32,38,0;0,32,0,0,0,0,30,0,0,0,25,0,21,0,0,24,0,22,34,0,0,37,0,31,0,0,0,0,0,35;0,0,0,0,0,0,0,0,0,0,0,0,0,30,0,0,0,0,0,0,0,0,0,33,34,20,0,0,0,37;0,30,36,0,0,31,25,0,0,0,0,0,36,29,0,0,0,0,0,0,0,0,0,38,33,33,0,0,0,0;0,0,0,31,0,0,0,0,0,0,23,40,0,0,0,0,0,0,34,0,0,0,33,0,0,0,0,30,37,0;0,0,0,0,0,0,0,20,0,0,37,27,0,0,0,0,0,0,0,20,0,0,0,0,0,21,0,0,0,32;30,39,0,0,0,26,0,33,0,0,35,30,0,0,0,0,0,0,0,32,0,0,0,0,0,0,0,23,0,0;28,0,0,0,0,0,0,0,0,0,0,0,28,0,40,37,39,36,28,0,32,0,0,0,34,0,0,0,0,0;0,0,0,21,29,38,23,0,0,37,23,0,0,0,0,0,0,0,27,28,0,0,0,30,0,35,36,0,34,0;20,0,0,0,0,0,0,0,26,0,0,0,0,0,39,0,34,0,0,20,0,38,0,0,0,22,0,0,0,32;0,0,0,0,28,0,33,36,0,0,0,28,0,0,37,31,21,0,33,0,30,32,0,0,0,0,26,0,0,0
-3,19,0,0,19,0,0,0,0,23,-41,-67,26,0,0,0,0,0,0,23,0,0,21,-39,0,0,19,0,0,0
------------- End of Scenario k = 1 -------
0,0,0,0,0,0,0,48,38,0,0,32,23,74,0,37,0,34,63,28,0,24,0,71,0,0,0,0,0,0;0,0,35,0,45,0,0,0,0,26,80,0,0,22,0,0,41,55,0,0,0,38,0,0,0,57,0,65,61,0;72,0,0,0,73,42,0,0,0,0,0,0,0,0,0,0,0,0,40,0,0,0,0,20,79,0,0,0,28,0;80,78,0,0,0,0,0,0,0,44,0,0,67,0,0,0,0,0,0,0,76,0,0,0,0,0,66,0,0,0;74,0,0,80,0,0,0,0,0,0,22,80,50,0,0,0,68,0,0,79,0,0,27,58,25,0,0,0,0,0;0,0,0,0,36,0,42,61,0,80,0,34,78,0,0,0,0,0,0,0,0,0,0,21,0,66,0,0,0,79;80,0,0,0,0,0,0,56,0,0,80,0,0,0,0,0,0,0,0,0,56,0,0,78,0,0,0,25,0,0;0,40,31,60,57,0,0,0,0,27,66,0,0,0,0,31,0,0,0,0,0,36,0,31,0,0,0,0,0,0;0,0,0,0,0,0,35,0,0,0,0,0,0,78,0,0,0,0,0,39,0,0,75,0,0,0,0,0,0,0;0,56,0,0,43,80,50,0,0,0,0,32,58,0,0,76,0,0,0,26,49,58,0,39,0,0,0,0,0,0;0,0,35,0,0,0,57,0,39,47,0,0,0,0,0,0,0,30,0,0,0,0,0,0,0,0,0,74,0,0;0,0,0,0,0,79,0,0,28,0,0,0,43,0,59,49,0,0,0,0,50,0,0,0,53,0,0,74,0,0;0,0,55,42,0,42,0,80,0,52,22,32,0,0,0,0,0,0,0,0,0,0,0,0,0,0,40,55,59,0;46,0,0,80,0,0,30,0,0,67,0,60,67,0,80,0,0,40,80,75,0,0,36,43,0,0,77,71,0,0;0,38,0,77,0,0,0,0,43,0,0,0,0,0,0,69,0,0,0,0,0,0,0,50,73,0,0,0,68,0;55,0,0,0,46,78,0,25,0,0,0,75,65,0,0,0,64,0,0,0,0,0,77,0,0,0,0,0,0,32;0,21,0,37,0,0,0,0,30,0,0,80,0,0,0,0,0,64,55,53,0,27,0,0,0,0,26,0,55,0;0,0,80,0,0,80,28,0,0,0,38,0,0,0,30,0,0,0,80,0,39,0,70,0,0,0,0,0,23,0;55,0,0,0,0,79,59,0,0,50,68,0,0,38,0,64,0,0,0,67,23,0,0,0,75,0,0,72,0,0;0,0,0,0,36,0,0,70,80,0,0,21,0,49,0,0,44,0,0,0,0,0,0,0,0,0,0,77,39,0;0,66,0,0,0,0,23,0,0,0,32,0,65,0,0,28,0,48,44,0,0,46,0,68,0,0,0,0,0,75;0,0,0,0,0,0,0,0,0,0,0,0,0,37,0,0,0,0,0,0,0,0,0,72,48,52,0,0,0,48;0,43,28,0,0,29,80,0,0,0,0,0,79,80,0,0,0,0,0,0,0,0,0,57,36,22,0,0,0,0;0,0,0,60,0,0,0,0,0,0,61,30,0,0,0,0,0,0,78,0,0,0,34,0,0,0,0,59,78,0;0,0,0,0,0,0,0,36,0,0,24,45,0,0,0,0,0,0,0,59,0,0,0,0,0,50,0,0,0,56;76,43,0,0,0,20,0,26,0,0,65,61,0,0,0,0,0,0,0,23,0,0,0,0,0,0,0,29,0,0;50,0,0,0,0,0,0,0,0,0,0,0,74,0,25,80,25,58,26,0,79,0,0,0,60,0,0,0,0,0;0,0,0,57,38,32,74,0,0,72,40,0,0,0,0,0,0,0,58,45,0,0,0,67,0,20,71,0,41,0;76,0,0,0,0,0,0,0,41,0,0,0,0,0,46,0,49,0,0,46,0,24,0,0,0,37,0,0,0,77;0,0,0,0,43,0,37,76,0,0,0,48,0,0,71,44,73,0,25,0,68,69,0,0,0,0,70,0,0,0
0,0,0,0,0,0,0,30,25,0,0,25,27,27,0,40,0,24,27,27,0,35,0,31,0,0,0,0,0,0;0,0,39,0,28,0,0,0,0,24,23,0,0,32,0,0,33,29,0,0,0,22,0,0,0,33,0,22,26,0;24,0,0,0,36,28,0,0,0,0,0,0,0,0,0,0,0,0,37,0,0,0,0,40,29,0,0,0,37,0;35,29,0,0,0,0,0,0,0,32,0,0,23,0,0,0,0,0,0,0,35,0,0,0,0,0,21,0,0,0;26,0,0,24,0,0,0,0,0,0,27,34,36,0,0,0,22,0,0,35,0,0,39,22,34,0,0,0,0,0;0,0,0,0,35,0,37,33,0,28,0,35,30,0,0,0,0,0,0,0,0,0,0,29,0,38,0,0,0,22;40,0,0,0,0,0,0,29,0,0,28,0,0,0,0,0,0,0,0,0,29,0,0,24,0,0,0,23,0,0;0,36,31,35,21,0,0,0,0,22,24,0,0,0,0,32,0,0,0,0,0,31,0,28,0,0,0,0,0,0;0,0,0,0,0,0,32,0,0,0,0,0,0,36,0,0,0,0,0,34,0,0,38,0,0,0,0,0,0,0;0,29,0,0,28,37,38,0,0,0,0,32,22,0,0,20,0,0,0,29,36,33,0,28,0,0,0,0,0,0;0,0,38,0,0,0,24,0,32,39,0,0,0,0,0,0,0,21,0,0,0,0,0,0,0,0,0,34,0,0;0,0,0,0,0,32,0,0,40,0,0,0,30,0,27,37,0,0,0,0,33,0,0,0,29,0,0,20,0,0;0,0,30,22,0,21,0,40,0,35,38,31,0,0,0,0,0,0,0,0,0,0,0,0,0,0,34,24,37,0;34,0,0,37,0,0,20,0,0,30,0,21,36,0,28,0,0,20,36,23,0,0,29,38,0,0,40,36,0,0;0,33,0,27,0,0,0,0,29,0,0,0,0,0,0,39,0,0,0,0,0,0,0,37,30,0,0,0,40,0;30,0,0,0,32,27,0,37,0,0,0,38,29,0,0,0,31,0,0,0,0,0,25,0,0,0,0,0,0,36;0,33,0,27,0,0,0,0,21,0,0,23,0,0,0,0,0,37,22,20,0,38,0,0,0,0,36,0,24,0;0,0,20,0,0,23,38,0,0,0,26,0,0,0,31,0,0,0,26,0,40,0,27,0,0,0,0,0,20,0;30,0,0,0,0,37,20,0,0,32,31,0,0,24,0,31,0,0,0,28,35,0,0,0,35,0,0,40,0,0;0,0,0,0,22,0,0,25,33,0,0,39,0,32,0,0,21,0,0,0,0,0,0,0,0,0,0,40,26,0;0,26,0,0,0,0,29,0,0,0,36,0,27,0,0,31,0,40,40,0,0,23,0,38,0,0,0,0,0,36;0,0,0,0,0,0,0,0,0,0,0,0,0,38,0,0,0,0,0,0,0,0,0,21,22,21,0,0,0,36;0,35,33,0,0,33,40,0,0,0,0,0,37,38,0,0,0,0,0,0,0,0,0,39,29,20,0,0,0,0;0,0,0,22,0,0,0,0,0,0,39,36,0,0,0,0,0,0,24,0,0,0,35,0,0,0,0,23,36,0;0,0,0,0,0,0,0,33,0,0,26,22,0,0,0,0,0,0,0,30,0,0,0,0,0,18,0,0,0,20;25,23,0,0,0,21,0,21,0,0,34,22,0,0,0,0,0,0,0,29,0,0,0,0,0,0,0,25,0,0;28,0,0,0,0,0,0,0,0,0,0,0,34,0,35,21,32,38,36,0,25,0,0,0,32,0,0,0,0,0;0,0,0,37,22,32,37,0,0,39,28,0,0,0,0,0,0,0,34,34,0,0,0,26,0,37,38,0,30,0;21,0,0,0,0,0,0,0,31,0,0,0,0,0,38,0,29,0,0,26,0,34,0,0,0,39,0,0,0,32;0,0,0,0,25,0,26,35,0,0,0,37,0,0,37,37,20,0,32,0,38,38,0,0,0,0,23,0,0,0
-7,19,0,0,22,0,0,0,0,24,-59,-42,27,0,0,0,0,0,0,23,0,0,19,-43,0,0,17,0,0,0
------------- End of Scenario k = 2 -------
0,0,0,0,0,0,0,25,55,0,0,30,37,55,0,46,0,48,68,41,0,47,0,67,0,0,0,0,0,0;0,0,80,0,22,0,0,0,0,71,45,0,0,47,0,0,32,32,0,0,0,23,0,0,0,59,0,21,34,0;74,0,0,0,75,53,0,0,0,0,0,0,0,0,0,0,0,0,25,0,0,0,0,38,57,0,0,0,77,0;71,21,0,0,0,0,0,0,0,38,0,0,44,0,0,0,0,0,0,0,64,0,0,0,0,0,74,0,0,0;67,0,0,77,0,0,0,0,0,0,38,80,38,0,0,0,33,0,0,65,0,0,30,48,38,0,0,0,0,0;0,0,0,0,51,0,80,43,0,70,0,80,63,0,0,0,0,0,0,0,0,0,0,46,0,58,0,0,0,23;40,0,0,0,0,0,0,47,0,0,59,0,0,0,0,0,0,0,0,0,53,0,0,75,0,0,0,37,0,0;0,37,53,68,41,0,0,0,0,29,65,0,0,0,0,35,0,0,0,0,0,78,0,22,0,0,0,0,0,0;0,0,0,0,0,0,68,0,0,0,0,0,0,80,0,0,0,0,0,33,0,0,80,0,0,0,0,0,0,0;0,57,0,0,40,47,71,0,0,0,0,74,53,0,0,44,0,0,0,73,60,32,0,80,0,0,0,0,0,0;0,0,36,0,0,0,78,0,80,59,0,0,0,0,0,0,0,51,0,0,0,0,0,0,0,0,0,44,0,0;0,0,0,0,0,59,0,0,33,0,0,0,62,0,27,31,0,0,0,0,45,0,0,0,57,0,0,28,0,0;0,0,29,54,0,68,0,23,0,40,39,34,0,0,0,0,0,0,0,0,0,0,0,0,0,0,67,23,54,0;37,0,0,31,0,0,28,0,0,48,0,55,46,0,80,0,0,67,32,22,0,0,32,36,0,0,40,26,0,0;0,22,0,30,0,0,0,0,39,0,0,0,0,0,0,77,0,0,0,0,0,0,0,48,64,0,0,0,24,0;76,0,0,0,40,70,0,21,0,0,0,56,70,0,0,0,47,0,0,0,0,0,47,0,0,0,0,0,0,79;0,50,0,56,0,0,0,0,73,0,0,33,0,0,0,0,0,27,70,29,0,37,0,0,0,0,27,0,57,0;0,0,22,0,0,52,69,0,0,0,79,0,0,0,41,0,0,0,50,0,55,0,38,0,0,0,0,0,40,0;31,0,0,0,0,42,76,0,0,42,49,0,0,23,0,29,0,0,0,55,80,0,0,0,36,0,0,79,0,0;0,0,0,0,20,0,0,67,79,0,0,69,0,36,0,0,65,0,0,0,0,0,0,0,0,0,0,66,54,0;0,34,0,0,0,0,55,0,0,0,71,0,70,0,0,69,0,48,36,0,0,64,0,61,0,0,0,0,0,42;0,0,0,0,0,0,0,0,0,0,0,0,0,43,0,0,0,0,0,0,0,0,0,62,58,46,0,0,0,54;0,20,33,0,0,48,40,0,0,0,0,0,41,80,0,0,0,0,0,0,0,0,0,80,70,47,0,0,0,0;0,0,0,62,0,0,0,0,0,0,78,44,0,0,0,0,0,0,53,0,0,0,22,0,0,0,0,48,67,0;0,0,0,0,0,0,0,50,0,0,80,46,0,0,0,0,0,0,0,27,0,0,0,0,0,39,0,0,0,37;31,37,0,0,0,30,0,74,0,0,47,55,0,0,0,0,0,0,0,48,0,0,0,0,0,0,0,24,0,0;38,0,0,0,0,0,0,0,0,0,0,0,22,0,32,44,22,50,47,0,58,0,0,0,79,0,0,0,0,0;0,0,0,42,57,66,79,0,0,35,78,0,0,0,0,0,0,0,28,52,0,0,0,77,0,25,73,0,39,0;28,0,0,0,0,0,0,0,41,0,0,0,0,0,37,0,76,0,0,46,0,62,0,0,0,69,0,0,0,57;0,0,0,0,72,0,57,39,0,0,0,63,0,0,56,28,50,0,56,0,31,51,0,0,0,0,67,0,0,0
0,0,0,0,0,0,0,34,26,0,0,21,28,29,0,23,0,22,37,34,0,37,0,35,0,0,0,0,0,0;0,0,36,0,25,0,0,0,0,34,36,0,0,37,0,0,27,40,0,0,0,37,0,0,0,22,0,29,29,0;24,0,0,0,24,28,0,0,0,0,0,0,0,0,0,0,0,0,36,0,0,0,0,28,33,0,0,0,28,0;14,20,0,0,0,0,0,0,0,37,0,0,25,0,0,0,0,0,0,0,22,0,0,0,0,0,21,0,0,0;21,0,0,21,0,0,0,0,0,0,28,27,37,0,0,0,20,0,0,29,0,0,32,29,37,0,0,0,0,0;0,0,0,0,21,0,33,37,0,26,0,36,27,0,0,0,0,0,0,0,0,0,0,40,0,35,0,0,0,34;28,0,0,0,0,0,0,21,0,0,29,0,0,0,0,0,0,0,0,0,25,0,0,30,0,0,0,32,0,0;0,37,29,38,31,0,0,0,0,31,30,0,0,0,0,24,0,0,0,0,0,37,0,39,0,0,0,0,0,0;0,0,0,0,0,0,20,0,0,0,0,0,0,35,0,0,0,0,0,31,0,0,27,0,0,0,0,0,0,0;0,39,0,0,40,32,29,0,0,0,0,22,29,0,0,24,0,0,0,38,24,36,0,26,0,0,0,0,0,0;0,0,32,0,0,0,29,0,32,38,0,0,0,0,0,0,0,31,0,0,0,0,0,0,0,0,0,35,0,0;0,0,0,0,0,32,0,0,33,0,0,0,29,0,25,35,0,0,0,0,33,0,0,0,25,0,0,36,0,0;0,0,38,23,0,31,0,23,0,33,27,32,0,0,0,0,0,0,0,0,0,0,0,0,0,0,37,36,33,0;36,0,0,39,0,0,38,0,0,39,0,40,28,0,27,0,0,23,22,30,0,0,32,23,0,0,33,21,0,0;0,35,0,23,0,0,0,0,39,0,0,0,0,0,0,33,0,0,0,0,0,0,0,23,39,0,0,0,21,0;23,0,0,0,37,25,0,20,0,0,0,38,36,0,0,0,37,0,0,0,0,0,21,0,0,0,0,0,0,39;0,31,0,33,0,0,0,0,31,0,0,26,0,0,0,0,0,35,22,23,0,27,0,0,0,0,34,0,27,0;0,0,30,0,0,30,29,0,0,0,28,0,0,0,32,0,0,0,30,0,31,0,23,0,0,0,0,0,39,0;26,0,0,0,0,20,34,0,0,21,37,0,0,39,0,24,0,0,0,40,35,0,0,0,24,0,0,37,0,0;0,0,0,0,39,0,0,23,28,0,0,14,0,22,0,0,25,0,0,0,0,0,0,0,0,0,0,24,21,0;0,20,0,0,0,0,36,0,0,0,28,0,35,0,0,23,0,40,29,0,0,36,0,25,0,0,0,0,0,24;0,0,0,0,0,0,0,0,0,0,0,0,0,23,0,0,0,0,0,0,0,0,0,31,35,25,0,0,0,27;0,21,39,0,0,24,38,0,0,0,0,0,40,28,0,0,0,0,0,0,0,0,0,39,32,30,0,0,0,0;0,0,0,37,0,0,0,0,0,0,26,35,0,0,0,0,0,0,22,0,0,0,30,0,0,0,0,32,27,0;0,0,0,0,0,0,0,40,0,0,35,34,0,0,0,0,0,0,0,28,0,0,0,0,0,38,0,0,0,21;40,20,0,0,0,37,0,33,0,0,34,25,0,0,0,0,0,0,0,25,0,0,0,0,0,0,0,30,0,0;30,0,0,0,0,0,0,0,0,0,0,0,36,0,26,27,30,25,30,0,30,0,0,0,38,0,0,0,0,0;0,0,0,40,24,40,26,0,0,22,23,0,0,0,0,0,0,0,25,29,0,0,0,35,0,22,32,0,25,0;30,0,0,0,0,0,0,0,33,0,0,0,0,0,21,0,33,0,0,40,0,21,0,0,0,28,0,0,0,38;0,0,0,0,39,0,23,30,0,0,0,22,0,0,28,32,40,0,23,0,36,32,0,0,0,0,31,0,0,0
-2,29,0,0,10,0,0,0,0,15,-54,-36,18,0,0,0,0,0,0,11,0,0,26,-40,0,0,23,0,0,0
------------- End of Scenario k = 3 -------
0,0,0,0,0,0,0,74,69,0,0,44,72,25,0,78,0,27,61,24,0,74,0,57,0,0,0,0,0,0;0,0,80,0,68,0,0,0,0,47,71,0,0,20,0,0,62,48,0,0,0,73,0,0,0,69,0,63,25,0;76,0,0,0,25,24,0,0,0,0,0,0,0,0,0,0,0,0,68,0,0,0,0,59,25,0,0,0,40,0;31,20,0,0,0,0,0,0,0,60,0,0,53,0,0,0,0,0,0,0,51,0,0,0,0,0,32,0,0,0;57,0,0,30,0,0,0,0,0,0,80,80,36,0,0,0,47,0,0,20,0,0,30,63,33,0,0,0,0,0;0,0,0,0,40,0,80,36,0,43,0,37,77,0,0,0,0,0,0,0,0,0,0,41,0,32,0,0,0,53;60,0,0,0,0,0,0,66,0,0,80,0,0,0,0,0,0,0,0,0,49,0,0,28,0,0,0,52,0,0;0,54,29,45,76,0,0,0,0,66,33,0,0,0,0,80,0,0,0,0,0,33,0,80,0,0,0,0,0,0;0,0,0,0,0,0,75,0,0,0,0,0,0,79,0,0,0,0,0,67,0,0,78,0,0,0,0,0,0,0;0,75,0,0,69,51,50,0,0,0,0,61,24,0,0,58,0,0,0,33,77,78,0,80,0,0,0,0,0,0;0,0,57,0,0,0,28,0,34,46,0,0,0,0,0,0,0,52,0,0,0,0,0,0,0,0,0,73,0,0;0,0,0,0,0,48,0,0,34,0,0,0,71,0,25,23,0,0,0,0,36,0,0,0,59,0,0,41,0,0;0,0,76,52,0,72,0,44,0,52,67,24,0,0,0,0,0,0,0,0,0,0,0,0,0,0,80,23,71,0;53,0,0,69,0,0,41,0,0,20,0,80,54,0,80,0,0,53,68,65,0,0,25,78,0,0,20,67,0,0;0,37,0,55,0,0,0,0,63,0,0,0,0,0,0,70,0,0,0,0,0,0,0,32,59,0,0,0,32,0;78,0,0,0,44,23,0,43,0,0,0,69,74,0,0,0,80,0,0,0,0,0,66,0,0,0,0,0,0,39;0,42,0,48,0,0,0,0,28,0,0,80,0,0,0,0,0,80,62,27,0,33,0,0,0,0,52,0,80,0;0,0,47,0,0,36,45,0,0,0,58,0,0,0,29,0,0,0,21,0,42,0,71,0,0,0,0,0,64,0;51,0,0,0,0,61,24,0,0,47,60,0,0,35,0,64,0,0,0,71,31,0,0,0,68,0,0,34,0,0;0,0,0,0,77,0,0,42,80,0,0,80,0,45,0,0,35,0,0,0,0,0,0,0,0,0,0,65,30,0;0,48,0,0,0,0,37,0,0,0,75,0,42,0,0,75,0,59,46,0,0,80,0,48,0,0,0,0,0,41;0,0,0,0,0,0,0,0,0,0,0,0,0,80,0,0,0,0,0,0,0,0,0,71,80,29,0,0,0,20;0,22,65,0,0,63,47,0,0,0,0,0,32,80,0,0,0,0,0,0,0,0,0,35,26,58,0,0,0,0;0,0,0,29,0,0,0,0,0,0,78,54,0,0,0,0,0,0,28,0,0,0,65,0,0,0,0,41,21,0;0,0,0,0,0,0,0,46,0,0,80,61,0,0,0,0,0,0,0,31,0,0,0,0,0,57,0,0,0,65;44,74,0,0,0,46,0,78,0,0,48,22,0,0,0,0,0,0,0,48,0,0,0,0,0,0,0,66,0,0;26,0,0,0,0,0,0,0,0,0,0,0,31,0,35,80,55,49,78,0,79,0,0,0,80,0,0,0,0,0;0,0,0,25,72,67,44,0,0,72,52,0,0,0,0,0,0,0,41,43,0,0,0,53,0,68,23,0,80,0;34,0,0,0,0,0,0,0,66,0,0,0,0,0,26,0,61,0,0,26,0,33,0,0,0,34,0,0,0,52;0,0,0,0,39,0,48,54,0,0,0,52,0,0,51,75,49,0,30,0,48,41,0,0,0,0,72,0,0,0
0,0,0,0,0,0,0,22,40,0,0,39,21,32,0,29,0,40,36,29,0,35,0,23,0,0,0,0,0,0;0,0,40,0,40,0,0,0,0,28,32,0,0,26,0,0,24,39,0,0,0,39,0,0,0,29,0,35,38,0;25,0,0,0,22,38,0,0,0,0,0,0,0,0,0,0,0,0,29,0,0,0,0,39,33,0,0,0,28,0;36,39,0,0,0,0,0,0,0,25,0,0,20,0,0,0,0,0,0,0,29,0,0,0,0,0,30,0,0,0;26,0,0,33,0,0,0,0,0,0,40,37,32,0,0,0,25,0,0,29,0,0,28,27,33,0,0,0,0,0;0,0,0,0,27,0,13,23,0,28,0,22,36,0,0,0,0,0,0,0,0,0,0,29,0,24,0,0,0,22;15,0,0,0,0,0,0,39,0,0,19,0,0,0,0,0,0,0,0,0,26,0,0,22,0,0,0,32,0,0;0,27,40,40,36,0,0,0,0,29,23,0,0,0,0,29,0,0,0,0,0,35,0,33,0,0,0,0,0,0;0,0,0,0,0,0,34,0,0,0,0,0,0,40,0,0,0,0,0,37,0,0,29,0,0,0,0,0,0,0;0,37,0,0,28,39,30,0,0,0,0,20,26,0,0,40,0,0,0,24,40,35,0,17,0,0,0,0,0,0;0,0,32,0,0,0,21,0,38,39,0,0,0,0,0,0,0,31,0,0,0,0,0,0,0,0,0,40,0,0;0,0,0,0,0,29,0,0,38,0,0,0,21,0,31,30,0,0,0,0,30,0,0,0,31,0,0,33,0,0;0,0,29,38,0,27,0,39,0,28,40,25,0,0,0,0,0,0,0,0,0,0,0,0,0,0,39,22,23,0;23,0,0,20,0,0,22,0,0,24,0,33,24,0,34,0,0,27,27,40,0,0,34,20,0,0,29,34,0,0;0,28,0,39,0,0,0,0,23,0,0,0,0,0,0,29,0,0,0,0,0,0,0,26,21,0,0,0,21,0;35,0,0,0,39,22,0,35,0,0,0,34,35,0,0,0,39,0,0,0,0,0,26,0,0,0,0,0,0,25;0,32,0,29,0,0,0,0,25,0,0,32,0,0,0,0,0,33,27,39,0,37,0,0,0,0,37,0,20,0;0,0,34,0,0,38,34,0,0,0,25,0,0,0,21,0,0,0,38,0,27,0,33,0,0,0,0,0,40,0;21,0,0,0,0,40,33,0,0,34,29,0,0,26,0,37,0,0,0,26,37,0,0,0,28,0,0,21,0,0;0,0,0,0,39,0,0,28,32,0,0,22,0,20,0,0,22,0,0,0,0,0,0,0,0,0,0,37,33,0;0,31,0,0,0,0,22,0,0,0,23,0,40,0,0,36,0,38,35,0,0,36,0,30,0,0,0,0,0,30;0,0,0,0,0,0,0,0,0,0,0,0,0,23,0,0,0,0,0,0,0,0,0,29,33,20,0,0,0,38;0,25,22,0,0,24,39,0,0,0,0,0,24,32,0,0,0,0,0,0,0,0,0,36,26,30,0,0,0,0;0,0,0,35,0,0,0,0,0,0,27,28,0,0,0,0,0,0,29,0,0,0,30,0,0,0,0,38,20,0;0,0,0,0,0,0,0,31,0,0,33,29,0,0,0,0,0,0,0,37,0,0,0,0,0,39,0,0,0,25;20,22,0,0,0,31,0,24,0,0,33,36,0,0,0,0,0,0,0,29,0,0,0,0,0,0,0,36,0,0;31,0,0,0,0,0,0,0,0,0,0,0,34,0,28,38,28,26,29,0,20,0,0,0,39,0,0,0,0,0;0,0,0,23,20,32,39,0,0,38,36,0,0,0,0,0,0,0,24,39,0,0,0,28,0,36,25,0,38,0;29,0,0,0,0,0,0,0,33,0,0,0,0,0,23,0,28,0,0,39,0,27,0,0,0,21,0,0,0,37;0,0,0,0,34,0,26,24,0,0,0,30,0,0,29,31,24,0,30,0,33,26,0,0,0,0,33,0,0,0
-23,14,0,0,30,0,0,0,0,12,-33,-56,29,0,0,0,0,0,0,15,0,0,28,-46,0,0,30,0,0,0
------------- End of Scenario k = 4 -------
0,0,0,0,0,0,0,54,28,0,0,55,31,27,0,43,0,59,69,32,0,68,0,63,0,0,0,0,0,0;0,0,52,0,36,0,0,0,0,55,26,0,0,45,0,0,45,58,0,0,0,37,0,0,0,78,0,67,47,0;80,0,0,0,75,61,0,0,0,0,0,0,0,0,0,0,0,0,70,0,0,0,0,42,76,0,0,0,59,0;75,51,0,0,0,0,0,0,0,69,0,0,79,0,0,0,0,0,0,0,35,0,0,0,0,0,60,0,0,0;71,0,0,75,0,0,0,0,0,0,80,80,57,0,0,0,25,0,0,20,0,0,23,21,58,0,0,0,0,0;0,0,0,0,64,0,80,62,0,34,0,68,29,0,0,0,0,0,0,0,0,0,0,38,0,20,0,0,0,25;80,0,0,0,0,0,0,26,0,0,80,0,0,0,0,0,0,0,0,0,52,0,0,55,0,0,0,31,0,0;0,67,52,74,45,0,0,0,0,30,20,0,0,0,0,71,0,0,0,0,0,42,0,40,0,0,0,0,0,0;0,0,0,0,0,0,71,0,0,0,0,0,0,74,0,0,0,0,0,74,0,0,26,0,0,0,0,0,0,0;0,33,0,0,71,24,38,0,0,0,0,79,22,0,0,67,0,0,0,35,21,69,0,61,0,0,0,0,0,0;0,0,61,0,0,0,53,0,20,27,0,0,0,0,0,0,0,49,0,0,0,0,0,0,0,0,0,35,0,0;0,0,0,0,0,78,0,0,74,0,0,0,28,0,26,72,0,0,0,0,23,0,0,0,33,0,0,46,0,0;0,0,43,29,0,58,0,80,0,65,35,54,0,0,0,0,0,0,0,0,0,0,0,0,0,0,37,48,51,0;47,0,0,30,0,0,55,0,0,26,0,80,66,0,70,0,0,41,41,20,0,0,79,49,0,0,40,47,0,0;0,26,0,28,0,0,0,0,71,0,0,0,0,0,0,57,0,0,0,0,0,0,0,29,65,0,0,0,29,0;77,0,0,0,68,66,0,58,0,0,0,63,77,0,0,0,80,0,0,0,0,0,76,0,0,0,0,0,0,20;0,64,0,46,0,0,0,0,25,0,0,76,0,0,0,0,0,80,69,61,0,75,0,0,0,0,28,0,65,0;0,0,42,0,0,67,61,0,0,0,48,0,0,0,48,0,0,0,27,0,47,0,74,0,0,0,0,0,62,0;64,0,0,0,0,57,61,0,0,62,36,0,0,35,0,34,0,0,0,53,42,0,0,0,75,0,0,34,0,0;0,0,0,0,39,0,0,23,35,0,0,80,0,72,0,0,45,0,0,0,0,0,0,0,0,0,0,78,24,0;0,31,0,0,0,0,52,0,0,0,72,0,55,0,0,37,0,53,47,0,0,55,0,68,0,0,0,0,0,49;0,0,0,0,0,0,0,0,0,0,0,0,0,61,0,0,0,0,0,0,0,0,0,77,80,51,0,0,0,56;0,71,40,0,0,80,20,0,0,0,0,0,53,40,0,0,0,0,0,0,0,0,0,65,61,30,0,0,0,0;0,0,0,79,0,0,0,0,0,0,79,44,0,0,0,0,0,0,59,0,0,0,50,0,0,0,0,43,71,0;0,0,0,0,0,0,0,68,0,0,63,22,0,0,0,0,0,0,0,60,0,0,0,0,0,80,0,0,0,69;34,62,0,0,0,22,0,37,0,0,21,22,0,0,0,0,0,0,0,45,0,0,0,0,0,0,0,37,0,0;25,0,0,0,0,0,0,0,0,0,0,0,37,0,42,80,76,61,76,0,79,0,0,0,24,0,0,0,0,0;0,0,0,58,59,53,47,0,0,67,49,0,0,0,0,0,0,0,72,37,0,0,0,23,0,67,67,0,80,0;26,0,0,0,0,0,0,0,68,0,0,0,0,0,57,0,52,0,0,33,0,60,0,0,0,28,0,0,0,44;0,0,0,0,20,0,74,43,0,0,0,54,0,0,63,50,32,0,38,0,47,42,0,0,0,0,79,0,0,0
0,0,0,0,0,0,0,28,23,0,0,37,31,23,0,34,0,36,39,36,0,40,0,25,0,0,0,0,0,0;0,0,13,0,22,0,0,0,0,27,23,0,0,27,0,0,28,36,0,0,0,40,0,0,0,32,0,29,24,0;33,0,0,0,33,35,0,0,0,0,0,0,0,0,0,0,0,0,35,0,0,0,0,22,34,0,0,0,22,0;23,25,0,0,0,0,0,0,0,37,0,0,35,0,0,0,0,0,0,0,38,0,0,0,0,0,35,0,0,0;39,0,0,27,0,0,0,0,0,0,23,26,37,0,0,0,38,0,0,35,0,0,36,23,32,0,0,0,0,0;0,0,0,0,39,0,36,40,0,32,0,31,32,0,0,0,0,0,0,0,0,0,0,31,0,21,0,0,0,32;34,0,0,0,0,0,0,23,0,0,27,0,0,0,0,0,0,0,0,0,34,0,0,40,0,0,0,29,0,0;0,40,36,24,25,0,0,0,0,28,28,0,0,0,0,22,0,0,0,0,0,28,0,35,0,0,0,0,0,0;0,0,0,0,0,0,39,0,0,0,0,0,0,30,0,0,0,0,0,39,0,0,40,0,0,0,0,0,0,0;0,31,0,0,25,38,28,0,0,0,0,39,40,0,0,33,0,0,0,36,28,23,0,37,0,0,0,0,0,0;0,0,25,0,0,0,22,0,36,37,0,0,0,0,0,0,0,21,0,0,0,0,0,0,0,0,0,20,0,0;0,0,0,0,0,29,0,0,29,0,0,0,20,0,21,27,0,0,0,0,27,0,0,0,22,0,0,40,0,0;0,0,26,40,0,37,0,36,0,23,29,26,0,0,0,0,0,0,0,0,0,0,0,0,0,0,32,37,27,0;23,0,0,20,0,0,40,0,0,24,0,22,26,0,33,0,0,35,23,29,0,0,20,38,0,0,32,35,0,0;0,23,0,33,0,0,0,0,26,0,0,0,0,0,0,22,0,0,0,0,0,0,0,36,37,0,0,0,35,0;33,0,0,0,38,28,0,32,0,0,0,38,32,0,0,0,21,0,0,0,0,0,39,0,0,0,0,0,0,31;0,38,0,33,0,0,0,0,34,0,0,24,0,0,0,0,0,28,38,31,0,34,0,0,0,0,24,0,27,0;0,0,26,0,0,25,22,0,0,0,24,0,0,0,21,0,0,0,25,0,26,0,26,0,0,0,0,0,37,0;21,0,0,0,0,28,40,0,0,33,24,0,0,25,0,37,0,0,0,29,28,0,0,0,30,0,0,35,0,0;0,0,0,0,29,0,0,33,28,0,0,19,0,32,0,0,28,0,0,0,0,0,0,0,0,0,0,26,26,0;0,40,0,0,0,0,27,0,0,0,36,0,37,0,0,28,0,36,27,0,0,33,0,39,0,0,0,0,0,37;0,0,0,0,0,0,0,0,0,0,0,0,0,33,0,0,0,0,0,0,0,0,0,20,40,36,0,0,0,36;0,34,35,0,0,28,29,0,0,0,0,0,34,17,0,0,0,0,0,0,0,0,0,20,28,25,0,0,0,0;0,0,0,32,0,0,0,0,0,0,38,29,0,0,0,0,0,0,30,0,0,0,21,0,0,0,0,20,20,0;0,0,0,0,0,0,0,23,0,0,25,40,0,0,0,0,0,0,0,23,0,0,0,0,0,25,0,0,0,40;38,40,0,0,0,28,0,38,0,0,29,37,0,0,0,0,0,0,0,27,0,0,0,0,0,0,0,24,0,0;24,0,0,0,0,0,0,0,0,0,0,0,34,0,30,19,36,34,39,0,30,0,0,0,22,0,0,0,0,0;0,0,0,30,20,36,33,0,0,23,34,0,0,0,0,0,0,0,25,34,0,0,0,40,0,21,27,0,26,0;36,0,0,0,0,0,0,0,35,0,0,0,0,0,40,0,22,0,0,20,0,34,0,0,0,30,0,0,0,31;0,0,0,0,20,0,40,28,0,0,0,23,0,0,35,38,32,0,30,0,24,38,0,0,0,0,24,0,0,0
-13,12,0,0,22,0,0,0,0,25,-33,-35,24,0,0,0,0,0,0,13,0,0,14,-45,0,0,16,0,0,0
------------- End of Scenario k = 5 -------
0,0,0,0,0,0,0,42,61,0,0,41,43,45,0,50,0,51,32,41,0,58,0,40,0,0,0,0,0,0;0,0,29,0,66,0,0,0,0,23,45,0,0,28,0,0,78,32,0,0,0,58,0,0,0,33,0,73,34,0;52,0,0,0,56,46,0,0,0,0,0,0,0,0,0,0,0,0,76,0,0,0,0,48,63,0,0,0,46,0;80,70,0,0,0,0,0,0,0,64,0,0,53,0,0,0,0,0,0,0,55,0,0,0,0,0,75,0,0,0;29,0,0,80,0,0,0,0,0,0,36,30,36,0,0,0,67,0,0,30,0,0,44,63,78,0,0,0,0,0;0,0,0,0,46,0,44,67,0,57,0,46,78,0,0,0,0,0,0,0,0,0,0,76,0,55,0,0,0,58;49,0,0,0,0,0,0,50,0,0,80,0,0,0,0,0,0,0,0,0,20,0,0,65,0,0,0,64,0,0;0,53,77,41,63,0,0,0,0,72,75,0,0,0,0,39,0,0,0,0,0,29,0,80,0,0,0,0,0,0;0,0,0,0,0,0,67,0,0,0,0,0,0,40,0,0,0,0,0,76,0,0,59,0,0,0,0,0,0,0;0,48,0,0,64,80,21,0,0,0,0,80,29,0,0,75,0,0,0,56,22,58,0,80,0,0,0,0,0,0;0,0,37,0,0,0,69,0,68,59,0,0,0,0,0,0,0,49,0,0,0,0,0,0,0,0,0,70,0,0;0,0,0,0,0,23,0,0,59,0,0,0,79,0,36,62,0,0,0,0,79,0,0,0,50,0,0,41,0,0;0,0,22,70,0,23,0,36,0,59,27,34,0,0,0,0,0,0,0,0,0,0,0,0,0,0,63,66,46,0;59,0,0,31,0,0,61,0,0,74,0,30,58,0,23,0,0,49,36,62,0,0,59,56,0,0,22,47,0,0;0,52,0,68,0,0,0,0,25,0,0,0,0,0,0,46,0,0,0,0,0,0,0,45,63,0,0,0,62,0;32,0,0,0,64,38,0,24,0,0,0,56,30,0,0,0,47,0,0,0,0,0,68,0,0,0,0,0,0,21;0,65,0,67,0,0,0,0,67,0,0,31,0,0,0,0,0,38,39,29,0,30,0,0,0,0,57,0,21,0;0,0,50,0,0,45,74,0,0,0,38,0,0,0,25,0,0,0,80,0,52,0,75,0,0,0,0,0,44,0;43,0,0,0,0,33,78,0,0,30,28,0,0,63,0,62,0,0,0,75,66,0,0,0,45,0,0,66,0,0;0,0,0,0,64,0,0,77,72,0,0,20,0,38,0,0,50,0,0,0,0,0,0,0,0,0,0,77,52,0;0,43,0,0,0,0,66,0,0,0,36,0,68,0,0,48,0,30,58,0,0,38,0,21,0,0,0,0,0,46;0,0,0,0,0,0,0,0,0,0,0,0,0,73,0,0,0,0,0,0,0,0,0,65,65,50,0,0,0,51;0,68,59,0,0,48,27,0,0,0,0,0,37,80,0,0,0,0,0,0,0,0,0,57,72,49,0,0,0,0;0,0,0,67,0,0,0,0,0,0,57,36,0,0,0,0,0,0,26,0,0,0,69,0,0,0,0,29,63,0;0,0,0,0,0,0,0,35,0,0,71,66,0,0,0,0,0,0,0,57,0,0,0,0,0,80,0,0,0,78;41,66,0,0,0,71,0,46,0,0,38,60,0,0,0,0,0,0,0,55,0,0,0,0,0,0,0,80,0,0;32,0,0,0,0,0,0,0,0,0,0,0,58,0,34,79,74,79,26,0,22,0,0,0,27,0,0,0,0,0;0,0,0,22,72,67,47,0,0,55,38,0,0,0,0,0,0,0,64,30,0,0,0,43,0,25,49,0,80,0;47,0,0,0,0,0,0,0,55,0,0,0,0,0,52,0,22,0,0,54,0,31,0,0,0,46,0,0,0,77;0,0,0,0,53,0,80,62,0,0,0,70,0,0,23,49,60,0,37,0,50,78,0,0,0,0,21,0,0,0
0,0,0,0,0,0,0,40,36,0,0,32,37,35,0,28,0,27,23,33,0,22,0,33,0,0,0,0,0,0;0,0,15,0,33,0,0,0,0,37,15,0,0,29,0,0,40,32,0,0,0,40,0,0,0,25,0,35,20,0;23,0,0,0,20,31,0,0,0,0,0,0,0,0,0,0,0,0,21,0,0,0,0,21,27,0,0,0,29,0;31,26,0,0,0,0,0,0,0,23,0,0,33,0,0,0,0,0,0,0,40,0,0,0,0,0,31,0,0,0;29,0,0,29,0,0,0,0,0,0,35,35,35,0,0,0,25,0,0,21,0,0,40,40,24,0,0,0,0,0;0,0,0,0,34,0,31,36,0,36,0,27,26,0,0,0,0,0,0,0,0,0,0,36,0,33,0,0,0,38;30,0,0,0,0,0,0,37,0,0,24,0,0,0,0,0,0,0,0,0,28,0,0,23,0,0,0,23,0,0;0,22,34,25,30,0,0,0,0,22,31,0,0,0,0,30,0,0,0,0,0,33,0,28,0,0,0,0,0,0;0,0,0,0,0,0,24,0,0,0,0,0,0,29,0,0,0,0,0,27,0,0,32,0,0,0,0,0,0,0;0,31,0,0,40,25,33,0,0,0,0,36,37,0,0,20,0,0,0,29,25,27,0,39,0,0,0,0,0,0;0,0,32,0,0,0,38,0,33,24,0,0,0,0,0,0,0,29,0,0,0,0,0,0,0,0,0,21,0,0;0,0,0,0,0,29,0,0,23,0,0,0,32,0,24,31,0,0,0,0,20,0,0,0,23,0,0,23,0,0;0,0,34,25,0,26,0,28,0,29,25,29,0,0,0,0,0,0,0,0,0,0,0,0,0,0,27,25,38,0;29,0,0,35,0,0,38,0,0,34,0,33,35,0,37,0,0,28,29,26,0,0,26,33,0,0,22,36,0,0;0,32,0,34,0,0,0,0,22,0,0,0,0,0,0,21,0,0,0,0,0,0,0,32,39,0,0,0,37,0;29,0,0,0,29,29,0,26,0,0,0,27,27,0,0,0,34,0,0,0,0,0,32,0,0,0,0,0,0,38;0,30,0,38,0,0,0,0,31,0,0,35,0,0,0,0,0,26,27,31,0,39,0,0,0,0,36,0,26,0;0,0,32,0,0,27,26,0,0,0,21,0,0,0,38,0,0,0,39,0,34,0,20,0,0,0,0,0,24,0;34,0,0,0,0,36,26,0,0,20,37,0,0,26,0,29,0,0,0,20,31,0,0,0,21,0,0,40,0,0;0,0,0,0,38,0,0,31,25,0,0,22,0,35,0,0,22,0,0,0,0,0,0,0,0,0,0,36,31,0;0,20,0,0,0,0,25,0,0,0,39,0,28,0,0,39,0,25,26,0,0,36,0,26,0,0,0,0,0,31;0,0,0,0,0,0,0,0,0,0,0,0,0,21,0,0,0,0,0,0,0,0,0,22,32,29,0,0,0,28;0,30,29,0,0,32,22,0,0,0,0,0,29,38,0,0,0,0,0,0,0,0,0,37,36,32,0,0,0,0;0,0,0,21,0,0,0,0,0,0,26,25,0,0,0,0,0,0,20,0,0,0,31,0,0,0,0,33,20,0;0,0,0,0,0,0,0,30,0,0,29,32,0,0,0,0,0,0,0,21,0,0,0,0,0,36,0,0,0,23;34,29,0,0,0,38,0,35,0,0,38,24,0,0,0,0,0,0,0,40,0,0,0,0,0,0,0,40,0,0;29,0,0,0,0,0,0,0,0,0,0,0,32,0,28,40,29,28,24,0,29,0,0,0,37,0,0,0,0,0;0,0,0,29,20,39,34,0,0,38,39,0,0,0,0,0,0,0,25,35,0,0,0,21,0,32,35,0,28,0;29,0,0,0,0,0,0,0,40,0,0,0,0,0,38,0,21,0,0,21,0,25,0,0,0,33,0,0,0,31;0,0,0,0,24,0,32,29,0,0,0,33,0,0,30,21,36,0,22,0,22,34,0,0,0,0,30,0,0,0
-17,11,0,0,19,0,0,0,0,23,-19,-76,20,0,0,0,0,0,0,21,0,0,27,-34,0,0,25,0,0,0
------------- End of Scenario k = 6 -------
0,0,0,0,0,0,0,22,66,0,0,59,70,26,0,38,0,65,58,52,0,72,0,64,0,0,0,0,0,0;0,0,80,0,70,0,0,0,0,43,55,0,0,40,0,0,60,50,0,0,0,63,0,0,0,79,0,41,65,0;42,0,0,0,52,49,0,0,0,0,0,0,0,0,0,0,0,0,54,0,0,0,0,80,70,0,0,0,25,0;55,51,0,0,0,0,0,0,0,75,0,0,76,0,0,0,0,0,0,0,74,0,0,0,0,0,74,0,0,0;58,0,0,80,0,0,0,0,0,0,45,80,31,0,0,0,46,0,0,70,0,0,75,56,68,0,0,0,0,0;0,0,0,0,40,0,80,78,0,44,0,26,32,0,0,0,0,0,0,0,0,0,0,33,0,34,0,0,0,71;37,0,0,0,0,0,0,72,0,0,71,0,0,0,0,0,0,0,0,0,59,0,0,61,0,0,0,35,0,0;0,45,24,27,63,0,0,0,0,64,76,0,0,0,0,58,0,0,0,0,0,55,0,62,0,0,0,0,0,0;0,0,0,0,0,0,24,0,0,0,0,0,0,25,0,0,0,0,0,47,0,0,64,0,0,0,0,0,0,0;0,47,0,0,22,41,37,0,0,0,0,48,67,0,0,71,0,0,0,79,24,55,0,60,0,0,0,0,0,0;0,0,74,0,0,0,55,0,25,55,0,0,0,0,0,0,0,31,0,0,0,0,0,0,0,0,0,65,0,0;0,0,0,0,0,45,0,0,52,0,0,0,24,0,69,23,0,0,0,0,80,0,0,0,44,0,0,64,0,0;0,0,29,34,0,73,0,80,0,44,32,32,0,0,0,0,0,0,0,0,0,0,0,0,0,0,55,31,25,0;65,0,0,22,0,0,50,0,0,63,0,80,51,0,65,0,0,61,63,76,0,0,32,39,0,0,70,73,0,0;0,44,0,78,0,0,0,0,78,0,0,0,0,0,0,46,0,0,0,0,0,0,0,27,61,0,0,0,61,0;29,0,0,0,71,79,0,52,0,0,0,67,55,0,0,0,24,0,0,0,0,0,54,0,0,0,0,0,0,47;0,26,0,68,0,0,0,0,33,0,0,71,0,0,0,0,0,75,29,37,0,46,0,0,0,0,70,0,38,0;0,0,36,0,0,73,44,0,0,0,32,0,0,0,59,0,0,0,55,0,25,0,79,0,0,0,0,0,32,0;76,0,0,0,0,80,40,0,0,26,49,0,0,40,0,47,0,0,0,68,58,0,0,0,66,0,0,56,0,0;0,0,0,0,80,0,0,41,80,0,0,80,0,79,0,0,66,0,0,0,0,0,0,0,0,0,0,50,55,0;0,63,0,0,0,0,52,0,0,0,60,0,80,0,0,75,0,73,51,0,0,80,0,34,0,0,0,0,0,44;0,0,0,0,0,0,0,0,0,0,0,0,0,39,0,0,0,0,0,0,0,0,0,49,80,37,0,0,0,38;0,66,63,0,0,79,66,0,0,0,0,0,64,80,0,0,0,0,0,0,0,0,0,80,33,60,0,0,0,0;0,0,0,73,0,0,0,0,0,0,75,55,0,0,0,0,0,0,64,0,0,0,25,0,0,0,0,64,33,0;0,0,0,0,0,0,0,75,0,0,35,65,0,0,0,0,0,0,0,20,0,0,0,0,0,60,0,0,0,40;48,52,0,0,0,47,0,63,0,0,22,38,0,0,0,0,0,0,0,39,0,0,0,0,0,0,0,58,0,0;66,0,0,0,0,0,0,0,0,0,0,0,36,0,76,80,25,23,67,0,51,0,0,0,58,0,0,0,0,0;0,0,0,66,62,28,47,0,0,51,62,0,0,0,0,0,0,0,50,75,0,0,0,39,0,53,56,0,48,0;36,0,0,0,0,0,0,0,23,0,0,0,0,0,38,0,59,0,0,47,0,71,0,0,0,22,0,0,0,80;0,0,0,0,54,0,43,80,0,0,0,23,0,0,32,22,30,0,35,0,73,52,0,0,0,0,77,0,0,0
0,0,0,0,0,0,0,29,33,0,0,34,29,32,0,28,0,33,26,35,0,39,0,34,0,0,0,0,0,0;0,0,27,0,23,0,0,0,0,29,26,0,0,22,0,0,27,24,0,0,0,34,0,0,0,31,0,23,22,0;25,0,0,0,31,39,0,0,0,0,0,0,0,0,0,0,0,0,40,0,0,0,0,26,37,0,0,0,36,0;30,33,0,0,0,0,0,0,0,35,0,0,34,0,0,0,0,0,0,0,33,0,0,0,0,0,23,0,0,0;34,0,0,31,0,0,0,0,0,0,40,33,35,0,0,0,32,0,0,31,0,0,26,21,34,0,0,0,0,0;0,0,0,0,34,0,38,29,0,21,0,22,22,0,0,0,0,0,0,0,0,0,0,30,0,21,0,0,0,20;32,0,0,0,0,0,0,35,0,0,33,0,0,0,0,0,0,0,0,0,22,0,0,27,0,0,0,38,0,0;0,38,36,22,28,0,0,0,0,25,29,0,0,0,0,36,0,0,0,0,0,33,0,22,0,0,0,0,0,0;0,0,0,0,0,0,38,0,0,0,0,0,0,22,0,0,0,0,0,26,0,0,39,0,0,0,0,0,0,0;0,32,0,0,29,33,23,0,0,0,0,31,26,0,0,22,0,0,0,33,34,34,0,37,0,0,0,0,0,0;0,0,26,0,0,0,31,0,28,26,0,0,0,0,0,0,0,38,0,0,0,0,0,0,0,0,0,23,0,0;0,0,0,0,0,23,0,0,36,0,0,0,22,0,36,40,0,0,0,0,40,0,0,0,20,0,0,36,0,0;0,0,35,24,0,21,0,22,0,24,26,23,0,0,0,0,0,0,0,0,0,0,0,0,0,0,33,34,35,0;25,0,0,22,0,0,28,0,0,22,0,36,22,0,26,0,0,35,36,35,0,0,32,29,0,0,35,37,0,0;0,22,0,34,0,0,0,0,36,0,0,0,0,0,0,25,0,0,0,0,0,0,0,33,37,0,0,0,36,0;40,0,0,0,25,34,0,32,0,0,0,29,26,0,0,0,35,0,0,0,0,0,28,0,0,0,0,0,0,31;0,22,0,31,0,0,0,0,34,0,0,28,0,0,0,0,0,16,30,32,0,23,0,0,0,0,32,0,24,0;0,0,27,0,0,27,40,0,0,0,30,0,0,0,21,0,0,0,16,0,36,0,28,0,0,0,0,0,36,0;23,0,0,0,0,34,30,0,0,28,27,0,0,40,0,21,0,0,0,29,26,0,0,0,34,0,0,35,0,0;0,0,0,0,31,0,0,28,23,0,0,16,0,22,0,0,38,0,0,0,0,0,0,0,0,0,0,28,24,0;0,25,0,0,0,0,29,0,0,0,26,0,34,0,0,40,0,24,27,0,0,25,0,26,0,0,0,0,0,21;0,0,0,0,0,0,0,0,0,0,0,0,0,24,0,0,0,0,0,0,0,0,0,20,30,29,0,0,0,40;0,36,22,0,0,37,35,0,0,0,0,0,23,28,0,0,0,0,0,0,0,0,0,24,40,21,0,0,0,0;0,0,0,21,0,0,0,0,0,0,37,30,0,0,0,0,0,0,26,0,0,0,31,0,0,0,0,21,38,0;0,0,0,0,0,0,0,30,0,0,29,37,0,0,0,0,0,0,0,35,0,0,0,0,0,39,0,0,0,20;33,31,0,0,0,29,0,35,0,0,35,39,0,0,0,0,0,0,0,30,0,0,0,0,0,0,0,39,0,0;20,0,0,0,0,0,0,0,0,0,0,0,27,0,27,40,26,39,32,0,33,0,0,0,35,0,0,0,0,0;0,0,0,28,31,29,37,0,0,28,26,0,0,0,0,0,0,0,24,20,0,0,0,25,0,23,38,0,25,0;31,0,0,0,0,0,0,0,33,0,0,0,0,0,25,0,30,0,0,21,0,29,0,0,0,20,0,0,0,35;0,0,0,0,20,0,37,30,0,0,0,36,0,0,20,23,34,0,28,0,26,24,0,0,0,0,23,0,0,0
-18,19,0,0,27,0,0,0,0,27,-49,-31,21,0,0,0,0,0,0,10,0,0,12,-34,0,0,16,0,0,0
------------- End of Scenario k = 7 -------
0,0,0,0,0,0,0,35,66,0,0,28,59,47,0,68,0,23,23,38,0,58,0,56,0,0,0,0,0,0;0,0,28,0,74,0,0,0,0,80,51,0,0,23,0,0,72,39,0,0,0,61,0,0,0,25,0,45,28,0;39,0,0,0,49,45,0,0,0,0,0,0,0,0,0,0,0,0,44,0,0,0,0,34,29,0,0,0,79,0;80,46,0,0,0,0,0,0,0,54,0,0,26,0,0,0,0,0,0,0,40,0,0,0,0,0,44,0,0,0;62,0,0,55,0,0,0,0,0,0,72,48,41,0,0,0,70,0,0,67,0,0,30,53,28,0,0,0,0,0;0,0,0,0,66,0,80,27,0,42,0,21,40,0,0,0,0,0,0,0,0,0,0,48,0,31,0,0,0,36;80,0,0,0,0,0,0,62,0,0,20,0,0,0,0,0,0,0,0,0,43,0,0,34,0,0,0,58,0,0;0,63,28,20,40,0,0,0,0,65,21,0,0,0,0,79,0,0,0,0,0,66,0,70,0,0,0,0,0,0;0,0,0,0,0,0,49,0,0,0,0,0,0,52,0,0,0,0,0,30,0,0,38,0,0,0,0,0,0,0;0,70,0,0,47,80,78,0,0,0,0,62,37,0,0,52,0,0,0,60,42,70,0,29,0,0,0,0,0,0;0,0,75,0,0,0,26,0,50,47,0,0,0,0,0,0,0,53,0,0,0,0,0,0,0,0,0,60,0,0;0,0,0,0,0,79,0,0,21,0,0,0,72,0,36,52,0,0,0,0,49,0,0,0,22,0,0,29,0,0;0,0,23,54,0,77,0,65,0,60,69,36,0,0,0,0,0,0,0,0,0,0,0,0,0,0,79,34,36,0;44,0,0,24,0,0,57,0,0,47,0,80,28,0,80,0,0,43,77,63,0,0,39,22,0,0,59,20,0,0;0,30,0,24,0,0,0,0,75,0,0,0,0,0,0,79,0,0,0,0,0,0,0,34,59,0,0,0,66,0;48,0,0,0,45,45,0,62,0,0,0,22,26,0,0,0,29,0,0,0,0,0,37,0,0,0,0,0,0,26;0,65,0,78,0,0,0,0,73,0,0,25,0,0,0,0,0,80,63,22,0,41,0,0,0,0,38,0,21,0;0,0,44,0,0,55,25,0,0,0,43,0,0,0,51,0,0,0,61,0,23,0,59,0,0,0,0,0,33,0;47,0,0,0,0,35,63,0,0,39,38,0,0,48,0,30,0,0,0,30,29,0,0,0,76,0,0,52,0,0;0,0,0,0,78,0,0,59,68,0,0,62,0,36,0,0,31,0,0,0,0,0,0,0,0,0,0,38,64,0;0,32,0,0,0,0,55,0,0,0,56,0,43,0,0,58,0,80,33,0,0,73,0,21,0,0,0,0,0,56;0,0,0,0,0,0,0,0,0,0,0,0,0,65,0,0,0,0,0,0,0,0,0,64,80,38,0,0,0,58;0,54,72,0,0,23,71,0,0,0,0,0,62,80,0,0,0,0,0,0,0,0,0,31,60,73,0,0,0,0;0,0,0,57,0,0,0,0,0,0,59,57,0,0,0,0,0,0,55,0,0,0,37,0,0,0,0,60,23,0;0,0,0,0,0,0,0,62,0,0,60,36,0,0,0,0,0,0,0,34,0,0,0,0,0,31,0,0,0,59;74,35,0,0,0,23,0,52,0,0,71,45,0,0,0,0,0,0,0,51,0,0,0,0,0,0,0,44,0,0;74,0,0,0,0,0,0,0,0,0,0,0,57,0,39,65,65,20,41,0,22,0,0,0,41,0,0,0,0,0;0,0,0,37,80,31,44,0,0,25,35,0,0,0,0,0,0,0,33,21,0,0,0,23,0,41,25,0,59,0;68,0,0,0,0,0,0,0,51,0,0,0,0,0,74,0,36,0,0,28,0,35,0,0,0,62,0,0,0,74;0,0,0,0,77,0,44,78,0,0,0,59,0,0,42,78,45,0,52,0,70,33,0,0,0,0,22,0,0,0
0,0,0,0,0,0,0,35,23,0,0,39,29,28,0,27,0,34,38,37,0,33,0,38,0,0,0,0,0,0;0,0,39,0,35,0,0,0,0,25,24,0,0,29,0,0,31,40,0,0,0,39,0,0,0,21,0,38,30,0;35,0,0,0,39,23,0,0,0,0,0,0,0,0,0,0,0,0,20,0,0,0,0,34,28,0,0,0,38,0;37,29,0,0,0,0,0,0,0,27,0,0,35,0,0,0,0,0,0,0,25,0,0,0,0,0,20,0,0,0;27,0,0,30,0,0,0,0,0,0,39,36,23,0,0,0,36,0,0,30,0,0,40,31,30,0,0,0,0,0;0,0,0,0,21,0,20,30,0,27,0,34,34,0,0,0,0,0,0,0,0,0,0,26,0,34,0,0,0,31;34,0,0,0,0,0,0,39,0,0,21,0,0,0,0,0,0,0,0,0,30,0,0,25,0,0,0,39,0,0;0,38,21,40,37,0,0,0,0,21,37,0,0,0,0,36,0,0,0,0,0,38,0,34,0,0,0,0,0,0;0,0,0,0,0,0,27,0,0,0,0,0,0,34,0,0,0,0,0,22,0,0,34,0,0,0,0,0,0,0;0,37,0,0,25,35,27,0,0,0,0,38,20,0,0,32,0,0,0,30,38,29,0,30,0,0,0,0,0,0;0,0,27,0,0,0,26,0,23,21,0,0,0,0,0,0,0,32,0,0,0,0,0,0,0,0,0,34,0,0;0,0,0,0,0,37,0,0,30,0,0,0,28,0,35,35,0,0,0,0,35,0,0,0,27,0,0,26,0,0;0,0,22,25,0,27,0,37,0,32,35,26,0,0,0,0,0,0,0,0,0,0,0,0,0,0,21,34,30,0;24,0,0,23,0,0,29,0,0,23,0,36,21,0,39,0,0,28,22,31,0,0,35,37,0,0,37,23,0,0;0,22,0,34,0,0,0,0,27,0,0,0,0,0,0,28,0,0,0,0,0,0,0,36,24,0,0,0,26,0;28,0,0,0,37,22,0,23,0,0,0,26,21,0,0,0,23,0,0,0,0,0,34,0,0,0,0,0,0,36;0,34,0,28,0,0,0,0,40,0,0,39,0,0,0,0,0,33,39,30,0,21,0,0,0,0,28,0,20,0;0,0,40,0,0,34,39,0,0,0,37,0,0,0,31,0,0,0,20,0,20,0,37,0,0,0,0,0,39,0;35,0,0,0,0,39,31,0,0,35,39,0,0,35,0,20,0,0,0,32,33,0,0,0,23,0,0,29,0,0;0,0,0,0,24,0,0,29,24,0,0,39,0,20,0,0,40,0,0,0,0,0,0,0,0,0,0,34,30,0;0,24,0,0,0,0,32,0,0,0,24,0,22,0,0,27,0,22,27,0,0,28,0,31,0,0,0,0,0,25;0,0,0,0,0,0,0,0,0,0,0,0,0,26,0,0,0,0,0,0,0,0,0,24,18,21,0,0,0,23;0,24,22,0,0,21,30,0,0,0,0,0,37,23,0,0,0,0,0,0,0,0,0,27,35,33,0,0,0,0;0,0,0,26,0,0,0,0,0,0,22,33,0,0,0,0,0,0,39,0,0,0,22,0,0,0,0,20,30,0;0,0,0,0,0,0,0,23,0,0,39,21,0,0,0,0,0,0,0,32,0,0,0,0,0,27,0,0,0,32;27,25,0,0,0,33,0,32,0,0,30,36,0,0,0,0,0,0,0,22,0,0,0,0,0,0,0,18,0,0;21,0,0,0,0,0,0,0,0,0,0,0,35,0,34,36,29,34,26,0,36,0,0,0,37,0,0,0,0,0;0,0,0,24,37,36,22,0,0,36,21,0,0,0,0,0,0,0,37,25,0,0,0,23,0,28,25,0,35,0;21,0,0,0,0,0,0,0,34,0,0,0,0,0,22,0,34,0,0,21,0,23,0,0,0,31,0,0,0,22;0,0,0,0,23,0,37,24,0,0,0,29,0,0,38,34,29,0,20,0,26,33,0,0,0,0,21,0,0,0
-12,11,0,0,30,0,0,0,0,19,-31,-41,26,0,0,0,0,0,0,17,0,0,22,-59,0,0,18,0,0,0
------------- End of Scenario k = 8 -------
0,0,0,0,0,0,0,34,38,0,0,62,47,63,0,66,0,20,61,78,0,26,0,28,0,0,0,0,0,0;0,0,80,0,60,0,0,0,0,50,24,0,0,54,0,0,25,59,0,0,0,28,0,0,0,51,0,76,79,0;60,0,0,0,33,37,0,0,0,0,0,0,0,0,0,0,0,0,73,0,0,0,0,47,28,0,0,0,55,0;25,67,0,0,0,0,0,0,0,69,0,0,50,0,0,0,0,0,0,0,61,0,0,0,0,0,77,0,0,0;22,0,0,80,0,0,0,0,0,0,80,80,24,0,0,0,55,0,0,35,0,0,71,37,25,0,0,0,0,0;0,0,0,0,75,0,80,58,0,74,0,40,25,0,0,0,0,0,0,0,0,0,0,75,0,71,0,0,0,36;80,0,0,0,0,0,0,63,0,0,80,0,0,0,0,0,0,0,0,0,71,0,0,53,0,0,0,30,0,0;0,71,62,70,70,0,0,0,0,73,66,0,0,0,0,46,0,0,0,0,0,28,0,38,0,0,0,0,0,0;0,0,0,0,0,0,79,0,0,0,0,0,0,78,0,0,0,0,0,56,0,0,27,0,0,0,0,0,0,0;0,25,0,0,28,41,53,0,0,0,0,42,42,0,0,51,0,0,0,20,22,57,0,80,0,0,0,0,0,0;0,0,23,0,0,0,43,0,55,79,0,0,0,0,0,0,0,29,0,0,0,0,0,0,0,0,0,79,0,0;0,0,0,0,0,43,0,0,49,0,0,0,52,0,76,48,0,0,0,0,41,0,0,0,58,0,0,39,0,0;0,0,34,32,0,65,0,80,0,26,60,29,0,0,0,0,0,0,0,0,0,0,0,0,0,0,74,23,24,0;46,0,0,50,0,0,75,0,0,27,0,79,62,0,49,0,0,65,39,25,0,0,45,24,0,0,69,31,0,0;0,46,0,61,0,0,0,0,39,0,0,0,0,0,0,67,0,0,0,0,0,0,0,51,79,0,0,0,71,0;61,0,0,0,66,75,0,66,0,0,0,71,58,0,0,0,42,0,0,0,0,0,62,0,0,0,0,0,0,52;0,66,0,39,0,0,0,0,24,0,0,65,0,0,0,0,0,67,40,61,0,50,0,0,0,0,75,0,80,0;0,0,46,0,0,71,41,0,0,0,68,0,0,0,34,0,0,0,80,0,61,0,28,0,0,0,0,0,35,0;39,0,0,0,0,32,28,0,0,45,30,0,0,72,0,31,0,0,0,25,80,0,0,0,41,0,0,78,0,0;0,0,0,0,47,0,0,64,48,0,0,58,0,40,0,0,64,0,0,0,0,0,0,0,0,0,0,33,78,0;0,80,0,0,0,0,29,0,0,0,58,0,21,0,0,51,0,74,49,0,0,64,0,68,0,0,0,0,0,36;0,0,0,0,0,0,0,0,0,0,0,0,0,68,0,0,0,0,0,0,0,0,0,43,80,67,0,0,0,22;0,35,24,0,0,53,43,0,0,0,0,0,40,22,0,0,0,0,0,0,0,0,0,30,69,77,0,0,0,0;0,0,0,26,0,0,0,0,0,0,63,43,0,0,0,0,0,0,77,0,0,0,34,0,0,0,0,68,47,0;0,0,0,0,0,0,0,62,0,0,51,74,0,0,0,0,0,0,0,35,0,0,0,0,0,80,0,0,0,47;67,59,0,0,0,69,0,77,0,0,73,67,0,0,0,0,0,0,0,35,0,0,0,0,0,0,0,73,0,0;74,0,0,0,0,0,0,0,0,0,0,0,37,0,23,80,55,45,22,0,33,0,0,0,30,0,0,0,0,0;0,0,0,39,26,27,43,0,0,22,32,0,0,0,0,0,0,0,59,74,0,0,0,46,0,73,76,0,52,0;68,0,0,0,0,0,0,0,54,0,0,0,0,0,55,0,43,0,0,41,0,21,0,0,0,59,0,0,0,67;0,0,0,0,40,0,58,37,0,0,0,48,0,0,27,69,53,0,62,0,31,75,0,0,0,0,44,0,0,0
0,0,0,0,0,0,0,23,27,0,0,38,31,26,0,26,0,34,25,23,0,38,0,35,0,0,0,0,0,0;0,0,25,0,32,0,0,0,0,28,21,0,0,21,0,0,39,33,0,0,0,23,0,0,0,40,0,32,38,0;23,0,0,0,30,35,0,0,0,0,0,0,0,0,0,0,0,0,20,0,0,0,0,31,39,0,0,0,37,0;36,27,0,0,0,0,0,0,0,37,0,0,25,0,0,0,0,0,0,0,37,0,0,0,0,0,30,0,0,0;35,0,0,27,0,0,0,0,0,0,22,40,34,0,0,0,24,0,0,27,0,0,26,24,28,0,0,0,0,0;0,0,0,0,39,0,20,33,0,38,0,20,35,0,0,0,0,0,0,0,0,0,0,32,0,24,0,0,0,37;39,0,0,0,0,0,0,31,0,0,29,0,0,0,0,0,0,0,0,0,39,0,0,20,0,0,0,40,0,0;0,24,33,21,40,0,0,0,0,40,32,0,0,0,0,38,0,0,0,0,0,21,0,32,0,0,0,0,0,0;0,0,0,0,0,0,36,0,0,0,0,0,0,33,0,0,0,0,0,26,0,0,38,0,0,0,0,0,0,0;0,31,0,0,35,23,38,0,0,0,0,37,28,0,0,31,0,0,0,35,26,33,0,23,0,0,0,0,0,0;0,0,32,0,0,0,23,0,32,39,0,0,0,0,0,0,0,26,0,0,0,0,0,0,0,0,0,26,0,0;0,0,0,0,0,35,0,0,40,0,0,0,40,0,36,22,0,0,0,0,40,0,0,0,20,0,0,36,0,0;0,0,20,26,0,36,0,23,0,36,34,28,0,0,0,0,0,0,0,0,0,0,0,0,0,0,37,35,38,0;25,0,0,36,0,0,37,0,0,39,0,23,34,0,37,0,0,39,24,26,0,0,38,26,0,0,30,27,0,0;0,30,0,30,0,0,0,0,20,0,0,0,0,0,0,23,0,0,0,0,0,0,0,20,27,0,0,0,34,0;35,0,0,0,21,32,0,24,0,0,0,23,24,0,0,0,32,0,0,0,0,0,31,0,0,0,0,0,0,39;0,39,0,39,0,0,0,0,27,0,0,32,0,0,0,0,0,38,29,33,0,34,0,0,0,0,22,0,26,0;0,0,23,0,0,26,33,0,0,0,37,0,0,0,23,0,0,0,32,0,35,0,24,0,0,0,0,0,39,0;33,0,0,0,0,21,40,0,0,39,30,0,0,24,0,29,0,0,0,38,28,0,0,0,33,0,0,31,0,0;0,0,0,0,26,0,0,20,40,0,0,36,0,22,0,0,25,0,0,0,0,0,0,0,0,0,0,25,31,0;0,39,0,0,0,0,25,0,0,0,33,0,24,0,0,37,0,38,35,0,0,34,0,29,0,0,0,0,0,37;0,0,0,0,0,0,0,0,0,0,0,0,0,26,0,0,0,0,0,0,0,0,0,22,34,26,0,0,0,40;0,27,23,0,0,31,30,0,0,0,0,0,36,25,0,0,0,0,0,0,0,0,0,23,30,35,0,0,0,0;0,0,0,32,0,0,0,0,0,0,20,23,0,0,0,0,0,0,27,0,0,0,29,0,0,0,0,39,27,0;0,0,0,0,0,0,0,20,0,0,33,29,0,0,0,0,0,0,0,35,0,0,0,0,0,34,0,0,0,35;31,29,0,0,0,27,0,21,0,0,38,27,0,0,0,0,0,0,0,38,0,0,0,0,0,0,0,38,0,0;35,0,0,0,0,0,0,0,0,0,0,0,31,0,38,39,24,23,25,0,36,0,0,0,31,0,0,0,0,0;0,0,0,34,29,20,23,0,0,36,40,0,0,0,0,0,0,0,37,38,0,0,0,38,0,34,39,0,28,0;20,0,0,0,0,0,0,0,39,0,0,0,0,0,20,0,27,0,0,33,0,22,0,0,0,32,0,0,0,30;0,0,0,0,30,0,21,30,0,0,0,29,0,0,28,33,31,0,37,0,32,29,0,0,0,0,22,0,0,0
-10,18,0,0,22,0,0,0,0,20,-38,-52,22,0,0,0,0,0,0,20,0,0,21,-50,0,0,27,0,0,0
------------- End of Scenario k = 9 -------
0,0,0,0,0,0,0,56,41,0,0,53,78,53,0,57,0,69,77,32,0,45,0,46,0,0,0,0,0,0;0,0,80,0,25,0,0,0,0,61,80,0,0,27,0,0,75,71,0,0,0,68,0,0,0,62,0,64,62,0;37,0,0,0,55,25,0,0,0,0,0,0,0,0,0,0,0,0,27,0,0,0,0,74,54,0,0,0,76,0;47,70,0,0,0,0,0,0,0,70,0,0,33,0,0,0,0,0,0,0,52,0,0,0,0,0,35,0,0,0;38,0,0,80,0,0,0,0,0,0,80,80,62,0,0,0,61,0,0,30,0,0,44,34,61,0,0,0,0,0;0,0,0,0,54,0,80,71,0,65,0,65,44,0,0,0,0,0,0,0,0,0,0,20,0,54,0,0,0,52;53,0,0,0,0,0,0,24,0,0,80,0,0,0,0,0,0,0,0,0,44,0,0,22,0,0,0,71,0,0;0,28,25,64,75,0,0,0,0,26,46,0,0,0,0,66,0,0,0,0,0,32,0,38,0,0,0,0,0,0;0,0,0,0,0,0,21,0,0,0,0,0,0,62,0,0,0,0,0,39,0,0,71,0,0,0,0,0,0,0;0,59,0,0,40,76,42,0,0,0,0,31,50,0,0,43,0,0,0,44,30,21,0,21,0,0,0,0,0,0;0,0,70,0,0,0,51,0,66,48,0,0,0,0,0,0,0,77,0,0,0,0,0,0,0,0,0,57,0,0;0,0,0,0,0,25,0,0,31,0,0,0,64,0,35,57,0,0,0,0,76,0,0,0,53,0,0,72,0,0;0,0,23,59,0,69,0,80,0,72,37,72,0,0,0,0,0,0,0,0,0,0,0,0,0,0,67,69,47,0;33,0,0,68,0,0,23,0,0,61,0,67,73,0,80,0,0,58,71,32,0,0,38,26,0,0,53,42,0,0;0,43,0,61,0,0,0,0,21,0,0,0,0,0,0,67,0,0,0,0,0,0,0,35,31,0,0,0,53,0;32,0,0,0,25,74,0,54,0,0,0,69,35,0,0,0,80,0,0,0,0,0,56,0,0,0,0,0,0,40;0,58,0,79,0,0,0,0,72,0,0,80,0,0,0,0,0,80,66,22,0,64,0,0,0,0,64,0,28,0;0,0,78,0,0,27,40,0,0,0,56,0,0,0,71,0,0,0,80,0,21,0,51,0,0,0,0,0,80,0;63,0,0,0,0,52,77,0,0,62,30,0,0,41,0,76,0,0,0,68,80,0,0,0,35,0,0,25,0,0;0,0,0,0,49,0,0,63,20,0,0,57,0,45,0,0,45,0,0,0,0,0,0,0,0,0,0,79,79,0;0,53,0,0,0,0,71,0,0,0,52,0,44,0,0,26,0,69,24,0,0,80,0,58,0,0,0,0,0,64;0,0,0,0,0,0,0,0,0,0,0,0,0,33,0,0,0,0,0,0,0,0,0,46,80,79,0,0,0,64;0,37,28,0,0,38,60,0,0,0,0,0,20,80,0,0,0,0,0,0,0,0,0,65,54,77,0,0,0,0;0,0,0,41,0,0,0,0,0,0,79,54,0,0,0,0,0,0,68,0,0,0,75,0,0,0,0,21,79,0;0,0,0,0,0,0,0,27,0,0,80,35,0,0,0,0,0,0,0,45,0,0,0,0,0,52,0,0,0,35;29,49,0,0,0,79,0,80,0,0,63,44,0,0,0,0,0,0,0,51,0,0,0,0,0,0,0,24,0,0;37,0,0,0,0,0,0,0,0,0,0,0,78,0,29,69,26,42,54,0,50,0,0,0,42,0,0,0,0,0;0,0,0,77,74,65,54,0,0,57,79,0,0,0,0,0,0,0,35,75,0,0,0,59,0,74,35,0,80,0;22,0,0,0,0,0,0,0,47,0,0,0,0,0,27,0,39,0,0,36,0,44,0,0,0,37,0,0,0,80;0,0,0,0,50,0,26,45,0,0,0,65,0,0,43,77,74,0,62,0,61,29,0,0,0,0,62,0,0,0
0,0,0,0,0,0,0,37,39,0,0,24,29,25,0,32,0,32,38,25,0,25,0,30,0,0,0,0,0,0;0,0,19,0,40,0,0,0,0,26,15,0,0,40,0,0,28,20,0,0,0,39,0,0,0,24,0,32,20,0;38,0,0,0,37,24,0,0,0,0,0,0,0,0,0,0,0,0,40,0,0,0,0,26,39,0,0,0,39,0;25,26,0,0,0,0,0,0,0,30,0,0,23,0,0,0,0,0,0,0,32,0,0,0,0,0,32,0,0,0;24,0,0,37,0,0,0,0,0,0,40,22,28,0,0,0,34,0,0,35,0,0,22,25,37,0,0,0,0,0;0,0,0,0,30,0,35,21,0,40,0,33,40,0,0,0,0,0,0,0,0,0,0,37,0,21,0,0,0,39;36,0,0,0,0,0,0,24,0,0,36,0,0,0,0,0,0,0,0,0,36,0,0,23,0,0,0,29,0,0;0,34,22,40,37,0,0,0,0,37,25,0,0,0,0,22,0,0,0,0,0,28,0,24,0,0,0,0,0,0;0,0,0,0,0,0,23,0,0,0,0,0,0,36,0,0,0,0,0,27,0,0,24,0,0,0,0,0,0,0;0,34,0,0,39,30,25,0,0,0,0,40,25,0,0,34,0,0,0,20,37,31,0,35,0,0,0,0,0,0;0,0,23,0,0,0,20,0,35,35,0,0,0,0,0,0,0,25,0,0,0,0,0,0,0,0,0,37,0,0;0,0,0,0,0,36,0,0,39,0,0,0,28,0,23,35,0,0,0,0,23,0,0,0,25,0,0,25,0,0;0,0,38,28,0,20,0,29,0,20,32,39,0,0,0,0,0,0,0,0,0,0,0,0,0,0,21,28,28,0;27,0,0,21,0,0,23,0,0,22,0,30,24,0,30,0,0,20,25,33,0,0,35,29,0,0,30,22,0,0;0,35,0,20,0,0,0,0,27,0,0,0,0,0,0,40,0,0,0,0,0,0,0,26,28,0,0,0,36,0;35,0,0,0,22,22,0,37,0,0,0,33,39,0,0,0,29,0,0,0,0,0,28,0,0,0,0,0,0,20;0,24,0,38,0,0,0,0,38,0,0,27,0,0,0,0,0,34,24,27,0,24,0,0,0,0,29,0,31,0;0,0,20,0,0,25,24,0,0,0,30,0,0,0,20,0,0,0,37,0,24,0,33,0,0,0,0,0,25,0;32,0,0,0,0,22,38,0,0,29,35,0,0,38,0,29,0,0,0,40,24,0,0,0,25,0,0,36,0,0;0,0,0,0,36,0,0,20,40,0,0,37,0,31,0,0,35,0,0,0,0,0,0,0,0,0,0,36,39,0;0,23,0,0,0,0,40,0,0,0,23,0,31,0,0,29,0,20,25,0,0,25,0,29,0,0,0,0,0,25;0,0,0,0,0,0,0,0,0,0,0,0,0,39,0,0,0,0,0,0,0,0,0,37,35,35,0,0,0,30;0,27,32,0,0,31,21,0,0,0,0,0,21,32,0,0,0,0,0,0,0,0,0,32,35,22,0,0,0,0;0,0,0,31,0,0,0,0,0,0,35,23,0,0,0,0,0,0,33,0,0,0,39,0,0,0,0,28,37,0;0,0,0,0,0,0,0,24,0,0,24,24,0,0,0,0,0,0,0,27,0,0,0,0,0,27,0,0,0,24;22,34,0,0,0,25,0,26,0,0,29,36,0,0,0,0,0,0,0,34,0,0,0,0,0,0,0,36,0,0;37,0,0,0,0,0,0,0,0,0,0,0,26,0,26,39,32,34,26,0,21,0,0,0,20,0,0,0,0,0;0,0,0,36,32,32,36,0,0,31,22,0,0,0,0,0,0,0,22,29,0,0,0,23,0,37,20,0,28,0;40,0,0,0,0,0,0,0,22,0,0,0,0,0,24,0,32,0,0,33,0,38,0,0,0,37,0,0,0,22;0,0,0,0,29,0,20,36,0,0,0,21,0,0,30,20,35,0,39,0,36,21,0,0,0,0,32,0,0,0
-8,12,0,0,12,0,0,0,0,24,-30,-78,17,0,0,0,0,0,0,30,0,0,30,-31,0,0,22,0,0,0
------------- End of Scenario k = 10 -------
0,0,0,0,0,0,0,51,80,0,0,46,45,80,0,42,0,56,54,78,0,74,0,60,0,0,0,0,0,0;0,0,80,0,30,0,0,0,0,52,80,0,0,33,0,0,32,50,0,0,0,49,0,0,0,23,0,63,60,0;23,0,0,0,27,66,0,0,0,0,0,0,0,0,0,0,0,0,68,0,0,0,0,55,35,0,0,0,35,0;80,28,0,0,0,0,0,0,0,65,0,0,69,0,0,0,0,0,0,0,45,0,0,0,0,0,24,0,0,0;71,0,0,39,0,0,0,0,0,0,80,80,42,0,0,0,65,0,0,68,0,0,61,60,38,0,0,0,0,0;0,0,0,0,44,0,80,68,0,73,0,74,24,0,0,0,0,0,0,0,0,0,0,26,0,45,0,0,0,40;80,0,0,0,0,0,0,21,0,0,44,0,0,0,0,0,0,0,0,0,66,0,0,71,0,0,0,36,0,0;0,23,57,73,56,0,0,0,0,22,51,0,0,0,0,70,0,0,0,0,0,29,0,60,0,0,0,0,0,0;0,0,0,0,0,0,22,0,0,0,0,0,0,77,0,0,0,0,0,43,0,0,55,0,0,0,0,0,0,0;0,71,0,0,79,80,77,0,0,0,0,80,79,0,0,79,0,0,0,23,57,44,0,57,0,0,0,0,0,0;0,0,26,0,0,0,80,0,28,27,0,0,0,0,0,0,0,73,0,0,0,0,0,0,0,0,0,25,0,0;0,0,0,0,0,63,0,0,62,0,0,0,64,0,61,71,0,0,0,0,34,0,0,0,67,0,0,51,0,0;0,0,48,50,0,46,0,80,0,70,52,48,0,0,0,0,0,0,0,0,0,0,0,0,0,0,49,40,57,0;70,0,0,31,0,0,55,0,0,32,0,80,41,0,80,0,0,44,32,37,0,0,59,26,0,0,22,66,0,0;0,40,0,65,0,0,0,0,75,0,0,0,0,0,0,24,0,0,0,0,0,0,0,27,29,0,0,0,50,0;67,0,0,0,22,74,0,60,0,0,0,27,23,0,0,0,38,0,0,0,0,0,52,0,0,0,0,0,0,64;0,56,0,49,0,0,0,0,33,0,0,80,0,0,0,0,0,40,47,71,0,74,0,0,0,0,59,0,60,0;0,0,20,0,0,62,62,0,0,0,64,0,0,0,24,0,0,0,46,0,44,0,50,0,0,0,0,0,65,0;46,0,0,0,0,75,44,0,0,52,40,0,0,79,0,55,0,0,0,27,80,0,0,0,57,0,0,47,0,0;0,0,0,0,79,0,0,74,30,0,0,30,0,39,0,0,25,0,0,0,0,0,0,0,0,0,0,62,70,0;0,52,0,0,0,0,38,0,0,0,36,0,54,0,0,27,0,29,67,0,0,80,0,20,0,0,0,0,0,39;0,0,0,0,0,0,0,0,0,0,0,0,0,29,0,0,0,0,0,0,0,0,0,35,71,58,0,0,0,43;0,64,48,0,0,30,37,0,0,0,0,0,22,57,0,0,0,0,0,0,0,0,0,20,36,31,0,0,0,0;0,0,0,47,0,0,0,0,0,0,73,29,0,0,0,0,0,0,62,0,0,0,22,0,0,0,0,38,39,0;0,0,0,0,0,0,0,47,0,0,58,28,0,0,0,0,0,0,0,64,0,0,0,0,0,48,0,0,0,41;71,58,0,0,0,80,0,74,0,0,61,79,0,0,0,0,0,0,0,48,0,0,0,0,0,0,0,40,0,0;41,0,0,0,0,0,0,0,0,0,0,0,22,0,59,80,21,66,51,0,56,0,0,0,68,0,0,0,0,0;0,0,0,33,41,71,44,0,0,62,62,0,0,0,0,0,0,0,49,68,0,0,0,34,0,31,70,0,64,0;79,0,0,0,0,0,0,0,23,0,0,0,0,0,50,0,48,0,0,44,0,57,0,0,0,73,0,0,0,80;0,0,0,0,61,0,34,54,0,0,0,65,0,0,47,22,59,0,40,0,35,48,0,0,0,0,23,0,0,0
0,0,0,0,0,0,0,26,22,0,0,33,33,38,0,23,0,30,35,38,0,29,0,34,0,0,0,0,0,0;0,0,19,0,23,0,0,0,0,35,22,0,0,26,0,0,37,26,0,0,0,40,0,0,0,22,0,25,31,0;34,0,0,0,32,25,0,0,0,0,0,0,0,0,0,0,0,0,35,0,0,0,0,29,38,0,0,0,40,0;32,32,0,0,0,0,0,0,0,27,0,0,22,0,0,0,0,0,0,0,37,0,0,0,0,0,35,0,0,0;23,0,0,38,0,0,0,0,0,0,38,40,28,0,0,0,30,0,0,21,0,0,23,23,40,0,0,0,0,0;0,0,0,0,22,0,40,39,0,28,0,35,40,0,0,0,0,0,0,0,0,0,0,38,0,25,0,0,0,33;19,0,0,0,0,0,0,23,0,0,39,0,0,0,0,0,0,0,0,0,38,0,0,30,0,0,0,22,0,0;0,39,40,30,22,0,0,0,0,25,39,0,0,0,0,32,0,0,0,0,0,36,0,24,0,0,0,0,0,0;0,0,0,0,0,0,25,0,0,0,0,0,0,33,0,0,0,0,0,29,0,0,25,0,0,0,0,0,0,0;0,21,0,0,26,37,39,0,0,0,0,28,30,0,0,29,0,0,0,26,39,33,0,24,0,0,0,0,0,0;0,0,26,0,0,0,36,0,26,40,0,0,0,0,0,0,0,24,0,0,0,0,0,0,0,0,0,27,0,0;0,0,0,0,0,38,0,0,30,0,0,0,22,0,32,31,0,0,0,0,40,0,0,0,29,0,0,21,0,0;0,0,26,40,0,27,0,32,0,29,33,37,0,0,0,0,0,0,0,0,0,0,0,0,0,0,25,39,30,0;29,0,0,34,0,0,24,0,0,37,0,24,38,0,37,0,0,39,39,27,0,0,38,36,0,0,40,35,0,0;0,35,0,22,0,0,0,0,23,0,0,0,0,0,0,27,0,0,0,0,0,0,0,34,24,0,0,0,27,0;39,0,0,0,29,29,0,31,0,0,0,32,23,0,0,0,32,0,0,0,0,0,29,0,0,0,0,0,0,40;0,40,0,37,0,0,0,0,30,0,0,38,0,0,0,0,0,40,26,24,0,23,0,0,0,0,37,0,34,0;0,0,34,0,0,40,37,0,0,0,21,0,0,0,27,0,0,0,40,0,28,0,23,0,0,0,0,0,23,0;28,0,0,0,0,38,20,0,0,39,22,0,0,35,0,20,0,0,0,38,32,0,0,0,33,0,0,23,0,0;0,0,0,0,23,0,0,39,31,0,0,37,0,40,0,0,33,0,0,0,0,0,0,0,0,0,0,30,39,0;0,25,0,0,0,0,36,0,0,0,29,0,38,0,0,32,0,32,33,0,0,38,0,29,0,0,0,0,0,39;0,0,0,0,0,0,0,0,0,0,0,0,0,36,0,0,0,0,0,0,0,0,0,35,40,39,0,0,0,29;0,28,25,0,0,27,23,0,0,0,0,0,28,33,0,0,0,0,0,0,0,0,0,33,31,22,0,0,0,0;0,0,0,36,0,0,0,0,0,0,23,21,0,0,0,0,0,0,32,0,0,0,23,0,0,0,0,34,37,0;0,0,0,0,0,0,0,37,0,0,32,34,0,0,0,0,0,0,0,39,0,0,0,0,0,31,0,0,0,20;31,22,0,0,0,31,0,40,0,0,23,29,0,0,0,0,0,0,0,39,0,0,0,0,0,0,0,32,0,0;22,0,0,0,0,0,0,0,0,0,0,0,25,0,27,35,27,33,24,0,29,0,0,0,39,0,0,0,0,0;0,0,0,37,25,33,37,0,0,32,28,0,0,0,0,0,0,0,24,24,0,0,0,32,0,23,23,0,36,0;23,0,0,0,0,0,0,0,20,0,0,0,0,0,33,0,26,0,0,21,0,32,0,0,0,35,0,0,0,39;0,0,0,0,25,0,20,24,0,0,0,21,0,0,32,28,31,0,28,0,39,25,0,0,0,0,33,0,0,0
-15,16,0,0,28,0,0,0,0,19,-41,-66,12,0,0,0,0,0,0,26,0,0,17,-26,0,0,30,0,0,0
------------- End of Scenario k = 11 -------
0,0,0,0,0,0,0,22,39,0,0,31,40,48,0,26,0,41,56,41,0,65,0,40,0,0,0,0,0,0;0,0,80,0,27,0,0,0,0,50,80,0,0,80,0,0,67,30,0,0,0,33,0,0,0,50,0,55,35,0;41,0,0,0,54,32,0,0,0,0,0,0,0,0,0,0,0,0,53,0,0,0,0,36,33,0,0,0,24,0;45,69,0,0,0,0,0,0,0,67,0,0,22,0,0,0,0,0,0,0,46,0,0,0,0,0,49,0,0,0;35,0,0,80,0,0,0,0,0,0,80,57,24,0,0,0,36,0,0,75,0,0,43,23,45,0,0,0,0,0;0,0,0,0,22,0,41,62,0,31,0,62,32,0,0,0,0,0,0,0,0,0,0,48,0,77,0,0,0,77;80,0,0,0,0,0,0,79,0,0,80,0,0,0,0,0,0,0,0,0,76,0,0,63,0,0,0,26,0,0;0,76,76,72,32,0,0,0,0,65,68,0,0,0,0,38,0,0,0,0,0,79,0,80,0,0,0,0,0,0;0,0,0,0,0,0,63,0,0,0,0,0,0,58,0,0,0,0,0,43,0,0,36,0,0,0,0,0,0,0;0,41,0,0,41,43,65,0,0,0,0,80,33,0,0,25,0,0,0,24,58,80,0,80,0,0,0,0,0,0;0,0,57,0,0,0,71,0,25,49,0,0,0,0,0,0,0,31,0,0,0,0,0,0,0,0,0,63,0,0;0,0,0,0,0,39,0,0,48,0,0,0,38,0,68,47,0,0,0,0,63,0,0,0,56,0,0,29,0,0;0,0,21,52,0,52,0,80,0,53,56,52,0,0,0,0,0,0,0,0,0,0,0,0,0,0,33,66,53,0;40,0,0,70,0,0,56,0,0,59,0,57,31,0,66,0,0,61,40,24,0,0,32,53,0,0,68,72,0,0;0,66,0,70,0,0,0,0,44,0,0,0,0,0,0,71,0,0,0,0,0,0,0,77,42,0,0,0,26,0;35,0,0,0,49,49,0,20,0,0,0,37,48,0,0,0,80,0,0,0,0,0,74,0,0,0,0,0,0,28;0,32,0,48,0,0,0,0,21,0,0,80,0,0,0,0,0,26,21,63,0,24,0,0,0,0,63,0,55,0;0,0,47,0,0,77,63,0,0,0,23,0,0,0,74,0,0,0,75,0,27,0,24,0,0,0,0,0,27,0;29,0,0,0,0,54,31,0,0,36,77,0,0,72,0,36,0,0,0,80,80,0,0,0,48,0,0,26,0,0;0,0,0,0,80,0,0,22,63,0,0,51,0,20,0,0,37,0,0,0,0,0,0,0,0,0,0,36,77,0;0,41,0,0,0,0,40,0,0,0,75,0,32,0,0,74,0,37,44,0,0,34,0,37,0,0,0,0,0,66;0,0,0,0,0,0,0,0,0,0,0,0,0,70,0,0,0,0,0,0,0,0,0,53,75,38,0,0,0,25;0,72,64,0,0,73,42,0,0,0,0,0,38,80,0,0,0,0,0,0,0,0,0,78,55,21,0,0,0,0;0,0,0,68,0,0,0,0,0,0,80,73,0,0,0,0,0,0,73,0,0,0,54,0,0,0,0,60,62,0;0,0,0,0,0,0,0,72,0,0,80,63,0,0,0,0,0,0,0,76,0,0,0,0,0,48,0,0,0,41;32,74,0,0,0,58,0,27,0,0,57,26,0,0,0,0,0,0,0,36,0,0,0,0,0,0,0,40,0,0;21,0,0,0,0,0,0,0,0,0,0,0,40,0,77,51,48,69,69,0,22,0,0,0,67,0,0,0,0,0;0,0,0,61,32,53,27,0,0,37,38,0,0,0,0,0,0,0,32,25,0,0,0,52,0,67,48,0,41,0;26,0,0,0,0,0,0,0,80,0,0,0,0,0,58,0,26,0,0,59,0,65,0,0,0,41,0,0,0,80;0,0,0,0,42,0,29,52,0,0,0,64,0,0,31,60,40,0,37,0,77,22,0,0,0,0,52,0,0,0
0,0,0,0,0,0,0,20,32,0,0,21,33,22,0,29,0,31,31,24,0,39,0,24,0,0,0,0,0,0;0,0,32,0,27,0,0,0,0,30,30,0,0,24,0,0,28,35,0,0,0,25,0,0,0,31,0,24,34,0;33,0,0,0,40,20,0,0,0,0,0,0,0,0,0,0,0,0,22,0,0,0,0,31,38,0,0,0,34,0;40,39,0,0,0,0,0,0,0,20,0,0,36,0,0,0,0,0,0,0,28,0,0,0,0,0,35,0,0,0;32,0,0,34,0,0,0,0,0,0,32,34,31,0,0,0,31,0,0,39,0,0,39,28,20,0,0,0,0,0;0,0,0,0,29,0,24,34,0,37,0,21,39,0,0,0,0,0,0,0,0,0,0,26,0,22,0,0,0,34;25,0,0,0,0,0,0,39,0,0,26,0,0,0,0,0,0,0,0,0,36,0,0,23,0,0,0,26,0,0;0,23,36,33,22,0,0,0,0,33,39,0,0,0,0,37,0,0,0,0,0,30,0,33,0,0,0,0,0,0;0,0,0,0,0,0,24,0,0,0,0,0,0,28,0,0,0,0,0,27,0,0,33,0,0,0,0,0,0,0;0,32,0,0,24,17,37,0,0,0,0,31,33,0,0,23,0,0,0,20,30,29,0,16,0,0,0,0,0,0;0,0,23,0,0,0,28,0,29,21,0,0,0,0,0,0,0,33,0,0,0,0,0,0,0,0,0,23,0,0;0,0,0,0,0,20,0,0,35,0,0,0,25,0,20,25,0,0,0,0,24,0,0,0,33,0,0,28,0,0;0,0,34,36,0,27,0,33,0,40,34,21,0,0,0,0,0,0,0,0,0,0,0,0,0,0,24,35,30,0;22,0,0,25,0,0,24,0,0,40,0,18,31,0,39,0,0,39,26,21,0,0,37,34,0,0,20,38,0,0;0,27,0,31,0,0,0,0,33,0,0,0,0,0,0,31,0,0,0,0,0,0,0,22,29,0,0,0,28,0;35,0,0,0,32,30,0,40,0,0,0,38,23,0,0,0,38,0,0,0,0,0,27,0,0,0,0,0,0,27;0,27,0,36,0,0,0,0,40,0,0,35,0,0,0,0,0,30,23,34,0,20,0,0,0,0,36,0,28,0;0,0,31,0,0,38,24,0,0,0,20,0,0,0,21,0,0,0,36,0,36,0,21,0,0,0,0,0,32,0;24,0,0,0,0,30,40,0,0,20,40,0,0,25,0,35,0,0,0,33,36,0,0,0,35,0,0,35,0,0;0,0,0,0,22,0,0,35,37,0,0,27,0,21,0,0,26,0,0,0,0,0,0,0,0,0,0,37,31,0;0,29,0,0,0,0,31,0,0,0,25,0,29,0,0,24,0,39,27,0,0,28,0,20,0,0,0,0,0,25;0,0,0,0,0,0,0,0,0,0,0,0,0,34,0,0,0,0,0,0,0,0,0,26,30,29,0,0,0,34;0,23,25,0,0,39,39,0,0,0,0,0,26,20,0,0,0,0,0,0,0,0,0,34,38,33,0,0,0,0;0,0,0,26,0,0,0,0,0,0,27,22,0,0,0,0,0,0,20,0,0,0,33,0,0,0,0,40,24,0;0,0,0,0,0,0,0,29,0,0,34,35,0,0,0,0,0,0,0,37,0,0,0,0,0,39,0,0,0,36;22,37,0,0,0,32,0,34,0,0,32,39,0,0,0,0,0,0,0,30,0,0,0,0,0,0,0,37,0,0;28,0,0,0,0,0,0,0,0,0,0,0,22,0,36,32,35,37,25,0,38,0,0,0,27,0,0,0,0,0;0,0,0,32,30,20,27,0,0,32,32,0,0,0,0,0,0,0,23,33,0,0,0,28,0,24,22,0,28,0;35,0,0,0,0,0,0,0,24,0,0,0,0,0,33,0,39,0,0,24,0,38,0,0,0,21,0,0,0,39;0,0,0,0,29,0,22,21,0,0,0,37,0,0,33,23,25,0,34,0,25,35,0,0,0,0,36,0,0,0
-6,17,0,0,30,0,0,0,0,14,-62,-44,21,0,0,0,0,0,0,27,0,0,11,-34,0,0,26,0,0,0
------------- End of Scenario k = 12 -------
0,0,0,0,0,0,0,49,46,0,0,66,23,22,0,32,0,45,74,61,0,43,0,62,0,0,0,0,0,0;0,0,80,0,48,0,0,0,0,32,79,0,0,57,0,0,30,35,0,0,0,43,0,0,0,75,0,43,65,0;24,0,0,0,21,49,0,0,0,0,0,0,0,0,0,0,0,0,30,0,0,0,0,55,28,0,0,0,22,0;43,47,0,0,0,0,0,0,0,24,0,0,28,0,0,0,0,0,0,0,24,0,0,0,0,0,69,0,0,0;55,0,0,80,0,0,0,0,0,0,80,25,72,0,0,0,27,0,0,40,0,0,37,34,38,0,0,0,0,0;0,0,0,0,46,0,48,36,0,45,0,57,34,0,0,0,0,0,0,0,0,0,0,76,0,45,0,0,0,26;80,0,0,0,0,0,0,20,0,0,59,0,0,0,0,0,0,0,0,0,45,0,0,28,0,0,0,24,0,0;0,39,51,64,49,0,0,0,0,40,50,0,0,0,0,52,0,0,0,0,0,40,0,80,0,0,0,0,0,0;0,0,0,0,0,0,80,0,0,0,0,0,0,54,0,0,0,0,0,31,0,0,47,0,0,0,0,0,0,0;0,59,0,0,79,26,57,0,0,0,0,78,28,0,0,55,0,0,0,48,30,23,0,80,0,0,0,0,0,0;0,0,71,0,0,0,57,0,74,24,0,0,0,0,0,0,0,37,0,0,0,0,0,0,0,0,0,61,0,0;0,0,0,0,0,63,0,0,76,0,0,0,40,0,34,22,0,0,0,0,41,0,0,0,71,0,0,28,0,0;0,0,72,66,0,52,0,80,0,45,64,35,0,0,0,0,0,0,0,0,0,0,0,0,0,0,24,48,34,0;29,0,0,53,0,0,22,0,0,40,0,80,52,0,60,0,0,74,41,71,0,0,32,69,0,0,55,62,0,0;0,45,0,70,0,0,0,0,34,0,0,0,0,0,0,72,0,0,0,0,0,0,0,44,43,0,0,0,29,0;51,0,0,0,32,66,0,23,0,0,0,66,44,0,0,0,80,0,0,0,0,0,46,0,0,0,0,0,0,75;0,65,0,58,0,0,0,0,25,0,0,25,0,0,0,0,0,80,26,77,0,72,0,0,0,0,42,0,62,0;0,0,80,0,0,34,66,0,0,0,76,0,0,0,69,0,0,0,39,0,29,0,61,0,0,0,0,0,79,0;26,0,0,0,0,51,39,0,0,57,43,0,0,54,0,34,0,0,0,75,54,0,0,0,67,0,0,66,0,0;0,0,0,0,65,0,0,64,80,0,0,80,0,71,0,0,20,0,0,0,0,0,0,0,0,0,0,20,79,0;0,35,0,0,0,0,45,0,0,0,77,0,37,0,0,46,0,62,42,0,0,80,0,68,0,0,0,0,0,61;0,0,0,0,0,0,0,0,0,0,0,0,0,43,0,0,0,0,0,0,0,0,0,31,26,27,0,0,0,57;0,47,58,0,0,46,46,0,0,0,0,0,34,80,0,0,0,0,0,0,0,0,0,80,48,29,0,0,0,0;0,0,0,35,0,0,0,0,0,0,77,61,0,0,0,0,0,0,60,0,0,0,20,0,0,0,0,35,58,0;0,0,0,0,0,0,0,47,0,0,80,73,0,0,0,0,0,0,0,64,0,0,0,0,0,45,0,0,0,80;41,80,0,0,0,71,0,76,0,0,74,70,0,0,0,0,0,0,0,40,0,0,0,0,0,0,0,80,0,0;50,0,0,0,0,0,0,0,0,0,0,0,62,0,44,80,59,61,42,0,46,0,0,0,66,0,0,0,0,0;0,0,0,52,24,22,53,0,0,24,50,0,0,0,0,0,0,0,71,70,0,0,0,37,0,45,39,0,44,0;75,0,0,0,0,0,0,0,49,0,0,0,0,0,53,0,25,0,0,51,0,45,0,0,0,43,0,0,0,80;0,0,0,0,79,0,57,70,0,0,0,43,0,0,36,76,44,0,28,0,62,79,0,0,0,0,73,0,0,0
0,0,0,0,0,0,0,27,21,0,0,29,31,21,0,28,0,21,25,27,0,21,0,23,0,0,0,0,0,0;0,0,34,0,38,0,0,0,0,38,34,0,0,40,0,0,20,40,0,0,0,23,0,0,0,24,0,40,40,0;38,0,0,0,26,21,0,0,0,0,0,0,0,0,0,0,0,0,37,0,0,0,0,40,39,0,0,0,31,0;35,24,0,0,0,0,0,0,0,39,0,0,34,0,0,0,0,0,0,0,21,0,0,0,0,0,24,0,0,0;27,0,0,22,0,0,0,0,0,0,33,18,34,0,0,0,21,0,0,40,0,0,24,26,33,0,0,0,0,0;0,0,0,0,21,0,33,31,0,33,0,27,28,0,0,0,0,0,0,0,0,0,0,29,0,40,0,0,0,32;34,0,0,0,0,0,0,39,0,0,36,0,0,0,0,0,0,0,0,0,30,0,0,39,0,0,0,27,0,0;0,34,25,39,40,0,0,0,0,38,29,0,0,0,0,36,0,0,0,0,0,32,0,17,0,0,0,0,0,0;0,0,0,0,0,0,37,0,0,0,0,0,0,36,0,0,0,0,0,26,0,0,34,0,0,0,0,0,0,0;0,22,0,0,25,35,33,0,0,0,0,38,24,0,0,37,0,0,0,38,35,30,0,31,0,0,0,0,0,0;0,0,27,0,0,0,40,0,30,31,0,0,0,0,0,0,0,35,0,0,0,0,0,0,0,0,0,29,0,0;0,0,0,0,0,20,0,0,26,0,0,0,31,0,38,32,0,0,0,0,22,0,0,0,40,0,0,32,0,0;0,0,27,31,0,28,0,23,0,35,40,39,0,0,0,0,0,0,0,0,0,0,0,0,0,0,35,39,38,0;31,0,0,20,0,0,34,0,0,35,0,31,29,0,40,0,0,20,28,20,0,0,32,23,0,0,40,29,0,0;0,29,0,28,0,0,0,0,20,0,0,0,0,0,0,39,0,0,0,0,0,0,0,28,30,0,0,0,34,0;32,0,0,0,26,27,0,32,0,0,0,26,32,0,0,0,31,0,0,0,0,0,27,0,0,0,0,0,0,38;0,22,0,33,0,0,0,0,28,0,0,19,0,0,0,0,0,25,40,25,0,39,0,0,0,0,22,0,20,0;0,0,20,0,0,32,33,0,0,0,24,0,0,0,27,0,0,0,37,0,29,0,21,0,0,0,0,0,40,0;30,0,0,0,0,35,36,0,0,28,34,0,0,31,0,25,0,0,0,30,27,0,0,0,40,0,0,24,0,0;0,0,0,0,22,0,0,28,33,0,0,32,0,33,0,0,29,0,0,0,0,0,0,0,0,0,0,26,26,0;0,27,0,0,0,0,22,0,0,0,39,0,24,0,0,20,0,26,27,0,0,16,0,34,0,0,0,0,0,37;0,0,0,0,0,0,0,0,0,0,0,0,0,38,0,0,0,0,0,0,0,0,0,24,35,34,0,0,0,29;0,20,27,0,0,26,26,0,0,0,0,0,31,37,0,0,0,0,0,0,0,0,0,34,31,26,0,0,0,0;0,0,0,35,0,0,0,0,0,0,36,33,0,0,0,0,0,0,32,0,0,0,36,0,0,0,0,22,35,0;0,0,0,0,0,0,0,23,0,0,32,29,0,0,0,0,0,0,0,24,0,0,0,0,0,19,0,0,0,38;38,21,0,0,0,37,0,34,0,0,40,27,0,0,0,0,0,0,0,33,0,0,0,0,0,0,0,38,0,0;31,0,0,0,0,0,0,0,0,0,0,0,29,0,32,23,24,25,31,0,33,0,0,0,37,0,0,0,0,0;0,0,0,24,27,39,27,0,0,24,37,0,0,0,0,0,0,0,34,31,0,0,0,21,0,34,30,0,25,0;20,0,0,0,0,0,0,0,35,0,0,0,0,0,40,0,32,0,0,27,0,38,0,0,0,30,0,0,0,25;0,0,0,0,24,0,39,35,0,0,0,36,0,0,24,38,37,0,33,0,40,29,0,0,0,0,27,0,0,0
-19,27,0,0,18,0,0,0,0,30,-51,-32,16,0,0,0,0,0,0,10,0,0,29,-39,0,0,11,0,0,0
------------- End of Scenario k = 13 -------
0,0,0,0,0,0,0,43,68,0,0,32,65,33,0,61,0,47,68,78,0,62,0,78,0,0,0,0,0,0;0,0,80,0,69,0,0,0,0,53,46,0,0,72,0,0,23,51,0,0,0,61,0,0,0,37,0,47,68,0;51,0,0,0,60,49,0,0,0,0,0,0,0,0,0,0,0,0,23,0,0,0,0,43,27,0,0,0,77,0;27,33,0,0,0,0,0,0,0,39,0,0,62,0,0,0,0,0,0,0,79,0,0,0,0,0,64,0,0,0;79,0,0,44,0,0,0,0,0,0,79,48,23,0,0,0,75,0,0,68,0,0,36,66,30,0,0,0,0,0;0,0,0,0,37,0,64,76,0,48,0,54,59,0,0,0,0,0,0,0,0,0,0,28,0,44,0,0,0,50;74,0,0,0,0,0,0,59,0,0,62,0,0,0,0,0,0,0,0,0,48,0,0,27,0,0,0,25,0,0;0,75,44,74,44,0,0,0,0,79,26,0,0,0,0,29,0,0,0,0,0,24,0,40,0,0,0,0,0,0;0,0,0,0,0,0,60,0,0,0,0,0,0,31,0,0,0,0,0,50,0,0,65,0,0,0,0,0,0,0;0,46,0,0,20,80,42,0,0,0,0,66,26,0,0,50,0,0,0,28,27,30,0,80,0,0,0,0,0,0;0,0,41,0,0,0,64,0,76,66,0,0,0,0,0,0,0,58,0,0,0,0,0,0,0,0,0,35,0,0;0,0,0,0,0,37,0,0,45,0,0,0,33,0,62,76,0,0,0,0,50,0,0,0,31,0,0,50,0,0;0,0,76,34,0,61,0,80,0,76,55,65,0,0,0,0,0,0,0,0,0,0,0,0,0,0,76,31,55,0;37,0,0,25,0,0,27,0,0,39,0,80,44,0,63,0,0,62,34,60,0,0,38,33,0,0,44,57,0,0;0,44,0,43,0,0,0,0,23,0,0,0,0,0,0,29,0,0,0,0,0,0,0,32,49,0,0,0,68,0;32,0,0,0,70,26,0,25,0,0,0,27,20,0,0,0,51,0,0,0,0,0,24,0,0,0,0,0,0,48;0,37,0,77,0,0,0,0,44,0,0,80,0,0,0,0,0,25,59,72,0,75,0,0,0,0,52,0,33,0;0,0,75,0,0,32,64,0,0,0,80,0,0,0,33,0,0,0,80,0,62,0,37,0,0,0,0,0,76,0;38,0,0,0,0,33,72,0,0,76,53,0,0,23,0,61,0,0,0,38,58,0,0,0,22,0,0,58,0,0;0,0,0,0,22,0,0,56,80,0,0,80,0,50,0,0,43,0,0,0,0,0,0,0,0,0,0,72,65,0;0,78,0,0,0,0,26,0,0,0,59,0,73,0,0,55,0,37,78,0,0,67,0,76,0,0,0,0,0,42;0,0,0,0,0,0,0,0,0,0,0,0,0,21,0,0,0,0,0,0,0,0,0,71,71,36,0,0,0,77;0,22,21,0,0,51,35,0,0,0,0,0,61,34,0,0,0,0,0,0,0,0,0,76,31,41,0,0,0,0;0,0,0,26,0,0,0,0,0,0,59,58,0,0,0,0,0,0,33,0,0,0,37,0,0,0,0,79,70,0;0,0,0,0,0,0,0,27,0,0,80,45,0,0,0,0,0,0,0,41,0,0,0,0,0,80,0,0,0,80;57,20,0,0,0,34,0,35,0,0,54,28,0,0,0,0,0,0,0,63,0,0,0,0,0,0,0,32,0,0;69,0,0,0,0,0,0,0,0,0,0,0,68,0,22,74,40,42,73,0,60,0,0,0,64,0,0,0,0,0;0,0,0,55,48,25,58,0,0,54,43,0,0,0,0,0,0,0,72,35,0,0,0,79,0,66,72,0,50,0;35,0,0,0,0,0,0,0,31,0,0,0,0,0,68,0,56,0,0,63,0,48,0,0,0,48,0,0,0,30;0,0,0,0,37,0,26,21,0,0,0,62,0,0,25,60,69,0,20,0,32,45,0,0,0,0,32,0,0,0
0,0,0,0,0,0,0,35,25,0,0,39,20,21,0,27,0,34,33,38,0,28,0,28,0,0,0,0,0,0;0,0,35,0,34,0,0,0,0,20,31,0,0,38,0,0,34,35,0,0,0,29,0,0,0,31,0,20,24,0;30,0,0,0,20,38,0,0,0,0,0,0,0,0,0,0,0,0,21,0,0,0,0,35,22,0,0,0,26,0;26,36,0,0,0,0,0,0,0,24,0,0,25,0,0,0,0,0,0,0,21,0,0,0,0,0,38,0,0,0;29,0,0,25,0,0,0,0,0,0,20,26,37,0,0,0,20,0,0,40,0,0,31,39,35,0,0,0,0,0;0,0,0,0,24,0,33,21,0,33,0,34,39,0,0,0,0,0,0,0,0,0,0,34,0,27,0,0,0,24;37,0,0,0,0,0,0,37,0,0,26,0,0,0,0,0,0,0,0,0,29,0,0,25,0,0,0,34,0,0;0,26,37,40,38,0,0,0,0,26,24,0,0,0,0,20,0,0,0,0,0,23,0,39,0,0,0,0,0,0;0,0,0,0,0,0,23,0,0,0,0,0,0,34,0,0,0,0,0,40,0,0,23,0,0,0,0,0,0,0;0,27,0,0,29,28,29,0,0,0,0,25,31,0,0,37,0,0,0,21,39,30,0,32,0,0,0,0,0,0;0,0,38,0,0,0,36,0,23,38,0,0,0,0,0,0,0,33,0,0,0,0,0,0,0,0,0,24,0,0;0,0,0,0,0,20,0,0,30,0,0,0,20,0,22,34,0,0,0,0,29,0,0,0,24,0,0,27,0,0;0,0,26,20,0,23,0,33,0,25,25,33,0,0,0,0,0,0,0,0,0,0,0,0,0,0,31,35,31,0;22,0,0,30,0,0,36,0,0,26,0,39,36,0,33,0,0,31,33,21,0,0,35,26,0,0,23,33,0,0;0,28,0,27,0,0,0,0,20,0,0,0,0,0,0,31,0,0,0,0,0,0,0,32,31,0,0,0,36,0;24,0,0,0,22,23,0,26,0,0,0,22,40,0,0,0,25,0,0,0,0,0,31,0,0,0,0,0,0,38;0,24,0,27,0,0,0,0,37,0,0,23,0,0,0,0,0,30,20,36,0,36,0,0,0,0,22,0,37,0;0,0,24,0,0,36,35,0,0,0,35,0,0,0,38,0,0,0,25,0,40,0,25,0,0,0,0,0,31,0;33,0,0,0,0,37,34,0,0,24,34,0,0,25,0,38,0,0,0,26,23,0,0,0,27,0,0,25,0,0;0,0,0,0,40,0,0,20,23,0,0,27,0,24,0,0,21,0,0,0,0,0,0,0,0,0,0,36,34,0;0,23,0,0,0,0,39,0,0,0,34,0,32,0,0,24,0,33,36,0,0,25,0,23,0,0,0,0,0,26;0,0,0,0,0,0,0,0,0,0,0,0,0,23,0,0,0,0,0,0,0,0,0,40,37,26,0,0,0,26;0,28,22,0,0,37,20,0,0,0,0,0,39,35,0,0,0,0,0,0,0,0,0,38,32,27,0,0,0,0;0,0,0,28,0,0,0,0,0,0,22,37,0,0,0,0,0,0,28,0,0,0,39,0,0,0,0,23,35,0;0,0,0,0,0,0,0,29,0,0,26,21,0,0,0,0,0,0,0,36,0,0,0,0,0,28,0,0,0,37;20,27,0,0,0,28,0,24,0,0,33,32,0,0,0,0,0,0,0,26,0,0,0,0,0,0,0,30,0,0;37,0,0,0,0,0,0,0,0,0,0,0,22,0,27,21,37,39,34,0,38,0,0,0,20,0,0,0,0,0;0,0,0,36,27,37,20,0,0,33,32,0,0,0,0,0,0,0,24,26,0,0,0,38,0,28,27,0,25,0;22,0,0,0,0,0,0,0,40,0,0,0,0,0,22,0,23,0,0,25,0,27,0,0,0,32,0,0,0,23;0,0,0,0,38,0,38,29,0,0,0,24,0,0,40,40,22,0,35,0,22,22,0,0,0,0,25,0,0,0
-8,11,0,0,13,0,0,0,0,20,-29,-42,27,0,0,0,0,0,0,16,0,0,28,-56,0,0,20,0,0,0
------------- End of Scenario k = 14 -------
0,0,0,0,0,0,0,45,35,0,0,51,57,29,0,72,0,25,51,36,0,23,0,75,0,0,0,0,0,0;0,0,80,0,29,0,0,0,0,54,67,0,0,53,0,0,42,20,0,0,0,30,0,0,0,61,0,42,27,0;32,0,0,0,73,32,0,0,0,0,0,0,0,0,0,0,0,0,62,0,0,0,0,26,67,0,0,0,44,0;80,45,0,0,0,0,0,0,0,52,0,0,57,0,0,0,0,0,0,0,23,0,0,0,0,0,57,0,0,0;35,0,0,50,0,0,0,0,0,0,80,66,51,0,0,0,21,0,0,22,0,0,20,48,24,0,0,0,0,0;0,0,0,0,20,0,80,43,0,72,0,80,60,0,0,0,0,0,0,0,0,0,0,31,0,60,0,0,0,53;80,0,0,0,0,0,0,76,0,0,48,0,0,0,0,0,0,0,0,0,59,0,0,65,0,0,0,43,0,0;0,56,60,76,68,0,0,0,0,48,49,0,0,0,0,49,0,0,0,0,0,27,0,30,0,0,0,0,0,0;0,0,0,0,0,0,31,0,0,0,0,0,0,74,0,0,0,0,0,50,0,0,72,0,0,0,0,0,0,0;0,58,0,0,46,80,42,0,0,0,0,80,54,0,0,75,0,0,0,35,28,64,0,80,0,0,0,0,0,0;0,0,61,0,0,0,80,0,20,38,0,0,0,0,0,0,0,39,0,0,0,0,0,0,0,0,0,40,0,0;0,0,0,0,0,65,0,0,57,0,0,0,78,0,29,26,0,0,0,0,34,0,0,0,71,0,0,74,0,0;0,0,79,70,0,65,0,67,0,77,59,29,0,0,0,0,0,0,0,0,0,0,0,0,0,0,29,62,70,0;73,0,0,33,0,0,38,0,0,61,0,80,52,0,58,0,0,58,48,34,0,0,79,46,0,0,32,53,0,0;0,68,0,31,0,0,0,0,24,0,0,0,0,0,0,74,0,0,0,0,0,0,0,44,53,0,0,0,58,0;63,0,0,0,42,54,0,22,0,0,0,51,38,0,0,0,52,0,0,0,0,0,64,0,0,0,0,0,0,41;0,63,0,29,0,0,0,0,46,0,0,80,0,0,0,0,0,80,27,28,0,65,0,0,0,0,65,0,46,0;0,0,47,0,0,28,36,0,0,0,69,0,0,0,75,0,0,0,80,0,72,0,64,0,0,0,0,0,60,0;34,0,0,0,0,51,55,0,0,39,57,0,0,43,0,74,0,0,0,21,80,0,0,0,21,0,0,44,0,0;0,0,0,0,36,0,0,58,80,0,0,80,0,78,0,0,32,0,0,0,0,0,0,0,0,0,0,67,54,0;0,60,0,0,0,0,67,0,0,0,33,0,72,0,0,33,0,35,58,0,0,48,0,77,0,0,0,0,0,54;0,0,0,0,0,0,0,0,0,0,0,0,0,73,0,0,0,0,0,0,0,0,0,54,75,21,0,0,0,24;0,58,77,0,0,35,27,0,0,0,0,0,72,80,0,0,0,0,0,0,0,0,0,64,23,22,0,0,0,0;0,0,0,21,0,0,0,0,0,0,46,76,0,0,0,0,0,0,32,0,0,0,56,0,0,0,0,79,72,0;0,0,0,0,0,0,0,64,0,0,80,74,0,0,0,0,0,0,0,72,0,0,0,0,0,77,0,0,0,36;72,68,0,0,0,57,0,75,0,0,64,64,0,0,0,0,0,0,0,41,0,0,0,0,0,0,0,80,0,0;44,0,0,0,0,0,0,0,0,0,0,0,71,0,43,34,24,56,68,0,28,0,0,0,57,0,0,0,0,0;0,0,0,71,59,77,50,0,0,49,43,0,0,0,0,0,0,0,25,46,0,0,0,45,0,37,49,0,80,0;27,0,0,0,0,0,0,0,63,0,0,0,0,0,43,0,56,0,0,46,0,49,0,0,0,56,0,0,0,80;0,0,0,0,70,0,27,31,0,0,0,70,0,0,69,44,52,0,25,0,48,50,0,0,0,0,53,0,0,0
0,0,0,0,0,0,0,30,22,0,0,39,40,26,0,32,0,40,22,35,0,20,0,21,0,0,0,0,0,0;0,0,33,0,24,0,0,0,0,33,23,0,0,33,0,0,38,28,0,0,0,20,0,0,0,39,0,27,33,0;29,0,0,0,35,32,0,0,0,0,0,0,0,0,0,0,0,0,24,0,0,0,0,31,31,0,0,0,26,0;33,35,0,0,0,0,0,0,0,34,0,0,25,0,0,0,0,0,0,0,27,0,0,0,0,0,40,0,0,0;39,0,0,33,0,0,0,0,0,0,27,36,22,0,0,0,30,0,0,29,0,0,35,37,27,0,0,0,0,0;0,0,0,0,27,0,39,38,0,36,0,31,28,0,0,0,0,0,0,0,0,0,0,23,0,24,0,0,0,37;39,0,0,0,0,0,0,26,0,0,33,0,0,0,0,0,0,0,0,0,23,0,0,21,0,0,0,29,0,0;0,24,21,38,34,0,0,0,0,38,24,0,0,0,0,33,0,0,0,0,0,31,0,39,0,0,0,0,0,0;0,0,0,0,0,0,29,0,0,0,0,0,0,34,0,0,0,0,0,32,0,0,22,0,0,0,0,0,0,0;0,31,0,0,25,31,30,0,0,0,0,40,21,0,0,37,0,0,0,39,21,26,0,29,0,0,0,0,0,0;0,0,35,0,0,0,38,0,40,25,0,0,0,0,0,0,0,40,0,0,0,0,0,0,0,0,0,26,0,0;0,0,0,0,0,29,0,0,32,0,0,0,29,0,24,38,0,0,0,0,40,0,0,0,34,0,0,30,0,0;0,0,23,34,0,20,0,38,0,39,39,32,0,0,0,0,0,0,0,0,0,0,0,0,0,0,33,32,38,0;27,0,0,27,0,0,39,0,0,35,0,31,24,0,38,0,0,35,20,40,0,0,25,30,0,0,20,26,0,0;0,28,0,22,0,0,0,0,33,0,0,0,0,0,0,22,0,0,0,0,0,0,0,30,33,0,0,0,32,0;32,0,0,0,20,20,0,32,0,0,0,33,30,0,0,0,30,0,0,0,0,0,21,0,0,0,0,0,0,31;0,33,0,20,0,0,0,0,21,0,0,36,0,0,0,0,0,33,33,34,0,25,0,0,0,0,30,0,40,0;0,0,22,0,0,28,31,0,0,0,24,0,0,0,39,0,0,0,33,0,31,0,21,0,0,0,0,0,25,0;26,0,0,0,0,39,29,0,0,32,29,0,0,31,0,28,0,0,0,25,29,0,0,0,39,0,0,25,0,0;0,0,0,0,22,0,0,22,24,0,0,38,0,28,0,0,33,0,0,0,0,0,0,0,0,0,0,35,20,0;0,24,0,0,0,0,27,0,0,0,37,0,27,0,0,36,0,37,30,0,0,39,0,33,0,0,0,0,0,32;0,0,0,0,0,0,0,0,0,0,0,0,0,30,0,0,0,0,0,0,0,0,0,32,35,36,0,0,0,24;0,38,38,0,0,38,33,0,0,0,0,0,34,34,0,0,0,0,0,0,0,0,0,20,24,27,0,0,0,0;0,0,0,20,0,0,0,0,0,0,38,22,0,0,0,0,0,0,33,0,0,0,36,0,0,0,0,22,40,0;0,0,0,0,0,0,0,38,0,0,36,33,0,0,0,0,0,0,0,23,0,0,0,0,0,38,0,0,0,36;25,31,0,0,0,22,0,40,0,0,31,31,0,0,0,0,0,0,0,35,0,0,0,0,0,0,0,32,0,0;22,0,0,0,0,0,0,0,0,0,0,0,20,0,24,32,29,24,38,0,21,0,0,0,35,0,0,0,0,0;0,0,0,32,40,33,27,0,0,28,22,0,0,0,0,0,0,0,20,21,0,0,0,28,0,35,25,0,34,0;27,0,0,0,0,0,0,0,27,0,0,0,0,0,23,0,32,0,0,22,0,31,0,0,0,22,0,0,0,34;0,0,0,0,30,0,24,20,0,0,0,32,0,0,27,39,21,0,25,0,38,34,0,0,0,0,23,0,0,0
-15,13,0,0,13,0,0,0,0,27,-46,-36,22,0,0,0,0,0,0,17,0,0,10,-34,0,0,29,0,0,0
------------- End of Scenario k = 15 -------
0,0,0,0,0,0,0,44,20,0,0,34,62,72,0,79,0,22,74,59,0,60,0,70,0,0,0,0,0,0;0,0,80,0,66,0,0,0,0,79,80,0,0,34,0,0,53,64,0,0,0,78,0,0,0,20,0,29,70,0;71,0,0,0,73,80,0,0,0,0,0,0,0,0,0,0,0,0,36,0,0,0,0,77,31,0,0,0,67,0;80,65,0,0,0,0,0,0,0,26,0,0,68,0,0,0,0,0,0,0,38,0,0,0,0,0,69,0,0,0;48,0,0,80,0,0,0,0,0,0,80,80,47,0,0,0,41,0,0,79,0,0,46,53,39,0,0,0,0,0;0,0,0,0,25,0,80,74,0,72,0,40,52,0,0,0,0,0,0,0,0,0,0,30,0,43,0,0,0,21;58,0,0,0,0,0,0,38,0,0,50,0,0,0,0,0,0,0,0,0,80,0,0,61,0,0,0,34,0,0;0,27,26,32,78,0,0,0,0,61,64,0,0,0,0,41,0,0,0,0,0,39,0,80,0,0,0,0,0,0;0,0,0,0,0,0,36,0,0,0,0,0,0,52,0,0,0,0,0,37,0,0,65,0,0,0,0,0,0,0;0,57,0,0,61,80,22,0,0,0,0,41,73,0,0,66,0,0,0,20,64,36,0,54,0,0,0,0,0,0;0,0,56,0,0,0,76,0,62,33,0,0,0,0,0,0,0,54,0,0,0,0,0,0,0,0,0,58,0,0;0,0,0,0,0,39,0,0,51,0,0,0,63,0,62,53,0,0,0,0,55,0,0,0,37,0,0,23,0,0;0,0,69,26,0,46,0,80,0,39,73,30,0,0,0,0,0,0,0,0,0,0,0,0,0,0,52,61,67,0;66,0,0,59,0,0,61,0,0,45,0,45,71,0,80,0,0,55,77,36,0,0,63,22,0,0,23,39,0,0;0,73,0,66,0,0,0,0,38,0,0,0,0,0,0,23,0,0,0,0,0,0,0,25,67,0,0,0,48,0;66,0,0,0,68,70,0,36,0,0,0,72,64,0,0,0,32,0,0,0,0,0,29,0,0,0,0,0,0,51;0,25,0,77,0,0,0,0,35,0,0,80,0,0,0,0,0,80,64,58,0,41,0,0,0,0,43,0,77,0;0,0,64,0,0,74,70,0,0,0,71,0,0,0,24,0,0,0,80,0,69,0,42,0,0,0,0,0,71,0;27,0,0,0,0,76,60,0,0,55,53,0,0,38,0,76,0,0,0,65,30,0,0,0,36,0,0,30,0,0;0,0,0,0,24,0,0,46,60,0,0,80,0,47,0,0,24,0,0,0,0,0,0,0,0,0,0,64,44,0;0,66,0,0,0,0,56,0,0,0,65,0,27,0,0,63,0,42,61,0,0,24,0,25,0,0,0,0,0,32;0,0,0,0,0,0,0,0,0,0,0,0,0,24,0,0,0,0,0,0,0,0,0,69,33,49,0,0,0,37;0,30,72,0,0,47,26,0,0,0,0,0,27,80,0,0,0,0,0,0,0,0,0,80,63,34,0,0,0,0;0,0,0,35,0,0,0,0,0,0,37,48,0,0,0,0,0,0,63,0,0,0,20,0,0,0,0,24,32,0;0,0,0,0,0,0,0,28,0,0,66,62,0,0,0,0,0,0,0,35,0,0,0,0,0,80,0,0,0,69;20,61,0,0,0,53,0,53,0,0,75,37,0,0,0,0,0,0,0,51,0,0,0,0,0,0,0,31,0,0;71,0,0,0,0,0,0,0,0,0,0,0,22,0,79,49,49,29,23,0,35,0,0,0,62,0,0,0,0,0;0,0,0,37,63,50,26,0,0,25,70,0,0,0,0,0,0,0,27,31,0,0,0,34,0,53,54,0,80,0;25,0,0,0,0,0,0,0,68,0,0,0,0,0,40,0,56,0,0,65,0,48,0,0,0,45,0,0,0,80;0,0,0,0,30,0,69,73,0,0,0,76,0,0,50,56,27,0,80,0,57,50,0,0,0,0,65,0,0,0
0,0,0,0,0,0,0,33,21,0,0,37,35,40,0,27,0,29,37,32,0,21,0,40,0,0,0,0,0,0;0,0,38,0,35,0,0,0,0,34,35,0,0,29,0,0,27,30,0,0,0,20,0,0,0,31,0,35,22,0;23,0,0,0,21,36,0,0,0,0,0,0,0,0,0,0,0,0,34,0,0,0,0,21,23,0,0,0,25,0;28,32,0,0,0,0,0,0,0,30,0,0,37,0,0,0,0,0,0,0,29,0,0,0,0,0,28,0,0,0;38,0,0,39,0,0,0,0,0,0,39,29,35,0,0,0,25,0,0,21,0,0,22,34,22,0,0,0,0,0;0,0,0,0,22,0,22,40,0,33,0,22,30,0,0,0,0,0,0,0,0,0,0,38,0,24,0,0,0,24;38,0,0,0,0,0,0,24,0,0,20,0,0,0,0,0,0,0,0,0,27,0,0,23,0,0,0,29,0,0;0,27,20,31,38,0,0,0,0,40,33,0,0,0,0,30,0,0,0,0,0,37,0,13,0,0,0,0,0,0;0,0,0,0,0,0,38,0,0,0,0,0,0,23,0,0,0,0,0,27,0,0,34,0,0,0,0,0,0,0;0,36,0,0,33,29,33,0,0,0,0,30,26,0,0,37,0,0,0,26,22,34,0,29,0,0,0,0,0,0;0,0,21,0,0,0,27,0,20,31,0,0,0,0,0,0,0,24,0,0,0,0,0,0,0,0,0,23,0,0;0,0,0,0,0,38,0,0,24,0,0,0,38,0,21,21,0,0,0,0,30,0,0,0,34,0,0,20,0,0;0,0,23,37,0,37,0,37,0,24,31,33,0,0,0,0,0,0,0,0,0,0,0,0,0,0,27,23,33,0;25,0,0,26,0,0,39,0,0,28,0,20,39,0,36,0,0,40,39,40,0,0,35,22,0,0,31,34,0,0;0,21,0,31,0,0,0,0,30,0,0,0,0,0,0,21,0,0,0,0,0,0,0,26,23,0,0,0,26,0;27,0,0,0,40,36,0,31,0,0,0,29,28,0,0,0,24,0,0,0,0,0,20,0,0,0,0,0,0,40;0,21,0,40,0,0,0,0,25,0,0,39,0,0,0,0,0,39,39,32,0,28,0,0,0,0,20,0,32,0;0,0,30,0,0,29,38,0,0,0,37,0,0,0,21,0,0,0,38,0,31,0,25,0,0,0,0,0,23,0;27,0,0,0,0,28,32,0,0,39,29,0,0,29,0,21,0,0,0,40,34,0,0,0,26,0,0,30,0,0;0,0,0,0,22,0,0,20,36,0,0,23,0,31,0,0,26,0,0,0,0,0,0,0,0,0,0,23,39,0;0,31,0,0,0,0,24,0,0,0,20,0,28,0,0,27,0,33,34,0,0,29,0,30,0,0,0,0,0,20;0,0,0,0,0,0,0,0,0,0,0,0,0,35,0,0,0,0,0,0,0,0,0,28,40,34,0,0,0,29;0,24,26,0,0,34,38,0,0,0,0,0,20,35,0,0,0,0,0,0,0,0,0,38,27,20,0,0,0,0;0,0,0,22,0,0,0,0,0,0,31,20,0,0,0,0,0,0,30,0,0,0,33,0,0,0,0,37,28,0;0,0,0,0,0,0,0,29,0,0,26,20,0,0,0,0,0,0,0,37,0,0,0,0,0,37,0,0,0,26;28,27,0,0,0,34,0,33,0,0,27,35,0,0,0,0,0,0,0,34,0,0,0,0,0,0,0,29,0,0;20,0,0,0,0,0,0,0,0,0,0,0,21,0,21,28,33,37,36,0,38,0,0,0,39,0,0,0,0,0;0,0,0,22,29,34,25,0,0,21,33,0,0,0,0,0,0,0,22,39,0,0,0,26,0,20,25,0,39,0;21,0,0,0,0,0,0,0,25,0,0,0,0,0,27,0,22,0,0,37,0,39,0,0,0,21,0,0,0,38;0,0,0,0,24,0,25,21,0,0,0,35,0,0,33,25,32,0,32,0,27,34,0,0,0,0,36,0,0,0
-6,21,0,0,15,0,0,0,0,16,-47,-50,10,0,0,0,0,0,0,23,0,0,16,-21,0,0,23,0,0,0
------------- End of Scenario k = 16 -------
0,0,0,0,0,0,0,56,33,0,0,46,45,26,0,61,0,76,35,61,0,71,0,56,0,0,0,0,0,0;0,0,46,0,25,0,0,0,0,49,36,0,0,75,0,0,22,33,0,0,0,55,0,0,0,38,0,27,47,0;21,0,0,0,32,49,0,0,0,0,0,0,0,0,0,0,0,0,68,0,0,0,0,20,31,0,0,0,42,0;80,64,0,0,0,0,0,0,0,67,0,0,61,0,0,0,0,0,0,0,45,0,0,0,0,0,53,0,0,0;66,0,0,37,0,0,0,0,0,0,80,62,47,0,0,0,21,0,0,64,0,0,42,38,80,0,0,0,0,0;0,0,0,0,28,0,35,65,0,20,0,29,52,0,0,0,0,0,0,0,0,0,0,44,0,68,0,0,0,43;23,0,0,0,0,0,0,22,0,0,28,0,0,0,0,0,0,0,0,0,78,0,0,45,0,0,0,66,0,0;0,60,49,31,52,0,0,0,0,62,58,0,0,0,0,46,0,0,0,0,0,63,0,73,0,0,0,0,0,0;0,0,0,0,0,0,38,0,0,0,0,0,0,52,0,0,0,0,0,76,0,0,57,0,0,0,0,0,0,0;0,57,0,0,70,53,25,0,0,0,0,73,38,0,0,46,0,0,0,28,30,45,0,80,0,0,0,0,0,0;0,0,39,0,0,0,24,0,45,37,0,0,0,0,0,0,0,23,0,0,0,0,0,0,0,0,0,39,0,0;0,0,0,0,0,32,0,0,34,0,0,0,59,0,49,35,0,0,0,0,76,0,0,0,79,0,0,58,0,0;0,0,23,23,0,71,0,80,0,45,37,43,0,0,0,0,0,0,0,0,0,0,0,0,0,0,38,49,51,0;37,0,0,62,0,0,63,0,0,33,0,80,70,0,80,0,0,26,28,52,0,0,63,36,0,0,43,47,0,0;0,55,0,22,0,0,0,0,50,0,0,0,0,0,0,52,0,0,0,0,0,0,0,27,33,0,0,0,78,0;49,0,0,0,67,43,0,34,0,0,0,65,22,0,0,0,80,0,0,0,0,0,62,0,0,0,0,0,0,76;0,48,0,80,0,0,0,0,31,0,0,80,0,0,0,0,0,35,43,71,0,71,0,0,0,0,63,0,24,0;0,0,35,0,0,38,36,0,0,0,68,0,0,0,31,0,0,0,67,0,37,0,76,0,0,0,0,0,26,0;80,0,0,0,0,66,60,0,0,51,79,0,0,37,0,30,0,0,0,65,80,0,0,0,34,0,0,33,0,0;0,0,0,0,59,0,0,27,65,0,0,80,0,64,0,0,20,0,0,0,0,0,0,0,0,0,0,35,43,0;0,46,0,0,0,0,56,0,0,0,26,0,26,0,0,30,0,37,79,0,0,55,0,49,0,0,0,0,0,38;0,0,0,0,0,0,0,0,0,0,0,0,0,27,0,0,0,0,0,0,0,0,0,42,80,24,0,0,0,42;0,77,60,0,0,58,52,0,0,0,0,0,76,80,0,0,0,0,0,0,0,0,0,80,34,78,0,0,0,0;0,0,0,80,0,0,0,0,0,0,78,32,0,0,0,0,0,0,70,0,0,0,61,0,0,0,0,53,56,0;0,0,0,0,0,0,0,67,0,0,37,40,0,0,0,0,0,0,0,39,0,0,0,0,0,46,0,0,0,24;76,51,0,0,0,35,0,32,0,0,38,53,0,0,0,0,0,0,0,41,0,0,0,0,0,0,0,80,0,0;33,0,0,0,0,0,0,0,0,0,0,0,25,0,45,58,75,79,38,0,49,0,0,0,41,0,0,0,0,0;0,0,0,75,53,31,34,0,0,21,75,0,0,0,0,0,0,0,20,68,0,0,0,28,0,58,80,0,73,0;71,0,0,0,0,0,0,0,73,0,0,0,0,0,32,0,65,0,0,58,0,52,0,0,0,76,0,0,0,75;0,0,0,0,20,0,21,55,0,0,0,57,0,0,23,64,45,0,44,0,60,49,0,0,0,0,56,0,0,0
0,0,0,0,0,0,0,29,37,0,0,35,32,21,0,37,0,38,36,32,0,38,0,40,0,0,0,0,0,0;0,0,33,0,39,0,0,0,0,29,26,0,0,37,0,0,27,36,0,0,0,28,0,0,0,38,0,34,36,0;26,0,0,0,20,29,0,0,0,0,0,0,0,0,0,0,0,0,35,0,0,0,0,36,26,0,0,0,20,0;28,20,0,0,0,0,0,0,0,31,0,0,33,0,0,0,0,0,0,0,22,0,0,0,0,0,21,0,0,0;31,0,0,24,0,0,0,0,0,0,21,24,30,0,0,0,28,0,0,39,0,0,28,20,36,0,0,0,0,0;0,0,0,0,31,0,19,22,0,29,0,40,24,0,0,0,0,0,0,0,0,0,0,31,0,22,0,0,0,20;30,0,0,0,0,0,0,24,0,0,34,0,0,0,0,0,0,0,0,0,26,0,0,31,0,0,0,28,0,0;0,31,22,35,26,0,0,0,0,31,31,0,0,0,0,27,0,0,0,0,0,24,0,31,0,0,0,0,0,0;0,0,0,0,0,0,20,0,0,0,0,0,0,33,0,0,0,0,0,30,0,0,34,0,0,0,0,0,0,0;0,36,0,0,20,23,34,0,0,0,0,40,23,0,0,40,0,0,0,28,26,26,0,40,0,0,0,0,0,0;0,0,26,0,0,0,38,0,38,23,0,0,0,0,0,0,0,24,0,0,0,0,0,0,0,0,0,21,0,0;0,0,0,0,0,25,0,0,24,0,0,0,29,0,26,28,0,0,0,0,32,0,0,0,32,0,0,20,0,0;0,0,33,20,0,29,0,35,0,31,21,30,0,0,0,0,0,0,0,0,0,0,0,0,0,0,22,34,35,0;21,0,0,20,0,0,22,0,0,26,0,29,24,0,40,0,0,21,27,23,0,0,28,23,0,0,27,28,0,0;0,20,0,31,0,0,0,0,31,0,0,0,0,0,0,21,0,0,0,0,0,0,0,22,26,0,0,0,26,0;35,0,0,0,36,30,0,23,0,0,0,25,34,0,0,0,31,0,0,0,0,0,27,0,0,0,0,0,0,35;0,33,0,22,0,0,0,0,24,0,0,35,0,0,0,0,0,28,20,33,0,20,0,0,0,0,36,0,33,0;0,0,24,0,0,27,35,0,0,0,26,0,0,0,27,0,0,0,27,0,21,0,27,0,0,0,0,0,26,0;28,0,0,0,0,29,22,0,0,27,20,0,0,27,0,35,0,0,0,31,40,0,0,0,23,0,0,25,0,0;0,0,0,0,29,0,0,32,33,0,0,23,0,35,0,0,37,0,0,0,0,0,0,0,0,0,0,30,21,0;0,32,0,0,0,0,24,0,0,0,38,0,35,0,0,23,0,22,26,0,0,30,0,29,0,0,0,0,0,22;0,0,0,0,0,0,0,0,0,0,0,0,0,40,0,0,0,0,0,0,0,0,0,25,24,29,0,0,0,28;0,24,35,0,0,36,21,0,0,0,0,0,23,21,0,0,0,0,0,0,0,0,0,21,36,34,0,0,0,0;0,0,0,39,0,0,0,0,0,0,20,24,0,0,0,0,0,0,24,0,0,0,31,0,0,0,0,29,21,0;0,0,0,0,0,0,0,21,0,0,37,37,0,0,0,0,0,0,0,37,0,0,0,0,0,33,0,0,0,23;28,28,0,0,0,26,0,39,0,0,21,28,0,0,0,0,0,0,0,40,0,0,0,0,0,0,0,25,0,0;33,0,0,0,0,0,0,0,0,0,0,0,22,0,23,28,23,33,33,0,35,0,0,0,28,0,0,0,0,0;0,0,0,32,28,21,20,0,0,36,21,0,0,0,0,0,0,0,33,29,0,0,0,29,0,24,37,0,40,0;36,0,0,0,0,0,0,0,29,0,0,0,0,0,39,0,27,0,0,20,0,27,0,0,0,26,0,0,0,30;0,0,0,0,26,0,32,28,0,0,0,32,0,0,40,34,25,0,37,0,31,36,0,0,0,0,22,0,0,0
-12,26,0,0,18,0,0,0,0,17,-61,-45,18,0,0,0,0,0,0,23,0,0,18,-26,0,0,24,0,0,0
------------- End of Scenario k = 17 -------
0,0,0,0,0,0,0,69,71,0,0,48,49,33,0,41,0,21,41,44,0,26,0,50,0,0,0,0,0,0;0,0,80,0,58,0,0,0,0,77,80,0,0,72,0,0,50,67,0,0,0,43,0,0,0,62,0,46,39,0;45,0,0,0,43,48,0,0,0,0,0,0,0,0,0,0,0,0,32,0,0,0,0,24,80,0,0,0,72,0;80,49,0,0,0,0,0,0,0,74,0,0,43,0,0,0,0,0,0,0,27,0,0,0,0,0,41,0,0,0;24,0,0,80,0,0,0,0,0,0,80,80,52,0,0,0,67,0,0,48,0,0,50,52,39,0,0,0,0,0;0,0,0,0,59,0,50,36,0,78,0,59,28,0,0,0,0,0,0,0,0,0,0,71,0,39,0,0,0,28;80,0,0,0,0,0,0,26,0,0,55,0,0,0,0,0,0,0,0,0,29,0,0,52,0,0,0,52,0,0;0,54,38,28,20,0,0,0,0,22,52,0,0,0,0,63,0,0,0,0,0,48,0,80,0,0,0,0,0,0;0,0,0,0,0,0,49,0,0,0,0,0,0,34,0,0,0,0,0,39,0,0,59,0,0,0,0,0,0,0;0,40,0,0,51,80,53,0,0,0,0,59,51,0,0,20,0,0,0,58,36,77,0,80,0,0,0,0,0,0;0,0,43,0,0,0,30,0,28,77,0,0,0,0,0,0,0,50,0,0,0,0,0,0,0,0,0,35,0,0;0,0,0,0,0,41,0,0,33,0,0,0,28,0,59,46,0,0,0,0,21,0,0,0,69,0,0,59,0,0;0,0,75,20,0,48,0,80,0,50,57,49,0,0,0,0,0,0,0,0,0,0,0,0,0,0,20,24,74,0;66,0,0,42,0,0,65,0,0,22,0,54,39,0,55,0,0,27,58,27,0,0,73,78,0,0,20,62,0,0;0,59,0,38,0,0,0,0,78,0,0,0,0,0,0,38,0,0,0,0,0,0,0,50,59,0,0,0,60,0;66,0,0,0,65,65,0,44,0,0,0,64,40,0,0,0,80,0,0,0,0,0,66,0,0,0,0,0,0,51;0,69,0,33,0,0,0,0,56,0,0,70,0,0,0,0,0,80,67,56,0,70,0,0,0,0,37,0,52,0;0,0,36,0,0,25,75,0,0,0,29,0,0,0,53,0,0,0,42,0,44,0,45,0,0,0,0,0,65,0;72,0,0,0,0,80,47,0,0,22,66,0,0,20,0,67,0,0,0,58,80,0,0,0,58,0,0,32,0,0;0,0,0,0,20,0,0,39,80,0,0,21,0,25,0,0,57,0,0,0,0,0,0,0,0,0,0,21,33,0;0,58,0,0,0,0,62,0,0,0,42,0,74,0,0,52,0,20,78,0,0,29,0,43,0,0,0,0,0,46;0,0,0,0,0,0,0,0,0,0,0,0,0,67,0,0,0,0,0,0,0,0,0,24,80,60,0,0,0,69;0,68,45,0,0,39,59,0,0,0,0,0,35,80,0,0,0,0,0,0,0,0,0,80,55,72,0,0,0,0;0,0,0,46,0,0,0,0,0,0,26,41,0,0,0,0,0,0,55,0,0,0,78,0,0,0,0,28,42,0;0,0,0,0,0,0,0,35,0,0,70,45,0,0,0,0,0,0,0,39,0,0,0,0,0,63,0,0,0,70;76,26,0,0,0,66,0,63,0,0,70,36,0,0,0,0,0,0,0,79,0,0,0,0,0,0,0,20,0,0;24,0,0,0,0,0,0,0,0,0,0,0,74,0,78,45,69,66,45,0,38,0,0,0,58,0,0,0,0,0;0,0,0,36,60,63,39,0,0,24,58,0,0,0,0,0,0,0,40,27,0,0,0,77,0,31,64,0,80,0;67,0,0,0,0,0,0,0,25,0,0,0,0,0,21,0,64,0,0,45,0,50,0,0,0,43,0,0,0,77;0,0,0,0,47,0,38,45,0,0,0,31,0,0,34,29,66,0,43,0,60,49,0,0,0,0,64,0,0,0
0,0,0,0,0,0,0,35,22,0,0,30,38,25,0,26,0,34,21,39,0,25,0,24,0,0,0,0,0,0;0,0,29,0,30,0,0,0,0,20,26,0,0,29,0,0,36,33,0,0,0,20,0,0,0,21,0,29,36,0;23,0,0,0,39,32,0,0,0,0,0,0,0,0,0,0,0,0,39,0,0,0,0,30,29,0,0,0,38,0;16,27,0,0,0,0,0,0,0,33,0,0,26,0,0,0,0,0,0,0,30,0,0,0,0,0,23,0,0,0;22,0,0,32,0,0,0,0,0,0,31,15,30,0,0,0,39,0,0,36,0,0,28,21,40,0,0,0,0,0;0,0,0,0,20,0,35,23,0,22,0,22,26,0,0,0,0,0,0,0,0,0,0,31,0,37,0,0,0,30;29,0,0,0,0,0,0,25,0,0,29,0,0,0,0,0,0,0,0,0,33,0,0,30,0,0,0,24,0,0;0,32,28,36,22,0,0,0,0,33,22,0,0,0,0,23,0,0,0,0,0,37,0,29,0,0,0,0,0,0;0,0,0,0,0,0,33,0,0,0,0,0,0,34,0,0,0,0,0,26,0,0,22,0,0,0,0,0,0,0;0,40,0,0,21,37,26,0,0,0,0,36,25,0,0,28,0,0,0,40,31,29,0,37,0,0,0,0,0,0;0,0,24,0,0,0,29,0,37,21,0,0,0,0,0,0,0,31,0,0,0,0,0,0,0,0,0,33,0,0;0,0,0,0,0,22,0,0,27,0,0,0,34,0,31,39,0,0,0,0,21,0,0,0,31,0,0,37,0,0;0,0,32,21,0,29,0,33,0,23,27,36,0,0,0,0,0,0,0,0,0,0,0,0,0,0,21,21,25,0;20,0,0,31,0,0,20,0,0,22,0,37,27,0,37,0,0,26,40,38,0,0,30,21,0,0,22,37,0,0;0,40,0,26,0,0,0,0,34,0,0,0,0,0,0,20,0,0,0,0,0,0,0,37,35,0,0,0,23,0;22,0,0,0,22,34,0,40,0,0,0,32,33,0,0,0,23,0,0,0,0,0,20,0,0,0,0,0,0,36;0,27,0,24,0,0,0,0,22,0,0,38,0,0,0,0,0,32,22,22,0,20,0,0,0,0,24,0,37,0;0,0,21,0,0,27,37,0,0,0,38,0,0,0,32,0,0,0,35,0,30,0,37,0,0,0,0,0,23,0;22,0,0,0,0,36,28,0,0,24,23,0,0,29,0,37,0,0,0,30,40,0,0,0,36,0,0,39,0,0;0,0,0,0,39,0,0,34,18,0,0,28,0,22,0,0,22,0,0,0,0,0,0,0,0,0,0,20,20,0;0,24,0,0,0,0,34,0,0,0,35,0,26,0,0,37,0,26,20,0,0,38,0,40,0,0,0,0,0,36;0,0,0,0,0,0,0,0,0,0,0,0,0,20,0,0,0,0,0,0,0,0,0,36,35,21,0,0,0,23;0,36,37,0,0,40,20,0,0,0,0,0,26,29,0,0,0,0,0,0,0,0,0,25,27,29,0,0,0,0;0,0,0,23,0,0,0,0,0,0,30,29,0,0,0,0,0,0,34,0,0,0,22,0,0,0,0,38,30,0;0,0,0,0,0,0,0,38,0,0,20,39,0,0,0,0,0,0,0,25,0,0,0,0,0,33,0,0,0,35;32,35,0,0,0,32,0,34,0,0,25,37,0,0,0,0,0,0,0,35,0,0,0,0,0,0,0,25,0,0;28,0,0,0,0,0,0,0,0,0,0,0,20,0,26,40,24,23,37,0,21,0,0,0,27,0,0,0,0,0;0,0,0,29,33,22,31,0,0,40,37,0,0,0,0,0,0,0,32,27,0,0,0,38,0,23,39,0,23,0;25,0,0,0,0,0,0,0,40,0,0,0,0,0,35,0,33,0,0,25,0,20,0,0,0,21,0,0,0,36;0,0,0,0,23,0,20,24,0,0,0,39,0,0,22,26,34,0,38,0,28,33,0,0,0,0,33,0,0,0
-10,19,0,0,13,0,0,0,0,29,-32,-46,22,0,0,0,0,0,0,16,0,0,14,-45,0,0,20,0,0,0
------------- End of Scenario k = 18 -------
0,0,0,0,0,0,0,69,61,0,0,54,49,68,0,45,0,53,42,52,0,30,0,62,0,0,0,0,0,0;0,0,30,0,54,0,0,0,0,23,27,0,0,20,0,0,75,67,0,0,0,32,0,0,0,61,0,42,69,0;59,0,0,0,79,72,0,0,0,0,0,0,0,0,0,0,0,0,63,0,0,0,0,71,33,0,0,0,64,0;53,22,0,0,0,0,0,0,0,20,0,0,30,0,0,0,0,0,0,0,27,0,0,0,0,0,23,0,0,0;72,0,0,80,0,0,0,0,0,0,35,24,66,0,0,0,78,0,0,24,0,0,23,48,69,0,0,0,0,0;0,0,0,0,74,0,80,20,0,79,0,35,49,0,0,0,0,0,0,0,0,0,0,67,0,27,0,0,0,62;54,0,0,0,0,0,0,35,0,0,42,0,0,0,0,0,0,0,0,0,79,0,0,63,0,0,0,26,0,0;0,35,70,66,46,0,0,0,0,42,37,0,0,0,0,74,0,0,0,0,0,30,0,80,0,0,0,0,0,0;0,0,0,0,0,0,71,0,0,0,0,0,0,55,0,0,0,0,0,28,0,0,80,0,0,0,0,0,0,0;0,72,0,0,48,80,32,0,0,0,0,71,62,0,0,41,0,0,0,80,37,77,0,23,0,0,0,0,0,0;0,0,24,0,0,0,37,0,71,55,0,0,0,0,0,0,0,60,0,0,0,0,0,0,0,0,0,43,0,0;0,0,0,0,0,40,0,0,50,0,0,0,24,0,23,41,0,0,0,0,78,0,0,0,46,0,0,33,0,0;0,0,31,67,0,64,0,46,0,27,76,35,0,0,0,0,0,0,0,0,0,0,0,0,0,0,64,66,28,0;73,0,0,72,0,0,68,0,0,62,0,80,46,0,80,0,0,64,61,76,0,0,49,21,0,0,63,39,0,0;0,28,0,36,0,0,0,0,29,0,0,0,0,0,0,53,0,0,0,0,0,0,0,34,39,0,0,0,42,0;68,0,0,0,62,40,0,62,0,0,0,73,52,0,0,0,80,0,0,0,0,0,24,0,0,0,0,0,0,67;0,36,0,71,0,0,0,0,40,0,0,80,0,0,0,0,0,80,42,78,0,73,0,0,0,0,52,0,46,0;0,0,42,0,0,32,38,0,0,0,71,0,0,0,69,0,0,0,80,0,53,0,68,0,0,0,0,0,48,0;52,0,0,0,0,75,68,0,0,36,22,0,0,50,0,53,0,0,0,59,56,0,0,0,65,0,0,65,0,0;0,0,0,0,30,0,0,25,80,0,0,80,0,72,0,0,26,0,0,0,0,0,0,0,0,0,0,36,43,0;0,72,0,0,0,0,52,0,0,0,27,0,37,0,0,59,0,50,37,0,0,80,0,20,0,0,0,0,0,70;0,0,0,0,0,0,0,0,0,0,0,0,0,45,0,0,0,0,0,0,0,0,0,65,80,27,0,0,0,31;0,44,71,0,0,57,48,0,0,0,0,0,39,80,0,0,0,0,0,0,0,0,0,30,75,58,0,0,0,0;0,0,0,69,0,0,0,0,0,0,71,32,0,0,0,0,0,0,65,0,0,0,26,0,0,0,0,52,32,0;0,0,0,0,0,0,0,28,0,0,80,76,0,0,0,0,0,0,0,75,0,0,0,0,0,74,0,0,0,72;63,71,0,0,0,60,0,73,0,0,43,58,0,0,0,0,0,0,0,77,0,0,0,0,0,0,0,80,0,0;36,0,0,0,0,0,0,0,0,0,0,0,76,0,40,80,43,61,72,0,45,0,0,0,76,0,0,0,0,0;0,0,0,58,41,56,77,0,0,48,47,0,0,0,0,0,0,0,58,44,0,0,0,33,0,47,64,0,80,0;47,0,0,0,0,0,0,0,63,0,0,0,0,0,32,0,23,0,0,27,0,36,0,0,0,78,0,0,0,63;0,0,0,0,47,0,44,65,0,0,0,20,0,0,45,44,52,0,53,0,79,47,0,0,0,0,67,0,0,0
0,0,0,0,0,0,0,40,20,0,0,40,20,31,0,29,0,20,28,33,0,33,0,38,0,0,0,0,0,0;0,0,38,0,28,0,0,0,0,32,27,0,0,35,0,0,27,20,0,0,0,20,0,0,0,35,0,29,28,0;31,0,0,0,34,26,0,0,0,0,0,0,0,0,0,0,0,0,29,0,0,0,0,39,24,0,0,0,29,0;27,38,0,0,0,0,0,0,0,37,0,0,30,0,0,0,0,0,0,0,22,0,0,0,0,0,34,0,0,0;28,0,0,24,0,0,0,0,0,0,22,37,22,0,0,0,35,0,0,23,0,0,29,20,23,0,0,0,0,0;0,0,0,0,21,0,32,32,0,34,0,36,40,0,0,0,0,0,0,0,0,0,0,34,0,33,0,0,0,21;30,0,0,0,0,0,0,23,0,0,37,0,0,0,0,0,0,0,0,0,25,0,0,33,0,0,0,21,0,0;0,21,22,20,34,0,0,0,0,29,20,0,0,0,0,24,0,0,0,0,0,23,0,23,0,0,0,0,0,0;0,0,0,0,0,0,25,0,0,0,0,0,0,35,0,0,0,0,0,31,0,0,31,0,0,0,0,0,0,0;0,32,0,0,23,38,31,0,0,0,0,32,31,0,0,34,0,0,0,40,34,31,0,33,0,0,0,0,0,0;0,0,20,0,0,0,37,0,29,23,0,0,0,0,0,0,0,39,0,0,0,0,0,0,0,0,0,20,0,0;0,0,0,0,0,27,0,0,22,0,0,0,30,0,38,32,0,0,0,0,33,0,0,0,36,0,0,20,0,0;0,0,29,40,0,32,0,18,0,28,30,23,0,0,0,0,0,0,0,0,0,0,0,0,0,0,39,33,20,0;39,0,0,33,0,0,24,0,0,32,0,33,36,0,38,0,0,27,36,36,0,0,26,23,0,0,40,32,0,0;0,25,0,31,0,0,0,0,35,0,0,0,0,0,0,37,0,0,0,0,0,0,0,38,40,0,0,0,22,0;34,0,0,0,35,39,0,31,0,0,0,21,28,0,0,0,33,0,0,0,0,0,21,0,0,0,0,0,0,30;0,31,0,20,0,0,0,0,39,0,0,25,0,0,0,0,0,39,21,39,0,21,0,0,0,0,21,0,27,0;0,0,29,0,0,35,34,0,0,0,21,0,0,0,39,0,0,0,27,0,28,0,36,0,0,0,0,0,21,0;23,0,0,0,0,39,24,0,0,26,21,0,0,36,0,40,0,0,0,35,30,0,0,0,22,0,0,31,0,0;0,0,0,0,31,0,0,33,29,0,0,32,0,21,0,0,21,0,0,0,0,0,0,0,0,0,0,21,20,0;0,38,0,0,0,0,22,0,0,0,21,0,36,0,0,38,0,39,33,0,0,26,0,36,0,0,0,0,0,35;0,0,0,0,0,0,0,0,0,0,0,0,0,33,0,0,0,0,0,0,0,0,0,28,24,35,0,0,0,24;0,28,24,0,0,20,27,0,0,0,0,0,22,33,0,0,0,0,0,0,0,0,0,32,33,21,0,0,0,0;0,0,0,29,0,0,0,0,0,0,22,36,0,0,0,0,0,0,31,0,0,0,35,0,0,0,0,29,27,0;0,0,0,0,0,0,0,20,0,0,24,20,0,0,0,0,0,0,0,33,0,0,0,0,0,26,0,0,0,27;32,32,0,0,0,38,0,37,0,0,35,37,0,0,0,0,0,0,0,25,0,0,0,0,0,0,0,33,0,0;33,0,0,0,0,0,0,0,0,0,0,0,32,0,21,31,21,40,40,0,39,0,0,0,23,0,0,0,0,0;0,0,0,35,20,25,30,0,0,35,20,0,0,0,0,0,0,0,22,27,0,0,0,25,0,36,24,0,40,0;33,0,0,0,0,0,0,0,23,0,0,0,0,0,23,0,30,0,0,26,0,34,0,0,0,24,0,0,0,35;0,0,0,0,24,0,35,28,0,0,0,40,0,0,23,22,37,0,24,0,22,38,0,0,0,0,26,0,0,0
-7,26,0,0,22,0,0,0,0,28,-43,-74,14,0,0,0,0,0,0,29,0,0,26,-45,0,0,24,0,0,0
------------- End of Scenario k = 19 -------
