/ -------------------------------------------------------------------------
An instance of the stochastic Fixed - charge Network Flow Problem using NETGEN.
/ -------------------------------------------------------------------------
Number of Nodes (no Dummy node is added), n
Graph Density, density
The fixed cost to variable cost ratio, f
Adjacency Matrix, A
Fixed Cost Matrix, c
Number of scenarios, K
Scenario Probabilities, p
----The following three rows will be repeated K times.----
Var Cost Matrix, d
Capacity, u
demand, b
/ -------------------------------------------------------------------------
+
10
0.3
200
0,0,0,0,1,0,0,0,0,0;1,0,1,0,0,0,0,1,0,0;0,0,0,1,0,0,0,1,0,0;1,0,0,0,1,0,0,0,1,1;0,0,0,1,0,1,0,0,0,0;0,0,1,1,0,0,1,0,0,0;1,0,1,1,0,0,0,1,0,0;0,0,0,1,0,0,1,0,0,0;1,0,1,0,0,0,0,0,0,0;0,0,0,0,0,1,1,1,1,0
0,0,0,0,9300,0,0,0,0,0;13619,0,12060,0,0,0,0,9726,0,0;0,0,0,12866,0,0,0,9100,0,0;9346,0,0,0,12513,0,0,0,11906,10680;0,0,0,9593,0,8826,0,0,0,0;0,0,10493,10740,0,0,10060,0,0,0;13460,0,10960,9040,0,0,0,13146,0,0;0,0,0,10126,0,0,9566,0,0,0;10620,0,10073,0,0,0,0,0,0,0;0,0,0,0,0,12266,12606,9113,9980,0
30
0.05,0.01,0.06,0.01,0.03,0.03,0.01,0.05,0.03,0.08,0.03,0.01,0.01,0.03,0.03,0.05,0.01,0.01,0.01,0.01,0.01,0.03,0.01,0.03,0.1,0.01,0.03,0.01,0.03,0.18
--Scenarios--
0,0,0,0,23,0,0,0,0,0;80,0,75,0,0,0,0,59,0,0;0,0,0,80,0,0,0,51,0,0;69,0,0,0,80,0,0,0,80,33;0,0,0,24,0,61,0,0,0,0;0,0,29,64,0,0,63,0,0,0;80,0,41,59,0,0,0,80,0,0;0,0,0,53,0,0,60,0,0,0;79,0,29,0,0,0,0,0,0,0;0,0,0,0,0,80,22,23,37,0
0,0,0,0,22,0,0,0,0,0;40,0,36,0,0,0,0,31,0,0;0,0,0,31,0,0,0,27,0,0;33,0,0,0,24,0,0,0,25,28;0,0,0,34,0,29,0,0,0,0;0,0,35,35,0,0,35,0,0,0;37,0,29,21,0,0,0,33,0,0;0,0,0,22,0,0,23,0,0,0;30,0,28,0,0,0,0,0,0,0;0,0,0,0,0,30,40,22,40,0
-17,23,0,0,0,-11,0,-11,-13,29
------------- End of Scenario k = 0 -------
0,0,0,0,49,0,0,0,0,0;80,0,80,0,0,0,0,24,0,0;0,0,0,80,0,0,0,53,0,0;24,0,0,0,60,0,0,0,38,60;0,0,0,51,0,51,0,0,0,0;0,0,79,55,0,0,27,0,0,0;80,0,74,21,0,0,0,80,0,0;0,0,0,46,0,0,28,0,0,0;75,0,74,0,0,0,0,0,0,0;0,0,0,0,0,80,80,63,38,0
0,0,0,0,27,0,0,0,0,0;29,0,31,0,0,0,0,33,0,0;0,0,0,33,0,0,0,27,0,0;37,0,0,0,27,0,0,0,33,33;0,0,0,30,0,25,0,0,0,0;0,0,38,20,0,0,36,0,0,0;23,0,24,25,0,0,0,32,0,0;0,0,0,31,0,0,28,0,0,0;22,0,22,0,0,0,0,0,0,0;0,0,0,0,0,33,30,31,36,0
-3,21,0,0,0,-7,0,-6,-19,14
------------- End of Scenario k = 1 -------
0,0,0,0,23,0,0,0,0,0;80,0,80,0,0,0,0,48,0,0;0,0,0,80,0,0,0,46,0,0;64,0,0,0,58,0,0,0,80,37;0,0,0,66,0,23,0,0,0,0;0,0,64,68,0,0,71,0,0,0;80,0,66,51,0,0,0,80,0,0;0,0,0,37,0,0,40,0,0,0;60,0,20,0,0,0,0,0,0,0;0,0,0,0,0,80,80,24,47,0
0,0,0,0,23,0,0,0,0,0;24,0,30,0,0,0,0,22,0,0;0,0,0,39,0,0,0,35,0,0;33,0,0,0,26,0,0,0,35,33;0,0,0,29,0,38,0,0,0,0;0,0,30,33,0,0,28,0,0,0;27,0,29,32,0,0,0,35,0,0;0,0,0,37,0,0,35,0,0,0;39,0,33,0,0,0,0,0,0,0;0,0,0,0,0,40,38,40,38,0
-22,22,0,0,0,-16,0,-8,-2,26
------------- End of Scenario k = 2 -------
0,0,0,0,48,0,0,0,0,0;80,0,30,0,0,0,0,62,0,0;0,0,0,28,0,0,0,23,0,0;36,0,0,0,80,0,0,0,80,80;0,0,0,20,0,41,0,0,0,0;0,0,43,60,0,0,20,0,0,0;80,0,31,47,0,0,0,80,0,0;0,0,0,77,0,0,36,0,0,0;46,0,79,0,0,0,0,0,0,0;0,0,0,0,0,28,80,42,28,0
0,0,0,0,37,0,0,0,0,0;29,0,40,0,0,0,0,22,0,0;0,0,0,27,0,0,0,30,0,0;36,0,0,0,36,0,0,0,34,37;0,0,0,22,0,21,0,0,0,0;0,0,33,36,0,0,23,0,0,0;22,0,37,39,0,0,0,17,0,0;0,0,0,34,0,0,29,0,0,0;22,0,23,0,0,0,0,0,0,0;0,0,0,0,0,18,10,20,25,0
-17,26,0,0,0,-5,0,-2,-12,10
------------- End of Scenario k = 3 -------
0,0,0,0,42,0,0,0,0,0;80,0,80,0,0,0,0,40,0,0;0,0,0,48,0,0,0,49,0,0;46,0,0,0,58,0,0,0,80,62;0,0,0,24,0,57,0,0,0,0;0,0,49,70,0,0,41,0,0,0;45,0,79,20,0,0,0,64,0,0;0,0,0,79,0,0,23,0,0,0;49,0,41,0,0,0,0,0,0,0;0,0,0,0,0,25,38,65,51,0
0,0,0,0,31,0,0,0,0,0;30,0,27,0,0,0,0,32,0,0;0,0,0,29,0,0,0,28,0,0;25,0,0,0,27,0,0,0,36,28;0,0,0,33,0,33,0,0,0,0;0,0,38,36,0,0,24,0,0,0;40,0,34,25,0,0,0,23,0,0;0,0,0,28,0,0,30,0,0,0;20,0,20,0,0,0,0,0,0,0;0,0,0,0,0,37,24,21,20,0
-28,27,0,0,0,-10,0,-3,-8,22
------------- End of Scenario k = 4 -------
0,0,0,0,42,0,0,0,0,0;79,0,80,0,0,0,0,39,0,0;0,0,0,64,0,0,0,37,0,0;24,0,0,0,80,0,0,0,80,42;0,0,0,78,0,24,0,0,0,0;0,0,50,75,0,0,31,0,0,0;68,0,71,70,0,0,0,47,0,0;0,0,0,79,0,0,75,0,0,0;59,0,61,0,0,0,0,0,0,0;0,0,0,0,0,36,31,56,33,0
0,0,0,0,25,0,0,0,0,0;32,0,32,0,0,0,0,35,0,0;0,0,0,22,0,0,0,31,0,0;26,0,0,0,17,0,0,0,32,20;0,0,0,35,0,33,0,0,0,0;0,0,26,32,0,0,28,0,0,0;21,0,24,25,0,0,0,21,0,0;0,0,0,20,0,0,20,0,0,0;22,0,30,0,0,0,0,0,0,0;0,0,0,0,0,19,31,34,33,0
-8,15,0,0,0,-6,0,-4,-14,17
------------- End of Scenario k = 5 -------
0,0,0,0,58,0,0,0,0,0;80,0,29,0,0,0,0,42,0,0;0,0,0,30,0,0,0,22,0,0;25,0,0,0,80,0,0,0,40,63;0,0,0,32,0,54,0,0,0,0;0,0,20,74,0,0,51,0,0,0;80,0,69,47,0,0,0,25,0,0;0,0,0,46,0,0,72,0,0,0;40,0,57,0,0,0,0,0,0,0;0,0,0,0,0,34,27,35,53,0
0,0,0,0,26,0,0,0,0,0;40,0,31,0,0,0,0,26,0,0;0,0,0,34,0,0,0,27,0,0;36,0,0,0,32,0,0,0,27,32;0,0,0,21,0,32,0,0,0,0;0,0,29,37,0,0,22,0,0,0;23,0,30,25,0,0,0,27,0,0;0,0,0,31,0,0,32,0,0,0;27,0,31,0,0,0,0,0,0,0;0,0,0,0,0,40,38,39,23,0
-23,14,0,0,0,-8,0,-2,-4,23
------------- End of Scenario k = 6 -------
0,0,0,0,57,0,0,0,0,0;80,0,80,0,0,0,0,77,0,0;0,0,0,80,0,0,0,53,0,0;44,0,0,0,37,0,0,0,80,63;0,0,0,61,0,40,0,0,0,0;0,0,68,26,0,0,65,0,0,0;80,0,36,35,0,0,0,80,0,0;0,0,0,55,0,0,26,0,0,0;68,0,68,0,0,0,0,0,0,0;0,0,0,0,0,80,80,62,31,0
0,0,0,0,22,0,0,0,0,0;33,0,36,0,0,0,0,34,0,0;0,0,0,30,0,0,0,21,0,0;40,0,0,0,35,0,0,0,31,27;0,0,0,28,0,21,0,0,0,0;0,0,21,23,0,0,34,0,0,0;36,0,38,24,0,0,0,35,0,0;0,0,0,32,0,0,38,0,0,0;29,0,23,0,0,0,0,0,0,0;0,0,0,0,0,36,34,35,35,0
-9,27,0,0,0,-9,0,-14,-24,29
------------- End of Scenario k = 7 -------
0,0,0,0,21,0,0,0,0,0;80,0,80,0,0,0,0,49,0,0;0,0,0,80,0,0,0,63,0,0;55,0,0,0,74,0,0,0,31,38;0,0,0,71,0,78,0,0,0,0;0,0,56,66,0,0,26,0,0,0;80,0,80,52,0,0,0,80,0,0;0,0,0,30,0,0,39,0,0,0;79,0,28,0,0,0,0,0,0,0;0,0,0,0,0,80,23,43,60,0
0,0,0,0,39,0,0,0,0,0;29,0,12,0,0,0,0,25,0,0;0,0,0,35,0,0,0,29,0,0;26,0,0,0,32,0,0,0,13,26;0,0,0,21,0,32,0,0,0,0;0,0,28,32,0,0,38,0,0,0;39,0,24,24,0,0,0,39,0,0;0,0,0,32,0,0,33,0,0,0;25,0,38,0,0,0,0,0,0,0;0,0,0,0,0,38,32,40,31,0
-24,10,0,0,0,-1,0,-7,-2,24
------------- End of Scenario k = 8 -------
0,0,0,0,56,0,0,0,0,0;71,0,80,0,0,0,0,34,0,0;0,0,0,80,0,0,0,58,0,0;44,0,0,0,33,0,0,0,80,42;0,0,0,23,0,56,0,0,0,0;0,0,21,65,0,0,60,0,0,0;53,0,57,37,0,0,0,80,0,0;0,0,0,41,0,0,63,0,0,0;78,0,26,0,0,0,0,0,0,0;0,0,0,0,0,72,65,73,49,0
0,0,0,0,32,0,0,0,0,0;37,0,32,0,0,0,0,34,0,0;0,0,0,24,0,0,0,26,0,0;29,0,0,0,25,0,0,0,28,32;0,0,0,27,0,22,0,0,0,0;0,0,34,31,0,0,24,0,0,0;35,0,24,28,0,0,0,29,0,0;0,0,0,23,0,0,30,0,0,0;34,0,35,0,0,0,0,0,0,0;0,0,0,0,0,21,16,40,38,0
-12,23,0,0,0,-4,0,-2,-16,11
------------- End of Scenario k = 9 -------
0,0,0,0,73,0,0,0,0,0;41,0,29,0,0,0,0,49,0,0;0,0,0,80,0,0,0,29,0,0;69,0,0,0,28,0,0,0,80,38;0,0,0,80,0,54,0,0,0,0;0,0,75,46,0,0,46,0,0,0;80,0,56,34,0,0,0,43,0,0;0,0,0,65,0,0,65,0,0,0;47,0,35,0,0,0,0,0,0,0;0,0,0,0,0,80,80,24,73,0
0,0,0,0,40,0,0,0,0,0;32,0,31,0,0,0,0,37,0,0;0,0,0,28,0,0,0,25,0,0;37,0,0,0,38,0,0,0,30,36;0,0,0,33,0,39,0,0,0,0;0,0,23,34,0,0,22,0,0,0;20,0,20,27,0,0,0,31,0,0;0,0,0,27,0,0,36,0,0,0;39,0,36,0,0,0,0,0,0,0;0,0,0,0,0,34,17,35,31,0
-2,25,0,0,0,-9,0,-6,-24,16
------------- End of Scenario k = 10 -------
0,0,0,0,64,0,0,0,0,0;47,0,29,0,0,0,0,80,0,0;0,0,0,35,0,0,0,58,0,0;45,0,0,0,29,0,0,0,75,33;0,0,0,55,0,61,0,0,0,0;0,0,46,79,0,0,45,0,0,0;80,0,61,40,0,0,0,80,0,0;0,0,0,51,0,0,62,0,0,0;30,0,54,0,0,0,0,0,0,0;0,0,0,0,0,58,80,59,23,0
0,0,0,0,25,0,0,0,0,0;35,0,26,0,0,0,0,20,0,0;0,0,0,40,0,0,0,20,0,0;25,0,0,0,38,0,0,0,38,22;0,0,0,31,0,30,0,0,0,0;0,0,27,24,0,0,27,0,0,0;31,0,37,37,0,0,0,36,0,0;0,0,0,39,0,0,34,0,0,0;40,0,26,0,0,0,0,0,0,0;0,0,0,0,0,17,16,34,31,0
-21,17,0,0,0,-1,0,-3,-8,16
------------- End of Scenario k = 11 -------
0,0,0,0,34,0,0,0,0,0;80,0,80,0,0,0,0,67,0,0;0,0,0,57,0,0,0,26,0,0;37,0,0,0,80,0,0,0,31,80;0,0,0,21,0,63,0,0,0,0;0,0,61,28,0,0,78,0,0,0;74,0,64,32,0,0,0,28,0,0;0,0,0,53,0,0,58,0,0,0;23,0,51,0,0,0,0,0,0,0;0,0,0,0,0,22,71,43,55,0
0,0,0,0,27,0,0,0,0,0;31,0,26,0,0,0,0,39,0,0;0,0,0,28,0,0,0,38,0,0;29,0,0,0,18,0,0,0,26,25;0,0,0,32,0,31,0,0,0,0;0,0,27,33,0,0,36,0,0,0;26,0,31,23,0,0,0,29,0,0;0,0,0,24,0,0,36,0,0,0;32,0,30,0,0,0,0,0,0,0;0,0,0,0,0,35,27,37,33,0
-21,18,0,0,0,-2,0,-16,-4,25
------------- End of Scenario k = 12 -------
0,0,0,0,28,0,0,0,0,0;27,0,24,0,0,0,0,41,0,0;0,0,0,80,0,0,0,70,0,0;55,0,0,0,52,0,0,0,58,42;0,0,0,64,0,48,0,0,0,0;0,0,44,43,0,0,40,0,0,0;25,0,56,56,0,0,0,80,0,0;0,0,0,24,0,0,52,0,0,0;37,0,26,0,0,0,0,0,0,0;0,0,0,0,0,80,80,37,61,0
0,0,0,0,40,0,0,0,0,0;37,0,32,0,0,0,0,32,0,0;0,0,0,28,0,0,0,24,0,0;24,0,0,0,37,0,0,0,40,34;0,0,0,33,0,31,0,0,0,0;0,0,40,40,0,0,35,0,0,0;32,0,26,25,0,0,0,39,0,0;0,0,0,29,0,0,31,0,0,0;32,0,35,0,0,0,0,0,0,0;0,0,0,0,0,34,30,36,22,0
-13,27,0,0,0,-5,0,-21,-18,30
------------- End of Scenario k = 13 -------
0,0,0,0,46,0,0,0,0,0;40,0,51,0,0,0,0,56,0,0;0,0,0,80,0,0,0,59,0,0;61,0,0,0,80,0,0,0,55,31;0,0,0,24,0,33,0,0,0,0;0,0,49,50,0,0,48,0,0,0;21,0,80,37,0,0,0,73,0,0;0,0,0,27,0,0,33,0,0,0;25,0,47,0,0,0,0,0,0,0;0,0,0,0,0,80,66,34,73,0
0,0,0,0,28,0,0,0,0,0;34,0,17,0,0,0,0,37,0,0;0,0,0,36,0,0,0,32,0,0;25,0,0,0,30,0,0,0,18,27;0,0,0,31,0,20,0,0,0,0;0,0,31,22,0,0,34,0,0,0;33,0,38,35,0,0,0,32,0,0;0,0,0,30,0,0,28,0,0,0;30,0,36,0,0,0,0,0,0,0;0,0,0,0,0,36,28,38,26,0
-20,16,0,0,0,-8,0,-4,-1,17
------------- End of Scenario k = 14 -------
0,0,0,0,76,0,0,0,0,0;80,0,80,0,0,0,0,79,0,0;0,0,0,80,0,0,0,69,0,0;40,0,0,0,80,0,0,0,40,61;0,0,0,60,0,37,0,0,0,0;0,0,68,76,0,0,48,0,0,0;80,0,36,45,0,0,0,74,0,0;0,0,0,49,0,0,25,0,0,0;51,0,52,0,0,0,0,0,0,0;0,0,0,0,0,64,31,30,25,0
0,0,0,0,22,0,0,0,0,0;31,0,15,0,0,0,0,24,0,0;0,0,0,31,0,0,0,30,0,0;24,0,0,0,35,0,0,0,26,38;0,0,0,27,0,29,0,0,0,0;0,0,37,23,0,0,36,0,0,0;28,0,37,34,0,0,0,20,0,0;0,0,0,28,0,0,38,0,0,0;37,0,32,0,0,0,0,0,0,0;0,0,0,0,0,18,21,26,32,0
-20,10,0,0,0,-3,0,0,-3,16
------------- End of Scenario k = 15 -------
0,0,0,0,76,0,0,0,0,0;35,0,39,0,0,0,0,31,0,0;0,0,0,62,0,0,0,34,0,0;27,0,0,0,42,0,0,0,20,48;0,0,0,42,0,21,0,0,0,0;0,0,55,58,0,0,47,0,0,0;38,0,61,21,0,0,0,80,0,0;0,0,0,53,0,0,34,0,0,0;63,0,64,0,0,0,0,0,0,0;0,0,0,0,0,22,80,35,71,0
0,0,0,0,21,0,0,0,0,0;27,0,27,0,0,0,0,35,0,0;0,0,0,20,0,0,0,32,0,0;23,0,0,0,26,0,0,0,24,40;0,0,0,39,0,39,0,0,0,0;0,0,39,35,0,0,36,0,0,0;23,0,31,21,0,0,0,23,0,0;0,0,0,23,0,0,21,0,0,0;39,0,21,0,0,0,0,0,0,0;0,0,0,0,0,37,37,33,25,0
-25,10,0,0,0,-1,0,-4,-3,23
------------- End of Scenario k = 16 -------
0,0,0,0,29,0,0,0,0,0;80,0,26,0,0,0,0,54,0,0;0,0,0,49,0,0,0,74,0,0;50,0,0,0,80,0,0,0,55,48;0,0,0,59,0,60,0,0,0,0;0,0,54,21,0,0,43,0,0,0;41,0,36,31,0,0,0,80,0,0;0,0,0,22,0,0,61,0,0,0;65,0,54,0,0,0,0,0,0,0;0,0,0,0,0,80,80,63,61,0
0,0,0,0,39,0,0,0,0,0;34,0,33,0,0,0,0,35,0,0;0,0,0,27,0,0,0,26,0,0;26,0,0,0,35,0,0,0,26,36;0,0,0,20,0,35,0,0,0,0;0,0,35,29,0,0,34,0,0,0;30,0,35,40,0,0,0,38,0,0;0,0,0,29,0,0,36,0,0,0;37,0,24,0,0,0,0,0,0,0;0,0,0,0,0,21,37,24,37,0
-6,23,0,0,0,-3,0,-9,-18,13
------------- End of Scenario k = 17 -------
0,0,0,0,68,0,0,0,0,0;40,0,80,0,0,0,0,28,0,0;0,0,0,79,0,0,0,20,0,0;79,0,0,0,80,0,0,0,80,56;0,0,0,42,0,54,0,0,0,0;0,0,38,20,0,0,33,0,0,0;29,0,47,43,0,0,0,74,0,0;0,0,0,80,0,0,37,0,0,0;76,0,65,0,0,0,0,0,0,0;0,0,0,0,0,68,80,43,22,0
0,0,0,0,29,0,0,0,0,0;32,0,40,0,0,0,0,27,0,0;0,0,0,15,0,0,0,33,0,0;33,0,0,0,22,0,0,0,26,28;0,0,0,40,0,21,0,0,0,0;0,0,23,40,0,0,23,0,0,0;33,0,29,36,0,0,0,25,0,0;0,0,0,20,0,0,35,0,0,0;29,0,26,0,0,0,0,0,0,0;0,0,0,0,0,40,26,28,22,0
-22,13,0,0,0,-4,0,0,-11,24
------------- End of Scenario k = 18 -------
0,0,0,0,40,0,0,0,0,0;80,0,40,0,0,0,0,21,0,0;0,0,0,67,0,0,0,41,0,0;41,0,0,0,80,0,0,0,20,49;0,0,0,31,0,40,0,0,0,0;0,0,74,25,0,0,69,0,0,0;45,0,47,72,0,0,0,56,0,0;0,0,0,42,0,0,30,0,0,0;58,0,51,0,0,0,0,0,0,0;0,0,0,0,0,48,80,20,54,0
0,0,0,0,35,0,0,0,0,0;30,0,40,0,0,0,0,35,0,0;0,0,0,26,0,0,0,34,0,0;37,0,0,0,36,0,0,0,39,21;0,0,0,25,0,40,0,0,0,0;0,0,32,29,0,0,20,0,0,0;26,0,36,24,0,0,0,29,0,0;0,0,0,37,0,0,39,0,0,0;20,0,34,0,0,0,0,0,0,0;0,0,0,0,0,21,34,27,20,0
-23,25,0,0,0,-9,0,0,-3,10
------------- End of Scenario k = 19 -------
0,0,0,0,68,0,0,0,0,0;80,0,80,0,0,0,0,22,0,0;0,0,0,65,0,0,0,26,0,0;26,0,0,0,54,0,0,0,58,77;0,0,0,25,0,25,0,0,0,0;0,0,27,80,0,0,66,0,0,0;80,0,64,51,0,0,0,68,0,0;0,0,0,22,0,0,37,0,0,0;71,0,53,0,0,0,0,0,0,0;0,0,0,0,0,60,80,47,62,0
0,0,0,0,30,0,0,0,0,0;32,0,24,0,0,0,0,36,0,0;0,0,0,40,0,0,0,34,0,0;30,0,0,0,32,0,0,0,29,33;0,0,0,34,0,33,0,0,0,0;0,0,35,26,0,0,25,0,0,0;27,0,23,33,0,0,0,21,0,0;0,0,0,20,0,0,26,0,0,0;20,0,27,0,0,0,0,0,0,0;0,0,0,0,0,23,30,26,26,0
-27,21,0,0,0,-1,0,-13,-1,21
------------- End of Scenario k = 20 -------
0,0,0,0,45,0,0,0,0,0;80,0,70,0,0,0,0,38,0,0;0,0,0,80,0,0,0,31,0,0;39,0,0,0,77,0,0,0,80,63;0,0,0,77,0,27,0,0,0,0;0,0,34,69,0,0,71,0,0,0;80,0,59,59,0,0,0,80,0,0;0,0,0,28,0,0,73,0,0,0;58,0,77,0,0,0,0,0,0,0;0,0,0,0,0,80,78,35,22,0
0,0,0,0,26,0,0,0,0,0;32,0,36,0,0,0,0,24,0,0;0,0,0,37,0,0,0,34,0,0;30,0,0,0,26,0,0,0,32,22;0,0,0,30,0,27,0,0,0,0;0,0,26,21,0,0,40,0,0,0;27,0,20,31,0,0,0,30,0,0;0,0,0,23,0,0,23,0,0,0;25,0,39,0,0,0,0,0,0,0;0,0,0,0,0,28,26,27,24,0
-15,21,0,0,0,-11,0,-1,-11,17
------------- End of Scenario k = 21 -------
0,0,0,0,23,0,0,0,0,0;80,0,80,0,0,0,0,46,0,0;0,0,0,41,0,0,0,32,0,0;49,0,0,0,80,0,0,0,50,61;0,0,0,71,0,25,0,0,0,0;0,0,63,52,0,0,58,0,0,0;80,0,24,80,0,0,0,50,0,0;0,0,0,66,0,0,40,0,0,0;33,0,50,0,0,0,0,0,0,0;0,0,0,0,0,22,80,75,67,0
0,0,0,0,29,0,0,0,0,0;34,0,30,0,0,0,0,35,0,0;0,0,0,30,0,0,0,37,0,0;24,0,0,0,27,0,0,0,31,39;0,0,0,28,0,35,0,0,0,0;0,0,25,32,0,0,40,0,0,0;29,0,26,27,0,0,0,25,0,0;0,0,0,24,0,0,30,0,0,0;23,0,31,0,0,0,0,0,0,0;0,0,0,0,0,36,31,37,36,0
-7,23,0,0,0,-10,0,-5,-23,22
------------- End of Scenario k = 22 -------
0,0,0,0,35,0,0,0,0,0;79,0,80,0,0,0,0,70,0,0;0,0,0,28,0,0,0,65,0,0;53,0,0,0,71,0,0,0,80,38;0,0,0,67,0,35,0,0,0,0;0,0,79,60,0,0,24,0,0,0;60,0,60,46,0,0,0,80,0,0;0,0,0,26,0,0,25,0,0,0;29,0,35,0,0,0,0,0,0,0;0,0,0,0,0,80,24,52,65,0
0,0,0,0,26,0,0,0,0,0;38,0,30,0,0,0,0,37,0,0;0,0,0,39,0,0,0,39,0,0;21,0,0,0,39,0,0,0,34,27;0,0,0,26,0,39,0,0,0,0;0,0,23,22,0,0,23,0,0,0;31,0,26,22,0,0,0,11,0,0;0,0,0,28,0,0,20,0,0,0;34,0,31,0,0,0,0,0,0,0;0,0,0,0,0,36,26,33,35,0
-11,11,0,0,0,-5,0,0,-6,11
------------- End of Scenario k = 23 -------
0,0,0,0,80,0,0,0,0,0;80,0,76,0,0,0,0,78,0,0;0,0,0,80,0,0,0,43,0,0;74,0,0,0,54,0,0,0,77,59;0,0,0,21,0,20,0,0,0,0;0,0,35,73,0,0,80,0,0,0;80,0,49,46,0,0,0,20,0,0;0,0,0,80,0,0,53,0,0,0;53,0,67,0,0,0,0,0,0,0;0,0,0,0,0,80,55,41,46,0
0,0,0,0,27,0,0,0,0,0;34,0,22,0,0,0,0,32,0,0;0,0,0,32,0,0,0,39,0,0;25,0,0,0,40,0,0,0,17,26;0,0,0,28,0,31,0,0,0,0;0,0,23,27,0,0,22,0,0,0;38,0,30,32,0,0,0,30,0,0;0,0,0,30,0,0,32,0,0,0;28,0,28,0,0,0,0,0,0,0;0,0,0,0,0,38,26,39,27,0
-21,12,0,0,0,-2,0,-8,-5,24
------------- End of Scenario k = 24 -------
0,0,0,0,32,0,0,0,0,0;50,0,27,0,0,0,0,31,0,0;0,0,0,80,0,0,0,75,0,0;36,0,0,0,41,0,0,0,26,71;0,0,0,63,0,25,0,0,0,0;0,0,70,24,0,0,58,0,0,0;80,0,71,33,0,0,0,34,0,0;0,0,0,34,0,0,45,0,0,0;44,0,47,0,0,0,0,0,0,0;0,0,0,0,0,30,72,49,80,0
0,0,0,0,29,0,0,0,0,0;34,0,26,0,0,0,0,35,0,0;0,0,0,33,0,0,0,39,0,0;20,0,0,0,13,0,0,0,17,30;0,0,0,23,0,29,0,0,0,0;0,0,27,30,0,0,30,0,0,0;28,0,25,26,0,0,0,19,0,0;0,0,0,39,0,0,31,0,0,0;36,0,23,0,0,0,0,0,0,0;0,0,0,0,0,30,25,38,26,0
-15,13,0,0,0,-2,0,-3,-8,15
------------- End of Scenario k = 25 -------
0,0,0,0,50,0,0,0,0,0;30,0,80,0,0,0,0,44,0,0;0,0,0,37,0,0,0,54,0,0;31,0,0,0,37,0,0,0,41,46;0,0,0,44,0,28,0,0,0,0;0,0,62,38,0,0,28,0,0,0;80,0,42,32,0,0,0,36,0,0;0,0,0,73,0,0,37,0,0,0;45,0,41,0,0,0,0,0,0,0;0,0,0,0,0,51,80,54,43,0
0,0,0,0,25,0,0,0,0,0;21,0,27,0,0,0,0,36,0,0;0,0,0,40,0,0,0,21,0,0;34,0,0,0,28,0,0,0,37,32;0,0,0,35,0,33,0,0,0,0;0,0,39,25,0,0,37,0,0,0;31,0,24,40,0,0,0,33,0,0;0,0,0,25,0,0,23,0,0,0;27,0,36,0,0,0,0,0,0,0;0,0,0,0,0,40,35,29,21,0
-21,21,0,0,0,-11,0,-10,-3,24
------------- End of Scenario k = 26 -------
0,0,0,0,40,0,0,0,0,0;68,0,80,0,0,0,0,24,0,0;0,0,0,40,0,0,0,56,0,0;60,0,0,0,80,0,0,0,31,54;0,0,0,49,0,52,0,0,0,0;0,0,52,53,0,0,72,0,0,0;80,0,74,33,0,0,0,80,0,0;0,0,0,41,0,0,51,0,0,0;73,0,56,0,0,0,0,0,0,0;0,0,0,0,0,80,23,48,36,0
0,0,0,0,40,0,0,0,0,0;31,0,26,0,0,0,0,29,0,0;0,0,0,33,0,0,0,27,0,0;39,0,0,0,26,0,0,0,34,24;0,0,0,22,0,38,0,0,0,0;0,0,30,23,0,0,23,0,0,0;33,0,38,28,0,0,0,33,0,0;0,0,0,25,0,0,22,0,0,0;36,0,37,0,0,0,0,0,0,0;0,0,0,0,0,32,32,33,24,0
-17,24,0,0,0,-1,0,-14,-17,25
------------- End of Scenario k = 27 -------
0,0,0,0,22,0,0,0,0,0;80,0,38,0,0,0,0,59,0,0;0,0,0,80,0,0,0,26,0,0;45,0,0,0,80,0,0,0,80,76;0,0,0,42,0,66,0,0,0,0;0,0,33,55,0,0,41,0,0,0;80,0,24,53,0,0,0,80,0,0;0,0,0,75,0,0,78,0,0,0;43,0,28,0,0,0,0,0,0,0;0,0,0,0,0,80,80,55,60,0
0,0,0,0,38,0,0,0,0,0;31,0,31,0,0,0,0,34,0,0;0,0,0,31,0,0,0,34,0,0;27,0,0,0,35,0,0,0,32,36;0,0,0,31,0,23,0,0,0,0;0,0,38,40,0,0,28,0,0,0;37,0,34,34,0,0,0,17,0,0;0,0,0,23,0,0,24,0,0,0;24,0,25,0,0,0,0,0,0,0;0,0,0,0,0,21,17,21,30,0
-7,26,0,0,0,-5,0,-5,-26,17
------------- End of Scenario k = 28 -------
0,0,0,0,47,0,0,0,0,0;76,0,26,0,0,0,0,67,0,0;0,0,0,80,0,0,0,22,0,0;54,0,0,0,32,0,0,0,80,51;0,0,0,52,0,65,0,0,0,0;0,0,76,38,0,0,59,0,0,0;80,0,29,73,0,0,0,80,0,0;0,0,0,65,0,0,77,0,0,0;36,0,75,0,0,0,0,0,0,0;0,0,0,0,0,80,65,37,71,0
0,0,0,0,22,0,0,0,0,0;36,0,24,0,0,0,0,28,0,0;0,0,0,29,0,0,0,23,0,0;30,0,0,0,26,0,0,0,36,40;0,0,0,40,0,20,0,0,0,0;0,0,33,38,0,0,40,0,0,0;23,0,36,27,0,0,0,29,0,0;0,0,0,25,0,0,22,0,0,0;26,0,25,0,0,0,0,0,0,0;0,0,0,0,0,24,37,34,37,0
-30,24,0,0,0,-7,0,-4,-6,23
------------- End of Scenario k = 29 -------
