/ -------------------------------------------------------------------------
An instance of the stochastic Fixed - charge Network Flow Problem using NETGEN.
/ -------------------------------------------------------------------------
Number of Nodes (no Dummy node is added), n
Graph Density, density
The fixed cost to variable cost ratio, f
Adjacency Matrix, A
Fixed Cost Matrix, c
Number of scenarios, K
Scenario Probabilities, p
----The following three rows will be repeated K times.----
Var Cost Matrix, d
Capacity, u
demand, b
/ -------------------------------------------------------------------------
+
30
0.3
200
0,0,0,0,0,0,0,0,1,0,0,0,0,0,0,1,0,0,0,0,1,1,0,0,0,1,0,0,0,0;1,0,1,1,0,0,1,0,0,0,0,0,1,0,0,0,0,0,1,0,0,0,1,0,0,0,1,0,0,1;0,0,0,1,0,0,0,1,0,0,1,0,0,0,1,0,0,1,0,0,1,0,1,0,0,0,0,1,0,0;0,0,0,0,1,0,0,1,1,0,0,0,1,1,1,1,0,0,0,0,0,0,0,0,1,1,1,1,0,0;1,0,0,0,0,0,1,0,0,1,0,0,1,0,0,1,0,0,0,1,0,1,1,0,1,1,0,1,0,1;1,0,0,0,1,0,0,0,1,1,1,1,0,1,0,1,0,0,1,0,1,0,0,1,1,1,0,0,1,0;0,1,1,0,0,0,0,0,0,1,0,1,0,0,0,1,1,0,0,0,0,0,0,1,0,0,1,0,0,0;1,0,1,0,0,0,0,0,1,1,1,1,0,0,1,0,0,0,0,1,0,1,0,0,0,1,0,0,1,1;1,1,0,1,0,1,0,1,0,0,0,0,0,1,0,0,0,0,1,0,0,1,0,0,1,0,0,1,0,1;1,0,0,0,0,0,0,1,1,0,1,1,0,0,0,0,0,0,0,0,0,1,1,0,0,0,0,0,0,1;1,1,0,0,0,0,0,1,0,0,0,0,1,0,0,0,1,0,0,0,1,0,1,0,0,0,0,0,0,1;1,0,0,1,0,0,0,0,0,0,0,0,0,0,0,0,0,0,1,1,0,0,0,0,0,1,0,1,1,1;1,0,0,0,0,0,0,1,1,0,0,0,0,0,0,1,0,0,1,0,1,0,0,0,1,1,0,1,0,0;0,0,0,0,0,0,1,1,0,0,0,1,0,0,0,0,1,0,0,1,0,1,0,1,0,0,1,1,0,0;1,1,1,0,0,0,0,0,0,0,0,0,0,1,0,0,0,0,1,0,0,0,0,0,0,0,0,1,0,0;1,0,0,1,0,1,0,0,0,0,1,0,0,1,0,0,0,0,0,0,0,0,0,1,0,1,0,0,0,0;1,0,0,1,0,0,0,1,0,0,1,0,0,0,0,0,0,1,0,0,1,1,0,0,0,0,0,0,0,0;0,0,1,0,0,1,1,0,0,0,1,0,1,0,0,1,0,0,0,0,0,1,0,0,0,0,1,0,0,1;1,0,0,0,0,0,0,1,0,0,0,0,0,0,0,1,0,0,0,1,0,0,1,1,1,0,0,1,1,1;0,0,0,0,1,0,1,0,0,0,0,0,0,0,0,0,1,1,0,0,1,0,1,0,1,0,0,0,0,0;0,0,0,0,1,0,1,1,1,0,0,0,0,0,1,0,0,1,1,0,0,0,0,0,1,0,0,1,0,1;1,1,0,0,1,0,1,0,0,0,0,0,1,0,0,0,1,0,0,1,1,0,1,1,1,0,0,1,1,0;0,0,0,1,0,1,1,1,0,0,0,0,1,0,0,1,0,0,0,0,1,1,0,0,0,0,0,1,0,0;0,1,0,1,0,0,0,0,0,0,0,0,0,0,1,0,1,1,0,0,0,1,0,0,0,1,0,1,0,0;0,1,0,0,0,0,0,0,1,0,0,0,0,0,0,0,0,1,0,0,0,1,1,0,0,0,0,0,0,0;0,0,0,0,0,0,0,1,0,0,0,0,0,0,0,1,0,0,0,0,1,0,0,0,1,0,0,0,0,1;0,1,1,0,0,1,0,0,0,0,1,0,0,0,0,0,0,1,1,1,0,0,1,1,0,0,0,0,1,1;0,0,0,0,1,1,0,0,0,0,0,0,0,0,0,0,0,1,0,0,0,0,0,0,0,0,1,0,0,0;0,0,0,0,0,1,1,0,0,0,0,0,0,1,0,0,0,0,1,0,1,0,1,0,0,0,0,1,0,1;0,1,0,0,0,0,1,0,0,0,1,0,0,1,1,0,1,0,0,0,1,0,1,0,1,0,1,0,0,0
0,0,0,0,0,0,0,0,9410,0,0,0,0,0,0,9880,0,0,0,0,10580,9680,0,0,0,11110,0,0,0,0;9060,0,12960,9850,0,0,10130,0,0,0,0,0,10250,0,0,0,0,0,9460,0,0,0,9170,0,0,0,9330,0,0,10250;0,0,0,12130,0,0,0,10950,0,0,11260,0,0,0,9510,0,0,11200,0,0,10240,0,9150,0,0,0,0,8370,0,0;0,0,0,0,10390,0,0,8650,11090,0,0,0,9820,9320,10780,10350,0,0,0,0,0,0,0,0,11630,9920,10650,9510,0,0;10110,0,0,0,0,0,12690,0,0,10120,0,0,9710,0,0,9170,0,0,0,9800,0,10040,13660,0,8710,10370,0,9330,0,10060;13200,0,0,0,12190,0,0,0,10860,9440,10250,9830,0,9640,0,10870,0,0,10470,0,11080,0,0,10410,9500,11300,0,0,9830,0;0,9300,10140,0,0,0,0,0,0,8960,0,9770,0,0,0,10270,9040,0,0,0,0,0,0,9480,0,0,10030,0,0,0;10160,0,9620,0,0,0,0,0,9830,11430,9980,9630,0,0,10360,0,0,0,0,9590,0,10700,0,0,0,11000,0,0,10450,9090;10710,9380,0,7770,0,10240,0,14269,0,0,0,0,0,10030,0,0,0,0,10060,0,0,10810,0,0,9470,0,0,9460,0,10720;10470,0,0,0,0,0,0,10290,11880,0,10950,12250,0,0,0,0,0,0,0,0,0,9470,10020,0,0,0,0,0,0,10250;12510,10340,0,0,0,0,0,10760,0,0,0,0,13960,0,0,0,10480,0,0,0,10350,0,8990,0,0,0,0,0,0,10200;9890,0,0,11150,0,0,0,0,0,0,0,0,0,0,0,0,0,0,10620,11630,0,0,0,0,0,7780,0,9710,10310,9140;9920,0,0,0,0,0,0,10140,9630,0,0,0,0,0,0,11560,0,0,10090,0,9440,0,0,0,11420,10800,0,10510,0,0;0,0,0,0,0,0,9730,10500,0,0,0,9240,0,0,0,0,11750,0,0,9780,0,9400,0,10980,0,0,8870,10210,0,0;12980,9590,11020,0,0,0,0,0,0,0,0,0,0,10550,0,0,0,0,12120,0,0,0,0,0,0,0,0,10380,0,0;9610,0,0,9860,0,10470,0,0,0,0,8550,0,0,9150,0,0,0,0,0,0,0,0,0,10070,0,9940,0,0,0,0;12680,0,0,9740,0,0,0,9220,0,0,9980,0,0,0,0,0,0,14310,0,0,10110,9950,0,0,0,0,0,0,0,0;0,0,11500,0,0,9440,9890,0,0,0,10840,0,10240,0,0,9540,0,0,0,0,0,12050,0,0,0,0,10490,0,0,10400;9360,0,0,0,0,0,0,9140,0,0,0,0,0,0,0,9910,0,0,0,12030,0,0,12410,11800,10550,0,0,10980,10910,10690;0,0,0,0,9000,0,9870,0,0,0,0,0,0,0,0,0,9040,10470,0,0,12810,0,9320,0,11210,0,0,0,0,0;0,0,0,0,9870,0,9530,9540,10090,0,0,0,0,0,10740,0,0,10350,9150,0,0,0,0,0,10550,0,0,10740,0,12880;13650,9790,0,0,10800,0,9260,0,0,0,0,0,9750,0,0,0,10420,0,0,10080,9770,0,13819,12660,9120,0,0,11110,9650,0;0,0,0,9410,0,9700,10810,10860,0,0,0,0,9410,0,0,10860,0,0,0,0,9910,11350,0,0,0,0,0,9920,0,0;0,10030,0,10170,0,0,0,0,0,0,0,0,0,0,9440,0,11580,9440,0,0,0,10240,0,0,0,12610,0,9880,0,0;0,9870,0,0,0,0,0,0,9350,0,0,0,0,0,0,0,0,8920,0,0,0,13460,10450,0,0,0,0,0,0,0;0,0,0,0,0,0,0,8240,0,0,0,0,0,0,0,9530,0,0,0,0,11500,0,0,0,10030,0,0,0,0,11210;0,10180,10800,0,0,11390,0,0,0,0,10240,0,0,0,0,0,0,10150,10150,10200,0,0,12240,8660,0,0,0,0,14350,12680;0,0,0,0,11180,9950,0,0,0,0,0,0,0,0,0,0,0,9630,0,0,0,0,0,0,0,0,14140,0,0,0;0,0,0,0,0,8670,10340,0,0,0,0,0,0,9960,0,0,0,0,9650,0,10180,0,10190,0,0,0,0,10310,0,11100;0,10620,0,0,0,0,9340,0,0,0,9510,0,0,11150,10020,0,9360,0,0,0,9960,0,10750,0,10500,0,8480,0,0,0
20
0.02,0.05,0.02,0.07,0.02,0.12,0.05,0.07,0.05,0.02,0.02,0.05,0.02,0.02,0.05,0.05,0.12,0.02,0.05,0.11
--Scenarios--
0,0,0,0,0,0,0,0,22,0,0,0,0,0,0,67,0,0,0,0,32,22,0,0,0,67,0,0,0,0;28,0,80,58,0,0,57,0,0,0,0,0,46,0,0,0,0,0,25,0,0,0,23,0,0,0,78,0,0,71;0,0,0,33,0,0,0,28,0,0,59,0,0,0,35,0,0,60,0,0,62,0,73,0,0,0,0,27,0,0;0,0,0,0,29,0,0,62,46,0,0,0,51,73,68,52,0,0,0,0,0,0,0,0,56,48,41,26,0,0;23,0,0,0,0,0,48,0,0,32,0,0,34,0,0,78,0,0,0,77,0,31,47,0,67,68,0,41,0,28;80,0,0,0,80,0,0,0,48,79,37,36,0,29,0,25,0,0,55,0,73,0,0,63,40,58,0,0,73,0;0,70,64,0,0,0,0,0,0,62,0,77,0,0,0,48,37,0,0,0,0,0,0,39,0,0,35,0,0,0;24,0,78,0,0,0,0,0,32,54,35,64,0,0,45,0,0,0,0,72,0,36,0,0,0,23,0,0,24,59;80,30,0,48,0,52,0,80,0,0,0,0,0,30,0,0,0,0,70,0,0,62,0,0,67,0,0,79,0,60;71,0,0,0,0,0,0,72,66,0,63,71,0,0,0,0,0,0,0,0,0,45,70,0,0,0,0,0,0,66;56,34,0,0,0,0,0,44,0,0,0,0,65,0,0,0,22,0,0,0,33,0,28,0,0,0,0,0,0,52;66,0,0,79,0,0,0,0,0,0,0,0,0,0,0,0,0,0,20,47,0,0,0,0,0,35,0,29,23,64;55,0,0,0,0,0,0,35,36,0,0,0,0,0,0,60,0,0,67,0,48,0,0,0,22,61,0,28,0,0;0,0,0,0,0,0,68,24,0,0,0,48,0,0,0,0,57,0,0,79,0,22,0,26,0,0,38,59,0,0;62,29,50,0,0,0,0,0,0,0,0,0,0,75,0,0,0,0,53,0,0,0,0,0,0,0,0,61,0,0;33,0,0,74,0,59,0,0,0,0,62,0,0,22,0,0,0,0,0,0,0,0,0,22,0,55,0,0,0,0;80,0,0,71,0,0,0,34,0,0,30,0,0,0,0,0,0,80,0,0,44,79,0,0,0,0,0,0,0,0;0,0,45,0,0,29,43,0,0,0,60,0,45,0,0,32,0,0,0,0,0,41,0,0,0,0,35,0,0,32;21,0,0,0,0,0,0,49,0,0,0,0,0,0,0,43,0,0,0,36,0,0,55,77,42,0,0,73,73,55;0,0,0,0,45,0,37,0,0,0,0,0,0,0,0,0,22,63,0,0,54,0,57,0,58,0,0,0,0,0;0,0,0,0,44,0,62,27,76,0,0,0,0,0,72,0,0,80,68,0,0,0,0,0,78,0,0,59,0,42;39,24,0,0,56,0,26,0,0,0,0,0,71,0,0,0,30,0,0,39,36,0,80,80,57,0,0,55,43,0;0,0,0,32,0,75,49,61,0,0,0,0,80,0,0,38,0,0,0,0,48,45,0,0,0,0,0,59,0,0;0,71,0,60,0,0,0,0,0,0,0,0,0,0,30,0,74,56,0,0,0,54,0,0,0,40,0,37,0,0;0,44,0,0,0,0,0,0,50,0,0,0,0,0,0,0,0,52,0,0,0,79,47,0,0,0,0,0,0,0;0,0,0,0,0,0,0,22,0,0,0,0,0,0,0,79,0,0,0,0,63,0,0,0,52,0,0,0,0,72;0,66,53,0,0,54,0,0,0,0,45,0,0,0,0,0,0,50,36,77,0,0,40,76,0,0,0,0,80,80;0,0,0,0,63,72,0,0,0,0,0,0,0,0,0,0,0,68,0,0,0,0,0,0,0,0,80,0,0,0;0,0,0,0,0,47,21,0,0,0,0,0,0,25,0,0,0,0,51,0,24,0,65,0,0,0,0,41,0,77;0,52,0,0,0,0,35,0,0,0,53,0,0,75,70,0,59,0,0,0,74,0,62,0,58,0,30,0,0,0
0,0,0,0,0,0,0,0,27,0,0,0,0,0,0,39,0,0,0,0,40,25,0,0,0,37,0,0,0,0;40,0,38,34,0,0,26,0,0,0,0,0,22,0,0,0,0,0,21,0,0,0,29,0,0,0,36,0,0,39;0,0,0,37,0,0,0,25,0,0,28,0,0,0,26,0,0,34,0,0,40,0,37,0,0,0,0,26,0,0;0,0,0,0,39,0,0,40,31,0,0,0,34,26,39,21,0,0,0,0,0,0,0,0,31,34,24,33,0,0;33,0,0,0,0,0,40,0,0,22,0,0,35,0,0,39,0,0,0,38,0,40,30,0,40,25,0,35,0,27;26,0,0,0,39,0,0,0,23,36,23,24,0,34,0,28,0,0,27,0,30,0,0,30,26,37,0,0,25,0;0,38,24,0,0,0,0,0,0,40,0,31,0,0,0,25,30,0,0,0,0,0,0,28,0,0,37,0,0,0;35,0,33,0,0,0,0,0,39,25,38,26,0,0,31,0,0,0,0,23,0,37,0,0,0,39,0,0,34,37;24,38,0,39,0,27,0,34,0,0,0,0,0,23,0,0,0,0,38,0,0,33,0,0,40,0,0,23,0,28;33,0,0,0,0,0,0,25,35,0,34,24,0,0,0,0,0,0,0,0,0,25,37,0,0,0,0,0,0,38;34,22,0,0,0,0,0,35,0,0,0,0,38,0,0,0,40,0,0,0,29,0,34,0,0,0,0,0,0,34;17,0,0,40,0,0,0,0,0,0,0,0,0,0,0,0,0,0,23,37,0,0,0,0,0,27,0,35,38,26;38,0,0,0,0,0,0,31,37,0,0,0,0,0,0,36,0,0,23,0,34,0,0,0,21,26,0,20,0,0;0,0,0,0,0,0,32,36,0,0,0,35,0,0,0,0,15,0,0,32,0,35,0,20,0,0,25,29,0,0;31,31,28,0,0,0,0,0,0,0,0,0,0,29,0,0,0,0,34,0,0,0,0,0,0,0,0,20,0,0;32,0,0,26,0,38,0,0,0,0,27,0,0,35,0,0,0,0,0,0,0,0,0,40,0,22,0,0,0,0;35,0,0,20,0,0,0,22,0,0,22,0,0,0,0,0,0,17,0,0,21,33,0,0,0,0,0,0,0,0;0,0,38,0,0,20,32,0,0,0,37,0,35,0,0,25,0,0,0,0,0,36,0,0,0,0,33,0,0,26;36,0,0,0,0,0,0,22,0,0,0,0,0,0,0,30,0,0,0,35,0,0,38,20,25,0,0,31,26,39;0,0,0,0,25,0,27,0,0,0,0,0,0,0,0,0,21,40,0,0,36,0,25,0,21,0,0,0,0,0;0,0,0,0,23,0,33,25,29,0,0,0,0,0,36,0,0,33,37,0,0,0,0,0,22,0,0,27,0,29;27,37,0,0,24,0,32,0,0,0,0,0,23,0,0,0,22,0,0,24,27,0,23,22,22,0,0,22,40,0;0,0,0,22,0,36,26,31,0,0,0,0,24,0,0,30,0,0,0,0,22,26,0,0,0,0,0,25,0,0;0,22,0,24,0,0,0,0,0,0,0,0,0,0,40,0,40,23,0,0,0,30,0,0,0,28,0,28,0,0;0,37,0,0,0,0,0,0,22,0,0,0,0,0,0,0,0,33,0,0,0,31,21,0,0,0,0,0,0,0;0,0,0,0,0,0,0,39,0,0,0,0,0,0,0,39,0,0,0,0,39,0,0,0,36,0,0,0,0,22;0,23,33,0,0,32,0,0,0,0,39,0,0,0,0,0,0,35,27,29,0,0,12,27,0,0,0,0,35,27;0,0,0,0,29,37,0,0,0,0,0,0,0,0,0,0,0,25,0,0,0,0,0,0,0,0,32,0,0,0;0,0,0,0,0,20,32,0,0,0,0,0,0,26,0,0,0,0,32,0,20,0,37,0,0,0,0,26,0,37;0,24,0,0,0,0,39,0,0,0,39,0,0,33,32,0,29,0,0,0,37,0,22,0,31,0,31,0,0,0
-81,25,0,0,0,25,0,0,11,0,29,0,0,14,29,0,0,0,0,0,0,0,-43,0,19,0,0,12,0,-40
------------- End of Scenario k = 0 -------
0,0,0,0,0,0,0,0,79,0,0,0,0,0,0,30,0,0,0,0,41,40,0,0,0,71,0,0,0,0;21,0,80,59,0,0,46,0,0,0,0,0,65,0,0,0,0,0,40,0,0,0,24,0,0,0,29,0,0,39;0,0,0,25,0,0,0,45,0,0,54,0,0,0,23,0,0,33,0,0,31,0,60,0,0,0,0,43,0,0;0,0,0,0,39,0,0,47,23,0,0,0,40,75,74,45,0,0,0,0,0,0,0,0,79,66,65,36,0,0;54,0,0,0,0,0,21,0,0,54,0,0,37,0,0,40,0,0,0,21,0,38,39,0,43,74,0,27,0,33;80,0,0,0,70,0,0,0,20,49,52,76,0,58,0,67,0,0,26,0,43,0,0,31,78,76,0,0,58,0;0,80,59,0,0,0,0,0,0,59,0,49,0,0,0,50,39,0,0,0,0,0,0,62,0,0,23,0,0,0;63,0,79,0,0,0,0,0,21,46,38,57,0,0,45,0,0,0,0,31,0,72,0,0,0,76,0,0,47,38;66,41,0,39,0,57,0,80,0,0,0,0,0,30,0,0,0,0,46,0,0,46,0,0,45,0,0,28,0,46;79,0,0,0,0,0,0,80,24,0,29,80,0,0,0,0,0,0,0,0,0,40,66,0,0,0,0,0,0,74;52,55,0,0,0,0,0,64,0,0,0,0,46,0,0,0,59,0,0,0,49,0,55,0,0,0,0,0,0,61;23,0,0,57,0,0,0,0,0,0,0,0,0,0,0,0,0,0,50,50,0,0,0,0,0,50,0,49,63,77;48,0,0,0,0,0,0,54,49,0,0,0,0,0,0,80,0,0,44,0,75,0,0,0,70,65,0,54,0,0;0,0,0,0,0,0,27,67,0,0,0,22,0,0,0,0,80,0,0,45,0,38,0,47,0,0,40,48,0,0;80,43,54,0,0,0,0,0,0,0,0,0,0,25,0,0,0,0,26,0,0,0,0,0,0,0,0,75,0,0;28,0,0,67,0,39,0,0,0,0,21,0,0,33,0,0,0,0,0,0,0,0,0,37,0,34,0,0,0,0;80,0,0,21,0,0,0,34,0,0,29,0,0,0,0,0,0,80,0,0,65,33,0,0,0,0,0,0,0,0;0,0,63,0,0,34,43,0,0,0,42,0,75,0,0,27,0,0,0,0,0,36,0,0,0,0,47,0,0,49;64,0,0,0,0,0,0,58,0,0,0,0,0,0,0,52,0,0,0,80,0,0,32,56,66,0,0,80,51,76;0,0,0,0,80,0,73,0,0,0,0,0,0,0,0,0,41,78,0,0,80,0,23,0,61,0,0,0,0,0;0,0,0,0,65,0,24,62,78,0,0,0,0,0,39,0,0,77,43,0,0,0,0,0,20,0,0,37,0,80;72,73,0,0,67,0,45,0,0,0,0,0,76,0,0,0,65,0,0,74,40,0,80,65,44,0,0,29,23,0;0,0,0,35,0,22,71,77,0,0,0,0,32,0,0,47,0,0,0,0,65,63,0,0,0,0,0,50,0,0;0,54,0,27,0,0,0,0,0,0,0,0,0,0,74,0,64,50,0,0,0,41,0,0,0,80,0,42,0,0;0,45,0,0,0,0,0,0,36,0,0,0,0,0,0,0,0,27,0,0,0,30,30,0,0,0,0,0,0,0;0,0,0,0,0,0,0,59,0,0,0,0,0,0,0,60,0,0,0,0,67,0,0,0,79,0,0,0,0,63;0,55,40,0,0,47,0,0,0,0,43,0,0,0,0,0,0,31,48,55,0,0,29,25,0,0,0,0,80,80;0,0,0,0,62,64,0,0,0,0,0,0,0,0,0,0,0,78,0,0,0,0,0,0,0,0,80,0,0,0;0,0,0,0,0,53,49,0,0,0,0,0,0,42,0,0,0,0,36,0,79,0,44,0,0,0,0,55,0,74;0,65,0,0,0,0,28,0,0,0,69,0,0,71,62,0,39,0,0,0,37,0,41,0,71,0,72,0,0,0
0,0,0,0,0,0,0,0,27,0,0,0,0,0,0,30,0,0,0,0,23,20,0,0,0,30,0,0,0,0;33,0,30,33,0,0,40,0,0,0,0,0,32,0,0,0,0,0,34,0,0,0,36,0,0,0,40,0,0,23;0,0,0,32,0,0,0,40,0,0,36,0,0,0,26,0,0,34,0,0,37,0,33,0,0,0,0,39,0,0;0,0,0,0,24,0,0,30,28,0,0,0,26,27,34,24,0,0,0,0,0,0,0,0,21,29,38,22,0,0;38,0,0,0,0,0,21,0,0,29,0,0,34,0,0,29,0,0,0,24,0,30,22,0,29,31,0,31,0,36;19,0,0,0,25,0,0,0,30,22,29,24,0,20,0,21,0,0,22,0,31,0,0,34,33,37,0,0,20,0;0,37,38,0,0,0,0,0,0,32,0,28,0,0,0,40,22,0,0,0,0,0,0,37,0,0,30,0,0,0;35,0,25,0,0,0,0,0,21,39,30,36,0,0,27,0,0,0,0,39,0,27,0,0,0,40,0,0,39,28;22,30,0,28,0,22,0,40,0,0,0,0,0,39,0,0,0,0,21,0,0,38,0,0,20,0,0,28,0,32;25,0,0,0,0,0,0,32,36,0,31,29,0,0,0,0,0,0,0,0,0,38,27,0,0,0,0,0,0,26;21,28,0,0,0,0,0,27,0,0,0,0,21,0,0,0,24,0,0,0,22,0,29,0,0,0,0,0,0,39;33,0,0,21,0,0,0,0,0,0,0,0,0,0,0,0,0,0,24,23,0,0,0,0,0,21,0,31,39,22;28,0,0,0,0,0,0,40,23,0,0,0,0,0,0,17,0,0,25,0,35,0,0,0,26,21,0,27,0,0;0,0,0,0,0,0,26,29,0,0,0,31,0,0,0,0,38,0,0,29,0,23,0,29,0,0,38,37,0,0;33,40,33,0,0,0,0,0,0,0,0,0,0,26,0,0,0,0,35,0,0,0,0,0,0,0,0,33,0,0;40,0,0,28,0,30,0,0,0,0,22,0,0,37,0,0,0,0,0,0,0,0,0,29,0,30,0,0,0,0;31,0,0,25,0,0,0,33,0,0,26,0,0,0,0,0,0,38,0,0,38,35,0,0,0,0,0,0,0,0;0,0,35,0,0,31,36,0,0,0,28,0,28,0,0,40,0,0,0,0,0,38,0,0,0,0,27,0,0,25;38,0,0,0,0,0,0,39,0,0,0,0,0,0,0,23,0,0,0,34,0,0,24,31,33,0,0,27,36,23;0,0,0,0,33,0,35,0,0,0,0,0,0,0,0,0,40,23,0,0,22,0,22,0,32,0,0,0,0,0;0,0,0,0,24,0,36,31,29,0,0,0,0,0,33,0,0,40,38,0,0,0,0,0,24,0,0,23,0,28;38,21,0,0,37,0,29,0,0,0,0,0,20,0,0,0,40,0,0,31,25,0,36,30,31,0,0,32,31,0;0,0,0,38,0,28,38,25,0,0,0,0,38,0,0,22,0,0,0,0,34,32,0,0,0,0,0,26,0,0;0,37,0,39,0,0,0,0,0,0,0,0,0,0,31,0,20,22,0,0,0,26,0,0,0,34,0,33,0,0;0,35,0,0,0,0,0,0,32,0,0,0,0,0,0,0,0,29,0,0,0,38,22,0,0,0,0,0,0,0;0,0,0,0,0,0,0,37,0,0,0,0,0,0,0,20,0,0,0,0,34,0,0,0,29,0,0,0,0,24;0,24,37,0,0,32,0,0,0,0,21,0,0,0,0,0,0,37,31,38,0,0,33,20,0,0,0,0,28,29;0,0,0,0,39,36,0,0,0,0,0,0,0,0,0,0,0,25,0,0,0,0,0,0,0,0,31,0,0,0;0,0,0,0,0,28,39,0,0,0,0,0,0,40,0,0,0,0,38,0,34,0,37,0,0,0,0,40,0,28;0,39,0,0,0,0,29,0,0,0,39,0,0,25,27,0,40,0,0,0,22,0,31,0,24,0,37,0,0,0
-98,21,0,0,0,10,0,0,21,0,13,0,0,22,21,0,0,0,0,0,0,0,-14,0,27,0,0,12,0,-35
------------- End of Scenario k = 1 -------
0,0,0,0,0,0,0,0,71,0,0,0,0,0,0,59,0,0,0,0,78,35,0,0,0,72,0,0,0,0;40,0,80,27,0,0,23,0,0,0,0,0,26,0,0,0,0,0,80,0,0,0,27,0,0,0,52,0,0,44;0,0,0,80,0,0,0,75,0,0,66,0,0,0,25,0,0,77,0,0,58,0,23,0,0,0,0,45,0,0;0,0,0,0,70,0,0,52,28,0,0,0,50,51,60,73,0,0,0,0,0,0,0,0,52,57,68,57,0,0;25,0,0,0,0,0,52,0,0,28,0,0,43,0,0,60,0,0,0,42,0,74,69,0,24,30,0,56,0,23;64,0,0,0,35,0,0,0,37,43,29,35,0,78,0,26,0,0,77,0,74,0,0,40,32,64,0,0,43,0;0,56,47,0,0,0,0,0,0,31,0,28,0,0,0,74,33,0,0,0,0,0,0,68,0,0,68,0,0,0;21,0,30,0,0,0,0,0,22,23,61,40,0,0,54,0,0,0,0,43,0,46,0,0,0,70,0,0,63,21;31,39,0,39,0,42,0,80,0,0,0,0,0,78,0,0,0,0,28,0,0,71,0,0,43,0,0,64,0,36;40,0,0,0,0,0,0,80,58,0,29,52,0,0,0,0,0,0,0,0,0,58,20,0,0,0,0,0,0,70;80,59,0,0,0,0,0,79,0,0,0,0,42,0,0,0,66,0,0,0,43,0,22,0,0,0,0,0,0,24;38,0,0,70,0,0,0,0,0,0,0,0,0,0,0,0,0,0,49,79,0,0,0,0,0,24,0,33,76,34;66,0,0,0,0,0,0,45,69,0,0,0,0,0,0,23,0,0,53,0,47,0,0,0,60,66,0,61,0,0;0,0,0,0,0,0,76,26,0,0,0,24,0,0,0,0,54,0,0,22,0,42,0,37,0,0,79,23,0,0;51,66,49,0,0,0,0,0,0,0,0,0,0,21,0,0,0,0,80,0,0,0,0,0,0,0,0,78,0,0;26,0,0,65,0,71,0,0,0,0,44,0,0,25,0,0,0,0,0,0,0,0,0,75,0,59,0,0,0,0;55,0,0,68,0,0,0,55,0,0,56,0,0,0,0,0,0,73,0,0,65,65,0,0,0,0,0,0,0,0;0,0,80,0,0,52,30,0,0,0,48,0,63,0,0,51,0,0,0,0,0,77,0,0,0,0,38,0,0,73;21,0,0,0,0,0,0,26,0,0,0,0,0,0,0,75,0,0,0,80,0,0,80,73,77,0,0,75,68,29;0,0,0,0,69,0,59,0,0,0,0,0,0,0,0,0,20,60,0,0,80,0,50,0,49,0,0,0,0,0;0,0,0,0,51,0,45,53,21,0,0,0,0,0,70,0,0,45,78,0,0,0,0,0,61,0,0,80,0,71;72,78,0,0,56,0,26,0,0,0,0,0,43,0,0,0,39,0,0,27,45,0,80,47,40,0,0,56,57,0;0,0,0,23,0,57,56,27,0,0,0,0,34,0,0,79,0,0,0,0,80,74,0,0,0,0,0,36,0,0;0,54,0,55,0,0,0,0,0,0,0,0,0,0,71,0,75,44,0,0,0,33,0,0,0,80,0,47,0,0;0,64,0,0,0,0,0,0,51,0,0,0,0,0,0,0,0,65,0,0,0,80,71,0,0,0,0,0,0,0;0,0,0,0,0,0,0,29,0,0,0,0,0,0,0,55,0,0,0,0,58,0,0,0,27,0,0,0,0,59;0,42,23,0,0,30,0,0,0,0,80,0,0,0,0,0,0,35,49,39,0,0,80,29,0,0,0,0,80,63;0,0,0,0,53,52,0,0,0,0,0,0,0,0,0,0,0,24,0,0,0,0,0,0,0,0,80,0,0,0;0,0,0,0,0,43,42,0,0,0,0,0,0,53,0,0,0,0,51,0,67,0,21,0,0,0,0,48,0,59;0,33,0,0,0,0,68,0,0,0,60,0,0,37,29,0,70,0,0,0,62,0,69,0,37,0,28,0,0,0
0,0,0,0,0,0,0,0,25,0,0,0,0,0,0,22,0,0,0,0,38,22,0,0,0,40,0,0,0,0;35,0,32,24,0,0,20,0,0,0,0,0,23,0,0,0,0,0,27,0,0,0,38,0,0,0,24,0,0,28;0,0,0,27,0,0,0,33,0,0,28,0,0,0,37,0,0,39,0,0,20,0,30,0,0,0,0,27,0,0;0,0,0,0,21,0,0,20,33,0,0,0,38,38,35,24,0,0,0,0,0,0,0,0,26,27,35,24,0,0;26,0,0,0,0,0,34,0,0,28,0,0,21,0,0,22,0,0,0,39,0,30,30,0,29,29,0,27,0,22;35,0,0,0,33,0,0,0,27,21,25,35,0,24,0,20,0,0,26,0,29,0,0,40,32,30,0,0,36,0;0,32,29,0,0,0,0,0,0,35,0,34,0,0,0,29,29,0,0,0,0,0,0,25,0,0,26,0,0,0;32,0,30,0,0,0,0,0,25,38,35,26,0,0,35,0,0,0,0,30,0,27,0,0,0,34,0,0,33,21;34,31,0,34,0,20,0,34,0,0,0,0,0,30,0,0,0,0,33,0,0,24,0,0,33,0,0,20,0,26;37,0,0,0,0,0,0,39,25,0,39,22,0,0,0,0,0,0,0,0,0,25,21,0,0,0,0,0,0,36;22,23,0,0,0,0,0,35,0,0,0,0,25,0,0,0,23,0,0,0,39,0,26,0,0,0,0,0,0,31;26,0,0,31,0,0,0,0,0,0,0,0,0,0,0,0,0,0,40,37,0,0,0,0,0,30,0,28,21,36;23,0,0,0,0,0,0,35,24,0,0,0,0,0,0,40,0,0,25,0,29,0,0,0,21,23,0,35,0,0;0,0,0,0,0,0,29,22,0,0,0,21,0,0,0,0,15,0,0,34,0,26,0,37,0,0,29,23,0,0;38,26,32,0,0,0,0,0,0,0,0,0,0,26,0,0,0,0,23,0,0,0,0,0,0,0,0,39,0,0;31,0,0,26,0,27,0,0,0,0,22,0,0,25,0,0,0,0,0,0,0,0,0,39,0,26,0,0,0,0;34,0,0,40,0,0,0,36,0,0,35,0,0,0,0,0,0,31,0,0,30,26,0,0,0,0,0,0,0,0;0,0,23,0,0,40,33,0,0,0,27,0,29,0,0,32,0,0,0,0,0,33,0,0,0,0,22,0,0,29;26,0,0,0,0,0,0,35,0,0,0,0,0,0,0,40,0,0,0,26,0,0,27,27,24,0,0,32,20,25;0,0,0,0,32,0,28,0,0,0,0,0,0,0,0,0,29,20,0,0,29,0,31,0,28,0,0,0,0,0;0,0,0,0,24,0,36,25,39,0,0,0,0,0,38,0,0,28,40,0,0,0,0,0,33,0,0,33,0,36;27,40,0,0,36,0,38,0,0,0,0,0,31,0,0,0,31,0,0,39,25,0,36,40,27,0,0,26,22,0;0,0,0,32,0,24,25,26,0,0,0,0,32,0,0,28,0,0,0,0,31,21,0,0,0,0,0,35,0,0;0,40,0,23,0,0,0,0,0,0,0,0,0,0,33,0,30,40,0,0,0,28,0,0,0,24,0,24,0,0;0,23,0,0,0,0,0,0,22,0,0,0,0,0,0,0,0,25,0,0,0,33,21,0,0,0,0,0,0,0;0,0,0,0,0,0,0,21,0,0,0,0,0,0,0,22,0,0,0,0,40,0,0,0,22,0,0,0,0,29;0,31,27,0,0,32,0,0,0,0,24,0,0,0,0,0,0,27,34,22,0,0,28,37,0,0,0,0,39,34;0,0,0,0,22,24,0,0,0,0,0,0,0,0,0,0,0,27,0,0,0,0,0,0,0,0,30,0,0,0;0,0,0,0,0,29,26,0,0,0,0,0,0,23,0,0,0,0,22,0,34,0,32,0,0,0,0,40,0,27;0,31,0,0,0,0,24,0,0,0,40,0,0,39,37,0,26,0,0,0,26,0,28,0,38,0,23,0,0,0
-70,26,0,0,0,30,0,0,21,0,21,0,0,14,16,0,0,0,0,0,0,0,-50,0,18,0,0,27,0,-53
------------- End of Scenario k = 2 -------
0,0,0,0,0,0,0,0,76,0,0,0,0,0,0,79,0,0,0,0,78,51,0,0,0,40,0,0,0,0;33,0,37,34,0,0,46,0,0,0,0,0,79,0,0,0,0,0,34,0,0,0,76,0,0,0,61,0,0,80;0,0,0,32,0,0,0,54,0,0,58,0,0,0,27,0,0,79,0,0,42,0,64,0,0,0,0,37,0,0;0,0,0,0,47,0,0,23,49,0,0,0,37,42,51,76,0,0,0,0,0,0,0,0,23,42,61,61,0,0;66,0,0,0,0,0,61,0,0,37,0,0,70,0,0,31,0,0,0,59,0,75,80,0,25,77,0,69,0,75;80,0,0,0,80,0,0,0,33,24,73,59,0,35,0,58,0,0,62,0,66,0,0,39,56,49,0,0,45,0;0,21,70,0,0,0,0,0,0,27,0,23,0,0,0,62,38,0,0,0,0,0,0,62,0,0,51,0,0,0;42,0,48,0,0,0,0,0,27,80,56,23,0,0,53,0,0,0,0,51,0,74,0,0,0,64,0,0,61,44;71,60,0,33,0,48,0,49,0,0,0,0,0,37,0,0,0,0,57,0,0,78,0,0,40,0,0,28,0,57;66,0,0,0,0,0,0,42,78,0,21,25,0,0,0,0,0,0,0,0,0,26,48,0,0,0,0,0,0,48;57,53,0,0,0,0,0,45,0,0,0,0,80,0,0,0,80,0,0,0,31,0,26,0,0,0,0,0,0,67;80,0,0,80,0,0,0,0,0,0,0,0,0,0,0,0,0,0,59,44,0,0,0,0,0,28,0,41,73,43;32,0,0,0,0,0,0,44,80,0,0,0,0,0,0,76,0,0,65,0,33,0,0,0,76,41,0,49,0,0;0,0,0,0,0,0,47,46,0,0,0,25,0,0,0,0,27,0,0,38,0,78,0,79,0,0,25,25,0,0;28,20,77,0,0,0,0,0,0,0,0,0,0,68,0,0,0,0,44,0,0,0,0,0,0,0,0,29,0,0;47,0,0,48,0,58,0,0,0,0,36,0,0,28,0,0,0,0,0,0,0,0,0,26,0,62,0,0,0,0;80,0,0,32,0,0,0,58,0,0,53,0,0,0,0,0,0,80,0,0,75,71,0,0,0,0,0,0,0,0;0,0,57,0,0,38,37,0,0,0,51,0,47,0,0,57,0,0,0,0,0,65,0,0,0,0,72,0,0,35;37,0,0,0,0,0,0,27,0,0,0,0,0,0,0,69,0,0,0,60,0,0,67,56,66,0,0,56,42,43;0,0,0,0,65,0,26,0,0,0,0,0,0,0,0,0,70,78,0,0,80,0,74,0,47,0,0,0,0,0;0,0,0,0,25,0,46,65,54,0,0,0,0,0,46,0,0,58,50,0,0,0,0,0,65,0,0,77,0,49;80,28,0,0,37,0,64,0,0,0,0,0,25,0,0,0,61,0,0,38,54,0,60,80,24,0,0,58,62,0;0,0,0,36,0,65,21,42,0,0,0,0,69,0,0,56,0,0,0,0,44,30,0,0,0,0,0,49,0,0;0,43,0,51,0,0,0,0,0,0,0,0,0,0,48,0,58,29,0,0,0,71,0,0,0,76,0,43,0,0;0,38,0,0,0,0,0,0,65,0,0,0,0,0,0,0,0,57,0,0,0,72,52,0,0,0,0,0,0,0;0,0,0,0,0,0,0,38,0,0,0,0,0,0,0,47,0,0,0,0,42,0,0,0,66,0,0,0,0,47;0,63,54,0,0,61,0,0,0,0,45,0,0,0,0,0,0,74,77,65,0,0,55,61,0,0,0,0,80,37;0,0,0,0,75,23,0,0,0,0,0,0,0,0,0,0,0,52,0,0,0,0,0,0,0,0,71,0,0,0;0,0,0,0,0,43,47,0,0,0,0,0,0,49,0,0,0,0,48,0,45,0,70,0,0,0,0,58,0,23;0,21,0,0,0,0,59,0,0,0,48,0,0,76,47,0,31,0,0,0,30,0,58,0,68,0,20,0,0,0
0,0,0,0,0,0,0,0,25,0,0,0,0,0,0,40,0,0,0,0,32,32,0,0,0,28,0,0,0,0;28,0,32,22,0,0,33,0,0,0,0,0,37,0,0,0,0,0,30,0,0,0,32,0,0,0,39,0,0,36;0,0,0,39,0,0,0,21,0,0,35,0,0,0,40,0,0,26,0,0,37,0,31,0,0,0,0,27,0,0;0,0,0,0,23,0,0,30,30,0,0,0,20,37,29,40,0,0,0,0,0,0,0,0,22,34,32,31,0,0;36,0,0,0,0,0,40,0,0,25,0,0,31,0,0,27,0,0,0,22,0,39,40,0,31,21,0,27,0,39;25,0,0,0,31,0,0,0,28,26,25,23,0,34,0,32,0,0,20,0,32,0,0,37,25,21,0,0,36,0;0,28,33,0,0,0,0,0,0,20,0,25,0,0,0,30,22,0,0,0,0,0,0,29,0,0,22,0,0,0;25,0,28,0,0,0,0,0,32,13,20,21,0,0,24,0,0,0,0,28,0,31,0,0,0,20,0,0,34,39;38,27,0,39,0,35,0,38,0,0,0,0,0,38,0,0,0,0,28,0,0,27,0,0,27,0,0,22,0,25;27,0,0,0,0,0,0,22,25,0,30,30,0,0,0,0,0,0,0,0,0,39,22,0,0,0,0,0,0,30;17,32,0,0,0,0,0,37,0,0,0,0,15,0,0,0,20,0,0,0,31,0,36,0,0,0,0,0,0,29;17,0,0,20,0,0,0,0,0,0,0,0,0,0,0,0,0,0,39,35,0,0,0,0,0,30,0,34,39,26;20,0,0,0,0,0,0,21,40,0,0,0,0,0,0,19,0,0,31,0,21,0,0,0,26,30,0,32,0,0;0,0,0,0,0,0,37,20,0,0,0,28,0,0,0,0,36,0,0,24,0,35,0,29,0,0,36,26,0,0;31,39,31,0,0,0,0,0,0,0,0,0,0,36,0,0,0,0,39,0,0,0,0,0,0,0,0,20,0,0;27,0,0,31,0,39,0,0,0,0,23,0,0,29,0,0,0,0,0,0,0,0,0,22,0,26,0,0,0,0;27,0,0,33,0,0,0,35,0,0,31,0,0,0,0,0,0,23,0,0,30,28,0,0,0,0,0,0,0,0;0,0,26,0,0,33,27,0,0,0,35,0,39,0,0,34,0,0,0,0,0,25,0,0,0,0,25,0,0,31;32,0,0,0,0,0,0,38,0,0,0,0,0,0,0,28,0,0,0,19,0,0,33,40,27,0,0,40,20,39;0,0,0,0,26,0,40,0,0,0,0,0,0,0,0,0,40,31,0,0,34,0,36,0,37,0,0,0,0,0;0,0,0,0,36,0,27,24,30,0,0,0,0,0,27,0,0,32,32,0,0,0,0,0,28,0,0,21,0,23;28,31,0,0,38,0,27,0,0,0,0,0,21,0,0,0,30,0,0,35,30,0,35,25,23,0,0,27,39,0;0,0,0,24,0,28,39,32,0,0,0,0,40,0,0,26,0,0,0,0,35,33,0,0,0,0,0,33,0,0;0,24,0,37,0,0,0,0,0,0,0,0,0,0,21,0,36,34,0,0,0,40,0,0,0,34,0,31,0,0;0,28,0,0,0,0,0,0,40,0,0,0,0,0,0,0,0,26,0,0,0,33,20,0,0,0,0,0,0,0;0,0,0,0,0,0,0,27,0,0,0,0,0,0,0,37,0,0,0,0,35,0,0,0,27,0,0,0,0,25;0,33,33,0,0,34,0,0,0,0,24,0,0,0,0,0,0,29,32,30,0,0,38,21,0,0,0,0,29,40;0,0,0,0,37,26,0,0,0,0,0,0,0,0,0,0,0,24,0,0,0,0,0,0,0,0,39,0,0,0;0,0,0,0,0,20,39,0,0,0,0,0,0,38,0,0,0,0,21,0,40,0,30,0,0,0,0,31,0,31;0,24,0,0,0,0,24,0,0,0,35,0,0,28,27,0,34,0,0,0,35,0,28,0,21,0,32,0,0,0
-66,27,0,0,0,25,0,0,12,0,12,0,0,20,18,0,0,0,0,0,0,0,-30,0,11,0,0,28,0,-57
------------- End of Scenario k = 3 -------
0,0,0,0,0,0,0,0,50,0,0,0,0,0,0,20,0,0,0,0,23,53,0,0,0,25,0,0,0,0;46,0,80,30,0,0,24,0,0,0,0,0,47,0,0,0,0,0,37,0,0,0,70,0,0,0,64,0,0,80;0,0,0,80,0,0,0,73,0,0,75,0,0,0,48,0,0,74,0,0,64,0,37,0,0,0,0,34,0,0;0,0,0,0,48,0,0,32,79,0,0,0,60,22,79,67,0,0,0,0,0,0,0,0,41,56,21,40,0,0;34,0,0,0,0,0,80,0,0,28,0,0,31,0,0,27,0,0,0,39,0,32,45,0,44,37,0,25,0,73;80,0,0,0,66,0,0,0,80,67,60,75,0,80,0,52,0,0,69,0,74,0,0,27,21,75,0,0,63,0;0,38,39,0,0,0,0,0,0,67,0,52,0,0,0,34,22,0,0,0,0,0,0,29,0,0,41,0,0,0;40,0,46,0,0,0,0,0,60,80,32,62,0,0,52,0,0,0,0,31,0,48,0,0,0,65,0,0,55,25;63,32,0,25,0,61,0,80,0,0,0,0,0,78,0,0,0,0,36,0,0,73,0,0,60,0,0,38,0,46;72,0,0,0,0,0,0,71,37,0,40,80,0,0,0,0,0,0,0,0,0,45,23,0,0,0,0,0,0,55;80,55,0,0,0,0,0,63,0,0,0,0,80,0,0,0,63,0,0,0,68,0,29,0,0,0,0,0,0,29;24,0,0,51,0,0,0,0,0,0,0,0,0,0,0,0,0,0,76,51,0,0,0,0,0,44,0,27,53,25;26,0,0,0,0,0,0,50,38,0,0,0,0,0,0,59,0,0,26,0,61,0,0,0,57,20,0,66,0,0;0,0,0,0,0,0,42,34,0,0,0,59,0,0,0,0,60,0,0,21,0,20,0,23,0,0,39,40,0,0;53,28,35,0,0,0,0,0,0,0,0,0,0,22,0,0,0,0,80,0,0,0,0,0,0,0,0,31,0,0;60,0,0,57,0,73,0,0,0,0,49,0,0,55,0,0,0,0,0,0,0,0,0,46,0,22,0,0,0,0;80,0,0,33,0,0,0,29,0,0,23,0,0,0,0,0,0,80,0,0,40,43,0,0,0,0,0,0,0,0;0,0,53,0,0,75,37,0,0,0,54,0,69,0,0,30,0,0,0,0,0,44,0,0,0,0,69,0,0,63;63,0,0,0,0,0,0,60,0,0,0,0,0,0,0,56,0,0,0,27,0,0,71,78,25,0,0,71,34,30;0,0,0,0,27,0,32,0,0,0,0,0,0,0,0,0,39,70,0,0,80,0,25,0,67,0,0,0,0,0;0,0,0,0,26,0,33,44,55,0,0,0,0,0,38,0,0,45,52,0,0,0,0,0,44,0,0,44,0,80;57,65,0,0,31,0,77,0,0,0,0,0,36,0,0,0,71,0,0,32,69,0,80,39,61,0,0,36,38,0;0,0,0,51,0,41,67,59,0,0,0,0,44,0,0,42,0,0,0,0,56,54,0,0,0,0,0,45,0,0;0,35,0,71,0,0,0,0,0,0,0,0,0,0,43,0,25,31,0,0,0,79,0,0,0,51,0,21,0,0;0,67,0,0,0,0,0,0,36,0,0,0,0,0,0,0,0,32,0,0,0,59,34,0,0,0,0,0,0,0;0,0,0,0,0,0,0,35,0,0,0,0,0,0,0,49,0,0,0,0,41,0,0,0,56,0,0,0,0,36;0,72,23,0,0,52,0,0,0,0,27,0,0,0,0,0,0,51,39,35,0,0,80,42,0,0,0,0,80,80;0,0,0,0,39,31,0,0,0,0,0,0,0,0,0,0,0,65,0,0,0,0,0,0,0,0,80,0,0,0;0,0,0,0,0,36,62,0,0,0,0,0,0,74,0,0,0,0,24,0,74,0,37,0,0,0,0,71,0,61;0,80,0,0,0,0,43,0,0,0,57,0,0,49,23,0,59,0,0,0,72,0,76,0,77,0,28,0,0,0
0,0,0,0,0,0,0,0,37,0,0,0,0,0,0,27,0,0,0,0,34,37,0,0,0,40,0,0,0,0;26,0,21,34,0,0,35,0,0,0,0,0,29,0,0,0,0,0,24,0,0,0,35,0,0,0,36,0,0,35;0,0,0,16,0,0,0,24,0,0,32,0,0,0,39,0,0,39,0,0,21,0,30,0,0,0,0,34,0,0;0,0,0,0,31,0,0,33,22,0,0,0,25,20,27,24,0,0,0,0,0,0,0,0,30,40,20,38,0,0;30,0,0,0,0,0,31,0,0,38,0,0,37,0,0,26,0,0,0,25,0,40,30,0,26,26,0,25,0,32;37,0,0,0,26,0,0,0,26,26,23,21,0,32,0,39,0,0,32,0,27,0,0,20,23,33,0,0,25,0;0,32,24,0,0,0,0,0,0,38,0,37,0,0,0,27,38,0,0,0,0,0,0,22,0,0,35,0,0,0;38,0,28,0,0,0,0,0,39,39,35,31,0,0,36,0,0,0,0,38,0,35,0,0,0,37,0,0,39,35;31,40,0,26,0,33,0,39,0,0,0,0,0,22,0,0,0,0,26,0,0,27,0,0,35,0,0,34,0,25;37,0,0,0,0,0,0,39,38,0,38,23,0,0,0,0,0,0,0,0,0,37,38,0,0,0,0,0,0,29;39,21,0,0,0,0,0,22,0,0,0,0,31,0,0,0,37,0,0,0,25,0,25,0,0,0,0,0,0,24;30,0,0,33,0,0,0,0,0,0,0,0,0,0,0,0,0,0,23,34,0,0,0,0,0,24,0,25,26,32;35,0,0,0,0,0,0,20,33,0,0,0,0,0,0,36,0,0,20,0,30,0,0,0,25,38,0,29,0,0;0,0,0,0,0,0,25,39,0,0,0,31,0,0,0,0,38,0,0,38,0,26,0,23,0,0,28,38,0,0;18,37,28,0,0,0,0,0,0,0,0,0,0,36,0,0,0,0,33,0,0,0,0,0,0,0,0,29,0,0;32,0,0,31,0,39,0,0,0,0,20,0,0,37,0,0,0,0,0,0,0,0,0,38,0,25,0,0,0,0;21,0,0,23,0,0,0,31,0,0,38,0,0,0,0,0,0,19,0,0,39,27,0,0,0,0,0,0,0,0;0,0,20,0,0,26,34,0,0,0,27,0,28,0,0,20,0,0,0,0,0,20,0,0,0,0,31,0,0,40;33,0,0,0,0,0,0,21,0,0,0,0,0,0,0,28,0,0,0,14,0,0,20,22,36,0,0,36,22,34;0,0,0,0,22,0,37,0,0,0,0,0,0,0,0,0,28,29,0,0,23,0,38,0,35,0,0,0,0,0;0,0,0,0,38,0,39,36,36,0,0,0,0,0,33,0,0,32,37,0,0,0,0,0,31,0,0,27,0,10;29,32,0,0,22,0,26,0,0,0,0,0,21,0,0,0,36,0,0,20,34,0,26,21,32,0,0,34,39,0;0,0,0,26,0,38,34,28,0,0,0,0,28,0,0,35,0,0,0,0,35,24,0,0,0,0,0,34,0,0;0,24,0,22,0,0,0,0,0,0,0,0,0,0,20,0,32,33,0,0,0,30,0,0,0,40,0,32,0,0;0,30,0,0,0,0,0,0,31,0,0,0,0,0,0,0,0,31,0,0,0,20,26,0,0,0,0,0,0,0;0,0,0,0,0,0,0,38,0,0,0,0,0,0,0,22,0,0,0,0,31,0,0,0,29,0,0,0,0,26;0,35,34,0,0,33,0,0,0,0,34,0,0,0,0,0,0,24,26,27,0,0,33,20,0,0,0,0,34,28;0,0,0,0,39,38,0,0,0,0,0,0,0,0,0,0,0,24,0,0,0,0,0,0,0,0,30,0,0,0;0,0,0,0,0,25,34,0,0,0,0,0,0,23,0,0,0,0,24,0,31,0,38,0,0,0,0,27,0,20;0,22,0,0,0,0,32,0,0,0,37,0,0,20,40,0,39,0,0,0,30,0,26,0,27,0,24,0,0,0
-69,11,0,0,0,24,0,0,22,0,24,0,0,19,10,0,0,0,0,0,0,0,-62,0,20,0,0,26,0,-25
------------- End of Scenario k = 4 -------
0,0,0,0,0,0,0,0,42,0,0,0,0,0,0,20,0,0,0,0,39,46,0,0,0,30,0,0,0,0;64,0,80,34,0,0,60,0,0,0,0,0,58,0,0,0,0,0,53,0,0,0,38,0,0,0,32,0,0,46;0,0,0,74,0,0,0,50,0,0,73,0,0,0,53,0,0,50,0,0,66,0,39,0,0,0,0,26,0,0;0,0,0,0,79,0,0,54,70,0,0,0,64,60,51,78,0,0,0,0,0,0,0,0,64,64,50,66,0,0;49,0,0,0,0,0,80,0,0,66,0,0,58,0,0,27,0,0,0,78,0,65,46,0,26,55,0,55,0,27;55,0,0,0,80,0,0,0,39,72,66,65,0,54,0,54,0,0,80,0,43,0,0,26,37,45,0,0,36,0;0,35,42,0,0,0,0,0,0,52,0,55,0,0,0,50,74,0,0,0,0,0,0,49,0,0,55,0,0,0;78,0,24,0,0,0,0,0,76,26,23,73,0,0,51,0,0,0,0,38,0,71,0,0,0,43,0,0,33,69;65,76,0,45,0,44,0,31,0,0,0,0,0,34,0,0,0,0,20,0,0,76,0,0,37,0,0,60,0,26;62,0,0,0,0,0,0,71,78,0,46,73,0,0,0,0,0,0,0,0,0,67,44,0,0,0,0,0,0,43;80,32,0,0,0,0,0,37,0,0,0,0,80,0,0,0,69,0,0,0,49,0,80,0,0,0,0,0,0,76;80,0,0,44,0,0,0,0,0,0,0,0,0,0,0,0,0,0,21,68,0,0,0,0,0,73,0,30,79,21;36,0,0,0,0,0,0,25,43,0,0,0,0,0,0,80,0,0,78,0,26,0,0,0,56,59,0,76,0,0;0,0,0,0,0,0,30,47,0,0,0,76,0,0,0,0,33,0,0,46,0,41,0,73,0,0,62,60,0,0;80,47,56,0,0,0,0,0,0,0,0,0,0,60,0,0,0,0,31,0,0,0,0,0,0,0,0,25,0,0;53,0,0,53,0,38,0,0,0,0,27,0,0,50,0,0,0,0,0,0,0,0,0,26,0,25,0,0,0,0;80,0,0,32,0,0,0,44,0,0,78,0,0,0,0,0,0,69,0,0,69,65,0,0,0,0,0,0,0,0;0,0,59,0,0,27,68,0,0,0,58,0,30,0,0,63,0,0,0,0,0,78,0,0,0,0,62,0,0,61;57,0,0,0,0,0,0,47,0,0,0,0,0,0,0,63,0,0,0,45,0,0,80,62,50,0,0,53,67,79;0,0,0,0,44,0,68,0,0,0,0,0,0,0,0,0,50,76,0,0,40,0,24,0,68,0,0,0,0,0;0,0,0,0,75,0,28,63,35,0,0,0,0,0,70,0,0,30,22,0,0,0,0,0,57,0,0,50,0,80;80,34,0,0,69,0,56,0,0,0,0,0,39,0,0,0,44,0,0,77,61,0,80,29,32,0,0,64,24,0;0,0,0,47,0,34,46,76,0,0,0,0,37,0,0,62,0,0,0,0,54,74,0,0,0,0,0,68,0,0;0,64,0,42,0,0,0,0,0,0,0,0,0,0,66,0,28,34,0,0,0,56,0,0,0,80,0,28,0,0;0,67,0,0,0,0,0,0,20,0,0,0,0,0,0,0,0,59,0,0,0,45,76,0,0,0,0,0,0,0;0,0,0,0,0,0,0,62,0,0,0,0,0,0,0,45,0,0,0,0,67,0,0,0,21,0,0,0,0,70;0,79,74,0,0,47,0,0,0,0,26,0,0,0,0,0,0,60,72,64,0,0,80,27,0,0,0,0,52,21;0,0,0,0,76,35,0,0,0,0,0,0,0,0,0,0,0,57,0,0,0,0,0,0,0,0,80,0,0,0;0,0,0,0,0,50,42,0,0,0,0,0,0,76,0,0,0,0,76,0,40,0,45,0,0,0,0,28,0,60;0,57,0,0,0,0,50,0,0,0,39,0,0,80,45,0,33,0,0,0,32,0,53,0,50,0,25,0,0,0
0,0,0,0,0,0,0,0,28,0,0,0,0,0,0,40,0,0,0,0,39,24,0,0,0,33,0,0,0,0;25,0,17,24,0,0,27,0,0,0,0,0,27,0,0,0,0,0,36,0,0,0,38,0,0,0,35,0,0,22;0,0,0,39,0,0,0,29,0,0,29,0,0,0,38,0,0,29,0,0,34,0,24,0,0,0,0,21,0,0;0,0,0,0,20,0,0,40,34,0,0,0,34,20,31,22,0,0,0,0,0,0,0,0,23,31,38,21,0,0;38,0,0,0,0,0,31,0,0,39,0,0,40,0,0,37,0,0,0,39,0,37,33,0,29,39,0,37,0,37;34,0,0,0,28,0,0,0,32,34,38,23,0,29,0,40,0,0,35,0,30,0,0,26,36,29,0,0,29,0;0,23,26,0,0,0,0,0,0,20,0,28,0,0,0,20,35,0,0,0,0,0,0,36,0,0,39,0,0,0;35,0,21,0,0,0,0,0,35,23,38,23,0,0,27,0,0,0,0,40,0,22,0,0,0,24,0,0,27,40;38,23,0,39,0,23,0,19,0,0,0,0,0,33,0,0,0,0,31,0,0,25,0,0,33,0,0,39,0,35;22,0,0,0,0,0,0,31,40,0,33,35,0,0,0,0,0,0,0,0,0,27,40,0,0,0,0,0,0,22;30,28,0,0,0,0,0,34,0,0,0,0,24,0,0,0,40,0,0,0,39,0,40,0,0,0,0,0,0,25;21,0,0,36,0,0,0,0,0,0,0,0,0,0,0,0,0,0,29,35,0,0,0,0,0,24,0,33,29,30;35,0,0,0,0,0,0,28,32,0,0,0,0,0,0,30,0,0,35,0,27,0,0,0,38,28,0,24,0,0;0,0,0,0,0,0,25,34,0,0,0,40,0,0,0,0,30,0,0,34,0,23,0,39,0,0,32,38,0,0;36,39,33,0,0,0,0,0,0,0,0,0,0,21,0,0,0,0,34,0,0,0,0,0,0,0,0,40,0,0;34,0,0,39,0,21,0,0,0,0,32,0,0,31,0,0,0,0,0,0,0,0,0,40,0,35,0,0,0,0;31,0,0,29,0,0,0,29,0,0,32,0,0,0,0,0,0,26,0,0,21,25,0,0,0,0,0,0,0,0;0,0,30,0,0,20,39,0,0,0,24,0,28,0,0,31,0,0,0,0,0,28,0,0,0,0,24,0,0,24;36,0,0,0,0,0,0,37,0,0,0,0,0,0,0,22,0,0,0,30,0,0,37,26,23,0,0,24,36,25;0,0,0,0,21,0,23,0,0,0,0,0,0,0,0,0,23,34,0,0,31,0,30,0,32,0,0,0,0,0;0,0,0,0,38,0,31,33,25,0,0,0,0,0,36,0,0,32,22,0,0,0,0,0,23,0,0,37,0,31;38,28,0,0,30,0,23,0,0,0,0,0,26,0,0,0,38,0,0,28,39,0,31,31,35,0,0,25,32,0;0,0,0,34,0,31,36,24,0,0,0,0,27,0,0,24,0,0,0,0,25,21,0,0,0,0,0,33,0,0;0,24,0,40,0,0,0,0,0,0,0,0,0,0,39,0,37,27,0,0,0,36,0,0,0,29,0,31,0,0;0,38,0,0,0,0,0,0,23,0,0,0,0,0,0,0,0,28,0,0,0,29,32,0,0,0,0,0,0,0;0,0,0,0,0,0,0,37,0,0,0,0,0,0,0,30,0,0,0,0,24,0,0,0,26,0,0,0,0,27;0,36,25,0,0,24,0,0,0,0,34,0,0,0,0,0,0,28,33,40,0,0,26,34,0,0,0,0,24,35;0,0,0,0,33,24,0,0,0,0,0,0,0,0,0,0,0,32,0,0,0,0,0,0,0,0,19,0,0,0;0,0,0,0,0,23,40,0,0,0,0,0,0,25,0,0,0,0,33,0,20,0,27,0,0,0,0,38,0,31;0,34,0,0,0,0,22,0,0,0,40,0,0,37,36,0,25,0,0,0,36,0,25,0,23,0,29,0,0,0
-88,12,0,0,0,23,0,0,16,0,19,0,0,23,27,0,0,0,0,0,0,0,-48,0,27,0,0,13,0,-24
------------- End of Scenario k = 5 -------
0,0,0,0,0,0,0,0,30,0,0,0,0,0,0,68,0,0,0,0,69,54,0,0,0,50,0,0,0,0;29,0,55,77,0,0,68,0,0,0,0,0,74,0,0,0,0,0,51,0,0,0,47,0,0,0,47,0,0,51;0,0,0,59,0,0,0,46,0,0,56,0,0,0,48,0,0,40,0,0,52,0,23,0,0,0,0,22,0,0;0,0,0,0,46,0,0,69,36,0,0,0,31,23,28,37,0,0,0,0,0,0,0,0,34,34,41,24,0,0;53,0,0,0,0,0,35,0,0,77,0,0,23,0,0,34,0,0,0,37,0,28,80,0,59,34,0,65,0,56;77,0,0,0,56,0,0,0,54,32,54,47,0,35,0,54,0,0,25,0,48,0,0,29,75,67,0,0,40,0;0,33,37,0,0,0,0,0,0,48,0,39,0,0,0,44,25,0,0,0,0,0,0,56,0,0,77,0,0,0;80,0,25,0,0,0,0,0,74,80,54,53,0,0,79,0,0,0,0,37,0,28,0,0,0,79,0,0,66,69;50,64,0,59,0,78,0,80,0,0,0,0,0,56,0,0,0,0,60,0,0,73,0,0,73,0,0,66,0,70;70,0,0,0,0,0,0,33,34,0,57,80,0,0,0,0,0,0,0,0,0,31,80,0,0,0,0,0,0,43;41,32,0,0,0,0,0,41,0,0,0,0,80,0,0,0,38,0,0,0,31,0,66,0,0,0,0,0,0,38;22,0,0,39,0,0,0,0,0,0,0,0,0,0,0,0,0,0,69,80,0,0,0,0,0,44,0,58,36,24;60,0,0,0,0,0,0,71,21,0,0,0,0,0,0,23,0,0,35,0,46,0,0,0,39,66,0,76,0,0;0,0,0,0,0,0,29,53,0,0,0,57,0,0,0,0,63,0,0,24,0,60,0,20,0,0,51,64,0,0;80,78,27,0,0,0,0,0,0,0,0,0,0,67,0,0,0,0,80,0,0,0,0,0,0,0,0,69,0,0;34,0,0,21,0,75,0,0,0,0,45,0,0,78,0,0,0,0,0,0,0,0,0,70,0,64,0,0,0,0;46,0,0,72,0,0,0,39,0,0,24,0,0,0,0,0,0,34,0,0,24,50,0,0,0,0,0,0,0,0;0,0,50,0,0,26,52,0,0,0,49,0,68,0,0,36,0,0,0,0,0,79,0,0,0,0,42,0,0,73;44,0,0,0,0,0,0,46,0,0,0,0,0,0,0,31,0,0,0,80,0,0,80,60,59,0,0,49,47,26;0,0,0,0,52,0,73,0,0,0,0,0,0,0,0,0,37,24,0,0,80,0,56,0,79,0,0,0,0,0;0,0,0,0,27,0,23,46,58,0,0,0,0,0,26,0,0,58,53,0,0,0,0,0,79,0,0,60,0,80;70,45,0,0,40,0,42,0,0,0,0,0,27,0,0,0,78,0,0,79,24,0,79,80,35,0,0,55,49,0;0,0,0,66,0,56,76,75,0,0,0,0,32,0,0,76,0,0,0,0,28,76,0,0,0,0,0,57,0,0;0,71,0,66,0,0,0,0,0,0,0,0,0,0,22,0,78,31,0,0,0,72,0,0,0,80,0,65,0,0;0,33,0,0,0,0,0,0,66,0,0,0,0,0,0,0,0,76,0,0,0,80,30,0,0,0,0,0,0,0;0,0,0,0,0,0,0,36,0,0,0,0,0,0,0,28,0,0,0,0,76,0,0,0,59,0,0,0,0,44;0,70,71,0,0,65,0,0,0,0,75,0,0,0,0,0,0,77,52,25,0,0,20,80,0,0,0,0,80,21;0,0,0,0,59,52,0,0,0,0,0,0,0,0,0,0,0,40,0,0,0,0,0,0,0,0,40,0,0,0;0,0,0,0,0,66,64,0,0,0,0,0,0,31,0,0,0,0,43,0,21,0,60,0,0,0,0,79,0,72;0,72,0,0,0,0,40,0,0,0,26,0,0,68,53,0,51,0,0,0,79,0,68,0,25,0,37,0,0,0
0,0,0,0,0,0,0,0,31,0,0,0,0,0,0,23,0,0,0,0,27,25,0,0,0,33,0,0,0,0;36,0,37,25,0,0,31,0,0,0,0,0,29,0,0,0,0,0,37,0,0,0,27,0,0,0,24,0,0,13;0,0,0,14,0,0,0,40,0,0,37,0,0,0,33,0,0,32,0,0,25,0,35,0,0,0,0,40,0,0;0,0,0,0,35,0,0,28,23,0,0,0,38,21,23,27,0,0,0,0,0,0,0,0,20,21,39,20,0,0;26,0,0,0,0,0,40,0,0,34,0,0,36,0,0,40,0,0,0,28,0,33,35,0,22,32,0,28,0,26;34,0,0,0,31,0,0,0,38,23,27,24,0,31,0,28,0,0,31,0,40,0,0,40,39,40,0,0,36,0;0,21,29,0,0,0,0,0,0,39,0,35,0,0,0,29,24,0,0,0,0,0,0,35,0,0,37,0,0,0;22,0,29,0,0,0,0,0,25,14,24,23,0,0,33,0,0,0,0,33,0,29,0,0,0,29,0,0,30,20;40,24,0,28,0,32,0,30,0,0,0,0,0,20,0,0,0,0,29,0,0,24,0,0,20,0,0,22,0,40;24,0,0,0,0,0,0,30,29,0,40,16,0,0,0,0,0,0,0,0,0,30,37,0,0,0,0,0,0,26;31,21,0,0,0,0,0,31,0,0,0,0,24,0,0,0,40,0,0,0,30,0,35,0,0,0,0,0,0,28;27,0,0,40,0,0,0,0,0,0,0,0,0,0,0,0,0,0,20,36,0,0,0,0,0,23,0,26,40,33;23,0,0,0,0,0,0,36,21,0,0,0,0,0,0,36,0,0,35,0,27,0,0,0,34,33,0,36,0,0;0,0,0,0,0,0,35,30,0,0,0,32,0,0,0,0,30,0,0,28,0,35,0,39,0,0,23,36,0,0;25,39,40,0,0,0,0,0,0,0,0,0,0,33,0,0,0,0,39,0,0,0,0,0,0,0,0,36,0,0;27,0,0,24,0,31,0,0,0,0,29,0,0,26,0,0,0,0,0,0,0,0,0,29,0,39,0,0,0,0;32,0,0,25,0,0,0,21,0,0,29,0,0,0,0,0,0,35,0,0,37,22,0,0,0,0,0,0,0,0;0,0,30,0,0,40,40,0,0,0,30,0,35,0,0,21,0,0,0,0,0,25,0,0,0,0,21,0,0,21;20,0,0,0,0,0,0,39,0,0,0,0,0,0,0,25,0,0,0,35,0,0,39,28,29,0,0,23,27,38;0,0,0,0,31,0,27,0,0,0,0,0,0,0,0,0,20,32,0,0,31,0,37,0,29,0,0,0,0,0;0,0,0,0,40,0,24,32,30,0,0,0,0,0,27,0,0,36,23,0,0,0,0,0,35,0,0,26,0,36;27,23,0,0,24,0,29,0,0,0,0,0,22,0,0,0,27,0,0,28,33,0,24,31,35,0,0,35,26,0;0,0,0,24,0,24,25,26,0,0,0,0,31,0,0,23,0,0,0,0,39,23,0,0,0,0,0,21,0,0;0,27,0,27,0,0,0,0,0,0,0,0,0,0,21,0,20,27,0,0,0,33,0,0,0,37,0,40,0,0;0,27,0,0,0,0,0,0,29,0,0,0,0,0,0,0,0,38,0,0,0,36,40,0,0,0,0,0,0,0;0,0,0,0,0,0,0,32,0,0,0,0,0,0,0,33,0,0,0,0,40,0,0,0,27,0,0,0,0,40;0,28,38,0,0,33,0,0,0,0,21,0,0,0,0,0,0,30,27,30,0,0,27,30,0,0,0,0,31,29;0,0,0,0,39,28,0,0,0,0,0,0,0,0,0,0,0,23,0,0,0,0,0,0,0,0,40,0,0,0;0,0,0,0,0,40,36,0,0,0,0,0,0,27,0,0,0,0,29,0,36,0,36,0,0,0,0,22,0,34;0,23,0,0,0,0,21,0,0,0,35,0,0,26,30,0,30,0,0,0,23,0,32,0,20,0,27,0,0,0
-85,12,0,0,0,30,0,0,13,0,17,0,0,26,13,0,0,0,0,0,0,0,-29,0,22,0,0,27,0,-46
------------- End of Scenario k = 6 -------
0,0,0,0,0,0,0,0,36,0,0,0,0,0,0,73,0,0,0,0,73,44,0,0,0,57,0,0,0,0;61,0,80,47,0,0,76,0,0,0,0,0,61,0,0,0,0,0,76,0,0,0,42,0,0,0,32,0,0,20;0,0,0,57,0,0,0,60,0,0,76,0,0,0,20,0,0,77,0,0,61,0,41,0,0,0,0,21,0,0;0,0,0,0,56,0,0,23,63,0,0,0,42,25,67,63,0,0,0,0,0,0,0,0,63,66,47,67,0,0;47,0,0,0,0,0,80,0,0,39,0,0,77,0,0,48,0,0,0,44,0,77,75,0,31,57,0,77,0,56;80,0,0,0,60,0,0,0,80,32,22,26,0,75,0,78,0,0,43,0,40,0,0,68,25,37,0,0,41,0;0,23,54,0,0,0,0,0,0,33,0,24,0,0,0,27,26,0,0,0,0,0,0,25,0,0,24,0,0,0;23,0,54,0,0,0,0,0,38,26,25,28,0,0,67,0,0,0,0,35,0,49,0,0,0,61,0,0,40,57;75,59,0,63,0,44,0,33,0,0,0,0,0,55,0,0,0,0,52,0,0,22,0,0,32,0,0,20,0,40;60,0,0,0,0,0,0,32,73,0,57,80,0,0,0,0,0,0,0,0,0,21,44,0,0,0,0,0,0,23;80,50,0,0,0,0,0,53,0,0,0,0,80,0,0,0,54,0,0,0,40,0,38,0,0,0,0,0,0,47;80,0,0,49,0,0,0,0,0,0,0,0,0,0,0,0,0,0,80,61,0,0,0,0,0,41,0,48,33,23;78,0,0,0,0,0,0,51,34,0,0,0,0,0,0,25,0,0,66,0,49,0,0,0,47,73,0,79,0,0;0,0,0,0,0,0,79,58,0,0,0,33,0,0,0,0,27,0,0,72,0,33,0,35,0,0,30,76,0,0;31,24,76,0,0,0,0,0,0,0,0,0,0,59,0,0,0,0,80,0,0,0,0,0,0,0,0,71,0,0;40,0,0,60,0,51,0,0,0,0,50,0,0,50,0,0,0,0,0,0,0,0,0,22,0,40,0,0,0,0;46,0,0,41,0,0,0,76,0,0,60,0,0,0,0,0,0,75,0,0,33,58,0,0,0,0,0,0,0,0;0,0,66,0,0,43,35,0,0,0,75,0,39,0,0,31,0,0,0,0,0,62,0,0,0,0,80,0,0,73;63,0,0,0,0,0,0,23,0,0,0,0,0,0,0,26,0,0,0,80,0,0,53,32,41,0,0,53,74,70;0,0,0,0,65,0,78,0,0,0,0,0,0,0,0,0,58,40,0,0,32,0,75,0,51,0,0,0,0,0;0,0,0,0,31,0,76,80,64,0,0,0,0,0,56,0,0,21,58,0,0,0,0,0,63,0,0,45,0,80;80,32,0,0,53,0,27,0,0,0,0,0,75,0,0,0,61,0,0,79,64,0,80,57,22,0,0,73,34,0;0,0,0,66,0,47,68,61,0,0,0,0,41,0,0,54,0,0,0,0,27,75,0,0,0,0,0,58,0,0;0,72,0,41,0,0,0,0,0,0,0,0,0,0,44,0,37,52,0,0,0,74,0,0,0,64,0,33,0,0;0,48,0,0,0,0,0,0,34,0,0,0,0,0,0,0,0,30,0,0,0,69,33,0,0,0,0,0,0,0;0,0,0,0,0,0,0,45,0,0,0,0,0,0,0,22,0,0,0,0,72,0,0,0,51,0,0,0,0,68;0,31,57,0,0,64,0,0,0,0,63,0,0,0,0,0,0,47,46,66,0,0,80,50,0,0,0,0,80,80;0,0,0,0,63,45,0,0,0,0,0,0,0,0,0,0,0,42,0,0,0,0,0,0,0,0,41,0,0,0;0,0,0,0,0,37,75,0,0,0,0,0,0,79,0,0,0,0,47,0,76,0,74,0,0,0,0,65,0,73;0,73,0,0,0,0,67,0,0,0,48,0,0,47,24,0,24,0,0,0,20,0,73,0,73,0,44,0,0,0
0,0,0,0,0,0,0,0,20,0,0,0,0,0,0,33,0,0,0,0,32,39,0,0,0,21,0,0,0,0;34,0,33,31,0,0,26,0,0,0,0,0,34,0,0,0,0,0,39,0,0,0,35,0,0,0,32,0,0,35;0,0,0,39,0,0,0,29,0,0,28,0,0,0,35,0,0,32,0,0,40,0,21,0,0,0,0,25,0,0;0,0,0,0,22,0,0,35,31,0,0,0,35,29,29,24,0,0,0,0,0,0,0,0,28,38,21,39,0,0;36,0,0,0,0,0,30,0,0,34,0,0,23,0,0,32,0,0,0,30,0,24,40,0,31,35,0,36,0,40;31,0,0,0,24,0,0,0,28,29,40,35,0,34,0,20,0,0,37,0,26,0,0,34,40,35,0,0,22,0;0,34,28,0,0,0,0,0,0,23,0,28,0,0,0,31,28,0,0,0,0,0,0,21,0,0,33,0,0,0;26,0,27,0,0,0,0,0,30,34,21,23,0,0,34,0,0,0,0,38,0,33,0,0,0,38,0,0,23,22;20,28,0,30,0,38,0,26,0,0,0,0,0,24,0,0,0,0,30,0,0,25,0,0,21,0,0,28,0,28;39,0,0,0,0,0,0,24,29,0,22,21,0,0,0,0,0,0,0,0,0,25,39,0,0,0,0,0,0,27;36,20,0,0,0,0,0,30,0,0,0,0,26,0,0,0,20,0,0,0,32,0,22,0,0,0,0,0,0,33;31,0,0,25,0,0,0,0,0,0,0,0,0,0,0,0,0,0,33,40,0,0,0,0,0,38,0,33,23,31;20,0,0,0,0,0,0,38,39,0,0,0,0,0,0,33,0,0,24,0,27,0,0,0,27,40,0,23,0,0;0,0,0,0,0,0,25,29,0,0,0,29,0,0,0,0,27,0,0,23,0,23,0,39,0,0,34,23,0,0;39,21,22,0,0,0,0,0,0,0,0,0,0,22,0,0,0,0,37,0,0,0,0,0,0,0,0,21,0,0;25,0,0,30,0,26,0,0,0,0,40,0,0,35,0,0,0,0,0,0,0,0,0,29,0,35,0,0,0,0;33,0,0,30,0,0,0,31,0,0,29,0,0,0,0,0,0,26,0,0,33,28,0,0,0,0,0,0,0,0;0,0,28,0,0,23,32,0,0,0,27,0,25,0,0,38,0,0,0,0,0,40,0,0,0,0,34,0,0,23;34,0,0,0,0,0,0,34,0,0,0,0,0,0,0,39,0,0,0,40,0,0,31,39,36,0,0,36,20,29;0,0,0,0,33,0,40,0,0,0,0,0,0,0,0,0,24,36,0,0,21,0,30,0,37,0,0,0,0,0;0,0,0,0,32,0,20,38,36,0,0,0,0,0,21,0,0,40,23,0,0,0,0,0,29,0,0,24,0,21;18,32,0,0,31,0,37,0,0,0,0,0,30,0,0,0,32,0,0,27,24,0,29,34,32,0,0,39,29,0;0,0,0,40,0,30,37,23,0,0,0,0,33,0,0,21,0,0,0,0,37,35,0,0,0,0,0,34,0,0;0,33,0,27,0,0,0,0,0,0,0,0,0,0,20,0,32,29,0,0,0,39,0,0,0,30,0,38,0,0;0,25,0,0,0,0,0,0,35,0,0,0,0,0,0,0,0,33,0,0,0,23,33,0,0,0,0,0,0,0;0,0,0,0,0,0,0,40,0,0,0,0,0,0,0,26,0,0,0,0,35,0,0,0,30,0,0,0,0,28;0,39,40,0,0,29,0,0,0,0,23,0,0,0,0,0,0,21,28,27,0,0,30,31,0,0,0,0,33,36;0,0,0,0,37,28,0,0,0,0,0,0,0,0,0,0,0,36,0,0,0,0,0,0,0,0,39,0,0,0;0,0,0,0,0,35,21,0,0,0,0,0,0,20,0,0,0,0,36,0,23,0,20,0,0,0,0,39,0,26;0,31,0,0,0,0,24,0,0,0,28,0,0,33,27,0,36,0,0,0,22,0,30,0,22,0,38,0,0,0
-98,25,0,0,0,22,0,0,21,0,19,0,0,24,21,0,0,0,0,0,0,0,-22,0,13,0,0,14,0,-39
------------- End of Scenario k = 7 -------
0,0,0,0,0,0,0,0,45,0,0,0,0,0,0,40,0,0,0,0,40,26,0,0,0,76,0,0,0,0;25,0,80,28,0,0,63,0,0,0,0,0,22,0,0,0,0,0,31,0,0,0,60,0,0,0,29,0,0,44;0,0,0,60,0,0,0,22,0,0,23,0,0,0,32,0,0,43,0,0,48,0,42,0,0,0,0,61,0,0;0,0,0,0,50,0,0,56,66,0,0,0,70,32,60,36,0,0,0,0,0,0,0,0,80,43,33,36,0,0;68,0,0,0,0,0,20,0,0,71,0,0,38,0,0,43,0,0,0,51,0,47,21,0,44,21,0,69,0,66;77,0,0,0,80,0,0,0,44,79,51,80,0,24,0,63,0,0,49,0,58,0,0,80,20,24,0,0,59,0;0,44,25,0,0,0,0,0,0,56,0,26,0,0,0,47,28,0,0,0,0,0,0,38,0,0,59,0,0,0;40,0,52,0,0,0,0,0,70,31,70,61,0,0,24,0,0,0,0,75,0,24,0,0,0,76,0,0,75,22;66,43,0,20,0,54,0,80,0,0,0,0,0,60,0,0,0,0,74,0,0,72,0,0,55,0,0,54,0,50;51,0,0,0,0,0,0,56,58,0,41,29,0,0,0,0,0,0,0,0,0,63,39,0,0,0,0,0,0,47;80,69,0,0,0,0,0,64,0,0,0,0,61,0,0,0,39,0,0,0,46,0,20,0,0,0,0,0,0,31;21,0,0,30,0,0,0,0,0,0,0,0,0,0,0,0,0,0,74,70,0,0,0,0,0,28,0,53,78,44;43,0,0,0,0,0,0,33,32,0,0,0,0,0,0,38,0,0,53,0,42,0,0,0,80,80,0,34,0,0;0,0,0,0,0,0,36,43,0,0,0,29,0,0,0,0,65,0,0,77,0,38,0,55,0,0,38,68,0,0;40,57,69,0,0,0,0,0,0,0,0,0,0,70,0,0,0,0,80,0,0,0,0,0,0,0,0,80,0,0;38,0,0,40,0,35,0,0,0,0,34,0,0,45,0,0,0,0,0,0,0,0,0,79,0,75,0,0,0,0;49,0,0,60,0,0,0,33,0,0,42,0,0,0,0,0,0,75,0,0,65,21,0,0,0,0,0,0,0,0;0,0,69,0,0,32,37,0,0,0,77,0,50,0,0,63,0,0,0,0,0,60,0,0,0,0,47,0,0,41;22,0,0,0,0,0,0,42,0,0,0,0,0,0,0,31,0,0,0,80,0,0,66,67,21,0,0,37,35,58;0,0,0,0,27,0,50,0,0,0,0,0,0,0,0,0,58,47,0,0,80,0,38,0,25,0,0,0,0,0;0,0,0,0,75,0,23,35,55,0,0,0,0,0,72,0,0,50,23,0,0,0,0,0,40,0,0,32,0,80;46,26,0,0,73,0,45,0,0,0,0,0,22,0,0,0,48,0,0,33,21,0,80,80,34,0,0,61,30,0;0,0,0,46,0,41,38,64,0,0,0,0,39,0,0,79,0,0,0,0,47,27,0,0,0,0,0,79,0,0;0,29,0,59,0,0,0,0,0,0,0,0,0,0,33,0,39,36,0,0,0,30,0,0,0,76,0,51,0,0;0,58,0,0,0,0,0,0,54,0,0,0,0,0,0,0,0,22,0,0,0,80,71,0,0,0,0,0,0,0;0,0,0,0,0,0,0,58,0,0,0,0,0,0,0,21,0,0,0,0,49,0,0,0,37,0,0,0,0,77;0,46,61,0,0,37,0,0,0,0,37,0,0,0,0,0,0,35,54,66,0,0,57,33,0,0,0,0,80,80;0,0,0,0,73,27,0,0,0,0,0,0,0,0,0,0,0,20,0,0,0,0,0,0,0,0,80,0,0,0;0,0,0,0,0,53,68,0,0,0,0,0,0,34,0,0,0,0,26,0,29,0,68,0,0,0,0,80,0,36;0,37,0,0,0,0,57,0,0,0,39,0,0,56,31,0,69,0,0,0,46,0,61,0,30,0,40,0,0,0
0,0,0,0,0,0,0,0,32,0,0,0,0,0,0,29,0,0,0,0,32,39,0,0,0,24,0,0,0,0;31,0,32,22,0,0,36,0,0,0,0,0,26,0,0,0,0,0,34,0,0,0,21,0,0,0,40,0,0,12;0,0,0,25,0,0,0,31,0,0,39,0,0,0,34,0,0,25,0,0,40,0,21,0,0,0,0,37,0,0;0,0,0,0,23,0,0,29,38,0,0,0,36,31,31,28,0,0,0,0,0,0,0,0,23,28,28,36,0,0;30,0,0,0,0,0,40,0,0,20,0,0,26,0,0,24,0,0,0,36,0,20,35,0,22,23,0,35,0,37;28,0,0,0,33,0,0,0,29,35,32,32,0,25,0,34,0,0,39,0,39,0,0,26,34,27,0,0,35,0;0,20,24,0,0,0,0,0,0,30,0,37,0,0,0,24,39,0,0,0,0,0,0,20,0,0,36,0,0,0;24,0,40,0,0,0,0,0,28,23,21,31,0,0,31,0,0,0,0,23,0,38,0,0,0,39,0,0,27,26;22,36,0,25,0,27,0,22,0,0,0,0,0,32,0,0,0,0,20,0,0,36,0,0,33,0,0,23,0,40;24,0,0,0,0,0,0,28,38,0,28,26,0,0,0,0,0,0,0,0,0,37,35,0,0,0,0,0,0,23;37,35,0,0,0,0,0,21,0,0,0,0,31,0,0,0,27,0,0,0,26,0,34,0,0,0,0,0,0,40;15,0,0,21,0,0,0,0,0,0,0,0,0,0,0,0,0,0,39,24,0,0,0,0,0,36,0,36,30,33;26,0,0,0,0,0,0,29,25,0,0,0,0,0,0,36,0,0,32,0,25,0,0,0,21,28,0,24,0,0;0,0,0,0,0,0,27,33,0,0,0,21,0,0,0,0,28,0,0,31,0,40,0,35,0,0,24,20,0,0;32,37,20,0,0,0,0,0,0,0,0,0,0,21,0,0,0,0,35,0,0,0,0,0,0,0,0,40,0,0;22,0,0,34,0,24,0,0,0,0,35,0,0,27,0,0,0,0,0,0,0,0,0,34,0,33,0,0,0,0;38,0,0,28,0,0,0,32,0,0,29,0,0,0,0,0,0,40,0,0,22,40,0,0,0,0,0,0,0,0;0,0,28,0,0,28,20,0,0,0,27,0,26,0,0,33,0,0,0,0,0,25,0,0,0,0,36,0,0,40;28,0,0,0,0,0,0,28,0,0,0,0,0,0,0,39,0,0,0,40,0,0,28,25,20,0,0,31,26,31;0,0,0,0,26,0,30,0,0,0,0,0,0,0,0,0,24,26,0,0,33,0,28,0,40,0,0,0,0,0;0,0,0,0,20,0,33,37,25,0,0,0,0,0,25,0,0,39,36,0,0,0,0,0,34,0,0,22,0,37;30,36,0,0,30,0,40,0,0,0,0,0,22,0,0,0,32,0,0,39,21,0,40,32,32,0,0,25,29,0;0,0,0,35,0,34,27,25,0,0,0,0,34,0,0,35,0,0,0,0,35,34,0,0,0,0,0,38,0,0;0,26,0,31,0,0,0,0,0,0,0,0,0,0,21,0,38,30,0,0,0,30,0,0,0,30,0,27,0,0;0,23,0,0,0,0,0,0,39,0,0,0,0,0,0,0,0,26,0,0,0,36,40,0,0,0,0,0,0,0;0,0,0,0,0,0,0,36,0,0,0,0,0,0,0,39,0,0,0,0,21,0,0,0,40,0,0,0,0,32;0,40,35,0,0,34,0,0,0,0,29,0,0,0,0,0,0,39,28,34,0,0,32,32,0,0,0,0,32,34;0,0,0,0,28,40,0,0,0,0,0,0,0,0,0,0,0,24,0,0,0,0,0,0,0,0,36,0,0,0;0,0,0,0,0,23,38,0,0,0,0,0,0,32,0,0,0,0,31,0,28,0,22,0,0,0,0,36,0,22;0,32,0,0,0,0,38,0,0,0,37,0,0,37,24,0,22,0,0,0,24,0,38,0,29,0,27,0,0,0
-84,12,0,0,0,28,0,0,10,0,30,0,0,27,26,0,0,0,0,0,0,0,-77,0,30,0,0,26,0,-28
------------- End of Scenario k = 8 -------
0,0,0,0,0,0,0,0,66,0,0,0,0,0,0,64,0,0,0,0,23,73,0,0,0,43,0,0,0,0;56,0,80,53,0,0,42,0,0,0,0,0,38,0,0,0,0,0,39,0,0,0,74,0,0,0,30,0,0,80;0,0,0,80,0,0,0,76,0,0,61,0,0,0,70,0,0,52,0,0,25,0,52,0,0,0,0,48,0,0;0,0,0,0,22,0,0,48,66,0,0,0,39,23,44,22,0,0,0,0,0,0,0,0,79,73,48,63,0,0;64,0,0,0,0,0,80,0,0,65,0,0,40,0,0,55,0,0,0,72,0,66,78,0,61,51,0,27,0,28;36,0,0,0,71,0,0,0,80,60,32,63,0,43,0,57,0,0,68,0,37,0,0,78,73,53,0,0,39,0;0,41,23,0,0,0,0,0,0,38,0,63,0,0,0,65,33,0,0,0,0,0,0,31,0,0,72,0,0,0;60,0,25,0,0,0,0,0,44,80,38,56,0,0,62,0,0,0,0,34,0,57,0,0,0,61,0,0,55,41;36,30,0,63,0,73,0,80,0,0,0,0,0,53,0,0,0,0,65,0,0,29,0,0,51,0,0,26,0,59;45,0,0,0,0,0,0,66,76,0,73,80,0,0,0,0,0,0,0,0,0,49,71,0,0,0,0,0,0,33;20,70,0,0,0,0,0,31,0,0,0,0,79,0,0,0,35,0,0,0,26,0,47,0,0,0,0,0,0,55;52,0,0,78,0,0,0,0,0,0,0,0,0,0,0,0,0,0,28,26,0,0,0,0,0,51,0,55,28,55;20,0,0,0,0,0,0,23,56,0,0,0,0,0,0,30,0,0,44,0,38,0,0,0,25,34,0,25,0,0;0,0,0,0,0,0,57,58,0,0,0,55,0,0,0,0,45,0,0,20,0,57,0,66,0,0,67,77,0,0;80,39,55,0,0,0,0,0,0,0,0,0,0,73,0,0,0,0,26,0,0,0,0,0,0,0,0,47,0,0;75,0,0,28,0,69,0,0,0,0,42,0,0,45,0,0,0,0,0,0,0,0,0,24,0,64,0,0,0,0;80,0,0,28,0,0,0,61,0,0,66,0,0,0,0,0,0,69,0,0,62,30,0,0,0,0,0,0,0,0;0,0,48,0,0,78,68,0,0,0,74,0,30,0,0,21,0,0,0,0,0,63,0,0,0,0,22,0,0,46;41,0,0,0,0,0,0,55,0,0,0,0,0,0,0,52,0,0,0,80,0,0,80,46,70,0,0,55,31,63;0,0,0,0,43,0,33,0,0,0,0,0,0,0,0,0,69,21,0,0,45,0,77,0,43,0,0,0,0,0;0,0,0,0,65,0,41,60,48,0,0,0,0,0,25,0,0,20,55,0,0,0,0,0,39,0,0,66,0,80;80,28,0,0,76,0,61,0,0,0,0,0,58,0,0,0,61,0,0,54,75,0,33,80,23,0,0,44,80,0;0,0,0,61,0,28,55,76,0,0,0,0,68,0,0,53,0,0,0,0,34,73,0,0,0,0,0,28,0,0;0,63,0,70,0,0,0,0,0,0,0,0,0,0,35,0,70,60,0,0,0,39,0,0,0,80,0,80,0,0;0,22,0,0,0,0,0,0,53,0,0,0,0,0,0,0,0,77,0,0,0,80,48,0,0,0,0,0,0,0;0,0,0,0,0,0,0,48,0,0,0,0,0,0,0,54,0,0,0,0,75,0,0,0,39,0,0,0,0,49;0,52,37,0,0,53,0,0,0,0,40,0,0,0,0,0,0,69,78,34,0,0,80,37,0,0,0,0,78,25;0,0,0,0,25,64,0,0,0,0,0,0,0,0,0,0,0,45,0,0,0,0,0,0,0,0,80,0,0,0;0,0,0,0,0,34,58,0,0,0,0,0,0,78,0,0,0,0,43,0,40,0,48,0,0,0,0,39,0,29;0,73,0,0,0,0,37,0,0,0,37,0,0,60,48,0,31,0,0,0,64,0,45,0,69,0,27,0,0,0
0,0,0,0,0,0,0,0,22,0,0,0,0,0,0,20,0,0,0,0,20,29,0,0,0,25,0,0,0,0;37,0,35,39,0,0,32,0,0,0,0,0,27,0,0,0,0,0,26,0,0,0,38,0,0,0,33,0,0,32;0,0,0,31,0,0,0,40,0,0,22,0,0,0,33,0,0,34,0,0,23,0,35,0,0,0,0,37,0,0;0,0,0,0,35,0,0,20,31,0,0,0,23,35,28,40,0,0,0,0,0,0,0,0,34,31,20,27,0,0;24,0,0,0,0,0,40,0,0,29,0,0,35,0,0,31,0,0,0,26,0,20,40,0,37,35,0,22,0,40;35,0,0,0,38,0,0,0,37,35,26,38,0,31,0,39,0,0,23,0,35,0,0,34,39,27,0,0,29,0;0,25,31,0,0,0,0,0,0,26,0,26,0,0,0,22,35,0,0,0,0,0,0,37,0,0,32,0,0,0;30,0,24,0,0,0,0,0,22,32,32,26,0,0,28,0,0,0,0,26,0,31,0,0,0,26,0,0,26,27;32,34,0,39,0,33,0,31,0,0,0,0,0,36,0,0,0,0,29,0,0,26,0,0,29,0,0,36,0,29;24,0,0,0,0,0,0,26,39,0,27,35,0,0,0,0,0,0,0,0,0,30,39,0,0,0,0,0,0,28;18,36,0,0,0,0,0,22,0,0,0,0,37,0,0,0,40,0,0,0,30,0,34,0,0,0,0,0,0,35;23,0,0,32,0,0,0,0,0,0,0,0,0,0,0,0,0,0,27,36,0,0,0,0,0,22,0,31,23,23;26,0,0,0,0,0,0,32,24,0,0,0,0,0,0,33,0,0,20,0,40,0,0,0,39,38,0,23,0,0;0,0,0,0,0,0,27,35,0,0,0,33,0,0,0,0,24,0,0,29,0,32,0,36,0,0,39,38,0,0;34,35,37,0,0,0,0,0,0,0,0,0,0,35,0,0,0,0,23,0,0,0,0,0,0,0,0,25,0,0;23,0,0,26,0,20,0,0,0,0,26,0,0,29,0,0,0,0,0,0,0,0,0,30,0,27,0,0,0,0;22,0,0,21,0,0,0,20,0,0,37,0,0,0,0,0,0,26,0,0,22,31,0,0,0,0,0,0,0,0;0,0,27,0,0,40,35,0,0,0,27,0,25,0,0,34,0,0,0,0,0,35,0,0,0,0,20,0,0,27;26,0,0,0,0,0,0,32,0,0,0,0,0,0,0,40,0,0,0,23,0,0,12,22,23,0,0,22,33,22;0,0,0,0,37,0,37,0,0,0,0,0,0,0,0,0,38,39,0,0,39,0,26,0,33,0,0,0,0,0;0,0,0,0,23,0,31,23,26,0,0,0,0,0,20,0,0,23,30,0,0,0,0,0,40,0,0,39,0,31;26,22,0,0,23,0,28,0,0,0,0,0,23,0,0,0,27,0,0,39,27,0,35,23,21,0,0,23,32,0;0,0,0,22,0,29,24,31,0,0,0,0,33,0,0,20,0,0,0,0,27,39,0,0,0,0,0,32,0,0;0,21,0,27,0,0,0,0,0,0,0,0,0,0,32,0,35,20,0,0,0,28,0,0,0,21,0,37,0,0;0,32,0,0,0,0,0,0,40,0,0,0,0,0,0,0,0,20,0,0,0,36,20,0,0,0,0,0,0,0;0,0,0,0,0,0,0,21,0,0,0,0,0,0,0,37,0,0,0,0,31,0,0,0,20,0,0,0,0,30;0,21,20,0,0,31,0,0,0,0,38,0,0,0,0,0,0,24,30,33,0,0,35,22,0,0,0,0,32,33;0,0,0,0,38,36,0,0,0,0,0,0,0,0,0,0,0,28,0,0,0,0,0,0,0,0,40,0,0,0;0,0,0,0,0,21,31,0,0,0,0,0,0,34,0,0,0,0,36,0,33,0,24,0,0,0,0,34,0,20;0,21,0,0,0,0,40,0,0,0,37,0,0,35,27,0,30,0,0,0,31,0,33,0,34,0,30,0,0,0
-57,28,0,0,0,21,0,0,14,0,11,0,0,16,10,0,0,0,0,0,0,0,-33,0,21,0,0,21,0,-52
------------- End of Scenario k = 9 -------
0,0,0,0,0,0,0,0,73,0,0,0,0,0,0,20,0,0,0,0,72,39,0,0,0,74,0,0,0,0;63,0,80,72,0,0,76,0,0,0,0,0,55,0,0,0,0,0,34,0,0,0,32,0,0,0,35,0,0,36;0,0,0,43,0,0,0,24,0,0,62,0,0,0,69,0,0,35,0,0,38,0,68,0,0,0,0,32,0,0;0,0,0,0,67,0,0,33,54,0,0,0,74,48,77,21,0,0,0,0,0,0,0,0,76,56,67,41,0,0;33,0,0,0,0,0,80,0,0,75,0,0,55,0,0,28,0,0,0,32,0,79,80,0,65,79,0,23,0,67;27,0,0,0,76,0,0,0,55,30,44,47,0,41,0,58,0,0,46,0,40,0,0,71,71,51,0,0,37,0;0,34,23,0,0,0,0,0,0,49,0,61,0,0,0,72,72,0,0,0,0,0,0,60,0,0,41,0,0,0;75,0,68,0,0,0,0,0,32,80,37,66,0,0,27,0,0,0,0,54,0,29,0,0,0,37,0,0,47,21;57,69,0,21,0,21,0,80,0,0,0,0,0,46,0,0,0,0,41,0,0,21,0,0,51,0,0,52,0,58;20,0,0,0,0,0,0,58,53,0,65,34,0,0,0,0,0,0,0,0,0,32,24,0,0,0,0,0,0,37;80,35,0,0,0,0,0,75,0,0,0,0,80,0,0,0,73,0,0,0,80,0,52,0,0,0,0,0,0,58;28,0,0,44,0,0,0,0,0,0,0,0,0,0,0,0,0,0,64,65,0,0,0,0,0,34,0,37,39,50;23,0,0,0,0,0,0,72,32,0,0,0,0,0,0,80,0,0,57,0,52,0,0,0,41,75,0,51,0,0;0,0,0,0,0,0,77,80,0,0,0,62,0,0,0,0,80,0,0,50,0,30,0,73,0,0,50,29,0,0;80,56,72,0,0,0,0,0,0,0,0,0,0,67,0,0,0,0,50,0,0,0,0,0,0,0,0,80,0,0;63,0,0,53,0,52,0,0,0,0,67,0,0,21,0,0,0,0,0,0,0,0,0,62,0,46,0,0,0,0;65,0,0,77,0,0,0,42,0,0,74,0,0,0,0,0,0,80,0,0,77,29,0,0,0,0,0,0,0,0;0,0,47,0,0,39,27,0,0,0,50,0,35,0,0,68,0,0,0,0,0,80,0,0,0,0,78,0,0,25;76,0,0,0,0,0,0,61,0,0,0,0,0,0,0,23,0,0,0,26,0,0,54,26,30,0,0,41,44,49;0,0,0,0,44,0,24,0,0,0,0,0,0,0,0,0,25,40,0,0,80,0,20,0,44,0,0,0,0,0;0,0,0,0,58,0,34,60,21,0,0,0,0,0,44,0,0,76,79,0,0,0,0,0,77,0,0,22,0,24;80,68,0,0,38,0,28,0,0,0,0,0,46,0,0,0,60,0,0,22,45,0,31,39,39,0,0,76,28,0;0,0,0,29,0,60,80,41,0,0,0,0,35,0,0,28,0,0,0,0,58,80,0,0,0,0,0,68,0,0;0,20,0,24,0,0,0,0,0,0,0,0,0,0,44,0,26,48,0,0,0,25,0,0,0,61,0,43,0,0;0,33,0,0,0,0,0,0,76,0,0,0,0,0,0,0,0,39,0,0,0,57,48,0,0,0,0,0,0,0;0,0,0,0,0,0,0,52,0,0,0,0,0,0,0,44,0,0,0,0,73,0,0,0,78,0,0,0,0,58;0,25,58,0,0,77,0,0,0,0,58,0,0,0,0,0,0,37,24,24,0,0,80,54,0,0,0,0,40,80;0,0,0,0,45,47,0,0,0,0,0,0,0,0,0,0,0,61,0,0,0,0,0,0,0,0,80,0,0,0;0,0,0,0,0,31,62,0,0,0,0,0,0,28,0,0,0,0,53,0,52,0,70,0,0,0,0,52,0,69;0,60,0,0,0,0,59,0,0,0,69,0,0,42,40,0,39,0,0,0,68,0,22,0,59,0,47,0,0,0
0,0,0,0,0,0,0,0,26,0,0,0,0,0,0,21,0,0,0,0,32,28,0,0,0,39,0,0,0,0;38,0,27,38,0,0,27,0,0,0,0,0,26,0,0,0,0,0,27,0,0,0,33,0,0,0,21,0,0,27;0,0,0,26,0,0,0,32,0,0,23,0,0,0,39,0,0,20,0,0,22,0,29,0,0,0,0,37,0,0;0,0,0,0,29,0,0,35,33,0,0,0,22,28,26,25,0,0,0,0,0,0,0,0,29,35,37,22,0,0;38,0,0,0,0,0,23,0,0,28,0,0,29,0,0,30,0,0,0,21,0,34,16,0,25,34,0,27,0,38;32,0,0,0,35,0,0,0,27,33,28,40,0,32,0,31,0,0,25,0,38,0,0,40,40,26,0,0,26,0;0,24,37,0,0,0,0,0,0,26,0,33,0,0,0,21,23,0,0,0,0,0,0,26,0,0,39,0,0,0;34,0,25,0,0,0,0,0,20,33,30,36,0,0,24,0,0,0,0,32,0,27,0,0,0,27,0,0,37,25;21,35,0,37,0,27,0,36,0,0,0,0,0,21,0,0,0,0,25,0,0,31,0,0,29,0,0,20,0,35;35,0,0,0,0,0,0,31,33,0,39,35,0,0,0,0,0,0,0,0,0,21,31,0,0,0,0,0,0,36;31,35,0,0,0,0,0,21,0,0,0,0,33,0,0,0,26,0,0,0,40,0,37,0,0,0,0,0,0,22;35,0,0,23,0,0,0,0,0,0,0,0,0,0,0,0,0,0,34,29,0,0,0,0,0,24,0,21,25,33;35,0,0,0,0,0,0,26,36,0,0,0,0,0,0,35,0,0,27,0,27,0,0,0,24,26,0,27,0,0;0,0,0,0,0,0,24,24,0,0,0,31,0,0,0,0,31,0,0,34,0,36,0,36,0,0,35,29,0,0;36,28,21,0,0,0,0,0,0,0,0,0,0,25,0,0,0,0,35,0,0,0,0,0,0,0,0,39,0,0;22,0,0,22,0,39,0,0,0,0,36,0,0,35,0,0,0,0,0,0,0,0,0,30,0,30,0,0,0,0;36,0,0,23,0,0,0,37,0,0,37,0,0,0,0,0,0,27,0,0,26,33,0,0,0,0,0,0,0,0;0,0,38,0,0,32,21,0,0,0,35,0,32,0,0,21,0,0,0,0,0,25,0,0,0,0,28,0,0,32;27,0,0,0,0,0,0,28,0,0,0,0,0,0,0,24,0,0,0,31,0,0,28,36,34,0,0,22,38,35;0,0,0,0,20,0,38,0,0,0,0,0,0,0,0,0,33,27,0,0,30,0,38,0,37,0,0,0,0,0;0,0,0,0,24,0,32,40,36,0,0,0,0,0,24,0,0,31,22,0,0,0,0,0,35,0,0,26,0,32;23,23,0,0,25,0,39,0,0,0,0,0,34,0,0,0,40,0,0,37,39,0,24,36,26,0,0,32,30,0;0,0,0,22,0,30,39,24,0,0,0,0,24,0,0,26,0,0,0,0,20,27,0,0,0,0,0,33,0,0;0,21,0,26,0,0,0,0,0,0,0,0,0,0,35,0,20,37,0,0,0,37,0,0,0,36,0,35,0,0;0,32,0,0,0,0,0,0,32,0,0,0,0,0,0,0,0,25,0,0,0,31,37,0,0,0,0,0,0,0;0,0,0,0,0,0,0,34,0,0,0,0,0,0,0,22,0,0,0,0,23,0,0,0,28,0,0,0,0,37;0,38,20,0,0,32,0,0,0,0,31,0,0,0,0,0,0,34,32,26,0,0,33,32,0,0,0,0,36,24;0,0,0,0,21,38,0,0,0,0,0,0,0,0,0,0,0,39,0,0,0,0,0,0,0,0,32,0,0,0;0,0,0,0,0,20,21,0,0,0,0,0,0,21,0,0,0,0,25,0,34,0,34,0,0,0,0,22,0,40;0,40,0,0,0,0,37,0,0,0,30,0,0,33,35,0,34,0,0,0,33,0,21,0,34,0,23,0,0,0
-89,26,0,0,0,13,0,0,25,0,30,0,0,24,28,0,0,0,0,0,0,0,-65,0,23,0,0,18,0,-33
------------- End of Scenario k = 10 -------
0,0,0,0,0,0,0,0,59,0,0,0,0,0,0,37,0,0,0,0,37,62,0,0,0,73,0,0,0,0;29,0,27,62,0,0,27,0,0,0,0,0,73,0,0,0,0,0,59,0,0,0,45,0,0,0,47,0,0,50;0,0,0,27,0,0,0,70,0,0,74,0,0,0,38,0,0,62,0,0,47,0,66,0,0,0,0,44,0,0;0,0,0,0,39,0,0,57,54,0,0,0,20,69,40,45,0,0,0,0,0,0,0,0,72,55,68,60,0,0;75,0,0,0,0,0,80,0,0,45,0,0,41,0,0,56,0,0,0,43,0,77,80,0,50,36,0,64,0,60;47,0,0,0,21,0,0,0,57,52,66,24,0,47,0,45,0,0,37,0,75,0,0,45,20,79,0,0,41,0;0,34,65,0,0,0,0,0,0,24,0,39,0,0,0,22,25,0,0,0,0,0,0,77,0,0,23,0,0,0;23,0,77,0,0,0,0,0,35,80,78,46,0,0,59,0,0,0,0,39,0,31,0,0,0,70,0,0,59,21;66,20,0,48,0,74,0,80,0,0,0,0,0,56,0,0,0,0,60,0,0,68,0,0,42,0,0,62,0,45;75,0,0,0,0,0,0,21,55,0,73,80,0,0,0,0,0,0,0,0,0,48,35,0,0,0,0,0,0,66;46,77,0,0,0,0,0,69,0,0,0,0,37,0,0,0,64,0,0,0,60,0,69,0,0,0,0,0,0,71;41,0,0,78,0,0,0,0,0,0,0,0,0,0,0,0,0,0,68,57,0,0,0,0,0,60,0,73,56,24;77,0,0,0,0,0,0,63,25,0,0,0,0,0,0,80,0,0,26,0,52,0,0,0,80,35,0,66,0,0;0,0,0,0,0,0,32,66,0,0,0,25,0,0,0,0,80,0,0,31,0,33,0,66,0,0,62,36,0,0;80,26,34,0,0,0,0,0,0,0,0,0,0,60,0,0,0,0,48,0,0,0,0,0,0,0,0,53,0,0;78,0,0,60,0,64,0,0,0,0,35,0,0,38,0,0,0,0,0,0,0,0,0,75,0,76,0,0,0,0;80,0,0,66,0,0,0,59,0,0,72,0,0,0,0,0,0,80,0,0,25,50,0,0,0,0,0,0,0,0;0,0,80,0,0,56,43,0,0,0,60,0,39,0,0,50,0,0,0,0,0,76,0,0,0,0,30,0,0,29;27,0,0,0,0,0,0,80,0,0,0,0,0,0,0,60,0,0,0,80,0,0,80,42,48,0,0,55,66,32;0,0,0,0,53,0,38,0,0,0,0,0,0,0,0,0,58,72,0,0,27,0,61,0,74,0,0,0,0,0;0,0,0,0,46,0,63,56,62,0,0,0,0,0,28,0,0,32,68,0,0,0,0,0,38,0,0,53,0,80;80,48,0,0,22,0,78,0,0,0,0,0,58,0,0,0,34,0,0,54,25,0,31,66,49,0,0,60,41,0;0,0,0,49,0,37,27,66,0,0,0,0,66,0,0,56,0,0,0,0,26,46,0,0,0,0,0,24,0,0;0,58,0,70,0,0,0,0,0,0,0,0,0,0,71,0,68,51,0,0,0,77,0,0,0,45,0,63,0,0;0,61,0,0,0,0,0,0,35,0,0,0,0,0,0,0,0,24,0,0,0,80,68,0,0,0,0,0,0,0;0,0,0,0,0,0,0,22,0,0,0,0,0,0,0,76,0,0,0,0,64,0,0,0,41,0,0,0,0,76;0,75,57,0,0,42,0,0,0,0,53,0,0,0,0,0,0,49,70,78,0,0,39,79,0,0,0,0,80,34;0,0,0,0,74,57,0,0,0,0,0,0,0,0,0,0,0,66,0,0,0,0,0,0,0,0,80,0,0,0;0,0,0,0,0,65,40,0,0,0,0,0,0,59,0,0,0,0,26,0,36,0,58,0,0,0,0,47,0,77;0,65,0,0,0,0,26,0,0,0,31,0,0,77,68,0,64,0,0,0,50,0,55,0,50,0,37,0,0,0
0,0,0,0,0,0,0,0,27,0,0,0,0,0,0,40,0,0,0,0,38,21,0,0,0,37,0,0,0,0;28,0,37,28,0,0,29,0,0,0,0,0,27,0,0,0,0,0,21,0,0,0,24,0,0,0,23,0,0,37;0,0,0,31,0,0,0,32,0,0,29,0,0,0,21,0,0,25,0,0,23,0,35,0,0,0,0,28,0,0;0,0,0,0,31,0,0,30,31,0,0,0,34,36,36,23,0,0,0,0,0,0,0,0,37,20,25,29,0,0;36,0,0,0,0,0,18,0,0,25,0,0,35,0,0,23,0,0,0,24,0,36,31,0,33,39,0,25,0,24;36,0,0,0,15,0,0,0,26,37,28,25,0,31,0,25,0,0,34,0,37,0,0,20,23,30,0,0,28,0;0,20,27,0,0,0,0,0,0,26,0,21,0,0,0,25,22,0,0,0,0,0,0,30,0,0,20,0,0,0;37,0,32,0,0,0,0,0,38,40,38,25,0,0,23,0,0,0,0,36,0,22,0,0,0,34,0,0,40,38;31,37,0,24,0,40,0,31,0,0,0,0,0,34,0,0,0,0,28,0,0,22,0,0,39,0,0,40,0,20;21,0,0,0,0,0,0,38,27,0,27,40,0,0,0,0,0,0,0,0,0,26,29,0,0,0,0,0,0,37;40,22,0,0,0,0,0,29,0,0,0,0,34,0,0,0,22,0,0,0,20,0,34,0,0,0,0,0,0,28;35,0,0,37,0,0,0,0,0,0,0,0,0,0,0,0,0,0,21,22,0,0,0,0,0,25,0,21,25,25;37,0,0,0,0,0,0,28,30,0,0,0,0,0,0,36,0,0,39,0,40,0,0,0,34,31,0,30,0,0;0,0,0,0,0,0,26,25,0,0,0,21,0,0,0,0,18,0,0,31,0,32,0,29,0,0,24,24,0,0;40,25,34,0,0,0,0,0,0,0,0,0,0,30,0,0,0,0,30,0,0,0,0,0,0,0,0,26,0,0;34,0,0,36,0,26,0,0,0,0,30,0,0,25,0,0,0,0,0,0,0,0,0,26,0,35,0,0,0,0;29,0,0,26,0,0,0,20,0,0,26,0,0,0,0,0,0,33,0,0,32,27,0,0,0,0,0,0,0,0;0,0,28,0,0,22,33,0,0,0,24,0,24,0,0,37,0,0,0,0,0,35,0,0,0,0,32,0,0,35;22,0,0,0,0,0,0,38,0,0,0,0,0,0,0,20,0,0,0,40,0,0,30,40,20,0,0,39,31,21;0,0,0,0,20,0,20,0,0,0,0,0,0,0,0,0,32,40,0,0,36,0,34,0,35,0,0,0,0,0;0,0,0,0,34,0,31,20,30,0,0,0,0,0,34,0,0,27,36,0,0,0,0,0,28,0,0,27,0,36;17,24,0,0,26,0,30,0,0,0,0,0,20,0,0,0,37,0,0,33,34,0,19,40,31,0,0,24,21,0;0,0,0,30,0,33,35,27,0,0,0,0,40,0,0,28,0,0,0,0,30,37,0,0,0,0,0,34,0,0;0,27,0,22,0,0,0,0,0,0,0,0,0,0,26,0,21,40,0,0,0,29,0,0,0,29,0,32,0,0;0,38,0,0,0,0,0,0,35,0,0,0,0,0,0,0,0,23,0,0,0,32,25,0,0,0,0,0,0,0;0,0,0,0,0,0,0,25,0,0,0,0,0,0,0,30,0,0,0,0,24,0,0,0,21,0,0,0,0,27;0,21,38,0,0,26,0,0,0,0,35,0,0,0,0,0,0,22,32,27,0,0,37,31,0,0,0,0,19,40;0,0,0,0,20,40,0,0,0,0,0,0,0,0,0,0,0,34,0,0,0,0,0,0,0,0,21,0,0,0;0,0,0,0,0,20,25,0,0,0,0,0,0,23,0,0,0,0,31,0,28,0,22,0,0,0,0,22,0,24;0,29,0,0,0,0,39,0,0,0,35,0,0,30,30,0,33,0,0,0,36,0,26,0,32,0,35,0,0,0
-79,30,0,0,0,13,0,0,29,0,22,0,0,12,29,0,0,0,0,0,0,0,-49,0,16,0,0,19,0,-42
------------- End of Scenario k = 11 -------
0,0,0,0,0,0,0,0,28,0,0,0,0,0,0,32,0,0,0,0,35,49,0,0,0,64,0,0,0,0;60,0,79,24,0,0,56,0,0,0,0,0,45,0,0,0,0,0,33,0,0,0,27,0,0,0,23,0,0,66;0,0,0,80,0,0,0,51,0,0,62,0,0,0,50,0,0,61,0,0,57,0,35,0,0,0,0,51,0,0;0,0,0,0,73,0,0,34,45,0,0,0,29,70,33,23,0,0,0,0,0,0,0,0,71,21,73,46,0,0;56,0,0,0,0,0,80,0,0,55,0,0,77,0,0,51,0,0,0,26,0,44,80,0,21,70,0,21,0,78;80,0,0,0,80,0,0,0,22,35,52,69,0,26,0,56,0,0,61,0,56,0,0,72,49,80,0,0,49,0;0,65,76,0,0,0,0,0,0,80,0,76,0,0,0,35,50,0,0,0,0,0,0,43,0,0,34,0,0,0;52,0,46,0,0,0,0,0,66,54,76,31,0,0,69,0,0,0,0,79,0,77,0,0,0,30,0,0,23,41;34,29,0,38,0,24,0,73,0,0,0,0,0,31,0,0,0,0,45,0,0,35,0,0,24,0,0,24,0,54;59,0,0,0,0,0,0,26,62,0,65,53,0,0,0,0,0,0,0,0,0,80,40,0,0,0,0,0,0,75;53,59,0,0,0,0,0,52,0,0,0,0,28,0,0,0,26,0,0,0,33,0,37,0,0,0,0,0,0,44;28,0,0,51,0,0,0,0,0,0,0,0,0,0,0,0,0,0,75,59,0,0,0,0,0,41,0,58,42,57;64,0,0,0,0,0,0,61,67,0,0,0,0,0,0,52,0,0,48,0,77,0,0,0,75,41,0,34,0,0;0,0,0,0,0,0,48,65,0,0,0,33,0,0,0,0,80,0,0,48,0,31,0,79,0,0,48,43,0,0;78,49,70,0,0,0,0,0,0,0,0,0,0,68,0,0,0,0,32,0,0,0,0,0,0,0,0,28,0,0;35,0,0,47,0,57,0,0,0,0,37,0,0,23,0,0,0,0,0,0,0,0,0,71,0,78,0,0,0,0;80,0,0,42,0,0,0,29,0,0,32,0,0,0,0,0,0,80,0,0,77,42,0,0,0,0,0,0,0,0;0,0,38,0,0,41,68,0,0,0,61,0,79,0,0,22,0,0,0,0,0,24,0,0,0,0,63,0,0,49;41,0,0,0,0,0,0,20,0,0,0,0,0,0,0,25,0,0,0,58,0,0,42,76,66,0,0,46,23,75;0,0,0,0,58,0,31,0,0,0,0,0,0,0,0,0,30,42,0,0,80,0,68,0,58,0,0,0,0,0;0,0,0,0,78,0,49,44,31,0,0,0,0,0,58,0,0,31,27,0,0,0,0,0,66,0,0,66,0,80;80,62,0,0,66,0,48,0,0,0,0,0,55,0,0,0,64,0,0,66,38,0,80,80,65,0,0,73,57,0;0,0,0,53,0,79,66,33,0,0,0,0,31,0,0,53,0,0,0,0,78,31,0,0,0,0,0,62,0,0;0,47,0,20,0,0,0,0,0,0,0,0,0,0,61,0,78,26,0,0,0,52,0,0,0,80,0,49,0,0;0,77,0,0,0,0,0,0,58,0,0,0,0,0,0,0,0,31,0,0,0,80,76,0,0,0,0,0,0,0;0,0,0,0,0,0,0,37,0,0,0,0,0,0,0,53,0,0,0,0,43,0,0,0,50,0,0,0,0,32;0,21,44,0,0,64,0,0,0,0,20,0,0,0,0,0,0,31,64,33,0,0,80,27,0,0,0,0,80,80;0,0,0,0,39,62,0,0,0,0,0,0,0,0,0,0,0,55,0,0,0,0,0,0,0,0,80,0,0,0;0,0,0,0,0,22,34,0,0,0,0,0,0,80,0,0,0,0,24,0,39,0,80,0,0,0,0,36,0,31;0,60,0,0,0,0,37,0,0,0,27,0,0,73,59,0,26,0,0,0,34,0,70,0,62,0,65,0,0,0
0,0,0,0,0,0,0,0,40,0,0,0,0,0,0,31,0,0,0,0,23,38,0,0,0,24,0,0,0,0;20,0,38,30,0,0,31,0,0,0,0,0,23,0,0,0,0,0,40,0,0,0,38,0,0,0,25,0,0,28;0,0,0,34,0,0,0,38,0,0,28,0,0,0,21,0,0,20,0,0,22,0,39,0,0,0,0,38,0,0;0,0,0,0,32,0,0,37,38,0,0,0,20,21,21,39,0,0,0,0,0,0,0,0,26,22,29,21,0,0;39,0,0,0,0,0,39,0,0,22,0,0,32,0,0,38,0,0,0,30,0,36,34,0,33,30,0,25,0,20;29,0,0,0,24,0,0,0,26,20,39,25,0,35,0,37,0,0,22,0,27,0,0,34,22,34,0,0,40,0;0,23,26,0,0,0,0,0,0,35,0,38,0,0,0,37,22,0,0,0,0,0,0,34,0,0,29,0,0,0;35,0,35,0,0,0,0,0,25,38,31,25,0,0,21,0,0,0,0,27,0,23,0,0,0,22,0,0,27,29;25,23,0,36,0,40,0,35,0,0,0,0,0,33,0,0,0,0,20,0,0,23,0,0,31,0,0,27,0,20;22,0,0,0,0,0,0,30,23,0,28,32,0,0,0,0,0,0,0,0,0,30,40,0,0,0,0,0,0,33;39,33,0,0,0,0,0,22,0,0,0,0,31,0,0,0,32,0,0,0,23,0,20,0,0,0,0,0,0,24;29,0,0,26,0,0,0,0,0,0,0,0,0,0,0,0,0,0,40,25,0,0,0,0,0,31,0,24,40,40;23,0,0,0,0,0,0,20,39,0,0,0,0,0,0,35,0,0,33,0,36,0,0,0,29,31,0,40,0,0;0,0,0,0,0,0,27,26,0,0,0,38,0,0,0,0,36,0,0,35,0,36,0,39,0,0,40,38,0,0;33,33,38,0,0,0,0,0,0,0,0,0,0,40,0,0,0,0,27,0,0,0,0,0,0,0,0,29,0,0;23,0,0,32,0,28,0,0,0,0,33,0,0,36,0,0,0,0,0,0,0,0,0,24,0,26,0,0,0,0;20,0,0,27,0,0,0,36,0,0,40,0,0,0,0,0,0,18,0,0,26,30,0,0,0,0,0,0,0,0;0,0,23,0,0,35,30,0,0,0,24,0,32,0,0,21,0,0,0,0,0,23,0,0,0,0,34,0,0,24;39,0,0,0,0,0,0,29,0,0,0,0,0,0,0,25,0,0,0,37,0,0,16,20,38,0,0,22,35,33;0,0,0,0,40,0,37,0,0,0,0,0,0,0,0,0,24,28,0,0,40,0,30,0,23,0,0,0,0,0;0,0,0,0,22,0,38,26,37,0,0,0,0,0,22,0,0,33,40,0,0,0,0,0,38,0,0,40,0,16;35,23,0,0,30,0,39,0,0,0,0,0,40,0,0,0,22,0,0,23,20,0,29,39,39,0,0,33,38,0;0,0,0,20,0,39,35,38,0,0,0,0,33,0,0,25,0,0,0,0,23,30,0,0,0,0,0,27,0,0;0,35,0,24,0,0,0,0,0,0,0,0,0,0,37,0,28,26,0,0,0,31,0,0,0,39,0,32,0,0;0,25,0,0,0,0,0,0,21,0,0,0,0,0,0,0,0,30,0,0,0,32,38,0,0,0,0,0,0,0;0,0,0,0,0,0,0,38,0,0,0,0,0,0,0,31,0,0,0,0,39,0,0,0,34,0,0,0,0,31;0,37,33,0,0,40,0,0,0,0,30,0,0,0,0,0,0,33,32,20,0,0,24,29,0,0,0,0,28,25;0,0,0,0,21,39,0,0,0,0,0,0,0,0,0,0,0,40,0,0,0,0,0,0,0,0,29,0,0,0;0,0,0,0,0,29,21,0,0,0,0,0,0,33,0,0,0,0,35,0,29,0,34,0,0,0,0,40,0,29;0,31,0,0,0,0,23,0,0,0,31,0,0,28,29,0,37,0,0,0,33,0,30,0,40,0,24,0,0,0
-114,16,0,0,0,23,0,0,29,0,30,0,0,13,10,0,0,0,0,0,0,0,-25,0,29,0,0,19,0,-30
------------- End of Scenario k = 12 -------
0,0,0,0,0,0,0,0,38,0,0,0,0,0,0,72,0,0,0,0,53,56,0,0,0,61,0,0,0,0;20,0,23,34,0,0,49,0,0,0,0,0,62,0,0,0,0,0,50,0,0,0,54,0,0,0,70,0,0,44;0,0,0,44,0,0,0,77,0,0,44,0,0,0,38,0,0,56,0,0,30,0,55,0,0,0,0,67,0,0;0,0,0,0,64,0,0,24,53,0,0,0,49,37,42,73,0,0,0,0,0,0,0,0,44,36,69,35,0,0;70,0,0,0,0,0,41,0,0,56,0,0,53,0,0,42,0,0,0,25,0,32,80,0,59,32,0,45,0,44;80,0,0,0,37,0,0,0,57,45,30,58,0,30,0,37,0,0,30,0,80,0,0,41,66,56,0,0,60,0;0,38,72,0,0,0,0,0,0,64,0,24,0,0,0,32,60,0,0,0,0,0,0,38,0,0,24,0,0,0;68,0,40,0,0,0,0,0,74,31,56,65,0,0,49,0,0,0,0,57,0,72,0,0,0,20,0,0,63,67;50,46,0,28,0,59,0,80,0,0,0,0,0,50,0,0,0,0,26,0,0,24,0,0,34,0,0,27,0,56;48,0,0,0,0,0,0,32,63,0,76,54,0,0,0,0,0,0,0,0,0,27,23,0,0,0,0,0,0,26;80,78,0,0,0,0,0,73,0,0,0,0,78,0,0,0,74,0,0,0,49,0,74,0,0,0,0,0,0,72;80,0,0,56,0,0,0,0,0,0,0,0,0,0,0,0,0,0,52,64,0,0,0,0,0,30,0,56,71,57;53,0,0,0,0,0,0,68,47,0,0,0,0,0,0,80,0,0,32,0,60,0,0,0,48,51,0,71,0,0;0,0,0,0,0,0,35,30,0,0,0,30,0,0,0,0,59,0,0,51,0,63,0,45,0,0,31,45,0,0;80,50,34,0,0,0,0,0,0,0,0,0,0,37,0,0,0,0,62,0,0,0,0,0,0,0,0,50,0,0;42,0,0,30,0,58,0,0,0,0,50,0,0,76,0,0,0,0,0,0,0,0,0,38,0,26,0,0,0,0;80,0,0,61,0,0,0,55,0,0,61,0,0,0,0,0,0,69,0,0,63,69,0,0,0,0,0,0,0,0;0,0,34,0,0,72,69,0,0,0,59,0,35,0,0,58,0,0,0,0,0,46,0,0,0,0,58,0,0,66;51,0,0,0,0,0,0,22,0,0,0,0,0,0,0,73,0,0,0,44,0,0,57,54,72,0,0,63,59,79;0,0,0,0,23,0,37,0,0,0,0,0,0,0,0,0,24,41,0,0,46,0,47,0,78,0,0,0,0,0;0,0,0,0,56,0,77,35,41,0,0,0,0,0,71,0,0,79,24,0,0,0,0,0,44,0,0,26,0,33;55,78,0,0,56,0,55,0,0,0,0,0,46,0,0,0,20,0,0,20,77,0,80,42,73,0,0,39,69,0;0,0,0,55,0,59,45,58,0,0,0,0,53,0,0,52,0,0,0,0,28,71,0,0,0,0,0,60,0,0;0,60,0,70,0,0,0,0,0,0,0,0,0,0,59,0,65,42,0,0,0,52,0,0,0,39,0,62,0,0;0,31,0,0,0,0,0,0,25,0,0,0,0,0,0,0,0,24,0,0,0,80,45,0,0,0,0,0,0,0;0,0,0,0,0,0,0,50,0,0,0,0,0,0,0,51,0,0,0,0,79,0,0,0,65,0,0,0,0,46;0,30,71,0,0,80,0,0,0,0,74,0,0,0,0,0,0,33,23,30,0,0,74,35,0,0,0,0,80,80;0,0,0,0,78,44,0,0,0,0,0,0,0,0,0,0,0,26,0,0,0,0,0,0,0,0,79,0,0,0;0,0,0,0,0,23,41,0,0,0,0,0,0,43,0,0,0,0,52,0,54,0,32,0,0,0,0,54,0,33;0,40,0,0,0,0,50,0,0,0,63,0,0,30,73,0,61,0,0,0,59,0,24,0,78,0,53,0,0,0
0,0,0,0,0,0,0,0,29,0,0,0,0,0,0,32,0,0,0,0,29,40,0,0,0,23,0,0,0,0;20,0,29,35,0,0,31,0,0,0,0,0,22,0,0,0,0,0,36,0,0,0,39,0,0,0,27,0,0,39;0,0,0,35,0,0,0,21,0,0,26,0,0,0,34,0,0,32,0,0,28,0,25,0,0,0,0,31,0,0;0,0,0,0,31,0,0,25,28,0,0,0,24,37,39,34,0,0,0,0,0,0,0,0,20,36,27,40,0,0;27,0,0,0,0,0,29,0,0,21,0,0,23,0,0,34,0,0,0,24,0,38,34,0,23,38,0,21,0,38;29,0,0,0,34,0,0,0,35,22,34,31,0,36,0,25,0,0,38,0,37,0,0,32,28,24,0,0,32,0;0,26,35,0,0,0,0,0,0,30,0,23,0,0,0,24,30,0,0,0,0,0,0,39,0,0,21,0,0,0;37,0,31,0,0,0,0,0,35,28,36,36,0,0,40,0,0,0,0,22,0,33,0,0,0,37,0,0,39,29;20,31,0,39,0,37,0,36,0,0,0,0,0,24,0,0,0,0,23,0,0,40,0,0,29,0,0,22,0,30;21,0,0,0,0,0,0,26,40,0,37,31,0,0,0,0,0,0,0,0,0,36,40,0,0,0,0,0,0,34;29,36,0,0,0,0,0,35,0,0,0,0,38,0,0,0,39,0,0,0,23,0,25,0,0,0,0,0,0,21;24,0,0,22,0,0,0,0,0,0,0,0,0,0,0,0,0,0,35,30,0,0,0,0,0,28,0,39,30,32;40,0,0,0,0,0,0,32,40,0,0,0,0,0,0,40,0,0,35,0,30,0,0,0,33,23,0,37,0,0;0,0,0,0,0,0,23,30,0,0,0,23,0,0,0,0,29,0,0,31,0,36,0,34,0,0,32,22,0,0;27,35,36,0,0,0,0,0,0,0,0,0,0,32,0,0,0,0,28,0,0,0,0,0,0,0,0,35,0,0;32,0,0,24,0,38,0,0,0,0,27,0,0,36,0,0,0,0,0,0,0,0,0,24,0,33,0,0,0,0;22,0,0,29,0,0,0,38,0,0,25,0,0,0,0,0,0,38,0,0,26,23,0,0,0,0,0,0,0,0;0,0,29,0,0,39,37,0,0,0,38,0,24,0,0,21,0,0,0,0,0,24,0,0,0,0,20,0,0,38;30,0,0,0,0,0,0,40,0,0,0,0,0,0,0,22,0,0,0,39,0,0,30,37,34,0,0,22,39,31;0,0,0,0,31,0,37,0,0,0,0,0,0,0,0,0,32,33,0,0,31,0,22,0,23,0,0,0,0,0;0,0,0,0,33,0,28,24,39,0,0,0,0,0,27,0,0,28,32,0,0,0,0,0,38,0,0,38,0,37;29,34,0,0,34,0,31,0,0,0,0,0,21,0,0,0,33,0,0,23,25,0,35,30,36,0,0,20,20,0;0,0,0,25,0,33,23,38,0,0,0,0,27,0,0,24,0,0,0,0,27,38,0,0,0,0,0,27,0,0;0,37,0,32,0,0,0,0,0,0,0,0,0,0,26,0,22,22,0,0,0,24,0,0,0,32,0,23,0,0;0,40,0,0,0,0,0,0,37,0,0,0,0,0,0,0,0,33,0,0,0,29,30,0,0,0,0,0,0,0;0,0,0,0,0,0,0,33,0,0,0,0,0,0,0,29,0,0,0,0,32,0,0,0,21,0,0,0,0,23;0,25,38,0,0,20,0,0,0,0,30,0,0,0,0,0,0,22,29,28,0,0,30,34,0,0,0,0,27,27;0,0,0,0,37,36,0,0,0,0,0,0,0,0,0,0,0,21,0,0,0,0,0,0,0,0,23,0,0,0;0,0,0,0,0,21,28,0,0,0,0,0,0,36,0,0,0,0,30,0,40,0,24,0,0,0,0,40,0,25;0,29,0,0,0,0,38,0,0,0,24,0,0,38,40,0,38,0,0,0,36,0,20,0,26,0,28,0,0,0
-78,17,0,0,0,28,0,0,22,0,14,0,0,19,27,0,0,0,0,0,0,0,-56,0,26,0,0,22,0,-41
------------- End of Scenario k = 13 -------
0,0,0,0,0,0,0,0,65,0,0,0,0,0,0,72,0,0,0,0,62,72,0,0,0,50,0,0,0,0;76,0,80,57,0,0,48,0,0,0,0,0,55,0,0,0,0,0,52,0,0,0,21,0,0,0,31,0,0,45;0,0,0,80,0,0,0,31,0,0,62,0,0,0,55,0,0,68,0,0,71,0,58,0,0,0,0,22,0,0;0,0,0,0,64,0,0,25,66,0,0,0,35,63,78,61,0,0,0,0,0,0,0,0,40,70,78,69,0,0;63,0,0,0,0,0,80,0,0,64,0,0,40,0,0,54,0,0,0,35,0,65,75,0,56,68,0,28,0,52;39,0,0,0,23,0,0,0,77,66,68,24,0,31,0,58,0,0,36,0,66,0,0,51,31,70,0,0,62,0;0,20,63,0,0,0,0,0,0,33,0,79,0,0,0,70,42,0,0,0,0,0,0,37,0,0,58,0,0,0;78,0,50,0,0,0,0,0,58,43,36,68,0,0,61,0,0,0,0,40,0,77,0,0,0,39,0,0,24,62;45,44,0,23,0,66,0,68,0,0,0,0,0,39,0,0,0,0,50,0,0,69,0,0,41,0,0,63,0,56;24,0,0,0,0,0,0,35,74,0,61,43,0,0,0,0,0,0,0,0,0,53,67,0,0,0,0,0,0,65;80,42,0,0,0,0,0,35,0,0,0,0,80,0,0,0,53,0,0,0,74,0,63,0,0,0,0,0,0,60;80,0,0,42,0,0,0,0,0,0,0,0,0,0,0,0,0,0,35,46,0,0,0,0,0,30,0,66,53,24;68,0,0,0,0,0,0,40,49,0,0,0,0,0,0,80,0,0,26,0,30,0,0,0,24,27,0,55,0,0;0,0,0,0,0,0,60,67,0,0,0,61,0,0,0,0,71,0,0,58,0,71,0,35,0,0,54,48,0,0;40,47,73,0,0,0,0,0,0,0,0,0,0,32,0,0,0,0,54,0,0,0,0,0,0,0,0,20,0,0;67,0,0,33,0,24,0,0,0,0,52,0,0,20,0,0,0,0,0,0,0,0,0,72,0,41,0,0,0,0;34,0,0,52,0,0,0,42,0,0,48,0,0,0,0,0,0,80,0,0,21,36,0,0,0,0,0,0,0,0;0,0,74,0,0,55,47,0,0,0,23,0,27,0,0,55,0,0,0,0,0,74,0,0,0,0,38,0,0,71;78,0,0,0,0,0,0,59,0,0,0,0,0,0,0,58,0,0,0,80,0,0,52,50,28,0,0,43,38,79;0,0,0,0,24,0,35,0,0,0,0,0,0,0,0,0,62,45,0,0,35,0,29,0,73,0,0,0,0,0;0,0,0,0,37,0,67,31,75,0,0,0,0,0,79,0,0,50,23,0,0,0,0,0,68,0,0,54,0,57;80,39,0,0,65,0,25,0,0,0,0,0,72,0,0,0,41,0,0,21,57,0,80,80,21,0,0,42,76,0;0,0,0,53,0,43,79,29,0,0,0,0,27,0,0,47,0,0,0,0,40,34,0,0,0,0,0,25,0,0;0,70,0,56,0,0,0,0,0,0,0,0,0,0,26,0,80,72,0,0,0,56,0,0,0,80,0,80,0,0;0,76,0,0,0,0,0,0,78,0,0,0,0,0,0,0,0,60,0,0,0,80,63,0,0,0,0,0,0,0;0,0,0,0,0,0,0,72,0,0,0,0,0,0,0,24,0,0,0,0,22,0,0,0,56,0,0,0,0,61;0,47,20,0,0,43,0,0,0,0,40,0,0,0,0,0,0,76,38,76,0,0,68,32,0,0,0,0,80,80;0,0,0,0,76,53,0,0,0,0,0,0,0,0,0,0,0,37,0,0,0,0,0,0,0,0,34,0,0,0;0,0,0,0,0,21,50,0,0,0,0,0,0,30,0,0,0,0,57,0,80,0,60,0,0,0,0,80,0,22;0,35,0,0,0,0,64,0,0,0,63,0,0,32,36,0,40,0,0,0,26,0,30,0,20,0,68,0,0,0
0,0,0,0,0,0,0,0,31,0,0,0,0,0,0,35,0,0,0,0,33,36,0,0,0,25,0,0,0,0;33,0,22,34,0,0,34,0,0,0,0,0,30,0,0,0,0,0,23,0,0,0,28,0,0,0,28,0,0,38;0,0,0,20,0,0,0,22,0,0,28,0,0,0,25,0,0,22,0,0,21,0,27,0,0,0,0,28,0,0;0,0,0,0,30,0,0,36,29,0,0,0,37,27,29,24,0,0,0,0,0,0,0,0,24,27,21,38,0,0;28,0,0,0,0,0,27,0,0,37,0,0,38,0,0,23,0,0,0,29,0,37,30,0,35,20,0,20,0,38;35,0,0,0,27,0,0,0,37,32,28,25,0,34,0,30,0,0,36,0,21,0,0,22,20,36,0,0,27,0;0,35,28,0,0,0,0,0,0,35,0,22,0,0,0,29,33,0,0,0,0,0,0,22,0,0,26,0,0,0;29,0,25,0,0,0,0,0,33,32,29,39,0,0,39,0,0,0,0,38,0,36,0,0,0,26,0,0,35,39;32,23,0,37,0,40,0,35,0,0,0,0,0,35,0,0,0,0,32,0,0,40,0,0,29,0,0,39,0,27;27,0,0,0,0,0,0,31,33,0,31,32,0,0,0,0,0,0,0,0,0,25,32,0,0,0,0,0,0,24;33,26,0,0,0,0,0,29,0,0,0,0,20,0,0,0,23,0,0,0,21,0,40,0,0,0,0,0,0,25;36,0,0,25,0,0,0,0,0,0,0,0,0,0,0,0,0,0,27,28,0,0,0,0,0,38,0,34,38,31;21,0,0,0,0,0,0,28,35,0,0,0,0,0,0,38,0,0,21,0,28,0,0,0,23,40,0,31,0,0;0,0,0,0,0,0,32,22,0,0,0,39,0,0,0,0,14,0,0,39,0,23,0,21,0,0,28,29,0,0;19,37,37,0,0,0,0,0,0,0,0,0,0,29,0,0,0,0,21,0,0,0,0,0,0,0,0,20,0,0;27,0,0,27,0,33,0,0,0,0,30,0,0,20,0,0,0,0,0,0,0,0,0,34,0,38,0,0,0,0;28,0,0,40,0,0,0,27,0,0,35,0,0,0,0,0,0,13,0,0,21,34,0,0,0,0,0,0,0,0;0,0,27,0,0,21,37,0,0,0,23,0,28,0,0,26,0,0,0,0,0,40,0,0,0,0,30,0,0,29;28,0,0,0,0,0,0,26,0,0,0,0,0,0,0,30,0,0,0,21,0,0,33,33,28,0,0,32,24,36;0,0,0,0,21,0,23,0,0,0,0,0,0,0,0,0,20,37,0,0,20,0,25,0,32,0,0,0,0,0;0,0,0,0,29,0,28,27,39,0,0,0,0,0,25,0,0,29,37,0,0,0,0,0,33,0,0,39,0,32;29,23,0,0,26,0,21,0,0,0,0,0,38,0,0,0,29,0,0,32,25,0,34,37,29,0,0,29,33,0;0,0,0,35,0,28,26,40,0,0,0,0,31,0,0,33,0,0,0,0,39,29,0,0,0,0,0,20,0,0;0,31,0,22,0,0,0,0,0,0,0,0,0,0,35,0,37,36,0,0,0,29,0,0,0,31,0,26,0,0;0,35,0,0,0,0,0,0,28,0,0,0,0,0,0,0,0,25,0,0,0,32,26,0,0,0,0,0,0,0;0,0,0,0,0,0,0,22,0,0,0,0,0,0,0,24,0,0,0,0,30,0,0,0,32,0,0,0,0,26;0,24,25,0,0,24,0,0,0,0,36,0,0,0,0,0,0,24,31,31,0,0,30,24,0,0,0,0,39,34;0,0,0,0,35,25,0,0,0,0,0,0,0,0,0,0,0,25,0,0,0,0,0,0,0,0,37,0,0,0;0,0,0,0,0,23,32,0,0,0,0,0,0,31,0,0,0,0,33,0,31,0,34,0,0,0,0,23,0,29;0,29,0,0,0,0,30,0,0,0,32,0,0,40,21,0,21,0,0,0,38,0,38,0,40,0,22,0,0,0
-92,12,0,0,0,16,0,0,30,0,11,0,0,13,16,0,0,0,0,0,0,0,-43,0,29,0,0,28,0,-20
------------- End of Scenario k = 14 -------
0,0,0,0,0,0,0,0,25,0,0,0,0,0,0,26,0,0,0,0,70,47,0,0,0,69,0,0,0,0;75,0,35,23,0,0,77,0,0,0,0,0,56,0,0,0,0,0,36,0,0,0,49,0,0,0,62,0,0,22;0,0,0,80,0,0,0,70,0,0,72,0,0,0,76,0,0,71,0,0,44,0,30,0,0,0,0,27,0,0;0,0,0,0,55,0,0,20,79,0,0,0,57,38,26,32,0,0,0,0,0,0,0,0,79,73,41,43,0,0;24,0,0,0,0,0,80,0,0,23,0,0,25,0,0,20,0,0,0,78,0,42,80,0,27,20,0,64,0,35;54,0,0,0,80,0,0,0,80,25,43,20,0,79,0,58,0,0,47,0,74,0,0,72,54,24,0,0,34,0;0,69,26,0,0,0,0,0,0,21,0,64,0,0,0,33,75,0,0,0,0,0,0,68,0,0,67,0,0,0;46,0,23,0,0,0,0,0,44,68,29,39,0,0,78,0,0,0,0,36,0,50,0,0,0,57,0,0,49,77;40,58,0,28,0,67,0,80,0,0,0,0,0,38,0,0,0,0,22,0,0,46,0,0,20,0,0,71,0,64;64,0,0,0,0,0,0,58,78,0,39,80,0,0,0,0,0,0,0,0,0,48,29,0,0,0,0,0,0,34;24,21,0,0,0,0,0,44,0,0,0,0,80,0,0,0,60,0,0,0,25,0,50,0,0,0,0,0,0,36;41,0,0,64,0,0,0,0,0,0,0,0,0,0,0,0,0,0,30,78,0,0,0,0,0,29,0,42,24,66;24,0,0,0,0,0,0,76,71,0,0,0,0,0,0,23,0,0,49,0,23,0,0,0,64,52,0,54,0,0;0,0,0,0,0,0,22,65,0,0,0,64,0,0,0,0,45,0,0,49,0,64,0,67,0,0,42,60,0,0;72,78,67,0,0,0,0,0,0,0,0,0,0,55,0,0,0,0,80,0,0,0,0,0,0,0,0,24,0,0;24,0,0,73,0,32,0,0,0,0,39,0,0,60,0,0,0,0,0,0,0,0,0,73,0,73,0,0,0,0;30,0,0,36,0,0,0,42,0,0,32,0,0,0,0,0,0,37,0,0,48,33,0,0,0,0,0,0,0,0;0,0,59,0,0,27,33,0,0,0,40,0,31,0,0,73,0,0,0,0,0,54,0,0,0,0,47,0,0,72;34,0,0,0,0,0,0,47,0,0,0,0,0,0,0,58,0,0,0,80,0,0,80,70,20,0,0,46,55,41;0,0,0,0,29,0,69,0,0,0,0,0,0,0,0,0,73,23,0,0,55,0,57,0,44,0,0,0,0,0;0,0,0,0,60,0,41,74,72,0,0,0,0,0,60,0,0,65,34,0,0,0,0,0,30,0,0,44,0,28;39,36,0,0,58,0,20,0,0,0,0,0,41,0,0,0,56,0,0,72,61,0,80,72,70,0,0,69,64,0;0,0,0,69,0,24,41,27,0,0,0,0,45,0,0,64,0,0,0,0,63,70,0,0,0,0,0,57,0,0;0,22,0,41,0,0,0,0,0,0,0,0,0,0,39,0,61,73,0,0,0,27,0,0,0,25,0,40,0,0;0,27,0,0,0,0,0,0,29,0,0,0,0,0,0,0,0,45,0,0,0,31,47,0,0,0,0,0,0,0;0,0,0,0,0,0,0,39,0,0,0,0,0,0,0,21,0,0,0,0,63,0,0,0,75,0,0,0,0,72;0,60,80,0,0,76,0,0,0,0,46,0,0,0,0,0,0,70,29,52,0,0,21,33,0,0,0,0,80,80;0,0,0,0,37,79,0,0,0,0,0,0,0,0,0,0,0,44,0,0,0,0,0,0,0,0,80,0,0,0;0,0,0,0,0,30,72,0,0,0,0,0,0,31,0,0,0,0,65,0,78,0,40,0,0,0,0,20,0,80;0,47,0,0,0,0,50,0,0,0,27,0,0,56,62,0,58,0,0,0,35,0,75,0,52,0,20,0,0,0
0,0,0,0,0,0,0,0,36,0,0,0,0,0,0,27,0,0,0,0,34,28,0,0,0,23,0,0,0,0;34,0,37,31,0,0,25,0,0,0,0,0,34,0,0,0,0,0,25,0,0,0,25,0,0,0,27,0,0,24;0,0,0,27,0,0,0,33,0,0,22,0,0,0,22,0,0,27,0,0,25,0,40,0,0,0,0,26,0,0;0,0,0,0,28,0,0,32,25,0,0,0,24,39,22,27,0,0,0,0,0,0,0,0,31,28,28,31,0,0;36,0,0,0,0,0,25,0,0,20,0,0,23,0,0,27,0,0,0,23,0,26,26,0,37,35,0,40,0,31;21,0,0,0,12,0,0,0,21,36,37,27,0,38,0,28,0,0,39,0,27,0,0,34,27,24,0,0,36,0;0,31,28,0,0,0,0,0,0,25,0,25,0,0,0,24,25,0,0,0,0,0,0,32,0,0,28,0,0,0;35,0,38,0,0,0,0,0,34,28,34,25,0,0,32,0,0,0,0,20,0,24,0,0,0,28,0,0,31,36;20,22,0,30,0,36,0,36,0,0,0,0,0,23,0,0,0,0,24,0,0,40,0,0,29,0,0,26,0,37;32,0,0,0,0,0,0,21,21,0,27,38,0,0,0,0,0,0,0,0,0,23,40,0,0,0,0,0,0,24;35,34,0,0,0,0,0,25,0,0,0,0,40,0,0,0,23,0,0,0,35,0,36,0,0,0,0,0,0,25;31,0,0,39,0,0,0,0,0,0,0,0,0,0,0,0,0,0,28,21,0,0,0,0,0,20,0,24,33,33;38,0,0,0,0,0,0,28,38,0,0,0,0,0,0,30,0,0,34,0,32,0,0,0,20,38,0,39,0,0;0,0,0,0,0,0,21,34,0,0,0,39,0,0,0,0,29,0,0,31,0,32,0,31,0,0,35,30,0,0;34,30,20,0,0,0,0,0,0,0,0,0,0,23,0,0,0,0,39,0,0,0,0,0,0,0,0,23,0,0;27,0,0,22,0,24,0,0,0,0,26,0,0,21,0,0,0,0,0,0,0,0,0,23,0,28,0,0,0,0;22,0,0,38,0,0,0,38,0,0,37,0,0,0,0,0,0,27,0,0,36,29,0,0,0,0,0,0,0,0;0,0,40,0,0,36,20,0,0,0,20,0,35,0,0,40,0,0,0,0,0,34,0,0,0,0,25,0,0,28;30,0,0,0,0,0,0,40,0,0,0,0,0,0,0,34,0,0,0,27,0,0,27,20,33,0,0,34,26,37;0,0,0,0,30,0,20,0,0,0,0,0,0,0,0,0,32,26,0,0,33,0,40,0,24,0,0,0,0,0;0,0,0,0,30,0,34,37,30,0,0,0,0,0,35,0,0,38,32,0,0,0,0,0,31,0,0,26,0,40;31,23,0,0,32,0,36,0,0,0,0,0,25,0,0,0,37,0,0,29,36,0,32,20,38,0,0,36,39,0;0,0,0,34,0,25,39,22,0,0,0,0,30,0,0,40,0,0,0,0,24,23,0,0,0,0,0,24,0,0;0,36,0,20,0,0,0,0,0,0,0,0,0,0,31,0,27,31,0,0,0,38,0,0,0,23,0,34,0,0;0,24,0,0,0,0,0,0,31,0,0,0,0,0,0,0,0,29,0,0,0,26,27,0,0,0,0,0,0,0;0,0,0,0,0,0,0,26,0,0,0,0,0,0,0,38,0,0,0,0,35,0,0,0,22,0,0,0,0,32;0,36,24,0,0,27,0,0,0,0,37,0,0,0,0,0,0,26,38,32,0,0,30,22,0,0,0,0,40,28;0,0,0,0,39,21,0,0,0,0,0,0,0,0,0,0,0,40,0,0,0,0,0,0,0,0,25,0,0,0;0,0,0,0,0,31,27,0,0,0,0,0,0,31,0,0,0,0,31,0,28,0,40,0,0,0,0,30,0,39;0,33,0,0,0,0,30,0,0,0,21,0,0,31,29,0,27,0,0,0,22,0,35,0,27,0,33,0,0,0
-94,15,0,0,0,11,0,0,24,0,23,0,0,16,27,0,0,0,0,0,0,0,-10,0,20,0,0,25,0,-57
------------- End of Scenario k = 15 -------
0,0,0,0,0,0,0,0,41,0,0,0,0,0,0,52,0,0,0,0,52,80,0,0,0,23,0,0,0,0;20,0,33,70,0,0,28,0,0,0,0,0,24,0,0,0,0,0,53,0,0,0,74,0,0,0,64,0,0,34;0,0,0,80,0,0,0,57,0,0,46,0,0,0,70,0,0,46,0,0,39,0,35,0,0,0,0,35,0,0;0,0,0,0,32,0,0,78,75,0,0,0,56,22,61,69,0,0,0,0,0,0,0,0,23,37,24,22,0,0;52,0,0,0,0,0,73,0,0,42,0,0,76,0,0,59,0,0,0,57,0,37,80,0,32,56,0,38,0,74;80,0,0,0,42,0,0,0,48,31,76,21,0,37,0,71,0,0,52,0,40,0,0,62,46,52,0,0,51,0;0,53,61,0,0,0,0,0,0,24,0,78,0,0,0,67,43,0,0,0,0,0,0,63,0,0,62,0,0,0;44,0,71,0,0,0,0,0,43,21,76,60,0,0,22,0,0,0,0,24,0,58,0,0,0,51,0,0,62,59;41,20,0,40,0,47,0,53,0,0,0,0,0,79,0,0,0,0,54,0,0,40,0,0,73,0,0,43,0,76;24,0,0,0,0,0,0,61,61,0,59,41,0,0,0,0,0,0,0,0,0,61,78,0,0,0,0,0,0,51;70,58,0,0,0,0,0,76,0,0,0,0,80,0,0,0,54,0,0,0,67,0,42,0,0,0,0,0,0,68;48,0,0,67,0,0,0,0,0,0,0,0,0,0,0,0,0,0,48,53,0,0,0,0,0,52,0,37,53,77;38,0,0,0,0,0,0,62,79,0,0,0,0,0,0,80,0,0,53,0,30,0,0,0,79,71,0,56,0,0;0,0,0,0,0,0,33,44,0,0,0,74,0,0,0,0,59,0,0,63,0,68,0,76,0,0,26,24,0,0;80,44,60,0,0,0,0,0,0,0,0,0,0,62,0,0,0,0,80,0,0,0,0,0,0,0,0,74,0,0;62,0,0,28,0,28,0,0,0,0,42,0,0,50,0,0,0,0,0,0,0,0,0,40,0,23,0,0,0,0;80,0,0,57,0,0,0,43,0,0,54,0,0,0,0,0,0,80,0,0,25,35,0,0,0,0,0,0,0,0;0,0,32,0,0,79,62,0,0,0,52,0,50,0,0,31,0,0,0,0,0,42,0,0,0,0,41,0,0,20;57,0,0,0,0,0,0,39,0,0,0,0,0,0,0,72,0,0,0,80,0,0,49,41,65,0,0,29,71,41;0,0,0,0,34,0,61,0,0,0,0,0,0,0,0,0,26,69,0,0,80,0,26,0,77,0,0,0,0,0;0,0,0,0,58,0,32,37,29,0,0,0,0,0,70,0,0,80,49,0,0,0,0,0,34,0,0,66,0,80;80,76,0,0,35,0,63,0,0,0,0,0,59,0,0,0,25,0,0,55,51,0,28,55,61,0,0,63,49,0;0,0,0,33,0,46,66,36,0,0,0,0,33,0,0,46,0,0,0,0,20,67,0,0,0,0,0,21,0,0;0,52,0,76,0,0,0,0,0,0,0,0,0,0,22,0,76,61,0,0,0,47,0,0,0,80,0,39,0,0;0,56,0,0,0,0,0,0,23,0,0,0,0,0,0,0,0,47,0,0,0,63,37,0,0,0,0,0,0,0;0,0,0,0,0,0,0,22,0,0,0,0,0,0,0,78,0,0,0,0,66,0,0,0,27,0,0,0,0,41;0,68,41,0,0,66,0,0,0,0,61,0,0,0,0,0,0,37,51,44,0,0,80,32,0,0,0,0,35,75;0,0,0,0,25,44,0,0,0,0,0,0,0,0,0,0,0,22,0,0,0,0,0,0,0,0,80,0,0,0;0,0,0,0,0,77,32,0,0,0,0,0,0,35,0,0,0,0,67,0,35,0,58,0,0,0,0,31,0,42;0,37,0,0,0,0,51,0,0,0,66,0,0,80,68,0,35,0,0,0,67,0,56,0,46,0,51,0,0,0
0,0,0,0,0,0,0,0,37,0,0,0,0,0,0,28,0,0,0,0,20,28,0,0,0,24,0,0,0,0;30,0,27,23,0,0,29,0,0,0,0,0,34,0,0,0,0,0,32,0,0,0,24,0,0,0,22,0,0,17;0,0,0,25,0,0,0,37,0,0,28,0,0,0,37,0,0,39,0,0,35,0,32,0,0,0,0,28,0,0;0,0,0,0,29,0,0,24,36,0,0,0,28,27,24,32,0,0,0,0,0,0,0,0,30,37,22,37,0,0;30,0,0,0,0,0,24,0,0,24,0,0,27,0,0,35,0,0,0,31,0,29,33,0,40,37,0,24,0,40;20,0,0,0,26,0,0,0,33,22,22,24,0,23,0,29,0,0,30,0,29,0,0,32,39,39,0,0,39,0;0,32,25,0,0,0,0,0,0,31,0,35,0,0,0,26,34,0,0,0,0,0,0,35,0,0,39,0,0,0;38,0,39,0,0,0,0,0,28,35,29,33,0,0,38,0,0,0,0,25,0,30,0,0,0,32,0,0,22,35;23,25,0,39,0,30,0,40,0,0,0,0,0,35,0,0,0,0,40,0,0,38,0,0,38,0,0,27,0,31;27,0,0,0,0,0,0,35,24,0,36,27,0,0,0,0,0,0,0,0,0,39,32,0,0,0,0,0,0,34;31,24,0,0,0,0,0,24,0,0,0,0,36,0,0,0,30,0,0,0,30,0,23,0,0,0,0,0,0,27;33,0,0,37,0,0,0,0,0,0,0,0,0,0,0,0,0,0,34,40,0,0,0,0,0,29,0,40,36,37;39,0,0,0,0,0,0,34,38,0,0,0,0,0,0,33,0,0,29,0,40,0,0,0,33,39,0,36,0,0;0,0,0,0,0,0,20,32,0,0,0,32,0,0,0,0,33,0,0,29,0,20,0,34,0,0,30,30,0,0;39,23,20,0,0,0,0,0,0,0,0,0,0,36,0,0,0,0,30,0,0,0,0,0,0,0,0,24,0,0;39,0,0,24,0,20,0,0,0,0,38,0,0,30,0,0,0,0,0,0,0,0,0,38,0,35,0,0,0,0;30,0,0,24,0,0,0,27,0,0,23,0,0,0,0,0,0,37,0,0,28,34,0,0,0,0,0,0,0,0;0,0,36,0,0,40,28,0,0,0,28,0,30,0,0,25,0,0,0,0,0,30,0,0,0,0,40,0,0,34;38,0,0,0,0,0,0,32,0,0,0,0,0,0,0,30,0,0,0,27,0,0,34,20,27,0,0,28,33,33;0,0,0,0,32,0,28,0,0,0,0,0,0,0,0,0,26,21,0,0,29,0,37,0,31,0,0,0,0,0;0,0,0,0,29,0,26,36,31,0,0,0,0,0,32,0,0,25,35,0,0,0,0,0,33,0,0,31,0,30;23,21,0,0,25,0,27,0,0,0,0,0,30,0,0,0,27,0,0,39,35,0,30,34,39,0,0,31,33,0;0,0,0,26,0,27,26,37,0,0,0,0,20,0,0,31,0,0,0,0,36,21,0,0,0,0,0,33,0,0;0,36,0,26,0,0,0,0,0,0,0,0,0,0,27,0,40,40,0,0,0,39,0,0,0,15,0,20,0,0;0,29,0,0,0,0,0,0,24,0,0,0,0,0,0,0,0,30,0,0,0,33,24,0,0,0,0,0,0,0;0,0,0,0,0,0,0,39,0,0,0,0,0,0,0,38,0,0,0,0,39,0,0,0,24,0,0,0,0,21;0,33,32,0,0,32,0,0,0,0,30,0,0,0,0,0,0,25,27,25,0,0,34,29,0,0,0,0,35,40;0,0,0,0,35,29,0,0,0,0,0,0,0,0,0,0,0,40,0,0,0,0,0,0,0,0,37,0,0,0;0,0,0,0,0,33,24,0,0,0,0,0,0,29,0,0,0,0,32,0,21,0,24,0,0,0,0,32,0,37;0,31,0,0,0,0,40,0,0,0,34,0,0,24,39,0,31,0,0,0,27,0,27,0,26,0,39,0,0,0
-76,10,0,0,0,19,0,0,20,0,21,0,0,25,22,0,0,0,0,0,0,0,-37,0,14,0,0,30,0,-48
------------- End of Scenario k = 16 -------
0,0,0,0,0,0,0,0,37,0,0,0,0,0,0,20,0,0,0,0,57,48,0,0,0,69,0,0,0,0;53,0,80,76,0,0,23,0,0,0,0,0,29,0,0,0,0,0,74,0,0,0,73,0,0,0,70,0,0,45;0,0,0,80,0,0,0,42,0,0,36,0,0,0,40,0,0,57,0,0,59,0,51,0,0,0,0,53,0,0;0,0,0,0,62,0,0,20,47,0,0,0,59,45,54,72,0,0,0,0,0,0,0,0,78,36,61,22,0,0;32,0,0,0,0,0,53,0,0,68,0,0,25,0,0,55,0,0,0,74,0,41,80,0,46,48,0,26,0,69;44,0,0,0,80,0,0,0,67,44,77,42,0,72,0,59,0,0,61,0,20,0,0,69,76,64,0,0,62,0;0,63,64,0,0,0,0,0,0,30,0,24,0,0,0,36,54,0,0,0,0,0,0,49,0,0,37,0,0,0;33,0,49,0,0,0,0,0,67,80,43,21,0,0,47,0,0,0,0,35,0,68,0,0,0,72,0,0,50,25;69,74,0,23,0,31,0,80,0,0,0,0,0,23,0,0,0,0,57,0,0,44,0,0,47,0,0,56,0,79;64,0,0,0,0,0,0,29,44,0,51,80,0,0,0,0,0,0,0,0,0,46,56,0,0,0,0,0,0,52;80,37,0,0,0,0,0,44,0,0,0,0,80,0,0,0,31,0,0,0,74,0,35,0,0,0,0,0,0,35;56,0,0,40,0,0,0,0,0,0,0,0,0,0,0,0,0,0,64,47,0,0,0,0,0,22,0,40,77,30;54,0,0,0,0,0,0,79,63,0,0,0,0,0,0,79,0,0,75,0,49,0,0,0,67,57,0,46,0,0;0,0,0,0,0,0,62,58,0,0,0,78,0,0,0,0,80,0,0,78,0,31,0,77,0,0,22,44,0,0;80,79,35,0,0,0,0,0,0,0,0,0,0,23,0,0,0,0,66,0,0,0,0,0,0,0,0,44,0,0;67,0,0,64,0,74,0,0,0,0,23,0,0,74,0,0,0,0,0,0,0,0,0,76,0,30,0,0,0,0;44,0,0,59,0,0,0,62,0,0,33,0,0,0,0,0,0,80,0,0,28,73,0,0,0,0,0,0,0,0;0,0,44,0,0,25,34,0,0,0,48,0,68,0,0,76,0,0,0,0,0,79,0,0,0,0,63,0,0,68;34,0,0,0,0,0,0,49,0,0,0,0,0,0,0,22,0,0,0,50,0,0,26,74,69,0,0,57,64,56;0,0,0,0,29,0,75,0,0,0,0,0,0,0,0,0,63,60,0,0,69,0,33,0,57,0,0,0,0,0;0,0,0,0,24,0,58,24,46,0,0,0,0,0,24,0,0,52,46,0,0,0,0,0,78,0,0,70,0,80;35,29,0,0,69,0,38,0,0,0,0,0,51,0,0,0,75,0,0,30,71,0,80,80,35,0,0,66,34,0;0,0,0,31,0,42,25,61,0,0,0,0,65,0,0,70,0,0,0,0,74,63,0,0,0,0,0,26,0,0;0,28,0,20,0,0,0,0,0,0,0,0,0,0,38,0,45,53,0,0,0,50,0,0,0,25,0,20,0,0;0,69,0,0,0,0,0,0,65,0,0,0,0,0,0,0,0,58,0,0,0,74,66,0,0,0,0,0,0,0;0,0,0,0,0,0,0,36,0,0,0,0,0,0,0,50,0,0,0,0,47,0,0,0,22,0,0,0,0,55;0,36,76,0,0,63,0,0,0,0,47,0,0,0,0,0,0,48,68,37,0,0,80,33,0,0,0,0,44,75;0,0,0,0,61,27,0,0,0,0,0,0,0,0,0,0,0,63,0,0,0,0,0,0,0,0,74,0,0,0;0,0,0,0,0,53,48,0,0,0,0,0,0,31,0,0,0,0,56,0,64,0,25,0,0,0,0,26,0,72;0,39,0,0,0,0,34,0,0,0,39,0,0,49,55,0,65,0,0,0,61,0,68,0,56,0,39,0,0,0
0,0,0,0,0,0,0,0,24,0,0,0,0,0,0,25,0,0,0,0,39,24,0,0,0,21,0,0,0,0;20,0,24,31,0,0,28,0,0,0,0,0,22,0,0,0,0,0,25,0,0,0,40,0,0,0,37,0,0,35;0,0,0,23,0,0,0,32,0,0,36,0,0,0,25,0,0,23,0,0,31,0,21,0,0,0,0,34,0,0;0,0,0,0,31,0,0,23,28,0,0,0,34,22,23,40,0,0,0,0,0,0,0,0,31,35,30,32,0,0;31,0,0,0,0,0,26,0,0,30,0,0,28,0,0,31,0,0,0,35,0,26,29,0,39,27,0,22,0,30;22,0,0,0,35,0,0,0,26,28,39,37,0,31,0,38,0,0,37,0,23,0,0,34,37,21,0,0,40,0;0,34,21,0,0,0,0,0,0,37,0,23,0,0,0,33,38,0,0,0,0,0,0,29,0,0,27,0,0,0;33,0,39,0,0,0,0,0,30,12,30,22,0,0,30,0,0,0,0,26,0,37,0,0,0,37,0,0,29,37;39,24,0,25,0,39,0,40,0,0,0,0,0,23,0,0,0,0,40,0,0,33,0,0,36,0,0,30,0,22;32,0,0,0,0,0,0,26,26,0,35,15,0,0,0,0,0,0,0,0,0,30,24,0,0,0,0,0,0,35;40,36,0,0,0,0,0,21,0,0,0,0,29,0,0,0,37,0,0,0,40,0,29,0,0,0,0,0,0,22;40,0,0,26,0,0,0,0,0,0,0,0,0,0,0,0,0,0,38,23,0,0,0,0,0,32,0,20,33,20;20,0,0,0,0,0,0,26,27,0,0,0,0,0,0,38,0,0,34,0,39,0,0,0,39,20,0,27,0,0;0,0,0,0,0,0,24,36,0,0,0,40,0,0,0,0,40,0,0,25,0,38,0,23,0,0,37,26,0,0;39,21,29,0,0,0,0,0,0,0,0,0,0,32,0,0,0,0,37,0,0,0,0,0,0,0,0,21,0,0;23,0,0,27,0,37,0,0,0,0,31,0,0,27,0,0,0,0,0,0,0,0,0,38,0,35,0,0,0,0;21,0,0,38,0,0,0,30,0,0,21,0,0,0,0,0,0,22,0,0,28,27,0,0,0,0,0,0,0,0;0,0,35,0,0,22,28,0,0,0,35,0,38,0,0,35,0,0,0,0,0,28,0,0,0,0,20,0,0,32;25,0,0,0,0,0,0,29,0,0,0,0,0,0,0,25,0,0,0,31,0,0,32,22,20,0,0,29,38,23;0,0,0,0,30,0,35,0,0,0,0,0,0,0,0,0,25,30,0,0,35,0,23,0,32,0,0,0,0,0;0,0,0,0,22,0,29,39,20,0,0,0,0,0,21,0,0,30,33,0,0,0,0,0,29,0,0,20,0,34;22,24,0,0,37,0,34,0,0,0,0,0,28,0,0,0,23,0,0,36,28,0,21,21,36,0,0,39,37,0;0,0,0,28,0,29,39,34,0,0,0,0,38,0,0,23,0,0,0,0,23,30,0,0,0,0,0,24,0,0;0,32,0,29,0,0,0,0,0,0,0,0,0,0,35,0,29,24,0,0,0,29,0,0,0,35,0,24,0,0;0,25,0,0,0,0,0,0,23,0,0,0,0,0,0,0,0,23,0,0,0,38,28,0,0,0,0,0,0,0;0,0,0,0,0,0,0,21,0,0,0,0,0,0,0,21,0,0,0,0,25,0,0,0,27,0,0,0,0,22;0,36,23,0,0,25,0,0,0,0,22,0,0,0,0,0,0,32,20,40,0,0,37,23,0,0,0,0,29,37;0,0,0,0,29,21,0,0,0,0,0,0,0,0,0,0,0,36,0,0,0,0,0,0,0,0,33,0,0,0;0,0,0,0,0,37,21,0,0,0,0,0,0,35,0,0,0,0,27,0,40,0,25,0,0,0,0,28,0,29;0,33,0,0,0,0,38,0,0,0,25,0,0,21,25,0,21,0,0,0,40,0,21,0,20,0,23,0,0,0
-70,13,0,0,0,20,0,0,11,0,29,0,0,13,29,0,0,0,0,0,0,0,-49,0,11,0,0,29,0,-36
------------- End of Scenario k = 17 -------
0,0,0,0,0,0,0,0,28,0,0,0,0,0,0,61,0,0,0,0,57,21,0,0,0,44,0,0,0,0;63,0,47,41,0,0,55,0,0,0,0,0,46,0,0,0,0,0,62,0,0,0,29,0,0,0,42,0,0,54;0,0,0,39,0,0,0,77,0,0,39,0,0,0,60,0,0,54,0,0,50,0,20,0,0,0,0,78,0,0;0,0,0,0,67,0,0,68,80,0,0,0,72,60,24,25,0,0,0,0,0,0,0,0,74,29,77,69,0,0;74,0,0,0,0,0,80,0,0,37,0,0,49,0,0,38,0,0,0,67,0,27,71,0,66,77,0,48,0,42;80,0,0,0,49,0,0,0,31,58,53,36,0,46,0,67,0,0,64,0,38,0,0,34,53,73,0,0,70,0;0,71,71,0,0,0,0,0,0,26,0,42,0,0,0,80,78,0,0,0,0,0,0,21,0,0,78,0,0,0;60,0,47,0,0,0,0,0,36,80,72,23,0,0,60,0,0,0,0,70,0,76,0,0,0,46,0,0,70,25;29,69,0,26,0,62,0,80,0,0,0,0,0,60,0,0,0,0,68,0,0,78,0,0,43,0,0,31,0,53;32,0,0,0,0,0,0,67,56,0,71,30,0,0,0,0,0,0,0,0,0,37,74,0,0,0,0,0,0,48;32,40,0,0,0,0,0,39,0,0,0,0,80,0,0,0,41,0,0,0,79,0,42,0,0,0,0,0,0,40;21,0,0,22,0,0,0,0,0,0,0,0,0,0,0,0,0,0,57,74,0,0,0,0,0,39,0,66,45,76;73,0,0,0,0,0,0,41,45,0,0,0,0,0,0,80,0,0,47,0,57,0,0,0,65,79,0,25,0,0;0,0,0,0,0,0,72,41,0,0,0,25,0,0,0,0,80,0,0,33,0,41,0,42,0,0,22,75,0,0;80,75,51,0,0,0,0,0,0,0,0,0,0,72,0,0,0,0,80,0,0,0,0,0,0,0,0,47,0,0;45,0,0,43,0,56,0,0,0,0,39,0,0,61,0,0,0,0,0,0,0,0,0,38,0,38,0,0,0,0;28,0,0,27,0,0,0,38,0,0,63,0,0,0,0,0,0,80,0,0,52,74,0,0,0,0,0,0,0,0;0,0,75,0,0,60,80,0,0,0,52,0,78,0,0,38,0,0,0,0,0,50,0,0,0,0,63,0,0,64;34,0,0,0,0,0,0,61,0,0,0,0,0,0,0,26,0,0,0,27,0,0,80,79,70,0,0,53,72,39;0,0,0,0,24,0,33,0,0,0,0,0,0,0,0,0,38,23,0,0,80,0,21,0,20,0,0,0,0,0;0,0,0,0,61,0,75,31,65,0,0,0,0,0,76,0,0,44,33,0,0,0,0,0,26,0,0,43,0,24;80,53,0,0,59,0,53,0,0,0,0,0,28,0,0,0,74,0,0,67,42,0,80,35,80,0,0,56,37,0;0,0,0,49,0,80,39,42,0,0,0,0,36,0,0,48,0,0,0,0,55,31,0,0,0,0,0,52,0,0;0,59,0,44,0,0,0,0,0,0,0,0,0,0,71,0,67,68,0,0,0,37,0,0,0,42,0,65,0,0;0,47,0,0,0,0,0,0,45,0,0,0,0,0,0,0,0,30,0,0,0,80,37,0,0,0,0,0,0,0;0,0,0,0,0,0,0,22,0,0,0,0,0,0,0,38,0,0,0,0,45,0,0,0,79,0,0,0,0,23;0,49,80,0,0,61,0,0,0,0,74,0,0,0,0,0,0,55,67,66,0,0,80,49,0,0,0,0,80,80;0,0,0,0,54,80,0,0,0,0,0,0,0,0,0,0,0,55,0,0,0,0,0,0,0,0,71,0,0,0;0,0,0,0,0,32,53,0,0,0,0,0,0,71,0,0,0,0,68,0,42,0,43,0,0,0,0,53,0,64;0,67,0,0,0,0,43,0,0,0,63,0,0,20,46,0,22,0,0,0,55,0,28,0,26,0,43,0,0,0
0,0,0,0,0,0,0,0,40,0,0,0,0,0,0,26,0,0,0,0,34,38,0,0,0,34,0,0,0,0;33,0,40,28,0,0,32,0,0,0,0,0,28,0,0,0,0,0,31,0,0,0,28,0,0,0,20,0,0,34;0,0,0,40,0,0,0,22,0,0,29,0,0,0,40,0,0,36,0,0,35,0,40,0,0,0,0,23,0,0;0,0,0,0,35,0,0,33,23,0,0,0,30,29,22,30,0,0,0,0,0,0,0,0,33,35,39,20,0,0;39,0,0,0,0,0,21,0,0,39,0,0,30,0,0,27,0,0,0,35,0,32,39,0,21,36,0,40,0,21;30,0,0,0,29,0,0,0,40,24,25,39,0,32,0,37,0,0,34,0,24,0,0,22,23,36,0,0,38,0;0,38,20,0,0,0,0,0,0,34,0,29,0,0,0,26,21,0,0,0,0,0,0,20,0,0,40,0,0,0;21,0,40,0,0,0,0,0,31,20,39,31,0,0,38,0,0,0,0,39,0,33,0,0,0,34,0,0,23,37;39,40,0,34,0,38,0,20,0,0,0,0,0,33,0,0,0,0,36,0,0,22,0,0,20,0,0,33,0,29;20,0,0,0,0,0,0,25,34,0,28,28,0,0,0,0,0,0,0,0,0,29,23,0,0,0,0,0,0,24;28,26,0,0,0,0,0,32,0,0,0,0,32,0,0,0,38,0,0,0,20,0,24,0,0,0,0,0,0,30;13,0,0,34,0,0,0,0,0,0,0,0,0,0,0,0,0,0,30,34,0,0,0,0,0,38,0,30,22,33;31,0,0,0,0,0,0,25,33,0,0,0,0,0,0,38,0,0,36,0,27,0,0,0,36,24,0,37,0,0;0,0,0,0,0,0,39,22,0,0,0,39,0,0,0,0,35,0,0,25,0,23,0,24,0,0,40,32,0,0;37,36,29,0,0,0,0,0,0,0,0,0,0,39,0,0,0,0,39,0,0,0,0,0,0,0,0,39,0,0;29,0,0,23,0,28,0,0,0,0,40,0,0,20,0,0,0,0,0,0,0,0,0,31,0,37,0,0,0,0;31,0,0,21,0,0,0,30,0,0,20,0,0,0,0,0,0,38,0,0,37,27,0,0,0,0,0,0,0,0;0,0,22,0,0,40,37,0,0,0,23,0,36,0,0,27,0,0,0,0,0,29,0,0,0,0,29,0,0,20;27,0,0,0,0,0,0,39,0,0,0,0,0,0,0,20,0,0,0,37,0,0,40,35,25,0,0,31,22,22;0,0,0,0,29,0,20,0,0,0,0,0,0,0,0,0,28,28,0,0,40,0,27,0,36,0,0,0,0,0;0,0,0,0,30,0,27,20,39,0,0,0,0,0,25,0,0,29,25,0,0,0,0,0,20,0,0,36,0,30;33,40,0,0,27,0,21,0,0,0,0,0,24,0,0,0,36,0,0,39,23,0,36,38,25,0,0,23,28,0;0,0,0,31,0,39,29,25,0,0,0,0,25,0,0,26,0,0,0,0,31,34,0,0,0,0,0,20,0,0;0,28,0,25,0,0,0,0,0,0,0,0,0,0,34,0,35,39,0,0,0,38,0,0,0,34,0,28,0,0;0,40,0,0,0,0,0,0,29,0,0,0,0,0,0,0,0,25,0,0,0,27,30,0,0,0,0,0,0,0;0,0,0,0,0,0,0,26,0,0,0,0,0,0,0,29,0,0,0,0,40,0,0,0,22,0,0,0,0,28;0,40,40,0,0,40,0,0,0,0,23,0,0,0,0,0,0,30,20,20,0,0,35,27,0,0,0,0,21,40;0,0,0,0,35,32,0,0,0,0,0,0,0,0,0,0,0,34,0,0,0,0,0,0,0,0,34,0,0,0;0,0,0,0,0,20,24,0,0,0,0,0,0,31,0,0,0,0,29,0,34,0,32,0,0,0,0,24,0,23;0,25,0,0,0,0,31,0,0,0,31,0,0,39,27,0,32,0,0,0,32,0,25,0,27,0,31,0,0,0
-82,28,0,0,0,20,0,0,13,0,20,0,0,25,30,0,0,0,0,0,0,0,-53,0,26,0,0,10,0,-37
------------- End of Scenario k = 18 -------
0,0,0,0,0,0,0,0,30,0,0,0,0,0,0,76,0,0,0,0,67,50,0,0,0,53,0,0,0,0;44,0,80,79,0,0,69,0,0,0,0,0,64,0,0,0,0,0,27,0,0,0,32,0,0,0,35,0,0,74;0,0,0,80,0,0,0,67,0,0,28,0,0,0,74,0,0,25,0,0,80,0,43,0,0,0,0,64,0,0;0,0,0,0,30,0,0,40,30,0,0,0,47,54,61,65,0,0,0,0,0,0,0,0,35,30,32,68,0,0;49,0,0,0,0,0,65,0,0,50,0,0,79,0,0,71,0,0,0,23,0,27,80,0,25,47,0,65,0,20;80,0,0,0,53,0,0,0,77,21,40,80,0,44,0,44,0,0,59,0,63,0,0,43,27,33,0,0,20,0;0,42,33,0,0,0,0,0,0,72,0,54,0,0,0,79,50,0,0,0,0,0,0,33,0,0,74,0,0,0;66,0,30,0,0,0,0,0,64,80,63,27,0,0,32,0,0,0,0,78,0,27,0,0,0,60,0,0,79,66;37,35,0,68,0,20,0,80,0,0,0,0,0,70,0,0,0,0,75,0,0,54,0,0,69,0,0,54,0,41;21,0,0,0,0,0,0,39,60,0,79,80,0,0,0,0,0,0,0,0,0,70,71,0,0,0,0,0,0,69;80,78,0,0,0,0,0,48,0,0,0,0,80,0,0,0,47,0,0,0,78,0,24,0,0,0,0,0,0,56;80,0,0,74,0,0,0,0,0,0,0,0,0,0,0,0,0,0,43,44,0,0,0,0,0,23,0,73,29,43;54,0,0,0,0,0,0,21,27,0,0,0,0,0,0,28,0,0,65,0,49,0,0,0,67,27,0,45,0,0;0,0,0,0,0,0,41,78,0,0,0,44,0,0,0,0,30,0,0,73,0,79,0,77,0,0,61,77,0,0;43,24,58,0,0,0,0,0,0,0,0,0,0,39,0,0,0,0,80,0,0,0,0,0,0,0,0,52,0,0;44,0,0,42,0,34,0,0,0,0,61,0,0,61,0,0,0,0,0,0,0,0,0,35,0,63,0,0,0,0;71,0,0,39,0,0,0,47,0,0,68,0,0,0,0,0,0,50,0,0,53,39,0,0,0,0,0,0,0,0;0,0,77,0,0,56,76,0,0,0,51,0,66,0,0,72,0,0,0,0,0,75,0,0,0,0,54,0,0,30;71,0,0,0,0,0,0,43,0,0,0,0,0,0,0,76,0,0,0,30,0,0,57,61,70,0,0,63,77,49;0,0,0,0,65,0,55,0,0,0,0,0,0,0,0,0,41,75,0,0,78,0,71,0,48,0,0,0,0,0;0,0,0,0,25,0,56,27,23,0,0,0,0,0,50,0,0,42,30,0,0,0,0,0,48,0,0,80,0,80;80,57,0,0,54,0,49,0,0,0,0,0,47,0,0,0,35,0,0,69,21,0,80,80,47,0,0,36,70,0;0,0,0,57,0,34,66,75,0,0,0,0,74,0,0,36,0,0,0,0,66,51,0,0,0,0,0,68,0,0;0,31,0,54,0,0,0,0,0,0,0,0,0,0,47,0,44,27,0,0,0,52,0,0,0,77,0,80,0,0;0,24,0,0,0,0,0,0,36,0,0,0,0,0,0,0,0,37,0,0,0,47,66,0,0,0,0,0,0,0;0,0,0,0,0,0,0,40,0,0,0,0,0,0,0,58,0,0,0,0,38,0,0,0,23,0,0,0,0,72;0,31,60,0,0,57,0,0,0,0,70,0,0,0,0,0,0,50,30,54,0,0,21,32,0,0,0,0,66,37;0,0,0,0,41,37,0,0,0,0,0,0,0,0,0,0,0,43,0,0,0,0,0,0,0,0,44,0,0,0;0,0,0,0,0,51,74,0,0,0,0,0,0,47,0,0,0,0,52,0,43,0,21,0,0,0,0,68,0,56;0,49,0,0,0,0,36,0,0,0,27,0,0,37,63,0,60,0,0,0,25,0,41,0,43,0,74,0,0,0
0,0,0,0,0,0,0,0,35,0,0,0,0,0,0,33,0,0,0,0,33,37,0,0,0,25,0,0,0,0;20,0,33,40,0,0,39,0,0,0,0,0,33,0,0,0,0,0,31,0,0,0,32,0,0,0,26,0,0,29;0,0,0,37,0,0,0,36,0,0,25,0,0,0,33,0,0,24,0,0,25,0,36,0,0,0,0,37,0,0;0,0,0,0,33,0,0,25,26,0,0,0,21,26,23,36,0,0,0,0,0,0,0,0,40,28,31,20,0,0;40,0,0,0,0,0,40,0,0,30,0,0,39,0,0,30,0,0,0,34,0,39,34,0,22,23,0,24,0,31;31,0,0,0,34,0,0,0,34,38,27,21,0,35,0,27,0,0,20,0,35,0,0,31,33,34,0,0,26,0;0,27,22,0,0,0,0,0,0,37,0,28,0,0,0,23,22,0,0,0,0,0,0,26,0,0,34,0,0,0;31,0,28,0,0,0,0,0,40,40,22,27,0,0,20,0,0,0,0,20,0,23,0,0,0,20,0,0,32,20;39,32,0,26,0,32,0,34,0,0,0,0,0,34,0,0,0,0,37,0,0,26,0,0,23,0,0,27,0,28;32,0,0,0,0,0,0,35,27,0,36,37,0,0,0,0,0,0,0,0,0,31,30,0,0,0,0,0,0,36;32,23,0,0,0,0,0,25,0,0,0,0,30,0,0,0,34,0,0,0,38,0,39,0,0,0,0,0,0,26;32,0,0,36,0,0,0,0,0,0,0,0,0,0,0,0,0,0,35,40,0,0,0,0,0,23,0,34,22,38;38,0,0,0,0,0,0,37,29,0,0,0,0,0,0,31,0,0,21,0,21,0,0,0,24,22,0,30,0,0;0,0,0,0,0,0,26,22,0,0,0,30,0,0,0,0,27,0,0,35,0,28,0,36,0,0,23,31,0,0;33,29,37,0,0,0,0,0,0,0,0,0,0,40,0,0,0,0,25,0,0,0,0,0,0,0,0,38,0,0;20,0,0,28,0,24,0,0,0,0,36,0,0,30,0,0,0,0,0,0,0,0,0,40,0,32,0,0,0,0;16,0,0,26,0,0,0,34,0,0,39,0,0,0,0,0,0,27,0,0,24,30,0,0,0,0,0,0,0,0;0,0,28,0,0,26,39,0,0,0,37,0,20,0,0,24,0,0,0,0,0,39,0,0,0,0,28,0,0,38;27,0,0,0,0,0,0,22,0,0,0,0,0,0,0,31,0,0,0,29,0,0,22,25,30,0,0,31,33,20;0,0,0,0,24,0,37,0,0,0,0,0,0,0,0,0,23,25,0,0,26,0,22,0,22,0,0,0,0,0;0,0,0,0,30,0,23,33,36,0,0,0,0,0,30,0,0,28,27,0,0,0,0,0,28,0,0,25,0,28;34,33,0,0,23,0,35,0,0,0,0,0,38,0,0,0,39,0,0,26,34,0,30,38,20,0,0,38,26,0;0,0,0,28,0,22,30,38,0,0,0,0,40,0,0,27,0,0,0,0,25,21,0,0,0,0,0,31,0,0;0,36,0,33,0,0,0,0,0,0,0,0,0,0,20,0,28,20,0,0,0,25,0,0,0,21,0,33,0,0;0,33,0,0,0,0,0,0,26,0,0,0,0,0,0,0,0,23,0,0,0,32,38,0,0,0,0,0,0,0;0,0,0,0,0,0,0,28,0,0,0,0,0,0,0,30,0,0,0,0,36,0,0,0,23,0,0,0,0,29;0,27,33,0,0,35,0,0,0,0,21,0,0,0,0,0,0,30,20,35,0,0,33,28,0,0,0,0,28,37;0,0,0,0,24,27,0,0,0,0,0,0,0,0,0,0,0,21,0,0,0,0,0,0,0,0,34,0,0,0;0,0,0,0,0,23,36,0,0,0,0,0,0,36,0,0,0,0,31,0,39,0,25,0,0,0,0,34,0,34;0,20,0,0,0,0,37,0,0,0,37,0,0,22,27,0,25,0,0,0,25,0,34,0,22,0,31,0,0,0
-113,14,0,0,0,22,0,0,29,0,29,0,0,12,22,0,0,0,0,0,0,0,-32,0,15,0,0,23,0,-21
------------- End of Scenario k = 19 -------
