/ -------------------------------------------------------------------------
An instance of the stochastic Fixed - charge Network Flow Problem using NETGEN.
/ -------------------------------------------------------------------------
Number of Nodes (no Dummy node is added), n
Graph Density, density
The fixed cost to variable cost ratio, f
Adjacency Matrix, A
Fixed Cost Matrix, c
Number of scenarios, K
Scenario Probabilities, p
----The following three rows will be repeated K times.----
Var Cost Matrix, d
Capacity, u
demand, b
/ -------------------------------------------------------------------------
+
10
0.3
200
0,0,0,0,0,0,0,1,0,0;0,0,1,0,1,0,0,0,0,0;1,0,0,0,1,0,0,0,0,1;0,1,0,0,0,0,0,1,1,0;1,0,0,0,0,1,1,0,1,0;0,0,0,0,0,0,0,1,0,0;1,0,0,1,0,0,0,1,1,0;0,0,0,1,0,0,1,0,1,0;0,0,0,0,0,1,0,1,0,1;1,0,0,0,1,0,0,1,0,0
0,0,0,0,0,0,0,9440,0,0;0,0,13069,0,9690,0,0,0,0,0;9670,0,0,0,13080,0,0,0,0,8930;0,10100,0,0,0,0,0,8870,9570,0;9910,0,0,0,0,12640,11650,0,10120,0;0,0,0,0,0,0,0,14700,0,0;9540,0,0,10250,0,0,0,8470,9900,0;0,0,0,9880,0,0,9580,0,12580,0;0,0,0,0,0,9070,0,10150,0,13040;13240,0,0,0,10390,0,0,9150,0,0
20
0.05,0.05,0.05,0.07,0.02,0.07,0.05,0.02,0.07,0.02,0.02,0.02,0.05,0.05,0.1,0.02,0.05,0.02,0.02,0.18
--Scenarios--
0,0,0,0,0,0,0,48,0,0;0,0,63,0,36,0,0,0,0,0;25,0,0,0,46,0,0,0,0,57;0,73,0,0,0,0,0,32,60,0;28,0,0,0,0,38,62,0,45,0;0,0,0,0,0,0,0,70,0,0;54,0,0,27,0,0,0,45,21,0;0,0,0,75,0,0,30,0,80,0;0,0,0,0,0,58,0,70,0,80;80,0,0,0,42,0,0,65,0,0
0,0,0,0,0,0,0,38,0,0;0,0,40,0,31,0,0,0,0,0;21,0,0,0,31,0,0,0,0,29;0,31,0,0,0,0,0,34,31,0;40,0,0,0,0,27,28,0,23,0;0,0,0,0,0,0,0,15,0,0;30,0,0,24,0,0,0,40,26,0;0,0,0,39,0,0,20,0,26,0;0,0,0,0,0,30,0,39,0,36;15,0,0,0,27,0,0,33,0,0
-11,15,0,0,0,0,-4,0,0,0
------------- End of Scenario k = 0 -------
0,0,0,0,0,0,0,31,0,0;0,0,22,0,30,0,0,0,0,0;42,0,0,0,24,0,0,0,0,79;0,67,0,0,0,0,0,28,77,0;53,0,0,0,0,68,48,0,69,0;0,0,0,0,0,0,0,80,0,0;20,0,0,23,0,0,0,31,75,0;0,0,0,80,0,0,37,0,41,0;0,0,0,0,0,43,0,36,0,73;60,0,0,0,60,0,0,36,0,0
0,0,0,0,0,0,0,39,0,0;0,0,32,0,20,0,0,0,0,0;31,0,0,0,40,0,0,0,0,33;0,40,0,0,0,0,0,35,40,0;28,0,0,0,0,39,24,0,23,0;0,0,0,0,0,0,0,27,0,0;34,0,0,22,0,0,0,27,24,0;0,0,0,20,0,0,21,0,23,0;0,0,0,0,0,25,0,40,0,40;33,0,0,0,33,0,0,23,0,0
-7,20,0,0,0,0,-13,0,0,0
------------- End of Scenario k = 1 -------
0,0,0,0,0,0,0,24,0,0;0,0,80,0,80,0,0,0,0,0;25,0,0,0,80,0,0,0,0,79;0,56,0,0,0,0,0,33,25,0;41,0,0,0,0,78,20,0,74,0;0,0,0,0,0,0,0,69,0,0;58,0,0,44,0,0,0,34,74,0;0,0,0,40,0,0,53,0,29,0;0,0,0,0,0,34,0,70,0,34;69,0,0,0,59,0,0,27,0,0
0,0,0,0,0,0,0,25,0,0;0,0,21,0,20,0,0,0,0,0;32,0,0,0,22,0,0,0,0,34;0,20,0,0,0,0,0,40,40,0;33,0,0,0,0,32,39,0,23,0;0,0,0,0,0,0,0,19,0,0;35,0,0,31,0,0,0,36,23,0;0,0,0,21,0,0,32,0,16,0;0,0,0,0,0,21,0,38,0,13;26,0,0,0,21,0,0,33,0,0
-3,13,0,0,0,0,-10,0,0,0
------------- End of Scenario k = 2 -------
0,0,0,0,0,0,0,64,0,0;0,0,80,0,40,0,0,0,0,0;56,0,0,0,80,0,0,0,0,34;0,22,0,0,0,0,0,62,75,0;27,0,0,0,0,24,52,0,26,0;0,0,0,0,0,0,0,80,0,0;44,0,0,43,0,0,0,72,39,0;0,0,0,42,0,0,77,0,57,0;0,0,0,0,0,28,0,75,0,80;80,0,0,0,56,0,0,21,0,0
0,0,0,0,0,0,0,21,0,0;0,0,28,0,28,0,0,0,0,0;20,0,0,0,32,0,0,0,0,32;0,20,0,0,0,0,0,39,25,0;22,0,0,0,0,28,32,0,33,0;0,0,0,0,0,0,0,38,0,0;24,0,0,29,0,0,0,27,23,0;0,0,0,26,0,0,33,0,29,0;0,0,0,0,0,25,0,24,0,32;40,0,0,0,28,0,0,25,0,0
-26,27,0,0,0,0,-1,0,0,0
------------- End of Scenario k = 3 -------
0,0,0,0,0,0,0,64,0,0;0,0,80,0,76,0,0,0,0,0;24,0,0,0,71,0,0,0,0,23;0,22,0,0,0,0,0,20,24,0;64,0,0,0,0,80,36,0,50,0;0,0,0,0,0,0,0,80,0,0;22,0,0,62,0,0,0,27,27,0;0,0,0,58,0,0,74,0,80,0;0,0,0,0,0,54,0,41,0,80;80,0,0,0,52,0,0,27,0,0
0,0,0,0,0,0,0,32,0,0;0,0,13,0,21,0,0,0,0,0;37,0,0,0,18,0,0,0,0,32;0,22,0,0,0,0,0,31,28,0;20,0,0,0,0,29,21,0,34,0;0,0,0,0,0,0,0,31,0,0;34,0,0,36,0,0,0,26,29,0;0,0,0,23,0,0,23,0,36,0;0,0,0,0,0,33,0,37,0,38;20,0,0,0,22,0,0,34,0,0
-1,13,0,0,0,0,-12,0,0,0
------------- End of Scenario k = 4 -------
0,0,0,0,0,0,0,24,0,0;0,0,79,0,20,0,0,0,0,0;48,0,0,0,68,0,0,0,0,36;0,59,0,0,0,0,0,62,35,0;20,0,0,0,0,80,20,0,20,0;0,0,0,0,0,0,0,80,0,0;22,0,0,78,0,0,0,40,52,0;0,0,0,69,0,0,63,0,80,0;0,0,0,0,0,54,0,43,0,80;56,0,0,0,38,0,0,64,0,0
0,0,0,0,0,0,0,23,0,0;0,0,21,0,28,0,0,0,0,0;29,0,0,0,23,0,0,0,0,26;0,36,0,0,0,0,0,39,31,0;39,0,0,0,0,24,36,0,23,0;0,0,0,0,0,0,0,24,0,0;39,0,0,27,0,0,0,32,36,0;0,0,0,31,0,0,23,0,39,0;0,0,0,0,0,26,0,35,0,18;33,0,0,0,20,0,0,26,0,0
-5,15,0,0,0,0,-10,0,0,0
------------- End of Scenario k = 5 -------
0,0,0,0,0,0,0,28,0,0;0,0,80,0,60,0,0,0,0,0;65,0,0,0,80,0,0,0,0,30;0,70,0,0,0,0,0,29,38,0;35,0,0,0,0,53,80,0,61,0;0,0,0,0,0,0,0,71,0,0;72,0,0,74,0,0,0,51,32,0;0,0,0,46,0,0,21,0,80,0;0,0,0,0,0,41,0,77,0,80;80,0,0,0,36,0,0,34,0,0
0,0,0,0,0,0,0,23,0,0;0,0,20,0,25,0,0,0,0,0;21,0,0,0,39,0,0,0,0,20;0,24,0,0,0,0,0,22,26,0;21,0,0,0,0,21,25,0,22,0;0,0,0,0,0,0,0,23,0,0;24,0,0,20,0,0,0,22,30,0;0,0,0,33,0,0,39,0,20,0;0,0,0,0,0,30,0,23,0,40;16,0,0,0,36,0,0,22,0,0
-6,14,0,0,0,0,-8,0,0,0
------------- End of Scenario k = 6 -------
0,0,0,0,0,0,0,47,0,0;0,0,80,0,25,0,0,0,0,0;45,0,0,0,80,0,0,0,0,62;0,64,0,0,0,0,0,39,75,0;68,0,0,0,0,80,31,0,62,0;0,0,0,0,0,0,0,80,0,0;61,0,0,65,0,0,0,57,75,0;0,0,0,31,0,0,25,0,80,0;0,0,0,0,0,31,0,30,0,80;80,0,0,0,59,0,0,53,0,0
0,0,0,0,0,0,0,31,0,0;0,0,36,0,30,0,0,0,0,0;31,0,0,0,11,0,0,0,0,37;0,33,0,0,0,0,0,21,20,0;37,0,0,0,0,22,40,0,24,0;0,0,0,0,0,0,0,30,0,0;40,0,0,23,0,0,0,20,25,0;0,0,0,39,0,0,38,0,26,0;0,0,0,0,0,25,0,26,0,18;11,0,0,0,31,0,0,38,0,0
-3,11,0,0,0,0,-8,0,0,0
------------- End of Scenario k = 7 -------
0,0,0,0,0,0,0,35,0,0;0,0,77,0,28,0,0,0,0,0;67,0,0,0,67,0,0,0,0,27;0,37,0,0,0,0,0,26,25,0;77,0,0,0,0,80,80,0,36,0;0,0,0,0,0,0,0,80,0,0;22,0,0,48,0,0,0,37,57,0;0,0,0,25,0,0,41,0,80,0;0,0,0,0,0,72,0,25,0,80;50,0,0,0,55,0,0,34,0,0
0,0,0,0,0,0,0,22,0,0;0,0,36,0,20,0,0,0,0,0;20,0,0,0,28,0,0,0,0,33;0,29,0,0,0,0,0,32,29,0;35,0,0,0,0,30,22,0,40,0;0,0,0,0,0,0,0,29,0,0;35,0,0,21,0,0,0,25,36,0;0,0,0,34,0,0,25,0,27,0;0,0,0,0,0,28,0,20,0,28;25,0,0,0,34,0,0,34,0,0
-17,22,0,0,0,0,-5,0,0,0
------------- End of Scenario k = 8 -------
0,0,0,0,0,0,0,66,0,0;0,0,70,0,71,0,0,0,0,0;20,0,0,0,80,0,0,0,0,20;0,21,0,0,0,0,0,52,34,0;79,0,0,0,0,80,80,0,80,0;0,0,0,0,0,0,0,66,0,0;48,0,0,77,0,0,0,35,60,0;0,0,0,21,0,0,36,0,79,0;0,0,0,0,0,61,0,52,0,42;80,0,0,0,30,0,0,63,0,0
0,0,0,0,0,0,0,37,0,0;0,0,18,0,36,0,0,0,0,0;20,0,0,0,33,0,0,0,0,21;0,39,0,0,0,0,0,29,38,0;38,0,0,0,0,30,38,0,36,0;0,0,0,0,0,0,0,21,0,0;37,0,0,30,0,0,0,35,37,0;0,0,0,29,0,0,28,0,28,0;0,0,0,0,0,34,0,39,0,23;20,0,0,0,23,0,0,34,0,0
-10,18,0,0,0,0,-8,0,0,0
------------- End of Scenario k = 9 -------
0,0,0,0,0,0,0,22,0,0;0,0,80,0,44,0,0,0,0,0;46,0,0,0,80,0,0,0,0,64;0,41,0,0,0,0,0,66,35,0;55,0,0,0,0,80,80,0,64,0;0,0,0,0,0,0,0,60,0,0;58,0,0,68,0,0,0,26,76,0;0,0,0,69,0,0,49,0,74,0;0,0,0,0,0,28,0,75,0,80;65,0,0,0,49,0,0,53,0,0
0,0,0,0,0,0,0,21,0,0;0,0,39,0,30,0,0,0,0,0;32,0,0,0,26,0,0,0,0,25;0,38,0,0,0,0,0,34,20,0;32,0,0,0,0,28,19,0,40,0;0,0,0,0,0,0,0,16,0,0;39,0,0,25,0,0,0,20,31,0;0,0,0,24,0,0,32,0,26,0;0,0,0,0,0,34,0,25,0,19;25,0,0,0,39,0,0,24,0,0
-10,13,0,0,0,0,-3,0,0,0
------------- End of Scenario k = 10 -------
0,0,0,0,0,0,0,66,0,0;0,0,80,0,68,0,0,0,0,0;51,0,0,0,80,0,0,0,0,42;0,33,0,0,0,0,0,31,30,0;36,0,0,0,0,28,80,0,71,0;0,0,0,0,0,0,0,80,0,0;76,0,0,39,0,0,0,39,56,0;0,0,0,44,0,0,35,0,41,0;0,0,0,0,0,59,0,37,0,62;74,0,0,0,71,0,0,27,0,0
0,0,0,0,0,0,0,29,0,0;0,0,39,0,21,0,0,0,0,0;20,0,0,0,13,0,0,0,0,34;0,21,0,0,0,0,0,26,22,0;30,0,0,0,0,22,36,0,32,0;0,0,0,0,0,0,0,12,0,0;25,0,0,37,0,0,0,34,29,0;0,0,0,30,0,0,28,0,16,0;0,0,0,0,0,40,0,21,0,20;21,0,0,0,36,0,0,31,0,0
-12,12,0,0,0,0,0,0,0,0
------------- End of Scenario k = 11 -------
0,0,0,0,0,0,0,38,0,0;0,0,27,0,41,0,0,0,0,0;74,0,0,0,80,0,0,0,0,31;0,79,0,0,0,0,0,58,43,0;25,0,0,0,0,80,80,0,35,0;0,0,0,0,0,0,0,80,0,0;73,0,0,77,0,0,0,29,54,0;0,0,0,47,0,0,57,0,27,0;0,0,0,0,0,47,0,67,0,27;80,0,0,0,24,0,0,20,0,0
0,0,0,0,0,0,0,37,0,0;0,0,29,0,20,0,0,0,0,0;26,0,0,0,27,0,0,0,0,26;0,29,0,0,0,0,0,25,34,0;31,0,0,0,0,36,24,0,35,0;0,0,0,0,0,0,0,37,0,0;40,0,0,34,0,0,0,20,23,0;0,0,0,24,0,0,39,0,36,0;0,0,0,0,0,29,0,28,0,27;35,0,0,0,26,0,0,24,0,0
-11,23,0,0,0,0,-12,0,0,0
------------- End of Scenario k = 12 -------
0,0,0,0,0,0,0,54,0,0;0,0,80,0,60,0,0,0,0,0;43,0,0,0,67,0,0,0,0,47;0,42,0,0,0,0,0,48,70,0;41,0,0,0,0,43,80,0,31,0;0,0,0,0,0,0,0,80,0,0;20,0,0,76,0,0,0,51,51,0;0,0,0,28,0,0,50,0,58,0;0,0,0,0,0,30,0,49,0,59;54,0,0,0,40,0,0,55,0,0
0,0,0,0,0,0,0,27,0,0;0,0,15,0,35,0,0,0,0,0;24,0,0,0,35,0,0,0,0,28;0,33,0,0,0,0,0,33,38,0;21,0,0,0,0,38,34,0,29,0;0,0,0,0,0,0,0,20,0,0;35,0,0,31,0,0,0,25,34,0;0,0,0,39,0,0,39,0,14,0;0,0,0,0,0,23,0,35,0,18;17,0,0,0,26,0,0,23,0,0
-7,12,0,0,0,0,-5,0,0,0
------------- End of Scenario k = 13 -------
0,0,0,0,0,0,0,40,0,0;0,0,80,0,45,0,0,0,0,0;69,0,0,0,80,0,0,0,0,51;0,59,0,0,0,0,0,38,62,0;42,0,0,0,0,80,66,0,57,0;0,0,0,0,0,0,0,31,0,0;47,0,0,52,0,0,0,25,20,0;0,0,0,32,0,0,69,0,80,0;0,0,0,0,0,29,0,21,0,80;29,0,0,0,68,0,0,77,0,0
0,0,0,0,0,0,0,25,0,0;0,0,22,0,37,0,0,0,0,0;23,0,0,0,21,0,0,0,0,20;0,21,0,0,0,0,0,23,20,0;25,0,0,0,0,39,20,0,24,0;0,0,0,0,0,0,0,22,0,0;35,0,0,33,0,0,0,31,35,0;0,0,0,35,0,0,27,0,24,0;0,0,0,0,0,36,0,37,0,23;28,0,0,0,38,0,0,29,0,0
-10,11,0,0,0,0,-1,0,0,0
------------- End of Scenario k = 14 -------
0,0,0,0,0,0,0,72,0,0;0,0,20,0,23,0,0,0,0,0;57,0,0,0,29,0,0,0,0,22;0,71,0,0,0,0,0,67,38,0;55,0,0,0,0,80,63,0,39,0;0,0,0,0,0,0,0,76,0,0;64,0,0,32,0,0,0,75,69,0;0,0,0,52,0,0,40,0,72,0;0,0,0,0,0,35,0,27,0,80;23,0,0,0,53,0,0,50,0,0
0,0,0,0,0,0,0,23,0,0;0,0,39,0,24,0,0,0,0,0;30,0,0,0,34,0,0,0,0,40;0,40,0,0,0,0,0,39,35,0;31,0,0,0,0,39,40,0,31,0;0,0,0,0,0,0,0,34,0,0;29,0,0,25,0,0,0,20,36,0;0,0,0,25,0,0,23,0,37,0;0,0,0,0,0,22,0,31,0,30;35,0,0,0,30,0,0,30,0,0
-5,28,0,0,0,0,-23,0,0,0
------------- End of Scenario k = 15 -------
0,0,0,0,0,0,0,22,0,0;0,0,33,0,67,0,0,0,0,0;21,0,0,0,66,0,0,0,0,64;0,61,0,0,0,0,0,21,42,0;65,0,0,0,0,41,23,0,40,0;0,0,0,0,0,0,0,80,0,0;76,0,0,57,0,0,0,48,25,0;0,0,0,49,0,0,68,0,41,0;0,0,0,0,0,71,0,39,0,28;80,0,0,0,72,0,0,36,0,0
0,0,0,0,0,0,0,30,0,0;0,0,35,0,25,0,0,0,0,0;28,0,0,0,29,0,0,0,0,35;0,20,0,0,0,0,0,30,20,0;26,0,0,0,0,31,32,0,20,0;0,0,0,0,0,0,0,38,0,0;22,0,0,32,0,0,0,36,36,0;0,0,0,40,0,0,35,0,35,0;0,0,0,0,0,24,0,20,0,37;40,0,0,0,26,0,0,31,0,0
-17,29,0,0,0,0,-12,0,0,0
------------- End of Scenario k = 16 -------
0,0,0,0,0,0,0,77,0,0;0,0,57,0,37,0,0,0,0,0;73,0,0,0,44,0,0,0,0,33;0,38,0,0,0,0,0,72,61,0;70,0,0,0,0,39,76,0,58,0;0,0,0,0,0,0,0,80,0,0;29,0,0,29,0,0,0,56,46,0;0,0,0,63,0,0,75,0,80,0;0,0,0,0,0,38,0,70,0,49;44,0,0,0,72,0,0,51,0,0
0,0,0,0,0,0,0,23,0,0;0,0,18,0,38,0,0,0,0,0;26,0,0,0,23,0,0,0,0,40;0,40,0,0,0,0,0,22,34,0;20,0,0,0,0,33,38,0,23,0;0,0,0,0,0,0,0,25,0,0;24,0,0,31,0,0,0,36,30,0;0,0,0,25,0,0,26,0,27,0;0,0,0,0,0,27,0,39,0,12;16,0,0,0,26,0,0,29,0,0
-1,12,0,0,0,0,-11,0,0,0
------------- End of Scenario k = 17 -------
0,0,0,0,0,0,0,74,0,0;0,0,73,0,73,0,0,0,0,0;61,0,0,0,26,0,0,0,0,37;0,58,0,0,0,0,0,61,80,0;41,0,0,0,0,76,28,0,54,0;0,0,0,0,0,0,0,75,0,0;43,0,0,24,0,0,0,43,53,0;0,0,0,47,0,0,38,0,30,0;0,0,0,0,0,36,0,45,0,50;80,0,0,0,48,0,0,72,0,0
0,0,0,0,0,0,0,40,0,0;0,0,36,0,35,0,0,0,0,0;38,0,0,0,39,0,0,0,0,37;0,31,0,0,0,0,0,34,21,0;25,0,0,0,0,32,31,0,33,0;0,0,0,0,0,0,0,30,0,0;40,0,0,24,0,0,0,39,35,0;0,0,0,24,0,0,25,0,34,0;0,0,0,0,0,30,0,32,0,33;31,0,0,0,31,0,0,21,0,0
-18,29,0,0,0,0,-11,0,0,0
------------- End of Scenario k = 18 -------
0,0,0,0,0,0,0,48,0,0;0,0,66,0,45,0,0,0,0,0;55,0,0,0,80,0,0,0,0,55;0,37,0,0,0,0,0,42,28,0;69,0,0,0,0,56,80,0,40,0;0,0,0,0,0,0,0,72,0,0;45,0,0,30,0,0,0,26,28,0;0,0,0,70,0,0,20,0,69,0;0,0,0,0,0,58,0,66,0,80;80,0,0,0,55,0,0,50,0,0
0,0,0,0,0,0,0,38,0,0;0,0,31,0,27,0,0,0,0,0;26,0,0,0,22,0,0,0,0,27;0,40,0,0,0,0,0,36,29,0;21,0,0,0,0,38,34,0,38,0;0,0,0,0,0,0,0,40,0,0;21,0,0,33,0,0,0,28,33,0;0,0,0,20,0,0,26,0,40,0;0,0,0,0,0,38,0,28,0,35;30,0,0,0,26,0,0,31,0,0
-15,21,0,0,0,0,-6,0,0,0
------------- End of Scenario k = 19 -------
