/ -------------------------------------------------------------------------
An instance of the stochastic Fixed - charge Network Flow Problem using NETGEN.
/ -------------------------------------------------------------------------
Number of Nodes (no Dummy node is added), n
Graph Density, density
The fixed cost to variable cost ratio, f
Adjacency Matrix, A
Fixed Cost Matrix, c
Number of scenarios, K
Scenario Probabilities, p
----The following three rows will be repeated K times.----
Var Cost Matrix, d
Capacity, u
demand, b
/ -------------------------------------------------------------------------
+
10
0.6
200
0,1,0,1,0,0,1,1,1,1;0,0,1,1,0,1,1,0,1,1;0,1,0,0,1,1,1,0,0,0;1,0,1,0,1,1,1,0,1,0;1,1,1,1,0,0,1,1,1,0;1,1,0,0,0,0,0,0,0,0;0,0,1,1,1,1,0,0,1,1;1,0,1,1,0,0,1,0,1,1;1,1,1,0,1,1,1,0,0,1;0,1,1,0,1,1,0,0,0,0
0,9906,0,10413,0,0,10960,9620,9966,10460;0,0,12553,9613,0,12393,8940,0,9346,10433;0,11220,0,0,10746,10220,11060,0,0,0;10506,0,11166,0,9833,9926,11260,0,10160,0;11120,8386,10206,9486,0,0,9666,12833,10933,0;11033,10113,0,0,0,0,0,0,0,0;0,0,9360,12666,9460,12640,0,0,10866,9813;9913,0,10233,9626,0,0,8753,0,12893,10213;13560,10426,9226,0,10220,11260,9946,0,0,10480;0,10720,9673,0,12600,10793,0,0,0,0
30
0.01,0.05,0.01,0.01,0.05,0.03,0.03,0.01,0.01,0.01,0.05,0.01,0.05,0.03,0.11,0.01,0.01,0.06,0.05,0.01,0.05,0.01,0.03,0.06,0.01,0.03,0.01,0.01,0.01,0.17
--Scenarios--
0,56,0,21,0,0,60,31,79,43;0,0,80,29,0,80,67,0,29,35;0,58,0,0,59,50,73,0,0,0;46,0,21,0,60,61,21,0,53,0;47,60,68,75,0,0,36,21,44,0;70,31,0,0,0,0,0,0,0,0;0,0,59,34,72,26,0,0,50,43;71,0,67,71,0,0,43,0,74,47;56,62,58,0,34,75,60,0,0,75;0,65,31,0,26,51,0,0,0,0
0,33,0,21,0,0,39,36,21,24;0,0,32,26,0,12,29,0,31,21;0,26,0,0,30,37,20,0,0,0;24,0,22,0,29,36,39,0,36,0;20,20,30,22,0,0,36,23,37,0;35,28,0,0,0,0,0,0,0,0;0,0,28,24,36,37,0,0,33,23;36,0,35,24,0,0,35,0,38,34;25,29,36,0,30,38,24,0,0,38;0,32,21,0,32,28,0,0,0,0
-11,10,0,0,0,-24,14,0,0,11
------------- End of Scenario k = 0 -------
0,67,0,57,0,0,65,41,69,49;0,0,80,75,0,80,24,0,27,37;0,61,0,0,42,34,53,0,0,0;71,0,59,0,58,24,75,0,76,0;69,57,43,74,0,0,64,80,59,0;74,61,0,0,0,0,0,0,0,0;0,0,54,80,38,80,0,0,59,22;20,0,35,70,0,0,31,0,80,28;80,32,75,0,47,79,63,0,0,54;0,33,73,0,80,51,0,0,0,0
0,26,0,38,0,0,31,30,31,29;0,0,27,35,0,39,23,0,37,28;0,36,0,0,36,34,34,0,0,0;39,0,35,0,29,21,22,0,22,0;30,24,28,36,0,0,36,34,35,0;26,24,0,0,0,0,0,0,0,0;0,0,28,40,37,28,0,0,24,40;21,0,33,38,0,0,36,0,36,28;37,25,31,0,40,30,29,0,0,33;0,37,39,0,40,27,0,0,0,0
-29,22,0,0,0,-48,26,0,0,29
------------- End of Scenario k = 1 -------
0,29,0,24,0,0,65,48,69,62;0,0,33,52,0,32,54,0,35,71;0,34,0,0,41,67,73,0,0,0;59,0,59,0,32,37,67,0,46,0;39,43,79,24,0,0,56,20,56,0;26,53,0,0,0,0,0,0,0,0;0,0,64,80,28,40,0,0,41,54;37,0,59,55,0,0,43,0,80,80;21,74,55,0,23,70,51,0,0,46;0,80,35,0,21,78,0,0,0,0
0,31,0,31,0,0,35,23,20,27;0,0,32,34,0,35,36,0,39,24;0,20,0,0,25,38,39,0,0,0;38,0,31,0,35,23,23,0,31,0;28,32,30,22,0,0,30,20,39,0;34,36,0,0,0,0,0,0,0,0;0,0,22,16,24,27,0,0,37,36;35,0,27,23,0,0,22,0,25,37;28,22,40,0,24,39,40,0,0,22;0,27,31,0,25,26,0,0,0,0
-18,20,0,0,0,-31,11,0,0,18
------------- End of Scenario k = 2 -------
0,20,0,41,0,0,48,47,29,29;0,0,42,33,0,37,35,0,32,77;0,80,0,0,71,73,38,0,0,0;70,0,31,0,25,41,65,0,34,0;40,26,31,37,0,0,46,80,75,0;38,52,0,0,0,0,0,0,0,0;0,0,23,39,30,80,0,0,69,64;53,0,73,26,0,0,33,0,80,62;57,27,26,0,78,63,74,0,0,24;0,79,69,0,80,49,0,0,0,0
0,38,0,25,0,0,29,36,39,30;0,0,35,29,0,27,30,0,26,33;0,36,0,0,30,23,24,0,0,0;38,0,26,0,35,34,34,0,21,0;33,32,35,23,0,0,30,40,20,0;35,40,0,0,0,0,0,0,0,0;0,0,34,17,21,24,0,0,35,32;20,0,25,20,0,0,35,0,30,28;37,31,35,0,38,23,35,0,0,28;0,22,39,0,24,35,0,0,0,0
-24,14,0,0,0,-28,14,0,0,24
------------- End of Scenario k = 3 -------
0,66,0,28,0,0,63,80,61,37;0,0,51,78,0,33,38,0,23,53;0,69,0,0,45,80,77,0,0,0;49,0,68,0,61,61,69,0,67,0;74,72,21,33,0,0,52,24,76,0;38,74,0,0,0,0,0,0,0,0;0,0,71,80,70,80,0,0,43,52;25,0,26,60,0,0,43,0,80,58;80,63,42,0,70,26,63,0,0,75;0,49,28,0,59,52,0,0,0,0
0,27,0,26,0,0,25,35,22,30;0,0,29,25,0,36,38,0,36,34;0,21,0,0,40,38,36,0,0,0;24,0,28,0,33,40,20,0,34,0;26,23,33,30,0,0,29,31,29,0;35,27,0,0,0,0,0,0,0,0;0,0,39,19,34,23,0,0,31,21;29,0,34,33,0,0,37,0,39,32;24,20,34,0,40,38,35,0,0,22;0,30,35,0,35,27,0,0,0,0
-20,23,0,0,0,-42,19,0,0,20
------------- End of Scenario k = 4 -------
0,75,0,54,0,0,48,39,71,65;0,0,80,20,0,80,61,0,31,43;0,38,0,0,53,59,65,0,0,0;47,0,75,0,32,27,51,0,68,0;50,60,57,25,0,0,43,80,79,0;60,77,0,0,0,0,0,0,0,0;0,0,30,37,71,80,0,0,48,77;72,0,65,28,0,0,42,0,80,72;56,29,74,0,66,78,65,0,0,37;0,69,64,0,35,70,0,0,0,0
0,39,0,21,0,0,22,20,27,32;0,0,22,37,0,16,32,0,30,30;0,26,0,0,40,36,29,0,0,0;24,0,39,0,33,36,34,0,32,0;25,37,31,23,0,0,37,34,33,0;22,30,0,0,0,0,0,0,0,0;0,0,30,27,38,35,0,0,36,33;34,0,21,29,0,0,35,0,35,20;40,40,37,0,36,40,38,0,0,37;0,26,25,0,40,20,0,0,0,0
-22,12,0,0,0,-37,25,0,0,22
------------- End of Scenario k = 5 -------
0,27,0,75,0,0,53,80,44,40;0,0,80,65,0,58,62,0,58,60;0,78,0,0,40,51,60,0,0,0;42,0,73,0,43,35,77,0,78,0;32,36,68,62,0,0,41,54,65,0;38,65,0,0,0,0,0,0,0,0;0,0,34,43,33,52,0,0,79,58;46,0,64,75,0,0,35,0,27,38;62,64,28,0,23,62,67,0,0,39;0,30,48,0,23,63,0,0,0,0
0,22,0,27,0,0,27,32,40,24;0,0,30,36,0,36,24,0,21,20;0,29,0,0,37,39,35,0,0,0;26,0,37,0,37,30,28,0,26,0;24,24,22,21,0,0,36,40,31,0;27,36,0,0,0,0,0,0,0,0;0,0,32,32,29,11,0,0,34,22;27,0,20,20,0,0,33,0,14,26;34,33,38,0,23,33,25,0,0,21;0,23,21,0,27,38,0,0,0,0
-14,29,0,0,0,-39,10,0,0,14
------------- End of Scenario k = 6 -------
0,53,0,26,0,0,54,24,77,36;0,0,80,25,0,80,63,0,70,40;0,46,0,0,74,21,76,0,0,0;80,0,60,0,41,32,65,0,41,0;20,23,65,31,0,0,22,80,46,0;79,69,0,0,0,0,0,0,0,0;0,0,24,80,22,60,0,0,30,23;38,0,75,32,0,0,30,0,80,43;80,68,46,0,22,58,30,0,0,34;0,21,33,0,80,52,0,0,0,0
0,24,0,28,0,0,37,31,36,34;0,0,23,37,0,35,33,0,34,30;0,29,0,0,26,40,26,0,0,0;27,0,29,0,29,35,24,0,32,0;20,24,22,24,0,0,28,22,29,0;37,26,0,0,0,0,0,0,0,0;0,0,35,25,25,35,0,0,21,24;40,0,33,28,0,0,35,0,32,31;29,26,26,0,28,35,34,0,0,33;0,24,40,0,16,37,0,0,0,0
-15,10,0,0,0,-35,25,0,0,15
------------- End of Scenario k = 7 -------
0,24,0,58,0,0,52,75,46,62;0,0,53,63,0,42,48,0,71,75;0,76,0,0,21,78,67,0,0,0;49,0,57,0,68,46,59,0,32,0;31,41,61,37,0,0,44,75,29,0;79,53,0,0,0,0,0,0,0,0;0,0,76,43,21,59,0,0,42,80;34,0,38,76,0,0,68,0,59,62;80,79,22,0,50,78,25,0,0,76;0,80,37,0,80,58,0,0,0,0
0,33,0,33,0,0,26,30,35,35;0,0,30,29,0,30,32,0,40,22;0,24,0,0,26,20,35,0,0,0;25,0,33,0,38,38,21,0,22,0;40,22,21,31,0,0,31,21,35,0;25,33,0,0,0,0,0,0,0,0;0,0,37,37,27,39,0,0,32,40;21,0,34,36,0,0,25,0,40,35;34,35,26,0,27,20,31,0,0,29;0,22,37,0,16,24,0,0,0,0
-15,22,0,0,0,-46,24,0,0,15
------------- End of Scenario k = 8 -------
0,48,0,27,0,0,62,62,28,77;0,0,64,46,0,80,25,0,48,79;0,65,0,0,56,56,20,0,0,0;45,0,46,0,41,43,34,0,31,0;37,40,55,31,0,0,36,80,67,0;32,76,0,0,0,0,0,0,0,0;0,0,52,80,79,80,0,0,55,67;60,0,37,20,0,0,80,0,80,37;48,75,46,0,45,68,74,0,0,75;0,74,60,0,80,69,0,0,0,0
0,36,0,34,0,0,40,27,27,31;0,0,31,24,0,34,22,0,28,35;0,35,0,0,29,29,34,0,0,0;33,0,39,0,32,25,40,0,34,0;38,22,24,31,0,0,28,37,36,0;31,35,0,0,0,0,0,0,0,0;0,0,32,32,22,24,0,0,29,29;25,0,37,39,0,0,20,0,38,25;39,37,37,0,21,29,25,0,0,33;0,28,20,0,35,29,0,0,0,0
-30,22,0,0,0,-35,13,0,0,30
------------- End of Scenario k = 9 -------
0,76,0,79,0,0,32,33,41,51;0,0,80,60,0,59,25,0,30,38;0,75,0,0,80,73,80,0,0,0;67,0,54,0,21,69,53,0,53,0;65,51,27,59,0,0,45,45,55,0;22,40,0,0,0,0,0,0,0,0;0,0,51,80,60,69,0,0,70,46;52,0,77,38,0,0,31,0,80,68;69,30,72,0,21,28,41,0,0,36;0,50,42,0,80,66,0,0,0,0
0,20,0,38,0,0,36,34,24,33;0,0,37,33,0,33,20,0,40,25;0,22,0,0,27,25,20,0,0,0;37,0,39,0,24,39,27,0,35,0;38,24,32,30,0,0,30,19,36,0;38,30,0,0,0,0,0,0,0,0;0,0,32,32,23,34,0,0,35,23;21,0,26,34,0,0,22,0,23,32;19,37,20,0,38,34,40,0,0,32;0,29,25,0,38,37,0,0,0,0
-15,27,0,0,0,-54,27,0,0,15
------------- End of Scenario k = 10 -------
0,29,0,39,0,0,77,44,30,38;0,0,34,35,0,63,26,0,54,37;0,56,0,0,56,36,80,0,0,0;74,0,78,0,37,46,46,0,36,0;73,38,75,37,0,0,54,22,79,0;39,67,0,0,0,0,0,0,0,0;0,0,35,24,59,22,0,0,44,45;74,0,52,47,0,0,41,0,58,71;80,35,71,0,50,37,77,0,0,58;0,37,35,0,80,45,0,0,0,0
0,23,0,38,0,0,33,21,22,34;0,0,34,23,0,34,30,0,22,28;0,21,0,0,39,35,35,0,0,0;25,0,31,0,28,39,39,0,24,0;34,31,29,32,0,0,26,24,29,0;32,40,0,0,0,0,0,0,0,0;0,0,25,24,25,23,0,0,30,23;36,0,33,22,0,0,36,0,32,38;21,31,37,0,21,30,26,0,0,34;0,27,39,0,26,35,0,0,0,0
-18,28,0,0,0,-42,14,0,0,18
------------- End of Scenario k = 11 -------
0,46,0,39,0,0,66,36,68,59;0,0,80,27,0,80,40,0,31,54;0,47,0,0,58,77,33,0,0,0;23,0,52,0,58,25,24,0,32,0;67,25,54,52,0,0,70,53,62,0;47,25,0,0,0,0,0,0,0,0;0,0,78,40,26,80,0,0,70,29;55,0,28,33,0,0,26,0,60,36;80,53,25,0,25,70,46,0,0,51;0,26,36,0,69,61,0,0,0,0
0,27,0,24,0,0,39,33,35,35;0,0,38,34,0,33,39,0,27,38;0,22,0,0,23,22,38,0,0,0;36,0,33,0,26,28,38,0,21,0;25,22,20,30,0,0,39,14,39,0;33,37,0,0,0,0,0,0,0,0;0,0,32,37,35,32,0,0,24,20;28,0,21,40,0,0,35,0,23,36;24,22,28,0,32,30,25,0,0,40;0,34,33,0,26,31,0,0,0,0
-14,13,0,0,0,-40,27,0,0,14
------------- End of Scenario k = 12 -------
0,40,0,77,0,0,29,80,32,79;0,0,80,30,0,80,76,0,38,43;0,57,0,0,72,41,74,0,0,0;66,0,44,0,58,42,64,0,35,0;52,29,44,51,0,0,66,80,21,0;67,54,0,0,0,0,0,0,0,0;0,0,38,80,80,54,0,0,72,53;80,0,49,42,0,0,76,0,73,45;80,75,63,0,65,40,33,0,0,60;0,54,30,0,80,36,0,0,0,0
0,23,0,23,0,0,32,32,37,29;0,0,20,28,0,21,22,0,37,20;0,20,0,0,30,38,31,0,0,0;40,0,20,0,21,30,40,0,31,0;40,39,36,39,0,0,35,39,23,0;39,32,0,0,0,0,0,0,0,0;0,0,21,32,33,34,0,0,25,20;38,0,37,31,0,0,33,0,23,23;30,30,36,0,36,23,27,0,0,40;0,20,24,0,38,33,0,0,0,0
-19,16,0,0,0,-42,26,0,0,19
------------- End of Scenario k = 13 -------
0,37,0,79,0,0,76,34,28,61;0,0,80,73,0,80,68,0,28,22;0,58,0,0,67,65,57,0,0,0;63,0,63,0,25,76,71,0,61,0;80,38,32,34,0,0,26,80,49,0;78,67,0,0,0,0,0,0,0,0;0,0,36,80,73,64,0,0,22,37;80,0,62,23,0,0,61,0,80,57;80,43,71,0,61,65,60,0,0,48;0,62,80,0,80,53,0,0,0,0
0,21,0,30,0,0,22,25,37,29;0,0,40,23,0,32,27,0,20,30;0,20,0,0,35,31,27,0,0,0;38,0,21,0,30,23,21,0,24,0;25,24,37,24,0,0,33,39,38,0;24,40,0,0,0,0,0,0,0,0;0,0,23,27,40,34,0,0,21,31;33,0,39,38,0,0,26,0,19,25;17,27,28,0,22,28,24,0,0,24;0,24,20,0,18,38,0,0,0,0
-15,25,0,0,0,-38,13,0,0,15
------------- End of Scenario k = 14 -------
0,80,0,55,0,0,70,51,24,28;0,0,54,26,0,41,27,0,75,40;0,55,0,0,67,52,46,0,0,0;42,0,55,0,68,49,68,0,78,0;47,38,64,37,0,0,37,76,67,0;48,34,0,0,0,0,0,0,0,0;0,0,43,55,54,80,0,0,43,40;51,0,35,34,0,0,22,0,24,50;25,44,35,0,24,48,61,0,0,54;0,65,57,0,62,70,0,0,0,0
0,21,0,32,0,0,21,34,33,40;0,0,26,30,0,29,35,0,24,33;0,30,0,0,21,29,24,0,0,0;27,0,20,0,32,23,30,0,27,0;31,23,40,34,0,0,26,35,28,0;30,34,0,0,0,0,0,0,0,0;0,0,26,27,33,30,0,0,27,21;39,0,20,38,0,0,25,0,26,26;29,32,38,0,23,30,29,0,0,23;0,25,25,0,21,23,0,0,0,0
-17,19,0,0,0,-44,25,0,0,17
------------- End of Scenario k = 15 -------
0,45,0,28,0,0,47,21,40,53;0,0,80,78,0,31,76,0,65,79;0,66,0,0,67,21,71,0,0,0;77,0,72,0,72,73,46,0,34,0;72,44,25,68,0,0,60,56,45,0;45,38,0,0,0,0,0,0,0,0;0,0,24,80,48,38,0,0,44,44;39,0,29,60,0,0,71,0,47,43;80,43,25,0,76,40,24,0,0,79;0,33,77,0,80,44,0,0,0,0
0,39,0,36,0,0,31,35,25,22;0,0,23,25,0,22,38,0,23,27;0,35,0,0,38,26,25,0,0,0;22,0,22,0,35,26,30,0,32,0;38,24,21,30,0,0,37,23,28,0;34,33,0,0,0,0,0,0,0,0;0,0,33,28,24,34,0,0,32,35;25,0,38,21,0,0,39,0,34,29;27,24,26,0,23,34,33,0,0,35;0,28,32,0,34,33,0,0,0,0
-23,17,0,0,0,-29,12,0,0,23
------------- End of Scenario k = 16 -------
0,56,0,79,0,0,61,80,41,65;0,0,80,41,0,31,39,0,34,53;0,75,0,0,44,48,27,0,0,0;21,0,33,0,43,68,79,0,79,0;76,21,64,63,0,0,21,80,42,0;55,41,0,0,0,0,0,0,0,0;0,0,24,28,52,60,0,0,45,22;49,0,70,41,0,0,72,0,76,27;80,45,42,0,56,63,79,0,0,55;0,69,24,0,77,37,0,0,0,0
0,37,0,28,0,0,25,36,22,39;0,0,28,20,0,40,25,0,26,20;0,31,0,0,20,40,31,0,0,0;22,0,35,0,24,24,22,0,34,0;22,32,40,27,0,0,27,25,35,0;23,35,0,0,0,0,0,0,0,0;0,0,20,39,34,21,0,0,36,35;30,0,31,32,0,0,22,0,20,34;29,23,26,0,36,27,35,0,0,22;0,36,21,0,33,26,0,0,0,0
-12,27,0,0,0,-46,19,0,0,12
------------- End of Scenario k = 17 -------
0,36,0,76,0,0,45,65,26,69;0,0,41,31,0,80,30,0,62,37;0,53,0,0,38,35,64,0,0,0;40,0,62,0,76,54,75,0,55,0;74,71,69,31,0,0,36,80,72,0;71,38,0,0,0,0,0,0,0,0;0,0,78,80,30,80,0,0,57,58;36,0,40,63,0,0,26,0,80,67;74,72,40,0,74,69,28,0,0,36;0,50,44,0,80,65,0,0,0,0
0,26,0,26,0,0,36,36,20,39;0,0,33,37,0,22,28,0,28,31;0,35,0,0,23,25,24,0,0,0;36,0,33,0,34,38,35,0,20,0;40,40,30,39,0,0,35,33,22,0;22,23,0,0,0,0,0,0,0,0;0,0,27,36,29,31,0,0,29,31;37,0,34,26,0,0,39,0,32,29;40,20,27,0,35,38,39,0,0,39;0,30,24,0,35,29,0,0,0,0
-25,15,0,0,0,-33,18,0,0,25
------------- End of Scenario k = 18 -------
0,49,0,63,0,0,66,39,56,62;0,0,30,68,0,43,20,0,58,63;0,24,0,0,76,48,26,0,0,0;42,0,72,0,45,74,33,0,47,0;79,25,57,48,0,0,53,80,73,0;78,69,0,0,0,0,0,0,0,0;0,0,30,80,30,80,0,0,71,56;22,0,41,35,0,0,31,0,40,61;80,37,47,0,78,59,31,0,0,76;0,66,22,0,38,63,0,0,0,0
0,33,0,39,0,0,35,31,20,20;0,0,37,22,0,36,33,0,25,33;0,32,0,0,29,34,27,0,0,0;25,0,39,0,22,33,28,0,23,0;38,25,21,33,0,0,25,22,34,0;33,20,0,0,0,0,0,0,0,0;0,0,35,29,26,35,0,0,35,27;31,0,29,24,0,0,31,0,24,24;21,25,38,0,26,25,39,0,0,25;0,35,34,0,34,40,0,0,0,0
-20,29,0,0,0,-49,20,0,0,20
------------- End of Scenario k = 19 -------
0,40,0,48,0,0,36,36,56,57;0,0,20,21,0,66,62,0,25,68;0,44,0,0,35,32,55,0,0,0;40,0,47,0,28,25,63,0,47,0;46,68,30,39,0,0,75,50,24,0;47,27,0,0,0,0,0,0,0,0;0,0,72,80,61,26,0,0,68,64;30,0,65,51,0,0,27,0,35,64;80,80,53,0,46,78,61,0,0,64;0,42,42,0,80,46,0,0,0,0
0,23,0,27,0,0,31,20,32,35;0,0,37,20,0,34,25,0,35,32;0,28,0,0,26,34,30,0,0,0;32,0,32,0,22,24,33,0,31,0;32,34,28,34,0,0,21,18,35,0;26,40,0,0,0,0,0,0,0,0;0,0,29,39,22,13,0,0,34,31;29,0,40,33,0,0,28,0,15,37;30,20,35,0,28,34,25,0,0,22;0,40,34,0,24,21,0,0,0,0
-12,26,0,0,0,-36,10,0,0,12
------------- End of Scenario k = 20 -------
0,21,0,65,0,0,64,28,57,50;0,0,44,62,0,80,62,0,53,20;0,50,0,0,53,58,56,0,0,0;52,0,45,0,66,54,59,0,21,0;75,43,63,27,0,0,27,61,64,0;67,31,0,0,0,0,0,0,0,0;0,0,32,20,54,80,0,0,20,49;25,0,38,77,0,0,42,0,80,23;80,42,28,0,66,43,52,0,0,51;0,28,79,0,66,58,0,0,0,0
0,27,0,33,0,0,34,29,29,37;0,0,31,31,0,33,21,0,32,27;0,22,0,0,31,33,33,0,0,0;30,0,24,0,39,21,25,0,36,0;38,22,24,24,0,0,24,28,30,0;38,29,0,0,0,0,0,0,0,0;0,0,37,32,32,21,0,0,36,25;39,0,26,33,0,0,38,0,39,28;37,35,27,0,28,20,27,0,0,38;0,40,31,0,32,35,0,0,0,0
-27,19,0,0,0,-32,13,0,0,27
------------- End of Scenario k = 21 -------
0,41,0,22,0,0,45,54,37,53;0,0,39,37,0,80,22,0,42,45;0,44,0,0,67,60,65,0,0,0;46,0,46,0,43,80,41,0,65,0;58,34,26,56,0,0,50,59,26,0;79,25,0,0,0,0,0,0,0,0;0,0,74,70,54,53,0,0,56,64;67,0,42,49,0,0,35,0,43,53;52,27,56,0,59,58,37,0,0,75;0,72,75,0,80,41,0,0,0,0
0,29,0,37,0,0,36,20,35,21;0,0,39,34,0,30,23,0,24,37;0,36,0,0,28,36,22,0,0,0;26,0,37,0,35,28,30,0,28,0;26,23,33,28,0,0,30,31,31,0;23,29,0,0,0,0,0,0,0,0;0,0,33,36,35,40,0,0,20,37;21,0,36,24,0,0,29,0,38,22;36,37,33,0,25,29,37,0,0,20;0,30,23,0,30,27,0,0,0,0
-27,29,0,0,0,-59,30,0,0,27
------------- End of Scenario k = 22 -------
0,74,0,78,0,0,77,41,26,66;0,0,80,50,0,21,27,0,47,54;0,64,0,0,60,39,30,0,0,0;51,0,79,0,47,52,47,0,72,0;58,41,59,45,0,0,77,80,73,0;29,24,0,0,0,0,0,0,0,0;0,0,22,70,62,80,0,0,77,41;44,0,73,27,0,0,78,0,59,70;60,36,63,0,60,24,43,0,0,22;0,73,22,0,60,34,0,0,0,0
0,30,0,33,0,0,20,22,32,37;0,0,34,32,0,36,28,0,21,24;0,34,0,0,39,21,25,0,0,0;35,0,31,0,22,27,31,0,33,0;31,23,29,32,0,0,34,13,21,0;22,29,0,0,0,0,0,0,0,0;0,0,35,31,37,32,0,0,20,23;24,0,38,24,0,0,31,0,24,24;16,30,35,0,36,37,31,0,0,33;0,26,23,0,39,36,0,0,0,0
-10,11,0,0,0,-36,25,0,0,10
------------- End of Scenario k = 23 -------
0,72,0,64,0,0,51,38,66,21;0,0,63,35,0,80,71,0,63,78;0,58,0,0,34,22,71,0,0,0;24,0,66,0,79,54,50,0,63,0;35,37,34,78,0,0,74,80,24,0;70,48,0,0,0,0,0,0,0,0;0,0,58,80,50,68,0,0,70,55;41,0,41,46,0,0,39,0,76,77;61,77,32,0,43,36,30,0,0,20;0,50,79,0,20,22,0,0,0,0
0,30,0,39,0,0,40,26,29,37;0,0,39,21,0,28,30,0,28,24;0,34,0,0,34,36,31,0,0,0;30,0,27,0,29,20,40,0,27,0;40,35,28,29,0,0,23,32,28,0;22,23,0,0,0,0,0,0,0,0;0,0,24,34,35,32,0,0,32,26;35,0,31,28,0,0,36,0,33,33;32,36,24,0,35,39,38,0,0,36;0,35,36,0,39,33,0,0,0,0
-23,17,0,0,0,-36,19,0,0,23
------------- End of Scenario k = 24 -------
0,42,0,47,0,0,58,40,48,40;0,0,80,55,0,80,25,0,32,78;0,73,0,0,44,28,74,0,0,0;67,0,40,0,55,56,56,0,49,0;66,38,46,71,0,0,24,64,52,0;58,54,0,0,0,0,0,0,0,0;0,0,42,80,29,71,0,0,45,35;64,0,37,63,0,0,50,0,20,43;46,67,20,0,59,75,27,0,0,40;0,76,32,0,80,73,0,0,0,0
0,27,0,37,0,0,29,39,21,21;0,0,31,27,0,30,33,0,33,28;0,28,0,0,30,34,35,0,0,0;35,0,39,0,29,35,27,0,23,0;31,26,34,28,0,0,24,34,22,0;26,20,0,0,0,0,0,0,0,0;0,0,21,40,20,33,0,0,27,37;35,0,24,34,0,0,23,0,39,36;37,26,24,0,20,29,21,0,0,33;0,29,27,0,37,28,0,0,0,0
-21,23,0,0,0,-53,30,0,0,21
------------- End of Scenario k = 25 -------
0,61,0,39,0,0,39,51,54,79;0,0,70,59,0,57,40,0,78,24;0,45,0,0,72,40,43,0,0,0;35,0,24,0,33,48,70,0,62,0;47,61,24,22,0,0,51,80,37,0;68,73,0,0,0,0,0,0,0,0;0,0,28,65,47,46,0,0,33,52;57,0,66,67,0,0,28,0,43,48;80,36,76,0,66,43,44,0,0,77;0,25,77,0,39,39,0,0,0,0
0,34,0,30,0,0,23,39,24,29;0,0,38,20,0,38,24,0,34,24;0,26,0,0,33,26,35,0,0,0;37,0,29,0,39,30,28,0,24,0;32,32,32,29,0,0,36,19,40,0;30,28,0,0,0,0,0,0,0,0;0,0,33,25,22,34,0,0,31,34;32,0,36,26,0,0,39,0,22,27;18,27,32,0,27,27,20,0,0,24;0,36,39,0,28,39,0,0,0,0
-13,26,0,0,0,-44,18,0,0,13
------------- End of Scenario k = 26 -------
0,52,0,54,0,0,52,50,52,34;0,0,80,71,0,80,33,0,73,76;0,25,0,0,25,71,22,0,0,0;50,0,66,0,30,23,66,0,61,0;62,49,61,54,0,0,29,45,63,0;69,69,0,0,0,0,0,0,0,0;0,0,57,52,24,48,0,0,51,23;77,0,35,51,0,0,46,0,80,24;80,46,21,0,51,58,25,0,0,61;0,30,52,0,59,64,0,0,0,0
0,37,0,27,0,0,24,39,27,29;0,0,25,26,0,38,20,0,36,40;0,39,0,0,36,31,27,0,0,0;38,0,25,0,40,36,21,0,36,0;24,35,31,35,0,0,33,30,23,0;34,33,0,0,0,0,0,0,0,0;0,0,29,24,28,26,0,0,21,35;31,0,22,27,0,0,24,0,23,28;38,24,39,0,21,23,21,0,0,31;0,27,25,0,22,24,0,0,0,0
-20,25,0,0,0,-45,20,0,0,20
------------- End of Scenario k = 27 -------
0,46,0,67,0,0,61,41,60,58;0,0,80,76,0,80,67,0,32,37;0,70,0,0,48,80,46,0,0,0;67,0,73,0,61,53,53,0,20,0;70,20,74,77,0,0,61,80,46,0;43,62,0,0,0,0,0,0,0,0;0,0,20,80,30,80,0,0,80,49;52,0,41,28,0,0,23,0,80,35;67,40,40,0,60,36,47,0,0,52;0,40,45,0,68,73,0,0,0,0
0,31,0,31,0,0,31,24,33,40;0,0,35,32,0,33,37,0,37,34;0,28,0,0,28,35,34,0,0,0;39,0,40,0,20,22,24,0,37,0;32,26,38,22,0,0,34,17,25,0;30,28,0,0,0,0,0,0,0,0;0,0,37,30,33,23,0,0,40,38;22,0,30,20,0,0,37,0,20,37;26,22,24,0,21,28,40,0,0,27;0,21,21,0,34,35,0,0,0,0
-16,20,0,0,0,-40,20,0,0,16
------------- End of Scenario k = 28 -------
0,78,0,53,0,0,22,54,80,46;0,0,45,21,0,45,28,0,58,49;0,39,0,0,47,38,37,0,0,0;71,0,55,0,69,61,42,0,28,0;27,29,55,45,0,0,74,80,70,0;41,20,0,0,0,0,0,0,0,0;0,0,75,80,32,80,0,0,76,70;36,0,75,56,0,0,40,0,80,43;80,63,32,0,35,62,74,0,0,22;0,80,23,0,48,36,0,0,0,0
0,35,0,36,0,0,21,26,35,24;0,0,29,20,0,36,26,0,34,25;0,29,0,0,20,22,35,0,0,0;39,0,40,0,29,30,40,0,32,0;33,24,26,29,0,0,31,28,32,0;39,31,0,0,0,0,0,0,0,0;0,0,37,21,35,39,0,0,25,40;36,0,40,39,0,0,25,0,29,27;29,25,35,0,30,22,33,0,0,22;0,29,32,0,30,31,0,0,0,0
-25,11,0,0,0,-21,10,0,0,25
------------- End of Scenario k = 29 -------
